user_id,sum
13,4585300
15,680500
16,145400
20,511000
83,770000
112,645000
113,3511800
239,200000
271,341000
277,674000
313,150000
321,274200
374,252000
376,0
382,0
388,189800
396,7611400
397,150000
398,0
402,6353400
403,81200
405,0
409,310600
430,0
432,440200
436,9529600
486,1000000
549,0
611,350000
623,3273500
633,399500
754,630500
760,390000
826,15090500
841,0
890,1363000
905,189100
913,1429200
937,822400
948,546500
995,389200
997,0
999,2252000
1055,30000
1111,993000
1118,2688600
1144,246600
1233,513900
1244,8074000
1278,7767500
1312,600000
1316,584200
1326,2649000
1354,0
1382,483100
1444,521900
1445,250000
1471,260000
1494,0
1509,9845600
1597,129400
1604,1109800
1617,500800
1636,780000
1660,0
1711,735900
1713,145000
1753,250000
1783,555900
1788,2939100
1797,0
1800,2633100
1810,1495300
1813,3334900
1822,140000
1893,558500
1949,1273600
1981,0
1998,785200
2017,150000
2024,292100
2035,200000
2067,300000
2078,250000
2097,0
2135,250000
2136,4549100
2214,368900
2222,981600
2266,350000
2275,3716900
2282,450300
2292,1739200
2295,120000
2313,358700
2328,21612000
2333,150000
2346,0
2370,250000
2397,1656100
2410,1890300
2426,280000
2495,417500
2554,150000
2576,335000
2593,150000
2608,250000
2661,616800
2667,500000
2668,0
2723,8821900
2744,699000
2746,2972600
2802,0
2814,949500
2820,1708800
2854,0
2947,324300
2958,982600
2972,747000
3081,617000
3084,559300
3103,200000
3140,620200
3167,255000
3171,2589500
3172,4270500
3175,861000
3197,173900
3215,709700
3246,200000
3252,0
3270,432300
3280,2566300
3295,2088500
3302,490500
3327,1391300
3363,497800
3373,77700
3383,233600
3407,348900
3418,3716700
3453,269900
3454,257300
3455,250000
3461,350000
3465,3165800
3490,200000
3497,1328600
3518,41900
3564,796600
3586,0
3587,524300
3603,411200
3604,232000
3684,200000
3698,450000
3712,0
3714,316900
3750,2298900
3771,70000
3833,442000
3876,1300000
3966,1083600
3972,2303300
3973,1789300
4078,259900
4091,350000
4116,285000
4122,504300
4125,7198500
4133,2299800
4147,5973800
4155,1126900
4177,231000
4235,3095900
4248,758000
4330,621100
4351,0
4399,400000
4407,0
4425,8425700
4442,117300
4511,28754100
4525,0
4528,765600
4598,5832600
4609,287000
4616,684900
4617,450000
4664,2930800
4674,0
4679,450000
4689,242300
4725,400000
4772,550000
4782,4262000
4795,350000
4798,5971000
4803,640000
4842,140000
4899,535000
4935,837300
4944,332000
4947,342000
5030,150000
5044,400000
5078,10410500
5113,432800
5121,890000
5142,460500
5151,400000
5219,500000
5221,0
5270,70500
5298,463500
5333,1131000
5346,956400
5353,250000
5383,1696600
5416,480000
5424,0
5430,1039200
5442,0
5572,966800
5601,0
5608,494500
5641,207700
5647,250000
5670,562100
5703,238000
5808,450000
5874,1501800
5880,200000
5918,0
5941,628800
5974,280500
5985,1653300
6022,3032900
6052,200000
6098,426000
6124,1183800
6161,41153600
6188,1879500
6343,3289600
6370,430000
6407,150000
6431,4342700
6437,8719000
6457,0
6479,0
6483,1150000
6485,1597600
6520,1671600
6565,159400
6574,207500
6618,0
6670,655000
6682,244500
6687,2835000
6698,400100
6730,272000
6777,1867500
6794,200000
6825,1008700
6845,147300
6880,350000
6893,1593700
6912,947200
6959,250000
7049,0
7057,478000
7104,119500
7131,68600
7147,1295400
7179,292400
7188,3167000
7214,7839800
7257,112800
7261,295000
7276,210000
7332,1950900
7348,1674800
7372,18200
7376,690000
7422,400000
7427,1004500
7479,650000
7487,2013300
7534,450000
7605,211800
7610,205000
7645,350000
7684,622900
7708,3215100
7733,1748800
7737,450000
7759,0
7795,360600
7848,550000
7857,596000
7877,0
7892,3153100
7913,352500
7942,351600
8005,6847900
8010,700000
8056,0
8070,7601700
8117,6543300
8147,3694600
8199,150000
8204,209800
8307,0
8309,2204000
8325,0
8348,1600000
8398,373000
8411,150000
8431,397700
8445,388000
8450,881000
8454,136000
8461,385000
8467,454700
8523,507000
8540,2539700
8556,180000
8557,150000
8603,264300
8627,471000
8643,2828500
8694,2881000
8748,1616900
8765,454000
8768,27623700
8777,1501100
8901,550000
8924,661300
8953,3875300
8974,332500
8983,150000
8999,369600
9007,270000
9075,0
9210,243600
9254,625500
9259,300000
9290,289500
9349,610700
9374,0
9380,950000
11208,4641700
11209,3886700
11217,235600
11236,0
11252,150000
11280,732800
11289,506000
11291,1856100
11337,537100
11344,544000
11350,149500
11368,0
11429,2077900
11440,1998700
11444,718500
11455,10480300
11484,8500
11488,931200
11508,562500
11545,1209600
11587,3213700
11617,1804700
11648,539700
11664,750000
11678,1449100
11706,280800
11735,127000
11759,0
11781,0
11832,571000
11955,2112100
11985,130500
12007,0
12027,250000
12041,2973900
12058,150000
12179,1121000
12197,129900
12238,0
12273,1349500
12275,39200
12280,502500
12293,0
12512,823500
12527,557000
12532,0
12549,1525800
12562,2497100
12566,837300
12615,868500
12621,500000
12676,367000
12700,148500
12797,0
12862,2688400
12892,150000
12932,250000
12982,1909600
13002,0
13135,212300
13159,150000
13212,791700
13230,0
13235,349500
13236,1328000
13270,269900
13349,170000
13470,2779300
13489,300000
13523,551600
13541,2118000
13611,1355800
13621,352500
13650,450000
13652,575600
13668,3040200
13695,200000
13701,150000
13718,752000
13734,582400
13743,265500
13745,95200
13755,3149600
13811,1700400
13816,1164000
13857,535300
13888,456400
13899,2021200
13920,390000
13965,209600
13974,1278700
13976,953400
13977,808700
13981,323700
13985,1419500
13997,229500
14007,28502300
14070,2044100
14076,330000
14104,435900
14112,120000
14120,202700
14132,4022900
14167,878900
14175,377400
14192,0
14199,456000
14243,300000
14258,508400
14266,37700
14318,350000
14323,945600
14328,150000
14352,3581800
14363,496500
14390,0
14399,105000
14407,0
14429,150000
14443,0
14494,1650500
14515,239000
14522,1912800
14523,605000
14562,1106400
14573,70000
14579,263400
14588,6698700
14592,0
14648,139000
14652,0
14654,543400
14677,320400
14756,555200
14783,2686300
14816,933500
14865,2946200
14869,562800
14876,184500
14897,1552300
14931,693000
14972,602000
15011,0
15022,583800
15059,230300
15078,150000
15112,819700
15123,338100
15155,1754900
15187,309000
15223,2209000
15228,1605900
15277,0
15318,1513800
15330,221100
15373,608000
15382,216900
15406,285000
15449,1207600
15468,3160000
15487,475400
15508,26600
15533,200000
15568,0
15590,350000
15592,367300
15610,200000
15680,24755300
15682,1741100
15756,2574300
15769,374000
15775,6168400
15805,75800
15831,150000
15832,0
15855,534000
15886,450000
15896,11126900
15897,0
15899,105600
15913,150000
15919,236000
15926,1746900
16025,300000
16077,0
16078,214000
16094,3825700
16096,0
16199,150000
16208,200000
16268,521400
16270,551800
16277,0
16285,150000
16352,581000
16358,6037600
16435,172100
16441,0
16525,1093200
16585,1140000
16642,400000
16646,1337500
16654,373700
16666,356000
16674,26365500
16675,2002900
16684,10332500
16687,1198300
16702,142000
16719,443400
16742,350000
16770,650000
16797,200000
16816,443000
16822,14052700
16877,1762700
16895,95800
16901,600000
16905,530000
16915,3246000
16921,200000
16922,2546600
16965,250000
16996,822700
16997,1366300
17020,250000
17096,88000
17111,1284300
17117,200000
17141,150000
17144,0
17145,0
17147,546000
17171,0
17178,687000
17232,583900
17234,344400
17275,250000
17293,400000
17301,395900
17365,200000
17370,0
17393,1020500
17426,200000
17436,150000
17528,0
17550,483500
17551,1663300
17557,216000
17639,3667700
17645,1185500
17655,405000
17671,578000
17694,139200
17700,0
17732,250000
17755,2229900
17783,3430500
17832,395000
17853,687000
17862,1820000
17939,459000
17979,0
17989,176000
18027,1334200
18030,5813200
18043,150000
18083,695600
18177,237600
18194,1062700
18267,263800
18293,93600
18307,450000
18392,472000
18423,617900
18441,0
18453,196000
18462,2811000
18465,232000
18472,322500
18507,121800
18542,3355100
18560,460000
18581,436500
18607,977900
18649,0
18671,132400
18673,0
18694,27700
18716,140000
18766,2314500
18933,1805900
19020,964500
19041,250000
19047,1123600
19088,297000
19095,1024100
19170,114700
19253,1124000
19267,222000
19296,1440000
19314,300000
19454,278100
19578,750000
19611,226000
19619,164000
19704,172600
19881,533800
19965,95500
20040,0
20043,300000
20107,1898000
20128,444500
20203,527100
20208,350000
20296,653800
20307,36000
20331,2757900
20366,52500
20406,450000
20417,12967500
20442,0
20524,2174100
20593,203300
20601,4455000
20727,230000
20787,130000
20788,450000
21069,200000
22167,1826300
22181,366300
22239,1863200
22275,453800
22335,901000
22412,563500
22494,400000
22659,400000
22681,697500
22694,478400
22723,72000
22779,568800
22786,425000
22846,340000
22906,1567400
22911,350000
22964,568000
23101,295000
23132,4868000
23245,300000
23269,1687300
23283,7910600
23305,322000
23346,250000
23348,500000
23355,4484700
23406,448700
23425,200000
23458,673900
23537,117600
23650,1616200
23704,150000
23937,0
23941,0
23946,505100
23962,0
24143,0
24171,0
24213,119400
24220,1494800
24299,70000
24313,2964100
24318,724800
24340,1405500
24493,672200
24526,599200
24567,1280000
24674,1435000
24675,0
24806,1295000
24808,856800
24834,337200
24839,420000
24879,493600
24881,365700
24932,350000
24962,2859500
25035,0
25087,100000
25121,223300
25135,570000
25178,0
25205,306600
25270,142000
25288,40500
25329,0
25340,1153700
25355,350000
25410,280000
25447,0
25557,250000
25585,165000
25599,1245700
25602,938100
25633,1859000
25634,453800
25657,705500
25702,1107000
25706,0
25708,359400
25754,1367700
25788,766900
25807,2967600
25809,0
25942,3154800
25950,295100
25983,1487500
26112,910000
26113,232000
26133,673000
26156,150000
26301,0
26349,588000
26428,374700
26440,0
26493,715000
26538,703800
26592,302000
26624,250000
26648,500000
26677,250000
26688,1770500
26717,0
26752,200000
26757,100000
26840,105000
26850,681700
26976,150000
27004,2281300
27045,10259200
27274,624000
27311,366500
27353,819500
27479,159200
27528,0
27597,6561700
27690,644200
27709,475800
27782,6060500
27890,0
27956,0
27975,5918000
27976,150000
27991,0
27995,300000
28068,5051000
28147,350000
28175,200000
28240,438500
28293,250000
28296,150000
28306,350000
28326,0
28381,869800
28391,0
28412,646000
28415,3760700
28418,335000
28520,0
28552,128400
28590,974600
28622,150000
28681,19203300
28721,1950900
28740,645800
28869,740000
28899,532300
28930,418900
29399,250000
29679,0
29692,897600
30020,107100
30047,322000
30175,406000
30237,0
30318,1863600
30400,0
30558,225100
30601,5984500
30696,142700
30707,142000
30766,5950800
31183,250000
31269,126000
31285,5883800
31291,121400
31361,0
31425,943600
31451,0
31529,0
31543,157500
31602,1658500
31692,0
31722,250000
31838,634200
31866,1942800
32009,4085200
32117,452000
32134,0
32150,419800
32163,140400
32182,0
32249,1327200
32311,264500
32433,0
32448,150000
32457,434100
32466,0
32470,510000
32505,1150000
32737,557800
33004,564300
33042,1103800
33073,402800
33109,500000
33118,385000
33127,250000
33318,377500
33335,1747000
33346,364100
33401,0
33589,450000
33597,1221800
33607,158500
33685,0
33714,617500
33872,150000
33902,5356400
33942,400000
33999,275000
34031,6911900
34054,0
34089,1529300
34102,837800
34127,324800
34146,825000
34177,650000
34183,747300
34276,644900
34277,2967800
34330,300000
34338,292000
34356,250000
34364,8631100
34384,1796000
34422,1082000
34426,1906500
34437,150000
34522,950000
34714,2105200
34826,200000
34864,5228600
35085,150000
35089,530000
35108,1388200
35168,0
35196,218200
35222,1194600
35322,1626100
35350,445500
35408,4985900
35437,590500
35450,0
35486,234900
35518,452800
35542,607000
36129,0
36159,280000
36215,142000
36304,350000
36344,4925700
36349,1066000
36442,70000
36581,400000
36590,150000
36620,700000
36681,477300
36699,1153800
36724,8567300
36765,178500
36774,0
36887,1812500
36928,5573400
36940,120000
36965,70000
37008,162000
37067,150000
37098,0
37197,159100
37306,450000
37471,1944000
37482,531000
37498,758000
37542,1988200
37623,447500
37630,1493200
37872,5424900
37904,975600
37942,660000
38062,450000
38078,2977900
38083,0
38152,4275800
38156,306400
38224,8623900
38230,0
38327,150000
38329,685300
38338,33100
38339,143100
38411,454000
38461,11165300
38513,500100
38616,1416500
38735,90000
38740,150000
38846,2049500
38860,0
38930,2252800
39097,447600
39100,215300
39115,150000
39186,0
39247,400000
39294,439000
39452,880900
39549,967300
39552,0
39613,1357800
39647,0
39678,197400
39731,363000
39745,370000
39754,0
39885,803600
39918,1209500
39949,135000
39977,14088300
40261,568000
40353,729700
40399,0
40420,669100
40525,250000
40753,246600
40824,216000
40864,1134500
40929,321800
40942,559000
40999,120000
41009,5174000
41061,2496500
41125,139000
41192,385400
41315,1164000
41329,3598400
41368,1558400
41588,777800
41674,34947700
41682,552800
41728,160000
41792,0
41794,70000
41875,0
41923,15879100
41943,2331600
41946,350000
41968,70000
41983,250000
41987,0
42091,597900
42174,2475900
42255,0
42418,460600
42519,0
42597,328000
42622,713800
42634,330000
42671,4150500
42714,397000
42721,0
42861,182500
42912,0
42958,0
42997,1155500
43053,3476100
43099,235000
43135,57600
43161,1503600
43279,6302700
43299,300000
43408,1532100
43682,1106500
43793,1708100
43827,872800
43859,489600
43899,250000
43927,390000
43977,150000
43999,0
44018,806800
44029,18241000
44078,1146100
44097,433200
44134,603000
44169,0
44196,454000
44214,204600
44228,2979000
44295,9557400
44312,400000
44313,350000
44315,504000
44316,599400
44318,330800
44423,760000
44453,1349100
44463,663300
44519,570600
44537,571600
44577,516400
44653,419800
44661,0
44682,914100
44756,1050000
44854,239600
44891,407200
44892,513200
44942,2374100
44946,894000
44968,0
44970,157000
44973,550000
45115,10466600
45157,434000
45179,140000
45185,4122300
45260,1286300
45384,355000
45390,1394800
45415,0
45503,547100
45535,150000
45537,856400
45575,905100
45578,1509800
45700,5832900
45741,324500
45837,2039200
45843,4270800
45876,1552800
45908,350000
45955,0
45985,102500
46012,1347300
46041,519300
46072,1057500
46078,268400
46147,0
46184,420200
46313,100000
46330,2009700
46363,2683700
46376,1422700
46429,630000
46448,0
46510,300000
46518,2181100
46528,791700
46535,500000
46567,783900
46584,0
46617,425500
46632,1033300
46652,150000
46774,250000
46806,150000
46821,1338600
46842,447000
46896,350000
46955,488000
47015,448600
47039,0
47059,350000
47092,71200
47121,0
50000,1658100
50013,2368000
50016,4449600
50019,7360800
50025,2237800
50033,0
50037,75000
50039,441700
50048,0
50051,1681200
50069,250000
50085,0
50086,118000
50105,198000
50115,0
50122,270000
50141,300000
50149,300000
50181,1050800
50182,320000
50200,197800
50204,0
50210,446400
50213,247000
50222,3112100
50224,0
50243,996500
50248,2643500
50250,29293600
50269,150000
50276,225000
50281,640700
50285,785400
50300,195000
50303,150000
50334,738300
50344,688100
50352,0
50362,350000
50376,400000
50377,200500
50387,923700
50396,0
50413,485000
50414,165000
50418,326400
50423,824000
50428,131000
50429,1065800
50432,295100
50445,0
50448,275800
50452,0
50456,401000
50473,300000
50478,0
50482,758800
50488,1136500
50495,500000
50504,0
50520,2989000
50541,1245500
50545,2831200
50552,247000
50560,400000
50573,0
50579,0
50581,250000
50583,300000
50586,1317800
50589,206800
50612,1896000
50614,359400
50621,3987500
50625,664500
50640,216600
50645,127500
50647,1906600
50649,2658100
50657,0
50666,639300
50674,353800
50682,200000
50697,1421500
50703,132000
50714,2210500
50724,1687400
50731,56000
50742,287600
50744,1885700
50750,271400
50772,0
50776,1691600
50778,975000
50782,4744300
50804,200000
50822,110000
50823,0
50827,639500
50833,0
50834,1322200
50839,1981400
50840,0
50842,150000
50859,164100
50863,550000
50864,1473300
50877,0
50879,382000
50882,6651800
50883,400000
50889,172800
50893,911000
50897,150000
50899,150000
50912,441800
50932,404500
50941,0
50947,374200
50953,2403600
50955,131900
50968,186000
50970,0
50971,127000
50984,150000
50993,443700
50996,30000
50998,4655400
51015,2498500
51017,0
51028,126000
51031,1988700
51035,219500
51037,240000
51038,474900
51040,2119400
51046,7030900
51049,450000
51057,450000
51058,286000
51060,581300
51061,180600
51068,1132200
51084,67500
51085,610000
51096,0
51101,0
51110,806200
51120,503400
51131,0
51137,0
51157,0
51161,150000
51163,221400
51170,781900
51176,0
51181,255300
51186,1333200
51210,3208800
51225,0
51226,150000
51227,150000
51264,150000
51267,78500
51271,0
51290,443400
51296,1741000
51328,400000
51351,14000
51357,14185500
51367,897000
51370,1282500
51374,0
51394,510100
51407,233400
51408,569600
51411,4191600
51417,150000
51422,0
51427,884300
51437,2215200
51447,100000
51454,1082300
51457,430200
51469,125000
51470,132000
51479,100000
51483,150000
51493,665600
51497,233800
51499,14650700
51505,559500
51506,998300
51510,150000
51517,36000
51518,0
51553,200000
51554,1455500
51558,13652900
51563,1450000
51564,0
51566,2540600
51573,0
51575,498600
51578,422100
51585,2209800
51587,150000
51596,494500
51598,202300
51602,213000
51603,449400
51609,118400
51617,912100
51620,0
51638,0
51643,150000
51644,8842000
51648,266600
51652,1118300
51661,0
51662,0
51673,18000
51688,6151200
51693,300000
51705,132000
51708,10334100
51719,1289100
51724,1269000
51731,457600
51743,5116500
51768,839000
51772,580000
51780,1484100
51787,380000
51791,2436800
51826,1188000
51854,170000
51858,0
51875,200000
51903,2238500
51908,677400
51916,93800
51921,142000
51931,1403100
51954,2974700
51957,0
51980,1041300
51998,153500
52015,355000
52031,225000
52039,785200
52042,0
52045,707500
52047,1368200
52058,0
52064,255000
52089,616400
52091,250000
52093,458000
52100,150000
52105,3314400
52130,0
52134,1005000
52148,200000
52149,150000
52155,454000
52158,132300
52159,224000
52179,183000
52180,622000
52181,1073700
52184,0
52189,231400
52192,0
52200,670300
52205,200000
52213,200000
52222,235700
52232,1029500
52242,397300
52247,559500
52249,9600
52259,582900
52268,190800
52272,0
52280,157000
52284,2030300
52299,138000
52300,0
52301,150000
52303,4759600
52315,110000
52318,0
52319,2618600
52320,0
52331,277000
52349,109900
52350,2348600
52351,462600
52384,442500
52389,8852800
52395,0
52421,600000
52426,200000
52429,0
52438,1335400
52441,991000
52456,294900
52473,436100
52480,1218600
52506,1272900
52507,192000
52511,1915800
52513,1602600
52520,151600
52530,360000
52551,0
52591,151500
52600,0
52618,505100
52629,250000
52631,466600
52662,300000
52666,216100
52667,748000
52679,1148700
52681,150000
52684,0
52688,752400
52692,0
52694,493000
52695,868400
52696,2526000
52697,0
52700,250000
52707,559600
52714,6091600
52716,200000
52727,150000
52733,700000
52738,248000
52742,1388800
52750,200000
52758,250000
52759,0
52761,7140800
52763,704500
52770,332400
52777,850000
52787,278300
52788,0
52794,1321200
52800,1133500
52806,300000
52812,300000
52825,490000
52833,6422800
52837,254000
52857,0
52859,1056700
52873,2750000
52874,135200
52881,747000
52889,1379800
52896,232700
52902,150000
52906,302600
52918,245000
52926,75000
52931,548000
52961,83100
52976,1159600
52982,3448900
52983,39200
52991,1037700
52993,200000
52996,1116900
53003,146200
53031,0
53034,700000
53035,222000
53045,41600
53051,250000
53052,9673700
53061,3262600
53064,150000
53086,1864900
53088,1549800
53101,0
53104,0
53123,0
53130,1000800
53131,661700
53141,1013500
53163,1813500
53188,246000
53191,540800
53196,532000
53214,1591700
53217,360200
53226,367200
53232,787800
53242,1468100
53274,67000
53278,280000
53288,3065400
53290,200000
53294,0
53296,86100
53316,631000
53321,973000
53334,587000
53356,3945000
53367,508500
53378,720100
53387,150000
53400,445800
53406,150000
53407,500000
53418,6670500
53443,189600
53464,5312900
53472,0
53486,1122100
53512,108000
53520,54511600
53532,251600
53556,1023800
53558,2074800
53568,0
53582,450000
53585,558000
53607,429200
53610,977000
53628,628000
53651,0
53653,0
53657,207800
53660,1970300
53675,480000
53676,413900
53677,166000
53678,972700
53687,167000
53690,1810500
53701,200000
53714,150000
53715,2012100
53716,0
53719,544500
53727,374500
53729,70000
53743,0
53750,583700
53756,600000
53782,256200
53787,381700
53790,514300
53792,0
53800,379200
53802,419000
53808,494000
53813,0
53827,221800
53832,400000
53836,3073500
53837,2523000
53850,115500
53852,0
53855,401600
53856,194200
53859,0
53862,0
53866,200000
53878,263000
53880,450000
53890,612000
53892,5778400
53895,0
53902,600000
53904,996200
53913,0
53917,692400
53934,250000
53952,0
53953,150000
53955,250000
53964,3389500
53974,1119000
53987,981100
54003,454000
54008,400000
54009,155000
54012,1999900
54014,23255900
54016,157000
54030,98500
54037,1073400
54048,996900
54053,300000
54054,0
54064,150000
54069,1126500
54098,799700
54105,554000
54107,0
54120,1575400
54121,147000
54127,432500
54130,500000
54134,1343000
54137,1686000
54139,150000
54145,400000
54175,390100
54184,380000
54185,490400
54193,441300
54199,250000
54203,4702400
54215,82000
54250,0
54266,132000
54287,538800
54292,150000
54297,350000
54308,2562400
54318,250000
54321,390900
54335,555000
54338,172900
54343,0
54354,2859400
54356,2067500
54368,1281300
54371,687000
54378,423600
54396,0
54398,0
54402,1021700
54416,450000
54418,985000
54434,515000
54442,981100
54445,2306100
54446,154000
54472,0
54476,925000
54483,4601000
54520,437100
54535,543500
54556,200000
54567,0
54590,350000
54596,0
54598,361300
54600,0
54619,111000
54623,0
54624,274800
54629,189600
54639,0
54666,490000
54667,704900
54676,600000
54682,1549600
54683,494500
54684,594000
54700,89000
54708,467500
54714,235200
54716,289500
54719,1519300
54752,1046100
54760,351000
54769,0
54775,616500
54790,0
54797,2310600
54805,350000
54814,433000
54825,0
54836,25600
54839,262300
54840,1250000
54842,350000
54849,448100
54862,374000
54868,775800
54877,1657600
54884,463900
54885,2559700
54905,9005100
54910,0
54914,937500
54920,153000
54923,300000
54927,200000
54931,568000
54933,0
54953,2029900
54965,600000
54976,0
54998,4054600
55003,758800
55004,224400
55008,1064000
55013,900900
55019,1148300
55023,16463900
55028,590500
55038,1226500
55050,814500
55063,150000
55067,0
55093,1309700
55094,0
55095,512800
55097,0
55100,0
55101,725100
55105,0
55106,0
55109,1143500
55118,298000
55119,358000
55123,1870400
55141,100500
55143,142800
55150,640000
55163,481000
55171,6524900
55174,700000
55194,5495100
55196,105700
55205,6905400
55226,0
55228,1026900
55237,150000
55241,750000
55252,880000
55257,150000
55259,343600
55287,76300
55297,314600
55301,13449300
55318,123200
55328,250000
55344,250000
55349,272500
55365,185900
55374,584500
55409,2199900
55420,582500
55427,593400
55429,2266500
55435,145000
55449,10020300
55468,470000
55475,611900
55478,2214300
55480,223000
55486,731200
55489,500000
55503,427000
55504,150000
55505,110000
55507,150000
55512,0
55517,802400
55524,150000
55540,0
55560,884900
55567,91500
55588,200000
55591,0
55604,0
55607,592800
55609,270000
55613,830000
55616,150000
55619,527200
55622,3326000
55634,461900
55636,300000
55639,12137500
55641,150000
55653,961800
55663,1492200
55687,139000
55688,2120800
55691,671900
55702,1498800
55732,512800
55736,277500
55740,190000
55754,560000
55771,1746600
55775,20260600
55818,941200
55826,519600
55836,150000
55837,1688300
55846,57400
55847,1978000
55855,121200
55864,524000
55869,200000
55871,400000
55875,200000
55895,0
55911,1482900
55944,292500
55948,3161500
55952,0
55968,113400
55974,150000
55980,0
55981,0
56051,364100
56053,150000
56055,136000
56060,4939800
56064,0
56072,257900
56076,375000
56077,731500
56084,13422200
56086,3150400
56100,129000
56128,418400
56140,150000
56148,142000
56158,0
56160,600000
56161,214200
56180,590800
56201,318700
56214,294500
56216,573000
56229,200000
56237,0
56239,81900
56242,167000
56282,450000
56305,4616700
56323,440500
56327,0
56333,660000
56361,239800
56385,8012200
56411,0
56420,0
56449,150000
56455,290300
56457,1884700
56463,1124000
56466,158000
56469,766900
56473,284000
56495,438500
56499,309500
56500,819000
56510,130000
56529,450000
56535,150000
56537,994000
56541,741500
56542,550000
56546,300000
56555,391700
56562,350000
56569,516500
56582,0
56594,1413000
56596,1200000
56599,942500
56601,250000
56614,3020400
56632,447900
56654,5360700
56658,1730200
56673,3057000
56680,10817000
56684,0
56686,613500
56689,2087400
56691,0
56694,0
56705,38500
56712,220900
56714,0
56724,1048000
56769,700000
56784,200000
56786,0
56790,1050000
56791,250700
56799,4010700
56803,541700
56818,0
56823,2374000
56835,430300
56859,647000
56881,49600
56889,805000
56897,148000
56912,0
56913,428800
56924,0
56933,3073900
56940,1226800
56944,0
56952,505000
56969,150000
56971,0
56980,249000
56991,101000
56997,2405300
57013,351500
57017,784200
57024,1549200
57053,2259400
57054,200000
57057,23200
57063,0
57073,29806300
57078,1029000
57080,95400
57088,0
57093,315000
57099,0
57102,0
57106,469200
57137,424400
57139,1651900
57141,717400
57145,556200
57151,450000
57161,255100
57165,153500
57172,153000
57185,489600
57188,407800
57191,202400
57194,0
57199,290000
57220,1337900
57231,0
57245,5006100
57246,0
57260,2086500
57271,0
57272,5045300
57288,400000
57289,353400
57294,92700
57313,1176000
57316,265100
57335,349500
57338,0
57342,747500
57344,1114200
57364,390000
57365,181100
57369,836700
57374,250000
57376,0
57377,0
57380,560000
57383,150000
57391,1211800
57426,177000
57429,1604500
57433,382500
57439,1952000
57445,397600
57454,150000
57455,0
57480,250000
57490,290400
57494,250000
57510,352200
57511,250000
57522,411800
57531,500000
57552,0
57553,382000
57554,400000
57584,2261000
57619,607400
57627,0
57655,0
57672,327800
57686,575000
57694,41300
57699,930000
57715,327200
57724,4036600
57730,200000
57733,500000
57749,1623000
57770,3745500
57772,1110500
57775,1364800
57777,1191100
57783,747700
57790,146000
57809,395500
57854,250000
57860,4390900
57866,800000
57874,462400
57892,864800
57902,150000
57904,236200
57919,904100
57925,450000
57932,0
57945,350000
57966,350000
57973,350000
57981,219600
57983,363000
58020,2050300
58028,397100
58030,405000
58049,217200
58055,150000
58077,529100
58079,790100
58080,5469800
58091,250000
58103,238000
58106,309900
58113,1670500
58114,265000
58128,300000
58134,819300
58140,2151900
58141,0
58150,170000
58170,321800
58185,654000
58190,0
58207,0
58218,200000
58228,304000
58229,218700
58239,140000
58277,595500
58282,598600
58291,1681700
58301,0
58302,5276100
58326,57600
58333,0
58347,0
58354,250000
58360,822800
58361,0
58362,521700
58368,250000
58372,350000
58386,735000
58391,0
58400,150000
58405,353100
58414,189300
58420,1162200
58429,165100
58430,708000
58433,260300
58434,0
58438,319100
58460,3723400
58473,0
58475,70500
58485,150000
58486,119900
58487,808500
58489,500000
58491,152300
58492,0
58510,165000
58511,0
58516,312900
58533,1300000
58536,1782100
58548,7418700
58555,1305800
58561,395400
58571,2020300
58572,255400
58584,647500
58593,0
58597,150000
58603,250000
58621,226000
58631,0
58636,0
58645,1740800
58663,34496600
58675,875500
58712,272000
58716,286400
58735,7472600
58745,170000
58747,545600
58758,350000
58771,288300
58772,41300
58777,352000
58782,150000
58787,469800
58807,477500
58819,230500
58835,58400
58855,0
58857,0
58858,100000
58859,265100
58862,200000
58863,312500
58878,2771300
58886,250000
58902,500000
58905,0
58914,3789600
58919,0
58924,1204400
58926,382500
58929,488800
58937,174300
58948,373100
58956,0
58957,839500
58964,400000
58966,0
58971,488200
58972,0
58977,0
58980,0
58986,2117600
58994,668400
59012,498800
59016,33000
59048,1185400
59090,899000
59094,0
59101,0
59107,627500
59126,1052200
59135,103600
59144,10047300
59147,238700
59158,300000
59163,385000
59164,154000
59186,300000
59189,2414000
59209,1347200
59221,250000
59247,100000
59259,0
59260,7139200
59265,140000
59272,350000
59274,172000
59282,108000
59289,350000
59324,550000
59333,148000
59344,450000
59346,250000
59368,2172200
59378,1322700
59387,539000
59401,0
59413,606200
59432,0
59443,530000
59446,337300
59447,7577100
59454,4571900
59463,1063500
59466,0
59467,440000
59468,399000
59469,500000
59488,432900
59497,200000
59498,130000
59509,981500
59513,200000
59515,2706500
59526,5492400
59535,3892700
59536,400000
59544,1208200
59548,487900
59557,681400
59565,2060000
59581,1381500
59582,755500
59587,819500
59626,150000
59634,666000
59636,267800
59666,781500
59670,0
59676,776000
59686,265000
59709,464500
59716,0
59718,250000
59732,0
59738,483600
59744,130000
59760,2026000
59762,0
59769,256900
59770,18395100
59776,1475300
59783,711000
59787,507600
59799,601600
59804,610000
59817,2145000
59818,939800
59827,152500
59829,250000
59853,500000
59871,400000
59874,300000
59888,153200
59896,0
59897,871300
59900,440000
59901,200000
59904,0
59908,16524000
59914,297400
59916,150000
59924,195900
59930,150000
59938,0
59954,0
59960,980000
59966,207500
59987,700000
60053,0
60063,2014500
60071,360300
60072,300000
60084,805000
60101,823800
60103,140000
60105,426000
60125,522000
60127,0
60135,283600
60140,0
60157,0
60164,1575800
60166,150000
60183,150000
60188,450000
60218,285000
60219,750000
60252,365500
60257,300000
60272,129800
60273,1099200
60291,592000
60294,300000
60297,911800
60312,1033200
60321,200000
60325,0
60335,363900
60339,0
60341,3510300
60344,0
60347,2771600
60363,122400
60367,0
60382,150000
60390,0
60397,0
60399,880000
60407,880100
60421,153900
60424,0
60432,518500
60434,91500
60450,232000
60468,591800
60476,70000
60481,475700
60491,1616000
60507,150000
60509,122000
60513,1320700
60518,400000
60519,795800
60520,0
60530,3502500
60535,150000
60547,150000
60550,9613800
60561,445700
60968,766000
60980,335100
60995,279000
61006,1986800
61013,0
61019,0
61021,0
61060,2195000
61086,0
61103,0
61112,755200
61122,1367400
61125,250000
61156,675800
61158,590700
61186,400000
61191,450000
61198,361000
61220,2370000
61223,3101100
61231,0
61234,300000
61237,344600
61239,568000
61263,350000
61286,150000
61291,240800
61298,275700
61305,150000
61339,150000
61351,180000
61362,404000
61363,169500
61371,810300
61376,0
61410,2331100
61414,462400
61419,649100
61445,236900
61446,170000
61462,1014800
61485,381100
61492,1999100
61497,537200
61504,313000
61513,80000
61533,983800
61536,0
61551,314700
61570,0
61577,0
61581,217000
61588,736000
61593,545200
61633,0
61651,142000
61652,450600
61661,1501300
61662,231500
61664,4932600
61668,798500
61676,0
61689,0
61707,0
61711,262500
61730,0
61743,1597900
61779,450000
61790,1698000
61793,491600
61806,1902200
61807,323000
61814,461600
61827,657800
61830,845000
61840,0
61887,0
61907,0
61912,0
61918,333000
61930,1644300
61931,1561900
61933,241800
61934,0
61935,227800
61941,338000
61954,200000
61956,1520000
61960,703700
61983,374500
61984,206800
61993,168000
61996,450000
62003,150000
62018,605700
62026,19632400
62037,556500
62038,362800
62039,150000
62042,300000
62046,1112000
62057,400000
62058,150000
62059,389000
62064,559500
62067,285000
62082,10135700
62102,0
62104,350000
62107,638700
62115,565200
62118,307500
62128,150000
62130,630400
62136,271100
62140,296000
62147,150000
62154,3252000
62163,6584900
62178,409900
62182,627500
62184,5828500
62244,382000
62245,500000
62258,7989200
62275,1668900
62280,1289700
62290,0
62293,232000
62298,200000
62308,4957900
62310,1030700
62318,120000
62331,3072400
62341,257400
62373,650000
62375,780000
62381,188000
62429,0
62443,200000
62454,465500
62474,232000
62481,389400
62489,200000
62502,150000
62530,450000
62567,42000
62576,700000
62593,200000
62595,4414200
62608,326100
62619,767600
62626,451500
62641,1408700
62653,326100
62683,1850000
62716,300000
62742,1268900
62749,1389900
62783,800000
62785,137500
62797,142500
62838,200000
62840,3808000
62848,850000
62855,781900
62858,332100
62889,237500
62901,150000
62904,90600
62912,2367600
62925,1953300
62931,546400
62937,424200
62950,9546600
62964,550000
62965,550000
62977,470100
63026,431100
63031,0
63047,200000
63059,250000
63073,450000
63082,850000
63096,3824500
63118,1144100
63164,1322900
63184,1086200
63197,3260800
63226,303000
63240,1420000
63244,5478700
63249,765600
63253,176200
63269,719400
63282,2354500
63301,0
63306,437600
63337,110000
63339,108000
63356,2331400
63365,395000
63370,9279300
63387,268000
63389,0
63393,900000
63400,150000
63407,1663000
63417,375000
63431,450000
63435,106700
63438,159000
63439,261600
63466,200000
63468,745000
63469,913000
63485,0
63490,1283500
63509,2391500
63513,300000
63514,344400
63515,783000
63520,136200
63528,221800
63538,300000
63556,450000
63559,978700
63584,412900
63586,150000
63594,0
63600,3703900
63603,250000
63604,291700
63606,10367100
63615,0
63623,240000
63630,135500
63641,316500
63673,148000
63691,0
63695,662300
63698,0
63720,92500
63723,550000
63725,185400
63764,319200
63767,3195800
63785,500000
63790,754000
63792,2286400
63795,5618500
63823,350000
63830,331800
63842,0
63854,0
63863,0
63884,0
63892,0
63898,400000
63899,0
63910,1667700
63935,478000
63940,150000
63946,1512500
63948,0
63979,693000
64001,3691800
64016,292200
64029,4198700
64032,607500
64037,0
64056,460000
64060,1885200
64070,56000
64076,300000
64078,700000
64079,498100
64081,1517600
64083,300000
64087,0
64120,789200
64121,2746500
64123,422400
64128,0
64132,117000
64143,3678800
64152,232300
64154,376400
64161,0
64166,1788000
64197,415000
64204,435500
64206,275000
64220,150000
64239,0
64242,907400
64247,913400
64258,0
64262,0
64266,121000
64277,13405400
64310,4416100
64358,127000
64377,410000
64380,1324200
64392,445800
64395,301500
64399,0
64404,250000
64411,1493200
64437,250000
64442,2133200
64443,600000
64453,980200
64463,500000
64464,2080100
64465,1953100
64469,4199400
64485,150000
64540,447800
64544,350000
64553,0
64564,6421200
64566,345000
64571,769900
64590,0
64593,285000
64594,150000
64610,400000
64612,670000
64615,1157400
64639,450000
64651,6348600
64658,120000
64672,0
64677,1555000
64690,200200
64692,3766100
64693,350000
64699,250000
64708,0
64712,400000
64713,3760600
64717,167500
64729,0
64749,942000
64771,285000
64781,8169000
64798,0
64821,150000
64849,4747300
64867,461000
64880,463300
64887,0
64896,2470900
64903,0
64904,0
64941,246000
64974,107900
64990,225000
64998,1617500
65016,786000
65039,2130400
65046,1610200
65062,1373900
65063,201200
65076,300000
65082,150000
65116,0
65117,117500
65120,450000
65126,953200
65147,756000
65158,448600
65177,0
65185,354000
65200,575200
65242,446800
65247,119000
65249,539100
65260,1413800
65265,400000
65273,150000
65276,400000
65289,450000
65290,288000
65295,0
65303,400000
65305,720000
65309,65000
65330,0
65345,450000
65355,0
65374,1314900
65380,670100
65383,255000
65403,1316000
65404,821900
65473,0
65495,0
65498,0
65500,110000
65506,70000
65508,0
65514,150300
65521,450000
65522,737900
65531,1265500
65533,2755400
65559,2399200
65577,150000
65588,9070600
65603,952400
65606,2770300
65619,503000
65661,282300
65672,0
65676,212900
65678,1429500
65680,0
65685,0
65695,150000
65705,250000
65719,795000
65728,300000
65730,800000
65732,448500
65742,862300
65759,594000
65765,0
65814,1162500
65820,0
65822,400000
65825,69500
65832,985500
65833,622200
65854,695000
65873,450000
65876,1414000
65878,2696700
65889,607300
65905,6208500
65913,924400
65916,450000
65920,650000
65946,0
65974,0
65981,644000
65997,0
66008,663300
66017,720000
66023,36000
66033,840800
66036,450000
66055,450000
66056,286800
66083,2083800
66098,0
66126,4013900
66149,0
66158,2805400
66172,436000
66176,550600
66177,1195800
66189,0
66202,1685000
66205,168900
66250,159500
66260,400000
66267,132000
66278,5981800
66291,241500
66292,1612400
66293,643600
66299,390500
66312,0
66333,478000
66339,130000
66351,540500
66364,1304500
66373,450000
66374,6821200
66375,324600
66380,1721600
66426,0
66433,0
66440,2171200
66470,0
66478,108000
66483,350000
66497,1584600
66520,4285300
66548,529200
66555,150000
66558,3016000
66562,3881400
66563,150000
66567,892500
66579,450000
66580,220000
66581,176900
66589,2285800
66599,1540600
66609,245000
66625,203900
66626,252600
66658,1239900
66665,751000
66675,297900
66679,226800
66688,0
66733,0
66740,650000
66747,111300
66750,827000
66758,252000
66790,64800
66794,250000
66795,400000
66867,0
66885,0
66901,0
66938,3040100
66960,472000
66981,1500600
66988,600000
67000,0
67002,410800
67003,150000
67015,55000
67032,150000
67033,426000
67058,0
67083,809500
67125,0
67152,2029100
67172,129000
67191,200800
67203,587000
67219,0
67223,0
67227,150000
67234,2276800
67248,0
67250,622600
67266,102000
67268,813900
67275,1209300
67277,85000
67280,0
67281,4560800
67282,70000
67293,592000
67303,350000
67318,611600
67320,60000
67323,300000
67376,1047400
67416,70000
67455,389600
67458,0
67483,555500
67486,722500
67487,2299200
67492,700700
67495,589000
67510,454500
67514,263600
67518,7632600
67540,825000
67541,150000
67542,424300
67547,1620300
67558,249000
67559,500000
67565,585300
67572,0
67583,179500
67591,2695500
67601,440000
67630,394900
67637,150000
67662,400000
67668,197500
67677,0
67683,0
67688,0
67691,495000
67705,420000
67706,566500
67721,1155000
67738,1052900
67766,150000
67769,445000
67789,4608900
67792,300000
67798,0
67809,684000
67810,174000
67811,0
67819,847000
67828,1200500
67834,943500
67842,414800
67879,900000
67887,182000
67894,4445200
67896,3330800
67924,1047200
67936,0
67948,750000
67953,730000
67956,11114400
67962,6588300
67974,822200
67991,3548000
68002,4420000
68008,367200
68016,210000
68032,127000
68055,124000
68074,568000
68126,329300
68128,150000
68148,375000
68164,382000
68179,566700
68189,550000
68207,1339900
68212,293300
68218,280000
68222,0
68231,63900
68234,1378400
68269,350000
68270,2773500
68288,595000
68302,125000
68303,641600
68310,278000
68315,0
68332,1300900
68353,200000
68372,342500
68384,950000
68385,0
68401,41000
68402,608000
68403,0
68413,210000
68426,155200
68441,150000
68444,200000
68456,294000
68491,481900
68513,0
68517,180100
68531,400000
68549,448500
68563,0
68568,300000
68586,200000
68587,396000
68605,157700
68617,0
68621,0
68624,0
68640,604900
68642,0
68645,350000
68651,639800
68652,0
68655,2601000
68672,642400
68683,325500
68689,685900
68711,535000
68712,1801900
68718,1969400
68744,398600
68773,300000
68821,1200000
68835,0
68839,0
68850,300000
68861,0
68877,1620200
68883,385000
68888,250000
68904,463000
68907,13711000
68908,492500
68910,1197100
68922,347400
68931,450000
68944,0
68952,0
68958,450000
68980,250000
68986,559000
68992,100000
69006,350000
69020,336000
69043,850000
69054,533300
69071,1558000
69075,145300
69091,0
69101,222500
69109,500000
69121,701200
69127,0
69128,470000
69134,976000
69151,690300
69152,475200
69182,381200
69194,198400
69196,402500
69211,209500
69282,0
69284,0
69288,0
69292,184000
69315,1581600
69332,350000
69335,472500
69340,2048200
69372,400000
69396,105100
69403,445000
69411,0
69422,859600
69439,494500
69443,896200
69452,150000
69473,1676500
69490,898400
69492,0
69498,250000
69499,0
69504,344000
69505,150000
69530,300000
69532,262500
69533,8955800
69556,0
69571,1123800
69581,540000
69587,882800
69592,30000
69614,321100
69637,150000
69638,0
69649,332500
69675,854000
69738,673300
69740,656800
69769,0
69774,2085000
69818,486500
69820,450000
69823,116000
69826,559700
69830,1237800
69833,517000
69842,0
69844,1737600
69860,6292200
69862,500000
69865,279600
69881,859800
69894,0
69917,300400
69927,340000
69931,390000
69966,8781400
69971,1082000
69983,343900
70006,0
70020,250000
70036,400000
70050,2744900
70065,45500
70073,7382300
70110,0
70115,1903500
70127,70000
70132,755000
70160,1000000
70163,399500
70171,944900
70180,350000
70189,0
70204,600200
70248,344000
70253,138900
70257,1287000
70265,759000
70269,187500
70276,7059000
70282,2195100
70285,365000
70291,187000
70297,2524500
70338,2104500
70347,85600
70362,4695900
70369,0
70374,1215200
70377,450000
70379,1486200
70383,120000
70402,150000
70407,180600
70411,300000
70421,424500
70426,1346400
70434,358100
70442,641000
70449,1201400
70493,0
70504,1095400
70509,317000
70515,250000
70520,400000
70532,35013400
70554,0
70574,200000
70578,0
70603,450000
70607,350000
70612,109800
70626,315800
70628,200000
70629,2800700
70661,556000
70668,400000
70669,428000
70671,398900
70684,828000
70686,0
70690,350000
70697,0
70742,471500
70743,0
70757,20282700
70767,400000
70774,54000
70779,0
70787,4172300
70791,460500
70796,150000
70801,830000
70807,200000
70808,717200
70836,5018000
70838,1493000
70846,347500
70851,902600
70865,584000
70890,212000
70893,170400
70904,17000
70906,0
70918,658000
70934,43000
70935,514500
70983,300000
70993,212500
71021,0
71024,675500
71027,2412900
71032,0
71033,710000
71046,711400
71048,760800
71060,1030000
71064,35300
71084,550000
71091,792600
71092,1452000
71106,665500
71113,171600
71114,480000
71125,400000
71131,0
71141,625800
71159,964200
71168,150000
71170,1453700
71171,3275000
71176,0
71179,0
71185,1388500
71194,265600
71210,150000
71215,0
71217,250000
71243,1033200
71283,450000
71297,400000
71301,398000
71331,1466200
71336,5389500
71338,815000
71364,1105500
71369,350000
71379,200000
71387,150000
71396,0
71426,350000
71427,0
71428,300000
71448,425300
71466,915200
71481,150000
71486,741200
71500,315000
71507,0
71508,3947800
71526,891000
71551,69500
71560,2011500
71568,672900
71577,460000
71588,250000
71603,0
71605,320800
71616,4709900
71626,0
71627,150000
71682,0
71688,1170800
71755,1232000
71760,0
71778,1115900
71788,415000
71806,2756800
71822,0
71838,250000
71844,150000
71875,600000
71886,400000
71900,210000
71905,744400
71934,1000000
71951,0
71979,0
71991,1212500
72005,416200
72012,500000
72042,250000
72049,372600
72052,550000
72054,290000
72072,592900
72082,662000
72118,350000
72125,518900
72126,0
72132,76000
72134,0
72149,558800
72152,507600
72186,200000
72193,367900
72214,2050000
72221,1383300
72223,188500
72227,467500
72242,467500
72245,1093000
72266,0
72273,351500
72287,0
72321,3170800
72328,0
72360,159800
72372,494600
72415,224800
72454,394200
72474,250000
72476,4664500
72491,603200
72495,451800
72512,270000
72513,350000
72578,604000
72580,4510400
72582,350000
72594,13798700
72611,400000
72616,139000
72629,1075600
72650,150000
72656,2476300
72745,531000
72751,950000
72752,154000
72757,4184000
72773,0
72785,350000
72792,580300
72804,0
72812,273600
72813,969900
72821,1172200
72833,0
72841,300000
72858,222000
72863,350000
72887,433500
72895,0
72897,0
72902,3284400
72915,300000
72922,860700
72936,706800
72950,901800
72954,362300
72960,566200
72967,149700
72972,86900
72974,0
72976,0
72980,150000
72986,1770000
73020,600500
73067,926400
73073,552000
73079,506400
73107,9888000
73110,0
73112,654000
73115,170000
73123,150000
73155,0
73158,0
73162,343200
73208,133200
73209,149000
73253,244900
73254,332100
73280,700000
73281,442800
73282,412300
73288,2812000
73295,0
73298,888000
73299,857200
73306,0
73316,808000
73351,300000
73356,290000
73376,200500
73396,540500
73414,1283800
73426,300000
73482,566800
73483,450000
73492,1621400
73494,675000
73501,0
73503,0
73506,358500
73517,1042600
73523,450000
73531,613500
73533,3454800
73538,4567300
73564,294000
73571,424200
73579,7929500
73599,5105100
73606,300000
73614,450000
73623,780800
73628,500000
73639,76000
73642,4263700
73646,350000
73663,0
73682,392500
73698,1706300
73718,150000
73732,650000
73735,500000
73746,468000
73769,0
73782,592000
73793,0
73820,321300
73849,550000
73851,250000
73859,250000
73883,0
73953,687100
73959,21000
73983,200000
73988,894100
74002,45000
74042,150000
74069,160300
74072,639500
74077,110000
74079,1213700
74083,470600
74095,1106800
74156,113400
74160,325000
74177,2507000
74216,326000
74222,0
74238,330900
74258,1264800
74273,849400
74275,1020000
74276,304400
74277,0
74294,843300
74314,145000
74320,246000
74325,375100
74327,290000
74330,0
74332,687000
74364,350000
74372,0
74374,484000
74426,391000
74436,718300
74449,550000
74467,1408800
74488,1398000
74492,0
74494,1159000
74545,800000
74547,190000
74578,162000
74606,3037800
74617,126900
74622,2432100
74633,0
74635,0
74663,546000
74677,900000
74681,200000
74703,1813000
74712,120000
74724,0
74726,624000
74730,700900
74735,270000
74739,127000
74747,1979200
74775,2179200
74819,507000
74824,132500
74851,150000
74857,5526600
74865,950400
74890,0
74899,7562700
74904,360400
74906,715500
74929,627000
74931,169500
74956,150000
74961,173100
74964,0
74967,0
74973,0
75010,400000
75014,793500
75047,169700
75051,1067000
75057,300000
75079,370900
75123,8227500
75138,360500
75165,153000
75168,450000
75178,0
75232,0
75234,330000
75243,493000
75255,465000
75260,169900
75278,410000
75279,523500
75281,150000
75288,350000
75294,300000
75295,250000
75308,567000
75311,18000
75320,2123600
75338,483000
75356,5294000
75368,350000
75392,214400
75396,452000
75398,669500
75401,0
75406,367700
75427,150000
75429,150000
75450,0
75457,400000
75465,300000
75468,0
75496,198000
75508,3691300
75518,589000
75546,395000
75576,1199000
75577,690000
75581,143000
75600,0
75606,1377500
75619,0
75622,795000
75634,263900
75642,0
75677,633000
75679,150000
75697,977500
75698,0
75699,889300
75703,300000
75709,1221400
75717,790500
75725,150000
75729,665000
75734,1697400
75750,150000
75784,0
75798,300000
75818,718800
75837,1000000
75852,0
75855,0
75864,240300
75877,911000
75882,400000
75903,150000
75910,3490800
75922,868400
75929,87000
75984,150000
75989,2612000
75990,334700
75999,180000
76049,200000
76058,1251900
76063,0
76064,3704500
76096,165000
76100,2651000
76102,150000
76104,300000
76130,348400
76134,600000
76150,499000
76155,757500
76176,380800
76215,266500
76221,250000
76267,383600
76272,450000
76288,1220700
76304,150000
76318,250000
76337,394100
76366,565700
76407,399500
76413,744000
76427,150000
76428,2988300
76461,0
76470,330800
76482,109000
76494,549000
76512,223600
76527,100000
76552,375000
76575,0
76577,100000
76620,450000
76624,150000
76677,340000
76710,425000
76779,48300
76812,0
76857,652600
76873,343000
76882,2230800
76898,150000
76926,0
76927,0
76941,6504900
76960,450000
76963,400000
76972,60000
76979,3518400
76984,350000
76986,60000
76988,403100
76998,337500
77011,100000
77043,580000
77055,200000
77069,0
77076,11196600
77077,362500
77110,395000
77111,0
77123,235000
77128,708000
77140,357000
77147,640000
77172,0
77193,384000
77196,300000
77202,290000
77220,150000
77227,150000
77229,743000
77241,589300
77254,300000
77270,540000
77290,229000
77302,418200
77313,1568400
77326,0
77393,6773800
77413,450000
77420,1285800
77422,350000
77432,0
77446,450000
77458,351000
77466,150000
77475,833900
77479,371800
77482,180400
77487,382800
77494,95000
77532,0
77566,0
77568,335800
77571,185400
77573,0
77585,638400
77621,135000
77630,414200
77665,150000
77677,500000
77678,415000
77694,0
77700,900000
77706,450000
77730,358200
77735,300000
77742,1283800
77815,194400
77819,280800
77839,300000
77879,817400
77901,575000
77907,535900
77913,0
77914,0
77919,364000
77921,60000
77922,298000
77926,0
77928,0
77938,330000
77970,0
77971,140000
77977,1357000
77980,734200
77985,2450700
78006,2840500
78026,0
78036,0
78038,887500
78059,0
78070,250000
78105,700000
78115,3822800
78117,3638100
78120,300000
78128,169000
78129,4073200
78135,70000
78141,350000
78152,545600
78157,938000
78162,500000
78212,0
78215,351000
78228,0
78232,150000
78233,0
78248,0
78288,300000
78308,1025900
78309,1094500
78315,1585000
78317,250000
78324,500000
78326,150000
78336,1470400
78341,3396000
78350,674000
78376,150000
78378,0
78382,4648800
78388,1910600
78392,743200
78411,450000
78458,780000
78530,3435500
78542,4781800
78580,243800
78601,511000
78605,215500
78616,455200
78618,245200
78639,450000
78656,1515000
78657,95000
78700,2980900
78721,4443100
78736,5324000
78806,0
78809,664000
78811,150000
78813,473000
78870,3187000
78941,403300
78952,1646500
78953,290600
78958,415000
78968,180000
78982,4755500
78988,282500
78990,105000
79007,0
79050,300000
79078,0
79083,185000
79091,18000
79153,0
79207,156000
79221,367900
79232,403000
79249,250000
79255,450000
79256,1675500
79267,166000
79273,2000000
79275,150000
79280,0
79284,5459600
79286,250000
79288,0
79332,400000
79358,506400
79383,614800
79388,450000
79391,567000
79397,855900
79412,350000
79418,844500
79425,0
79435,0
79451,699600
79473,6687200
79493,247500
79530,931700
79578,825000
79598,350000
79603,1414800
79642,1830900
79659,0
79665,348000
79675,250000
79681,0
79748,308400
79755,499100
79765,149000
79766,10700400
79810,375400
79816,400000
79832,654000
79840,0
79845,5332000
79852,400000
79853,890800
79854,150000
79860,1463000
79866,400000
79872,341000
79884,0
79891,745200
79902,1076000
79977,210000
79991,0
79997,65000
80009,2811300
80029,150000
80044,400000
80085,780000
80090,387300
80106,0
80138,201200
80155,350000
80165,80000
80218,369000
80224,754200
80229,275000
80230,3222700
80231,4770600
80256,3848900
80260,2306600
80270,0
80281,448300
80286,0
80288,0
80357,100000
80360,1000300
80370,182000
80384,1253600
80407,0
80410,270000
80415,696400
80439,400000
80447,272000
80480,300000
80501,3029500
80510,450000
80525,347900
80538,550000
80550,0
80556,424200
80571,150000
80575,958800
80580,360600
80589,0
80599,350000
80622,170000
80629,0
80699,562700
80731,150000
80769,150000
80788,0
80815,580800
80818,90000
80824,122000
80835,0
80861,440000
80871,625000
80887,0
80891,2049700
80894,499700
80908,390300
80909,399200
80922,194800
80933,130000
80936,0
80951,211000
80958,53000
80973,500000
80985,500000
80986,505200
80992,1338300
80999,1350000
81008,331600
81014,0
81026,189000
81033,326000
81037,668400
81050,614300
81053,150000
81055,169900
81060,550000
81062,333100
81067,297500
81086,426500
81091,0
81094,1838800
81104,2594200
81111,5512400
81167,482500
81225,894000
81226,140000
81241,434000
81245,726100
81259,150000
81269,451300
81281,175000
81296,0
81300,0
81306,298000
81309,306600
81312,381500
81314,135000
81359,1111300
81370,592000
81383,3330600
81421,350000
81422,4147300
81444,400000
81452,150000
81453,472000
81461,381000
81464,546600
81502,0
81506,1261700
81522,70000
81545,0
81548,0
81558,400000
81607,150000
81661,7653900
81689,55100
81714,440000
81733,1262700
81744,130000
81769,70000
81773,135000
81798,880400
81818,5706800
81836,206400
81862,108000
81871,1445000
81876,0
81892,190000
81960,544600
81964,0
81969,295000
82041,500000
82083,2875500
82094,123000
82113,40000
82114,0
82120,1066500
82127,0
82130,1959700
82178,444000
82179,367500
82196,250000
82207,1402100
82219,496800
82227,282500
82248,0
82262,910100
82267,725200
82280,0
82313,320000
82330,400000
82339,1449600
82345,650000
82357,460800
82372,1022300
82385,150000
82387,535000
82400,3983400
82406,220000
82410,232500
82431,1149100
82440,0
82461,350000
82487,742500
82506,456000
82512,3923400
82519,892200
82526,350500
82536,558800
82552,0
82603,3030900
82608,293700
82609,150000
82651,458900
82667,570000
82668,695800
82686,649900
82696,173500
82700,10811200
82751,64000
82779,331600
82781,0
82783,105000
82803,449000
82805,629400
82814,500000
82827,184000
82829,0
82855,100200
82860,780900
82863,800000
82870,82200
82880,1880000
82884,150000
82909,463900
82914,150000
82916,7223000
82945,6028600
82968,150000
82971,203800
82976,31724500
82977,226300
82993,749600
83012,450000
83049,700000
83050,217000
83101,463000
83108,345600
83129,1685000
83132,1884900
83138,983000
83168,150000
83172,0
83181,400400
83189,150000
83192,560300
83208,350000
83228,389600
83236,150000
83245,476600
83255,1102000
83258,65600
83266,368900
83275,476000
83306,1891400
83309,120000
83328,1102100
83342,0
83349,0
83364,1308800
83374,0
83376,8106000
83393,250300
83410,420000
83426,0
83451,963100
83465,1497200
83505,430000
83528,300000
83531,0
83551,450000
83565,250000
83585,135000
83603,4503600
83643,736000
83654,415300
83674,708500
83675,1806000
83677,323900
83705,774500
83725,392500
83728,222000
83729,275000
83735,70000
83737,455500
83738,0
83765,0
83775,1033800
83785,2460400
83790,1662100
83794,363000
83817,0
83826,350000
83840,760000
83841,561200
83903,637700
83927,150000
83930,350000
83939,338600
83977,349200
83984,721900
83998,200000
84012,0
84038,300000
84041,2810300
84051,339500
84061,1959400
84065,0
84083,0
84088,400000
84094,0
84117,0
84128,0
84132,367900
84135,350000
84139,100000
84156,140000
84170,442500
84181,69500
84255,300000
84278,1296200
84337,0
84345,500000
84361,1265700
84396,350000
84401,70000
84422,238400
84439,350000
84444,425000
84466,681100
84482,409000
84497,428200
84510,450000
84517,400000
84519,511900
84530,0
84537,515000
84541,450000
84547,150000
84553,837500
84563,343600
84598,0
84600,550000
84611,0
84617,90000
84670,444000
84686,117400
84697,273900
84714,358500
84723,150000
84724,6385700
84732,900000
84744,538500
84766,631000
84773,660200
84789,3565900
84799,661300
84807,0
84823,90000
84844,0
84864,2203000
84891,185500
84901,1181800
84906,450000
84916,380000
84941,492700
84951,0
84959,350000
84967,600000
84991,500100
85000,450000
85037,450000
85048,1056100
85105,81000
85131,550000
85140,350000
85170,2038900
85174,357000
85209,473900
85221,0
85224,550000
85290,258300
85291,376500
85296,0
85300,450000
85315,2505900
85317,921200
85319,337800
85354,961800
85357,969600
85360,250000
85376,328400
85382,927300
85408,450000
85414,3765200
85417,350000
85418,405000
85419,1061300
85425,0
85447,1116500
85448,797100
85459,0
85465,900000
85482,2637900
85497,70000
85500,344400
85504,0
85506,0
85514,298100
85522,0
85523,556000
85557,0
85561,1999800
85567,319300
85568,479500
85570,979800
85576,1275400
85578,1953600
85580,772000
85581,0
85586,385000
85588,350000
85596,654800
85605,1119500
85618,375000
85621,200000
85640,300000
85661,1332100
85671,1188500
85686,418000
85695,150000
85699,439500
85712,0
85713,400000
85714,384800
85721,0
85726,0
85729,0
85785,1908200
85803,5191400
85823,891300
85840,1761200
85854,0
85860,5188400
85903,0
85904,50000
85905,1437100
85950,0
86003,0
86012,500000
86022,0
86030,408400
86036,1105100
86065,329000
86092,1414600
86093,397300
86111,220800
86125,0
86138,880000
86146,179500
86163,250000
86172,720000
86174,547500
86205,0
86212,429500
86222,0
86239,0
86248,226400
86263,1194000
86270,300000
86282,485000
86284,372000
86287,2405400
86296,613000
86303,803000
86318,752500
86327,0
86330,513300
86335,116300
86347,310000
86355,314700
86361,535000
86369,4033600
86385,813000
86400,7343800
86412,0
86419,149200
86425,200000
86465,0
86490,2046000
86500,120500
86506,300000
86509,500000
86510,70000
86524,550000
86531,812200
86537,1582400
86540,250000
86550,0
86553,98400
86576,0
86580,543000
86583,352500
86587,250000
86600,896700
86620,441000
86626,0
86632,105000
86644,1525100
86647,517200
86659,1251100
86706,250000
86708,50000
86730,810600
86738,150000
86778,744000
86786,941500
86807,330000
86823,559000
86827,199000
86840,150000
86852,1818600
86883,0
86892,2387800
86900,50000
86911,907000
86917,400000
86925,150000
86950,118300
86964,764200
86982,0
86993,380000
86996,0
87009,0
87014,417000
87052,350500
87061,188000
87066,23100
87072,17535700
87082,220100
87100,254000
87120,200000
87133,4741000
87138,845100
87172,0
87176,167700
87182,150000
87198,640000
87211,300000
87220,814700
87226,0
87229,105000
87242,3350300
87266,0
87273,0
87283,163800
87284,174000
87294,600000
87311,252200
87321,634600
87362,2050600
87367,150000
87369,2445100
87371,1389500
87376,0
87388,150000
87397,497900
87398,0
87427,382800
87437,0
87439,2084200
87505,0
87524,0
87529,96000
87530,3347700
87532,565000
87550,2053400
87576,0
87598,0
87600,200000
87608,483000
87625,150000
87647,0
87649,355100
87651,1331000
87658,518000
87668,399000
87689,0
87690,467500
87708,378500
87724,749000
87759,200000
87773,200000
87788,72500
87797,0
87801,542000
87816,3043800
87830,0
87845,3984700
87851,150000
87870,150000
87879,800500
87903,0
87911,0
87913,0
87915,528300
87917,3776000
87921,204000
87922,150000
87951,3745500
87967,315200
87968,274300
88044,0
88065,502600
88084,3424000
88086,3209000
88104,5488500
88112,2349000
88127,667000
88137,933300
88169,1633000
88170,5355300
88175,986000
88189,150000
88200,680400
88203,2905500
88236,1930000
88255,0
88260,0
88261,6233800
88268,139000
88301,0
88302,3223100
88312,250000
88315,773900
88352,100000
88356,6551700
88408,0
88409,2472300
88411,492000
88426,2816000
88450,453400
88459,1870600
88462,405400
88464,0
88493,150000
88509,560700
88521,352400
88531,0
88533,60000
88539,0
88558,0
88580,228000
88602,838100
88648,2034800
88655,245000
88672,1842500
88685,950000
88687,150000
88703,600000
88719,96000
88722,400000
88751,454300
88791,350000
88824,550000
88831,651800
88839,200000
88845,2174100
88850,445300
88851,150000
88852,450000
88872,4886500
88875,150000
88878,370000
88885,380000
88922,0
88951,1068900
88956,443700
89002,300000
89027,341100
89035,0
89043,4315000
89088,150000
89121,4926800
89125,0
89126,198000
89141,200000
89161,1786200
89172,1008000
89192,67000
89203,1642800
89222,0
89227,450000
89228,250000
89229,480900
89238,266000
89257,480000
89261,314000
89273,150000
89280,150000
89301,400000
89319,316400
89324,350000
89467,1678800
89477,0
89500,3314700
89502,690000
89503,239200
89508,150000
89511,1260500
89516,0
89555,200000
89587,554500
89589,1049400
89591,400000
89598,2398800
89606,1782800
89645,516800
89680,499000
89681,1015000
89690,117500
89698,1690000
89699,0
89704,0
89706,336000
89708,199500
89774,413900
89785,1089700
89813,400000
89822,11006000
89846,393000
89854,2125000
89865,1104900
89866,2513300
89877,1000000
89915,132000
89917,150000
89922,249800
89941,460000
89943,0
89950,519800
89958,400000
89967,150000
89977,848800
89992,1113000
90005,632500
90017,1586200
90020,250000
90024,282500
90026,285000
90065,0
90086,2863200
90111,622500
90127,940400
90156,3625200
90164,151800
90190,201500
90201,399200
90203,150000
90206,1885400
90228,1292200
90240,380000
90244,0
90258,0
90265,1134000
90275,1810300
90278,0
90308,0
90310,315300
90323,1277500
90393,1334900
90421,1052600
90431,0
90489,0
90498,61613500
90501,255400
90509,701600
90522,12776600
90541,0
90551,0
90555,600000
90588,275000
90599,400000
90617,0
90622,338900
90658,19000
90663,0
90669,2270300
90673,150000
90676,1711900
90689,193000
90705,6857900
90708,240000
90722,591000
90729,300000
90734,1080000
90741,0
90746,2165700
90750,215800
90755,281200
90762,150000
90771,654400
90773,750000
90776,500000
90779,400000
90787,450000
90813,601200
90819,1082100
90821,550000
90823,350000
90866,169800
90870,350000
90871,0
90872,0
90916,935400
90927,450000
90930,365000
90935,777800
90938,373500
90956,585900
90960,374500
90963,100000
90974,535000
91002,4851900
91006,350000
91035,0
91044,300000
91045,536000
91052,300000
91064,742000
91067,1080000
91078,504700
91092,500000
91106,462900
91127,258000
91148,321900
91152,1541000
91163,682500
91188,400000
91203,204000
91237,111700
91242,357600
91253,501100
91284,350000
91289,414800
91322,2023500
91342,135000
91344,163000
91361,722500
91365,1718700
91367,80000
91381,1076800
91385,247700
91390,0
91412,385200
91415,1334000
91430,600000
91435,264000
91455,350000
91459,686700
91470,150000
91476,0
91479,250000
91488,129000
91492,716500
91517,284200
91518,50000
91520,597200
91528,169400
91551,984000
91559,200000
91561,0
91578,512100
91618,400000
91619,1189300
91656,1060000
91663,0
91664,394000
91683,849700
91694,200000
91706,1680000
91730,580500
91737,350000
91738,131800
91756,401400
91758,3743600
91772,1307300
91794,1832000
91816,200000
91826,1493200
91831,212000
91839,431800
91840,0
91848,238500
91851,150000
91858,400000
91864,350000
91867,299000
91875,420500
91878,270000
91888,585200
91899,505400
91909,0
91918,432000
91937,1161500
91940,383000
91944,740000
91957,150000
91959,211000
91964,5078900
92023,450000
92038,0
92050,780000
92055,839500
92057,251600
92130,250000
92158,1466500
92169,325500
92176,150000
92189,2742000
92195,724500
92217,369200
92233,300000
92235,175100
92248,0
92256,2593800
92257,350000
92287,450000
92310,401400
92311,3511200
92320,150000
92323,683700
92326,450000
92330,493500
92354,0
92360,150000
92386,300000
92395,5555600
92416,0
92426,491900
92435,350000
92438,550000
92453,490000
92456,350000
92470,320000
92494,0
92512,225000
92528,1688000
92548,350000
92550,0
92567,237200
92568,94500
92589,965200
92590,3332800
92594,0
92599,372000
92602,0
92670,0
92678,0
92683,150000
92684,394600
92690,300000
92694,538500
92698,2242800
92709,969000
92718,0
92783,1717400
92789,310000
92792,250000
92825,0
92837,0
92840,0
92842,950000
92847,550000
92851,3501400
92870,500000
92873,200000
92885,3700400
92902,150000
92920,4399700
92926,200000
93070,223900
93088,200000
93091,1801500
93110,3986200
93136,67500
93139,0
93143,550000
93147,150000
93154,150000
93155,250000
93162,4488800
93183,1031500
93185,400000
93201,273300
93216,71000
93227,1525700
93361,395000
93385,133000
93402,348000
93448,0
93456,626700
93476,85000
93482,19302000
93493,1500000
93501,17500
93517,1000000
93520,956900
93554,250000
93555,425000
93587,549000
93644,94500
93689,79200
93694,550000
93747,0
93775,140000
93802,0
93811,556300
93813,200000
93844,370200
93846,8644600
93847,826500
93861,70000
93867,1804800
93889,400000
93902,503000
93909,193200
93915,130000
93936,0
93964,450000
93981,900200
94000,0
94022,211800
94057,720000
94068,366400
94102,0
94114,463600
94123,173000
94136,150000
94142,200000
94143,120000
94160,749400
94183,275000
94205,100000
94213,389500
94215,0
94235,2669700
94238,0
94256,481000
94270,0
94274,1015700
94302,1982600
94354,925800
94370,198000
94386,154000
94412,3740600
94518,216900
94555,0
94556,1060000
94557,296300
94577,7669000
94585,257700
94591,150000
94600,400000
94604,164500
94610,630000
94611,300000
94674,4185100
94728,992300
94801,175000
94874,164400
94914,412100
94943,0
94952,875400
94953,355000
94960,465300
94983,250000
95019,0
95033,0
95044,1437300
95048,60200
95063,240000
95104,0
95112,300000
95169,2639800
95209,0
95265,0
95278,1667800
95283,1144800
95284,789100
95299,78000
95310,330000
95311,681000
95320,94000
95329,450000
95344,1093500
95374,1028400
95380,435600
95385,0
95389,1062900
95415,589800
95442,879600
95446,2518000
95452,0
95475,150000
95487,1087000
95491,475000
95492,1034400
95515,300000
95516,206400
95546,235200
95600,438200
95626,2060500
95634,493600
95635,263500
95658,21000
95669,450000
95703,913500
95708,6636800
95733,250000
95734,759000
95742,150000
95764,51800
95765,200000
95768,0
95769,95800
95807,888500
95812,340200
95822,512800
95829,568700
95848,392800
95870,5981100
95906,150000
95932,370000
95941,1115800
95952,895000
95978,124000
96037,195000
96053,792900
96068,0
96070,4530300
96074,262000
96119,350000
96141,417500
96165,1097800
96180,1220200
96205,350000
96218,1439200
96220,0
96223,282300
96228,500000
96260,1759700
96274,600000
96284,2150000
96293,0
96304,554900
96315,309000
96320,150000
96332,1454000
96334,653800
96342,150000
96347,225000
96349,156000
96351,100000
96364,250000
96398,0
96421,0
96423,321200
96426,398000
96442,1706100
96494,90900
96498,1420500
96518,7328700
96542,0
96545,230000
96568,123200
96573,2761800
96608,218300
96611,150000
96612,150000
96677,1386100
96703,0
96710,1427800
96733,3510200
96735,1128200
96736,174000
96740,293500
96741,0
96747,232700
96775,2716900
96783,302500
96790,630500
96812,381800
96829,618300
96841,500000
96845,139000
96875,406000
96883,0
96910,400000
96924,400000
96938,150000
96942,1908100
96949,0
96958,250000
96962,0
96965,738200
96987,298000
97017,677000
97059,2479500
97084,300000
97158,400000
97161,778400
97175,188700
97183,350000
97204,227500
97213,1533300
97229,1529000
97239,900000
97243,0
97282,250000
97283,450000
97299,1260400
97308,300000
97311,150000
97334,0
97337,649000
97346,450000
97365,401100
97377,0
97384,725200
97390,0
97420,378300
97437,52000
97475,0
97481,150000
97482,1249000
97487,0
97518,0
97561,300000
97607,250000
97617,174400
97630,200000
97632,1071000
97635,333200
97653,2670500
97660,135500
97670,544500
97697,150000
97716,350000
97720,431400
97772,646000
97784,151000
97828,303500
97877,1939500
97898,150000
97900,150000
97928,1331500
97930,848900
97959,400000
97966,200000
98025,6368900
98027,447300
98061,834600
98065,453500
98066,1595500
98071,150000
98083,140500
98085,491300
98096,400000
98097,375000
98109,1209600
98138,334000
98174,400000
98175,595000
98262,0
98291,485100
98300,5259900
98352,852600
98384,1913000
98402,1220000
98461,150000
98467,0
98479,421400
98483,350000
98496,489500
98528,15000
98537,0
98550,302800
98557,119000
98558,908200
98564,0
98578,3347700
98582,650000
98586,1160000
98641,250000
98652,350000
98660,108000
98676,0
98687,730000
98690,175500
98693,450000
98695,0
98786,440000
98807,504000
98925,3574600
98950,738300
98954,890000
98956,899500
98980,707000
99002,5131200
99011,75600
99018,497000
99038,350000
99041,671900
99054,0
99077,350000
99087,0
99103,229000
99104,1227500
99108,265000
99114,200000
99158,1108000
99164,64500
99240,0
99257,250000
99398,870100
99401,693000
99416,300000
99452,260000
99470,896000
99477,302800
99487,283700
99504,600000
99532,400000
99541,2483800
99555,80500
99572,0
99577,457000
99585,1338200
99590,508000
99605,750000
99608,477000
99629,208000
99634,150000
99638,2324000
99640,200000
99641,400000
99647,510000
99665,0
99687,339900
99692,1472300
99695,340000
99697,259100
99701,250000
99705,108000
99713,97500
99717,790000
99733,450000
99763,4022500
99842,420000
99844,0
99876,250000
99881,1705600
99924,551400
99974,1178200
99983,396900
100000,1040000
100039,0
100082,400000
100097,1696600
100127,525000
100128,310700
100130,3422300
100147,996400
100160,3271000
100161,7620200
100166,8571000
100176,2812300
100178,1177000
100179,0
100182,120000
100193,646500
100207,265200
100209,1453300
100221,200000
100228,84500
100233,450000
100237,350000
100244,150000
100248,2100900
100267,0
100273,60000
100308,150000
100327,5554900
100353,0
100360,0
100369,300000
100393,520000
100395,1360000
100401,0
100409,1396000
100426,0
100427,0
100432,1322900
100437,564000
100444,418500
100445,1098000
100456,1028200
100479,46300
100484,0
100489,0
100503,0
100506,200000
100533,0
100534,400000
100571,441500
100593,54000
100633,506000
100634,250000
100644,824000
100645,309500
100651,400000
100653,981000
100667,149000
100680,838900
100687,2060800
100690,154500
100694,0
100707,0
100733,689800
100743,566200
100759,1826000
100808,144100
100818,1633300
100833,836800
100909,350000
100924,0
100925,1047500
100935,6103700
100945,0
100953,2916800
100959,297600
100963,450000
101009,1424000
101011,150000
101024,250000
101046,0
101079,464700
101082,210000
101085,101500
101091,197100
101092,483600
101107,390000
101111,250000
101119,18000
101146,400000
101173,300000
101177,0
101184,12338700
101200,387600
101208,0
101211,520000
101215,300000
101235,312500
101236,6120700
101260,150000
101275,854400
101305,292800
101328,130000
101352,150000
101382,0
101406,0
101462,1934500
101464,591800
101493,172800
101497,196200
101507,407500
101509,467200
101514,0
101526,417500
101536,499000
101563,1420700
101566,150000
101568,17104400
101586,9630500
101594,330000
101595,954400
101599,5047800
101606,0
101649,1332700
101657,500000
101664,0
101685,300000
101702,0
101705,181000
101729,22187100
101733,880100
101743,421000
101756,0
101759,1204300
101774,295000
101780,2811800
101841,100000
101846,150000
101858,0
101867,575500
101893,489900
101903,500000
101911,250000
101946,112000
101949,0
101954,350000
101988,354500
101992,690000
101993,860600
102002,150000
102006,0
102008,300000
102034,904300
102035,1133400
102036,1917500
102039,0
102048,0
102059,8465500
102070,400000
102085,781300
102089,250000
102095,760000
102106,0
102108,265500
102110,241900
102122,919000
102129,150000
102162,550000
102172,210000
102197,3039500
102213,130000
102220,638200
102226,641500
102231,160000
102266,454000
102293,498600
102306,550000
102316,700000
102333,462600
102334,377900
102341,2309600
102346,400000
102374,474800
102375,82500
102432,500000
102451,0
102462,3765000
102464,300000
102492,350000
102496,488000
102524,150000
102561,250000
102568,1956500
102571,1366900
102576,400000
102580,547000
102583,320800
102594,7915100
102625,349800
102629,65900
102652,0
102700,3725800
102716,150000
102744,365900
102764,350000
102767,399500
102769,3714300
102779,0
102786,411900
102805,400000
102813,5175000
102825,0
102892,543900
102912,2446800
102976,340000
102977,472500
103010,339900
103017,547400
103018,64200
103025,523100
103031,1036300
103046,4956300
103051,408500
103067,0
103071,7004400
103096,2682700
103121,769500
103149,1239000
103177,350000
103208,128500
103212,908700
103220,326000
103225,375000
103238,350000
103244,422000
103245,1371600
103256,383800
103270,400000
103278,245000
103308,4465500
103313,1627400
103331,509000
103336,350000
103337,250000
103347,1115000
103351,1632400
103353,516300
103358,659500
103391,857500
103401,1225800
103404,70000
103406,983000
103474,0
103476,5051500
103491,4245400
103497,525100
103499,0
103503,904000
103504,744800
103523,171000
103526,0
103531,74300
103532,302800
103589,177000
103591,300000
103593,300000
103603,485500
103642,350000
103643,1318000
103653,754400
103668,144000
103673,250500
103681,520000
103686,346500
103697,296000
103701,700000
103702,0
103708,0
103728,133000
103754,3121800
103808,450000
103810,1858300
103814,135000
103833,268100
103848,300000
103875,388000
103877,0
103892,450000
103895,408000
103898,172100
103911,9181300
103919,142000
103946,1920400
103951,926000
103954,0
104004,152000
104044,794900
104047,509000
104064,0
104069,200000
104080,350000
104083,300000
104111,218500
104119,534000
104122,689000
104128,0
104133,260200
104153,122300
104168,599100
104192,99000
104222,800000
104281,326800
104293,815000
104308,354000
104322,265500
104330,4224000
104341,140000
104345,250000
104366,5237500
104375,282000
104381,300000
104398,3461600
104406,1542000
104411,60000
104412,1675100
104439,2193100
104453,0
104455,288400
104473,0
104491,550000
104501,250000
104503,300000
104507,172000
104527,332500
104535,36000
104538,878000
104540,500000
104558,4826500
104615,0
104623,3793200
104631,159500
104663,319000
104691,0
104741,880000
104744,500000
104762,4038900
104763,1898900
104765,1061500
104766,666000
104768,828000
104776,699600
104784,844300
104788,1365000
104802,0
104809,828000
104821,2672400
104822,350000
104826,123800
104839,8663500
104843,281000
104846,2330000
104850,645000
104852,1546100
104860,150000
104862,72000
104870,105000
104876,465600
104879,300000
104886,400000
104896,150000
104903,401800
104906,0
104913,170000
104915,413900
104919,3337000
104924,272000
104926,0
104927,488000
104929,521700
104940,300000
104955,0
104961,10163400
104989,150000
104991,705000
104993,300000
104994,2964800
104999,250000
105005,1413000
105008,860100
105016,150000
105019,750000
105020,300000
105024,150000
105027,439500
105031,280500
105035,1275900
105046,511600
105052,153200
105057,3183000
105059,771000
105060,274500
105071,300000
105076,211200
105081,0
105084,485000
105088,1335100
105090,541000
105097,2318600
105117,3583300
105120,702400
105122,453500
105125,1240500
105128,82300
105140,568000
105157,452500
105165,347500
105167,467500
105175,503000
105177,100000
105221,599800
105243,581500
105253,312000
105259,145000
105282,439000
105285,185000
105299,110000
105309,276500
105316,650500
105322,764200
105328,355000
105330,330000
105337,150000
105344,179500
105353,200000
105372,172500
105386,350000
105396,145000
105398,513000
105404,0
105411,1840900
105413,342000
105428,480400
105432,3517900
105433,330100
105435,150000
105440,247300
105441,179800
105451,1199000
105452,640000
105454,212000
105459,537500
105460,0
105477,400000
105483,2165600
105505,794200
105523,929300
105527,440900
105531,379500
105535,343500
105553,422000
105565,250000
105586,0
105597,692000
105600,350000
105610,540200
105617,270600
105624,250000
105625,0
105658,520000
105660,348000
105665,432500
105667,352500
105670,541000
105680,0
105688,450000
105690,186000
105691,1583500
105709,150000
105712,275000
105715,450000
105720,328000
105723,141900
105724,537500
105726,334300
105732,0
105742,144300
105745,567500
105755,585000
105765,328000
105771,316000
105788,400000
105792,504000
105805,1215800
105806,1567400
105825,636000
105833,544000
105843,75000
105870,250000
105877,200000
105879,309300
105909,596000
105941,2056200
105964,198500
105970,500000
105971,764500
105980,250000
106032,1964900
106038,302900
106039,223000
106113,0
106121,330000
106128,409800
106139,350000
106143,1096300
106146,221400
106160,0
106170,757400
106176,550000
106178,1196100
106201,658800
106206,0
106217,450000
106218,638000
106219,350000
106226,896000
106229,480400
106230,1042500
106234,300000
106235,940000
106236,753500
106239,196100
106243,1350000
106251,1396000
106263,0
106275,397500
106277,750000
106278,521900
106303,0
106331,225000
106333,2330300
106344,533500
106346,344000
106351,664000
106366,376000
106367,530000
106372,376000
106393,781600
106401,376000
106410,376000
106443,250000
106493,1476700
106498,630900
106503,40000
106511,1178100
106538,2759300
106540,1400600
106557,0
106662,1010000
106683,247500
106684,249000
106721,683500
106722,247900
106775,181200
106777,6590000
106797,893000
106816,250000
106820,250000
106831,361400
106844,106500
106869,0
106923,0
106932,332500
106957,2025500
106966,367000
106972,90000
106997,45000
107002,480000
107062,1577200
107084,299000
107085,888800
107088,86000
107095,599000
107107,553700
107127,1314000
107151,0
107165,0
107178,200000
107198,2539400
107243,143500
107256,573000
107257,310000
107261,10093000
107263,150000
107274,3906800
107277,422500
107287,2942700
107289,0
107296,196500
107307,529000
107318,0
107326,160000
107381,386000
107404,34500
107421,325000
107432,1695300
107453,133800
107460,0
107462,973800
107484,115000
107511,84000
107533,466000
107568,1968900
107613,660700
107616,0
107618,300000
107823,33000
107824,606300
107870,319000
107874,200000
107915,631200
107916,350000
107922,463300
107926,497000
107963,150000
107974,150000
107992,1347700
107998,500000
108071,0
108086,444500
108090,0
108101,250000
108113,200000
108155,223300
108162,1086500
108197,0
108233,306000
108253,0
108285,67500
108293,2727700
108326,2222500
108331,740000
108356,206400
108442,112500
108446,580700
108461,150000
108487,955000
108497,203600
108520,1967600
108526,330000
108533,28500
108557,878000
108567,150000
108573,0
108603,200000
108613,200000
108625,847600
108644,1760100
108653,0
108677,105000
108731,0
108761,3826800
108769,250000
108784,1196200
108795,400000
108815,950000
108829,0
108861,901900
108869,612900
108905,145800
108922,0
108936,0
108965,545500
109014,424700
109055,363500
109065,377300
109073,1131900
109076,631200
109099,0
109113,818300
109115,10514100
109156,595000
109204,290000
109232,12079500
109255,1512000
109296,0
109301,0
109304,0
109340,473000
109352,0
109363,140000
109386,579000
109396,24933700
109426,6823400
109454,150000
109571,400000
109572,369500
109588,0
109640,485500
109662,500000
109687,949000
109745,5297200
109776,2358500
109860,489000
109865,1339400
109870,314000
109883,1170000
109884,520000
109973,300000
109986,4043100
109989,4167000
109991,398000
109998,350000
110022,0
110031,272500
110037,10031800
110040,947500
110080,400000
110091,883800
110092,654500
110095,689500
110097,124800
110105,350000
110111,2684000
110112,0
110113,535000
110115,0
110117,200000
110123,2323800
110124,1616700
110163,4599000
110167,5947900
110182,0
110193,413600
110208,2152800
110227,323800
110253,600000
110267,1287400
110290,0
110319,864900
110380,0
110409,449000
110477,200000
110509,0
110517,150000
110583,512000
110640,295500
110647,161200
110652,0
110662,642500
110748,397600
110767,5089000
110809,90000
110817,904000
110822,1206800
110829,184000
110831,219000
110853,433000
110876,1820000
110915,2700900
110940,188400
110990,702500
111016,0
111018,252000
111019,0
111028,500000
111031,2399200
111035,2331300
111072,130000
111080,365000
111101,1399600
111105,0
111129,5060100
111137,470000
111138,1054500
111161,565800
111183,240000
111189,150000
111190,5628000
111202,0
111365,0
111447,300000
111454,2712800
111483,150000
111510,440000
111515,457400
111546,4377100
111554,165000
111567,1711300
111576,330000
111596,908400
111618,0
111623,181600
111640,422700
111648,0
111663,708000
111670,432500
111704,1433200
111710,0
111737,0
111742,340000
111754,158800
111758,1935400
111759,150000
111768,564400
111779,1986400
111803,446000
111807,0
111809,250000
111810,240000
111868,211000
111869,512100
111877,1218500
111885,237500
111918,252000
111959,0
111976,835300
111987,0
112058,223000
112067,600600
112069,2904300
112078,760800
112137,285000
112142,400000
112160,955400
112203,468500
112210,516000
112264,300000
112291,937900
112296,3306700
112305,150000
112319,108000
112352,350000
112353,656500
112385,695400
112411,170300
112423,126000
112424,626400
112472,2690400
112482,533500
112492,0
112496,1307900
112503,4038900
112550,0
112618,403000
112627,1350000
112628,421100
112649,100000
112665,599300
112706,400000
112717,1212000
112756,100000
112764,0
112765,31200
112793,105000
112801,686600
112829,300000
112866,350000
112920,1569400
112928,412700
112937,533600
112939,612700
112941,3448100
112943,500000
112947,511800
112949,204000
112954,330000
112978,166000
112979,100500
112989,0
112997,326400
113032,484600
113036,450000
113049,1654000
113078,150000
113095,150000
113129,1572900
113141,150000
113153,0
113188,597400
113216,350000
113302,10916300
113321,707500
113340,561300
113358,380000
113370,400000
113371,250000
113378,0
113389,0
113414,364400
113417,150000
113444,300000
113453,9220400
113466,964100
113473,1203600
113490,0
113514,414600
113519,297000
113534,1003600
113536,939500
113564,702500
113596,0
113617,0
113633,400000
113635,0
113654,2652400
113661,0
113677,0
113681,1770700
113686,388900
113704,300000
113719,1385100
113756,1071900
113795,0
113797,3283300
113803,2681900
113817,0
113832,865100
113863,200000
113875,0
113886,450000
113906,1804400
113913,80000
113919,355100
113920,0
113927,0
113936,648600
113937,250000
113940,2725600
113960,932000
113983,1641200
113988,120000
113997,0
114018,70000
114051,417800
114070,150000
114102,0
114117,500000
114128,535000
114130,0
114131,512900
114144,150000
114145,1907500
114159,200000
114160,0
114173,461000
114176,865000
114180,431400
114185,250000
114211,742200
114221,150000
114236,0
114243,0
114245,400000
114255,0
114268,2790500
114275,332900
114279,584000
114281,0
114286,1040000
114289,300000
114309,0
114310,500400
114313,350000
114315,574000
114378,0
114380,342000
114396,150000
114403,550000
114463,400000
114513,371400
114514,535000
114535,169300
114550,302000
114552,350000
114555,291600
114557,2567800
114575,170500
114580,200000
114594,520000
114597,2635100
114610,0
114614,461000
114615,0
114618,5008900
114648,2634400
114661,150000
114664,688100
114672,150000
114677,766400
114694,679200
114724,415300
114747,0
114761,752900
114765,350000
114774,555100
114775,538000
114776,791200
114779,150000
114793,492000
114824,6555100
114829,157600
114834,300000
114894,420000
114898,450000
114901,536000
114921,450000
114923,636100
114928,439600
114933,1444500
114938,40800
114939,642100
114941,448500
114946,304600
114952,900000
114954,14006700
114966,375500
114967,250000
114973,2207300
114976,0
114977,170000
114982,48000
114989,255600
114994,745300
114998,911000
115003,200000
115004,300000
115005,318000
115006,138000
115030,304600
115045,459500
115046,117000
115052,150000
115058,4016300
115061,150000
115065,400000
115080,350000
115097,286000
115100,1249600
115103,717400
115117,268500
115118,414500
115147,577300
115156,0
115176,491800
115191,277500
115226,54000
115228,1098100
115238,150000
115255,550000
115258,136500
115272,494500
115279,396000
115281,310200
115289,1699500
115291,0
115299,0
115341,0
115367,144000
115408,210500
115414,400000
115420,360000
115423,1620300
115426,480000
115435,273000
115438,0
115446,7368100
115449,150000
115450,531500
115467,350000
115480,922000
115506,1785100
115511,639200
115513,400000
115547,567000
115549,2350000
115558,575000
115561,150000
115563,360500
115565,1642200
115600,704500
115602,178000
115609,596000
115620,0
115632,0
115633,0
115634,500000
115635,245000
115636,535000
115637,348500
115640,250000
115641,655000
115651,141800
115679,867800
115683,796500
115686,0
115691,450000
115701,516000
115709,693400
115713,150000
115733,150000
115739,0
115743,0
115768,0
115771,1422000
115777,399200
115797,1107000
115814,0
115830,450000
115839,947500
115847,420000
115850,2922600
115853,540000
115870,0
115889,790000
115892,500000
115897,1229000
115902,1369300
115941,97500
115993,4325100
116000,2632700
116011,324000
116041,865100
116042,400000
116057,0
116059,0
116060,400000
116061,532000
116065,527000
116072,465000
116080,400000
116097,1650000
116141,150000
116144,150000
116145,8656000
116153,200000
116184,2846200
116215,500000
116222,780000
116231,40800
116240,3588100
116252,150000
116272,250000
116278,430000
116287,429000
116289,400000
116299,450000
116313,2053300
116322,329200
116353,500000
116361,850000
116378,375000
116398,2314000
116400,558000
116404,300000
116414,2277400
116417,115300
116430,1650000
116435,3332900
116449,0
116457,810100
116476,300000
116481,0
116485,350000
116487,250000
116492,678000
116498,1796800
116508,370000
116527,5784900
116556,200000
116558,150000
116561,300000
116569,612000
116597,2159000
116613,402000
116636,670000
116645,0
116663,312000
116666,55000
116676,150000
116677,1513400
116694,450000
116716,374700
116719,24000
116720,682700
116724,0
116729,0
116731,183000
116735,229000
116777,300000
116786,1168000
116793,80000
116796,0
116824,4749200
116827,1735000
116859,6218700
116868,400000
116875,1428100
116892,234800
116901,2303800
116920,481000
116929,948500
116936,481000
116966,0
116968,358000
116975,163700
116982,250000
116997,250000
116999,450000
117004,1042500
117022,451900
117035,0
117042,605600
117056,0
117070,400000
117073,520000
117106,260600
117117,400000
117152,0
117177,412500
117220,262000
117266,1965100
117290,514600
117317,551400
117323,150000
117325,0
117334,683000
117347,835200
117361,250000
117372,1815000
117383,317000
117418,639000
117425,450800
117447,137500
117456,797600
117462,350000
117466,43100
117477,1909800
117478,3486400
117480,0
117511,517500
117524,300000
117542,450000
117546,450000
117559,150000
117576,780000
117594,300000
117606,520000
117621,315500
117629,395400
117630,200000
117673,452500
117713,1222800
117732,1692100
117762,355000
117765,0
117783,5836500
117797,5822900
117812,400000
117833,0
117834,1031300
117836,550000
117838,400000
117839,335500
117856,311500
117858,0
117880,534900
117886,190000
117892,0
117902,0
117903,550000
117910,150000
117925,550000
117926,386500
117945,150000
117949,200000
117963,203100
117980,70000
117992,988000
117994,777100
117999,4686000
118001,0
118010,130000
118038,650000
118041,150000
118063,219000
118065,2499400
118067,0
118078,990900
118110,1732800
118125,633500
118131,0
118135,2494100
118140,300000
118151,521500
118154,50000
118169,2046200
118177,616000
118179,570800
118180,2814700
118185,465300
118189,910000
118199,181200
118212,514300
118216,424700
118238,466000
118239,0
118242,63000
118296,418100
118302,815100
118315,495900
118343,250000
118383,0
118384,150000
118397,0
118399,502000
118404,5265700
118411,610000
118417,0
118426,374500
118428,350000
118437,836500
118442,52500
118443,461500
118444,0
118451,3739000
118456,0
118502,150000
118505,250000
118506,0
118512,431000
118515,1555000
118524,584000
118528,476000
118530,0
118531,250000
118536,400000
118549,444200
118554,0
118589,217600
118650,3338600
118665,773900
118709,462000
118762,302000
118776,0
118809,1904300
118822,1778100
118830,0
118832,1334500
118836,660000
118849,912900
118867,300000
118871,0
118876,0
118879,0
118880,200000
118890,134500
118892,0
118901,70000
118933,499000
118942,313500
118948,0
118985,0
118994,798800
119031,400000
119053,220800
119057,18333700
119059,200800
119080,728900
119092,2154400
119122,0
119153,442300
119166,168800
119170,1822100
119173,350000
119175,200000
119197,150000
119205,400000
119243,150000
119257,1035000
119306,0
119307,301000
119316,795000
119329,425000
119339,300000
119348,0
119356,255000
119361,15444700
119367,0
119374,400000
119375,649300
119380,1643100
119383,0
119384,200400
119390,0
119398,400000
119409,229000
119426,933000
119449,938000
119460,0
119468,242400
119473,2468000
119501,0
119508,639300
119520,646500
119533,1108800
119559,186700
119583,7436200
119604,159200
119712,554400
119738,0
119746,166000
119758,711000
119761,467500
119772,262500
119826,0
119837,0
119843,452200
119875,350000
119880,850000
119897,525100
119901,326000
119934,723000
119968,1246300
120004,2668400
120015,725000
120033,300000
120056,300000
120069,2415800
120070,350000
120076,1918000
120096,14136100
120126,417400
120137,0
120161,159700
120171,877900
120177,150000
120266,742000
120274,350000
120315,5820500
120374,1429500
120394,0
120396,837000
120404,416000
120465,1722000
120525,986200
120557,192900
120559,8511900
120578,602200
120587,358600
120608,597000
120640,148100
120649,654700
120650,877500
120656,993200
120692,1260500
120744,814000
120750,200000
120773,150000
120782,250000
120849,857500
120876,396000
120878,1024500
120920,300000
120960,1700400
120999,457900
121013,1331400
121036,586100
121087,150000
121089,2725000
121096,401800
121101,170000
121103,300000
121116,1058200
121125,2428200
121127,156000
121137,0
121142,940600
121148,150000
121150,434000
121165,3117500
121180,150000
121196,4340300
121233,256500
121240,31400
121245,545000
121248,543600
121254,0
121257,1983400
121282,30000
121298,388500
121312,490000
121391,582600
121393,0
121395,150000
121430,0
121436,0
121472,173400
121518,17966500
121542,100000
121548,485600
121552,168000
121553,4114100
121567,249000
121568,1868000
121645,1059600
121659,465500
121663,0
121676,407000
121677,0
121683,0
121699,28000
121722,575000
121724,560400
121733,598600
121742,1153800
121744,150000
121750,1157800
121775,0
121789,243600
121792,0
121801,70000
121815,0
121823,400000
121854,3344800
121859,400000
121890,3043200
121905,0
121937,738400
121939,350000
121989,400000
122120,876700
122214,921600
122223,948800
122230,1500000
122278,565000
122279,668200
122292,2194500
122316,360000
122318,953500
122334,70000
122335,2065000
122346,618700
122369,400000
122370,408500
122377,1121500
122380,2154000
122382,396900
122383,274000
122384,340000
122410,294000
122452,398700
122474,250000
122505,250000
122568,450000
122602,0
122609,1371400
122669,305000
122670,140000
122671,19720600
122709,758900
122749,0
122768,250000
122773,0
122788,97900
122789,0
122806,245000
122839,1670200
122919,150000
122936,150000
122941,196600
122943,547600
122958,285800
122966,300000
122988,70000
122998,206000
123029,0
123098,0
123132,1207700
123147,369500
123161,150000
123166,173500
123175,114500
123220,1434900
123301,150000
123315,414600
123377,319000
123404,200000
123408,857400
123420,200000
123429,520000
123504,400000
123509,30000
123513,117000
123514,50000
123544,395000
123552,0
123557,5178600
123580,150000
123596,0
123610,0
123661,0
123666,0
123758,400000
123768,0
123778,0
123831,400000
123832,947900
123839,350000
123848,542000
123851,500000
123858,0
123871,520000
123890,586400
123912,169300
123927,250000
123936,1004200
123938,0
123950,2086500
123962,499300
123991,450000
124007,0
124011,0
124020,532000
124038,2416100
124054,300000
124063,150000
124067,1201900
124094,585800
124097,198000
124098,200000
124110,400000
124121,190000
124128,500000
124158,353300
124159,400000
124185,116000
124194,0
124204,79000
124237,129000
124268,508500
124307,3909500
124336,418000
124361,2924500
124405,0
124419,280000
124437,0
124492,478000
124494,1688500
124498,1069800
124501,131100
124557,0
124581,0
124597,372700
124617,128000
124631,1477200
124659,150000
124681,157500
124696,313000
124700,0
124762,203800
124765,358000
124779,310000
124884,300000
124900,718100
124904,0
124932,1580000
124940,869700
124942,563000
124982,678400
125000,499400
125025,0
125030,0
125035,329000
125052,150000
125055,200000
125091,2280000
125093,297000
125109,0
125115,170000
125124,138300
125127,787000
125143,150000
125161,264000
125165,500000
125178,1320000
125194,0
125198,737100
125200,68000
125229,0
125230,938600
125256,3214000
125260,110000
125342,746000
125361,703500
125363,1714700
125388,435500
125417,149000
125426,200000
125435,205000
125438,1954500
125443,149500
125449,1333500
125453,250000
125456,0
125465,500000
125470,311600
125475,1307300
125483,396800
125505,500000
125506,3514800
125519,474800
125526,258500
125562,150000
125582,600000
125585,500000
125593,782100
125599,102500
125607,250000
125610,150000
125614,1304900
125628,240000
125632,175000
125686,350000
125695,165000
125697,4303400
125744,0
125789,156000
125842,350000
125845,80500
125857,715200
125863,3992600
125871,582500
125964,500000
126026,280000
126047,400000
126114,0
126169,0
126180,119800
126192,0
126296,434200
126310,600000
126354,559000
126393,0
126394,270000
126425,400000
126441,1690500
126442,8373800
126458,1397000
126481,580000
126486,0
126495,687700
126499,935500
126504,592000
126518,491400
126533,113400
126537,0
126581,150000
126643,280000
126669,445000
126722,150000
126727,226300
126730,465000
126735,0
126763,0
126764,127500
126771,4675700
126878,0
126963,1110200
126972,428500
126984,3808500
127000,125000
127016,413800
127042,281500
127050,3307000
127051,1805800
127059,300000
127060,0
127070,2386500
127101,150000
127103,382500
127108,590000
127111,0
127132,1306900
127144,150000
127236,330000
127276,1050000
127292,1211100
127304,150000
127310,1206000
127322,704700
127325,0
127327,300000
127341,222800
127345,0
127373,810600
127374,390000
127381,690000
127384,250000
127406,176300
127409,0
127420,247500
127438,369800
127440,200000
127481,245000
127490,1654800
127500,500000
127545,663500
127546,282200
127564,576600
127590,176300
127609,0
127634,317000
127646,30500
127676,745000
127708,0
127761,0
127765,2389600
127802,50000
127803,370000
127823,3201700
127828,315000
127870,366100
127895,297000
127897,3511800
127926,119000
127977,134800
127982,0
127994,0
128009,0
128049,150000
128059,308400
128084,150000
128126,725000
128159,432500
128190,250000
128252,250000
128262,474000
128270,101000
128316,390000
128352,340000
128365,1226500
128399,188500
128404,792900
128489,192000
128499,397800
128512,0
128536,0
128537,667500
128541,535000
128543,395000
128544,472300
128552,488600
128562,0
128573,467500
128587,329600
128590,15908600
128610,7354700
128613,213600
128640,262500
128646,433300
128676,150000
128686,1171800
128721,150000
128730,650000
128787,450000
128791,4000000
128798,690000
128801,346500
128803,1170900
128804,2930000
128807,300000
128824,0
128832,5988100
128863,475600
128870,3864200
128885,603800
128920,348000
128956,951000
129033,413000
129053,36000
129074,190000
129092,0
129108,345800
129147,0
129153,297500
129173,3927200
129178,203500
129182,780000
129186,755800
129218,150000
129230,350000
129239,0
129281,350000
129290,2626500
129332,383600
129351,450000
129457,550000
129514,290000
129543,494200
129554,450000
129565,500000
129572,150000
129578,985900
129593,2176600
129594,250000
129661,351000
129672,410000
129680,475000
129769,408500
129810,567500
129826,147000
129863,124000
129882,1870600
129895,150000
129936,247500
129999,150000
130016,646000
130024,898600
130033,2668800
130036,733500
130083,510000
130088,449500
130098,450000
130151,450000
130157,57100
130164,0
130183,400000
130197,474800
130252,320000
130279,478800
130293,943500
130339,791100
130482,376900
130486,150000
130543,307000
130546,4070600
130575,200000
130578,565000
130632,409600
130652,640000
130701,201000
130717,400000
130772,350000
130903,3900900
130910,688400
130986,14400
130991,2439900
131025,400000
131068,500000
131076,2202500
131103,593000
131113,250000
131129,150000
131157,4823800
131195,0
131200,950000
131210,350000
131241,400000
131290,180000
131306,350000
131330,0
131369,598800
131385,149000
131391,0
131444,350000
131446,497200
131493,922000
131503,252300
131518,450000
131543,835000
131548,449900
131558,150000
131611,340500
131646,106000
131693,0
131694,520000
131734,1360000
131767,340000
131787,400000
131798,380000
131805,1201000
131832,1149300
131849,389900
131850,513000
131852,0
131865,350000
131915,215000
131945,247500
131974,8737200
132008,0
132020,452500
132030,1076900
132099,714500
132123,66200
132234,150000
132249,0
132281,350000
132284,383800
132308,7558400
132334,2041000
132338,1270900
132347,189000
132355,5483800
132399,400000
132447,573200
132452,692500
132470,367500
132473,273800
132495,206500
132525,710000
132586,0
132589,1014800
132591,0
132601,295000
132649,0
132670,150000
132681,395000
132752,500000
132797,0
132801,0
132805,714000
132871,450000
132929,177000
132950,450000
132968,150000
132975,150000
132976,200000
133015,6798100
133066,645500
133114,520000
133136,0
133189,4619400
133192,590000
133273,1974600
133316,990200
133318,400000
133347,400000
133381,0
133411,350000
133648,218300
133916,0
133983,278500
134005,0
134028,300000
134044,0
134093,237900
134121,357100
134126,455400
134135,6008100
134148,330000
134171,1320000
134175,500000
134179,350000
134201,170800
134268,0
134290,0
134325,2036500
134437,415600
134441,111900
134468,161900
134485,72000
134532,250000
134553,909000
134555,0
134577,0
134584,190000
134614,412500
134676,200000
134681,0
134692,150000
134736,307500
134739,626000
134796,350000
134861,300000
134865,1586600
134914,2331300
134939,54000
135006,3596400
135026,520000
135048,1316300
135051,0
135088,0
135117,400000
135204,327000
135217,712500
135257,7409900
135303,350000
135340,1644400
135351,140000
135361,1018600
135370,1314900
135401,187200
135477,327600
135496,300000
135565,750000
135603,4239000
135630,0
135673,400000
135785,443500
135792,382300
135798,381100
135809,11615000
135821,330000
135834,889500
135835,200000
135842,550000
135845,343200
135864,394000
135880,0
135886,0
135889,350000
135911,0
135946,311500
135950,834400
135957,160000
135959,193500
135966,0
135972,280000
135989,0
136024,342400
136039,0
136047,0
136092,500000
136140,172200
136167,420300
136229,0
136233,80000
136243,347800
136264,0
136329,0
136339,1750800
136389,1492500
136407,350000
136439,0
136469,250000
136479,352000
136490,379700
136493,150000
136507,1469200
136526,500000
136529,0
136550,531800
136612,1087900
136615,150000
136695,840000
136716,0
136737,535400
136751,373000
136753,280800
136816,550000
136821,1038000
136825,177000
136840,147600
136862,379000
136897,240100
136898,350000
136904,2323800
136920,356700
136930,392000
136966,953200
137064,0
137113,1720700
137126,850000
137156,0
137164,0
137180,150000
137206,2671500
137227,3949400
137228,94000
137237,1000000
137267,426500
137272,236500
137285,645300
137301,350000
137309,150000
137314,250000
137341,105000
137366,250000
137375,473600
137383,568700
137386,587600
137447,595500
137516,0
137552,2468400
137575,438900
137638,795000
137646,763000
137651,0
137653,7230000
137659,426000
137707,350000
137755,670000
137781,400000
137790,914700
137792,0
137890,405700
137916,679400
137954,187000
137963,1140000
137995,516400
138152,148800
138174,394500
138180,158000
138183,109200
138220,400000
138230,485800
138237,687000
138259,550000
138313,27200
138319,440000
138333,1084900
138339,1000000
138367,7166800
138372,405200
138425,0
138437,0
138447,175000
138457,220000
138470,465300
138523,0
138530,0
138538,790500
138603,150000
138632,0
138633,150000
138641,472000
138689,2148100
138695,450000
138696,262800
138709,343000
138720,1207600
138744,399000
138758,621400
138773,2192300
138805,589100
138822,353000
138826,450000
138969,1530600
138982,340000
138983,150000
138993,450000
139013,399000
139030,900700
139043,650000
139053,450000
139065,212300
139072,583000
139089,314700
139107,500000
139121,330000
139131,0
139168,2171900
139175,0
139192,322500
139309,410800
139318,0
139326,377500
139334,939100
139350,1794700
139368,875400
139383,771600
139392,220000
139454,350000
139457,0
139465,76000
139491,78800
139520,0
139549,145000
139580,656700
139596,0
139620,1150000
139729,0
139742,0
139767,275000
139854,203300
139920,100000
139932,2572500
139944,1005000
139960,374200
139987,650000
140023,1616400
140036,200000
140054,375500
140072,154500
140085,905200
140107,2923400
140151,451500
140161,733500
140177,2365800
140207,142000
140212,926400
140260,423600
140263,538500
140268,4321600
140325,647700
140375,79800
140388,0
140411,672000
140426,235000
140429,611800
140434,450000
140458,450000
140473,124000
140499,1165000
140519,400000
140528,1500000
140530,0
140534,397900
140538,333000
140541,215000
140554,371600
140598,1677300
140615,474800
140662,0
140668,350000
140695,165000
140702,1482000
140722,6535200
140729,200000
140733,0
140737,175000
140748,350000
140774,450000
140779,150000
140818,200000
140830,438000
140833,189900
140835,450000
140841,387400
140844,450000
140863,450000
140888,5312800
140990,1369000
140996,0
141031,266000
141048,400000
141134,36000
141166,215800
141182,1554600
141197,3500500
141205,603500
141226,432500
141320,70000
141359,1206300
141394,407300
141446,0
141455,350000
141462,908500
141465,0
141494,0
141531,300000
141535,148500
141576,582000
141595,0
141602,387000
141618,1189100
141685,150000
141734,1318000
141771,150000
141783,450000
141824,70000
141842,1282800
141916,300000
141938,0
141946,0
141972,1257000
141996,0
141999,400000
142042,150000
142082,0
142086,880500
142105,600000
142128,1176100
142151,96800
142179,450000
142202,350000
142232,474300
142237,211800
142253,2467800
142263,2186000
142346,1050000
142374,2287500
142414,70000
142450,248000
142477,512500
142505,250000
142548,0
142565,1910300
142584,76000
142594,1111000
142596,233000
142610,1151600
142616,331700
142673,300000
142708,941700
142759,700000
142768,150000
142779,645800
142819,0
142834,0
142858,822700
142929,3627900
142942,1660000
142947,250000
142963,627600
143007,392500
143015,300000
143017,1843800
143056,450000
143058,250000
143059,422000
143116,175000
143117,506000
143123,203800
143125,848000
143133,450000
143136,175000
143171,21400
143175,381000
143181,474300
143182,558000
143223,455200
143228,639800
143249,0
143250,250000
143271,4838200
143272,1508600
143275,659500
143287,603600
143296,435100
143303,0
143305,455000
143308,338500
143330,11887500
143350,1355500
143363,150500
143392,886400
143397,0
143415,450000
143468,259000
143541,200000
143598,560000
143618,0
143638,350000
143668,0
143696,1434900
143704,5634500
143760,1001000
143775,1099300
143786,1256500
143803,70000
143827,294000
143847,564000
143850,780400
143870,592800
143893,0
143909,343400
143930,350000
143949,815000
143968,1081000
143972,250000
143973,858100
143982,219000
143989,6828700
144008,150000
144051,0
144052,734700
144066,810400
144086,1607300
144145,200000
144189,226000
144217,250000
144218,150000
144223,150000
144233,0
144274,70000
144278,172000
144313,150000
144333,1194500
144342,0
144348,3447000
144369,470200
144370,250000
144374,0
144378,419800
144386,937200
144426,1000000
144449,158000
144466,905800
144485,375400
144502,150000
144510,0
144561,6135300
144574,2198000
144584,609500
144606,622000
144609,630500
144636,563500
144643,0
144646,350000
144665,521600
144667,1189000
144683,297500
144735,290000
144738,450000
144749,150000
144763,1612200
144774,0
144810,821100
144855,1058300
144874,0
144881,159600
144939,486000
144965,1310800
145025,1003500
145037,785000
145052,0
145071,143600
145095,150000
145112,150000
145118,300000
145129,2739700
145130,3428200
145135,72000
145204,0
145231,1120000
145283,414000
145284,0
145293,0
145297,2910500
145317,150000
145343,914800
145358,1016100
145408,254500
145477,1100000
145507,413700
145510,400000
145511,344000
145517,445800
145518,513500
145527,226300
145528,5637300
145531,0
145540,500000
145553,218700
145555,359400
145565,693500
145575,699000
145586,1188000
145609,1362700
145610,2054900
145642,152500
145664,0
145690,600000
145731,0
145744,1781900
145777,400000
145800,2285000
145804,0
145815,2096300
145835,465000
145844,800000
145861,0
145891,500000
145917,413000
145926,401300
145932,1818600
145937,350000
145957,159900
145995,1290000
146023,6238100
146060,200000
146139,600000
146150,300000
146231,450000
146244,0
146252,350000
146299,0
146344,0
146374,129600
146446,1230000
146448,2559400
146456,95000
146474,3628800
146479,986100
146574,0
146576,454000
146615,655000
146634,473800
146696,1340100
146724,364500
146779,520800
146798,0
146799,350000
146817,609000
146862,300000
146924,0
146962,682000
147003,0
147017,450000
147028,3672800
147031,1174800
147060,400000
147080,1242100
147081,253200
147089,0
147101,287000
147122,484300
147123,906000
147128,112000
147149,0
147215,420900
147220,1351400
147236,200000
147270,360000
147275,1377400
147491,200000
147522,0
147555,528000
147643,295000
147686,127000
147705,147600
147715,144100
147740,452600
147758,400000
147760,450000
147773,749500
147787,3956100
147795,1524000
147868,1462800
147870,213800
147888,150000
147902,723600
147919,150000
147924,358500
147949,400000
147986,532000
147992,350000
148000,1135000
148006,462500
148021,612100
148030,2028700
148054,770000
148066,75000
148101,307400
148107,0
148113,674500
148115,0
148158,700000
148161,487000
148173,400000
148219,1305400
148241,27300
148247,450000
148283,350000
148321,16983500
148346,1664200
148398,342500
148400,150000
148429,350000
148487,651000
148502,800400
148503,4002400
148513,443200
148526,240000
148559,889000
148609,261900
148618,150000
148628,350000
148629,543400
148643,400000
148694,4068000
148795,220000
148802,200000
148836,144900
148842,326200
148854,510000
148866,837500
148869,140000
148946,400000
149044,835600
149049,390900
149054,56000
149093,400000
149116,742500
149148,515500
149187,494600
149242,2108700
149249,183700
149284,1698200
149290,600000
149372,350000
149400,439500
149414,400000
149425,570000
149438,3822600
149472,728000
149477,0
149482,210000
149483,754000
149508,172500
149555,0
149568,400000
149655,1890600
149714,0
149817,128800
149847,250000
149891,575100
149894,375300
149916,0
149927,150000
149936,549200
149944,150000
149975,243000
150005,0
150009,406300
150052,0
150063,150000
150074,765500
150075,1021000
150121,585000
150175,798800
150178,2705800
150259,1508400
150267,247800
150373,1832000
150407,399000
150458,150000
150460,1004800
150508,460300
150509,204500
150528,622800
150558,0
150574,400000
150580,500000
150599,171400
150660,2027000
150691,955900
150746,447000
150753,0
150826,2422600
150873,530000
150878,1196000
150889,390000
150891,0
150926,963000
150927,449500
150930,977500
150936,826700
150942,391800
151043,1199500
151047,347900
151052,200000
151082,305000
151097,0
151123,0
151143,1210000
151195,0
151205,450000
151211,170000
151250,665000
151286,767500
151370,1484900
151441,460600
151458,242500
151469,400000
151475,0
151499,1261800
151503,615000
151522,450000
151532,320000
151624,422700
151656,221500
151657,565800
151692,527000
151696,305500
151720,1150000
151756,397500
151801,0
151833,150000
151852,0
151914,248000
151915,3220200
151928,715000
151941,200000
151979,554400
151980,1288400
151989,25005000
152008,594100
152019,435000
152059,224000
152071,642800
152092,286200
152127,36000
152178,394800
152186,550000
152206,344500
152394,80000
152416,750900
152447,0
152489,644700
152492,150000
152500,100000
152564,220000
152567,5906200
152616,0
152673,400000
152700,280000
152709,466500
152724,350000
152729,325500
152747,502800
152749,72000
152766,2892500
152857,350000
152876,1972800
152918,570000
152943,140500
153011,871000
153045,150000
153059,500000
153074,172000
153108,330000
153114,300000
153124,312300
153187,142300
153217,0
153228,427000
153235,200000
153277,300000
153298,638000
153299,410500
153307,1618400
153320,0
153324,400000
153329,343000
153331,800000
153342,200000
153412,340000
153421,530700
153455,0
153517,318000
153567,450000
153570,2562100
153575,1000000
153590,646500
153592,4765300
153603,490000
153613,0
153636,448000
153647,3842000
153648,288000
153650,413000
153658,200000
153675,1012700
153699,154000
153705,577500
153709,515800
153723,178000
153746,1090000
153785,600000
153806,430000
153816,959900
153824,418000
153918,597600
153933,581000
153969,350000
153989,300000
154007,150000
154009,0
154025,400000
154035,8186700
154100,1390000
154106,1433000
154124,3249200
154165,0
154177,148300
154211,785700
154258,0
154266,150000
154348,100000
154375,144000
154411,1074600
154418,1053500
154436,0
154455,150000
154458,140000
154464,403200
154487,4317300
154500,300000
154522,2236000
154528,1000000
154554,146000
154618,1350100
154621,2164900
154666,150000
154668,682600
154688,565000
154718,480000
154721,400000
154752,300000
154761,995000
154771,0
154819,427000
154840,654900
154845,489000
154853,400000
154881,432100
154899,135000
154900,229800
154929,497500
154967,789500
154980,150000
154987,330400
154988,0
155086,613700
155132,867600
155222,0
155252,150000
155258,180000
155266,250000
155278,350000
155300,3283700
155301,0
155351,961600
155380,0
155409,600000
155457,1488800
155469,420000
155484,0
155553,552900
155556,0
155562,450000
155566,200000
155571,531500
155609,901200
155612,2340700
155628,0
155631,0
155639,252000
155649,154300
155675,450000
155704,400000
155710,75000
155713,485100
155716,1495700
155718,372000
155723,378800
155728,407500
155747,3253500
155818,2237500
155825,0
155845,92000
155893,300000
155899,370000
155942,0
155945,400000
155955,116300
155959,726400
155960,5004600
155978,0
155983,350000
155993,250000
155995,609200
156022,140600
156045,250000
156046,404700
156055,0
156092,129200
156114,200000
156150,583300
156176,70000
156195,1194800
156197,0
156278,0
156290,0
156352,462500
156472,450000
156501,500000
156524,295500
156530,200000
156572,1190800
156584,175000
156597,0
156598,444400
156666,1859700
156681,143500
156687,1350000
156694,150000
156695,390000
156702,805500
156767,30800
156770,571900
156807,760800
156826,1034300
156850,317500
156851,361400
156860,250000
156862,1144000
156873,704000
156903,299500
156912,448200
156915,2926700
156917,0
156940,772500
156945,924000
156954,737500
156963,400000
156969,429000
157019,400000
157022,432500
157038,333000
157042,0
157047,500000
157080,0
157105,271600
157124,200000
157185,162000
157213,350000
157230,0
157235,150000
157256,0
157271,250000
157294,5446300
157313,550000
157371,1655300
157375,63000
157379,417400
157397,500000
157407,70000
157427,500000
157441,478000
157461,633600
157507,0
157532,350000
157557,350000
157585,0
157660,0
157662,2366200
157667,802000
157694,2658500
157729,345000
157865,806900
157927,200000
157938,0
157956,404000
157962,0
157971,3062100
158007,0
158011,286800
158014,268800
158019,586600
158054,500000
158079,429300
158085,0
158115,500000
158125,482100
158146,0
158161,450000
158199,514000
158211,135000
158245,0
158286,7234600
158300,0
158362,5465000
158380,450000
158383,4259600
158431,100000
158435,405000
158462,170000
158679,0
158711,150000
158735,535700
158747,624800
158785,202200
158811,357500
158858,114000
158893,286500
158899,711200
158909,824500
158934,1150000
158937,0
158945,302600
158954,349500
158961,700000
158969,80000
158997,383700
159067,0
159094,316000
159109,6336700
159132,650000
159137,1767700
159144,150000
159173,0
159177,4085900
159214,250000
159309,600000
159340,150000
159346,97500
159348,196000
159357,549500
159377,600000
159382,270000
159395,600000
159404,150000
159432,250000
159436,300000
159445,0
159457,550900
159463,1224500
159466,0
159517,343500
159549,730000
159563,846000
159586,507400
159609,250000
159641,21600
159681,300000
159694,0
159780,295000
159803,600000
159839,220000
159871,3297200
159942,300000
159952,549400
159955,300000
160017,150000
160020,595000
160021,0
160023,2641000
160048,205800
160088,21400
160103,1622400
160105,2163000
160117,3624800
160147,2340000
160168,1060000
160175,0
160199,25134900
160213,3121700
160234,160000
160245,390000
160247,381500
160253,307200
160265,0
160287,400000
160318,0
160334,882100
160360,1829000
160361,498500
160381,350000
160395,325000
160425,0
160435,858000
160449,690900
160537,1094400
160549,609300
160551,350000
160584,520000
160604,586000
160613,650000
160618,453400
160620,250000
160623,400000
160625,400000
160648,141500
160688,1150000
160694,590000
160708,0
160741,72600
160750,801000
160780,150000
160851,467500
160867,579000
160928,659200
160946,362500
160950,5166800
160958,388000
161001,350000
161013,150000
161026,350000
161042,1630000
161051,1305700
161073,3801400
161091,350000
161095,175200
161149,390000
161171,145000
161176,410800
161228,0
161242,0
161278,483700
161283,550000
161285,0
161305,0
161363,221800
161368,550000
161378,861800
161382,4546200
161392,350000
161400,395200
161444,1623200
161454,700000
161467,542500
161474,0
161478,578400
161495,262900
161499,70000
161513,250000
161514,150000
161516,999200
161519,644500
161520,314700
161542,355500
161575,450000
161607,388000
161655,865900
161678,550000
161701,452200
161767,0
161768,0
161769,0
161770,0
161797,890500
161834,411500
161857,400000
161911,347500
161927,500000
161931,5284900
161932,811900
161935,1050000
161960,0
161978,539200
161982,0
161987,469800
162003,365100
162015,640000
162018,0
162066,70000
162128,1221300
162156,205000
162202,150000
162207,0
162237,600000
162239,250000
162243,474800
162261,549300
162265,1170800
162269,0
162287,741000
162289,2527400
162295,200000
162357,200000
162361,1455900
162376,0
162449,200000
162494,906600
162555,155000
162627,1359300
162646,0
162654,0
162783,1075000
162784,3984400
162809,146500
162839,568900
162873,1687800
162874,200000
162895,174000
162912,0
162915,853000
162928,0
162931,584800
162953,222500
163003,125000
163004,1445400
163040,346500
163045,419500
163050,450000
163051,0
163096,839800
163112,329500
163158,500000
163197,200000
163207,3338400
163245,5219300
163258,3193000
163301,350000
163302,272000
163310,2006000
163375,244000
163412,550000
163430,3569900
163446,50000
163482,1678200
163514,144000
163552,552500
163557,450000
163589,684100
163617,1444200
163645,3318900
163653,1067200
163677,810900
163697,58000
163705,665000
163730,523000
163758,200000
163767,150000
163794,855000
163795,0
163796,175000
163814,467100
163901,500000
163902,290000
163907,350000
163921,250000
163922,1344200
163933,8597700
163935,1119800
163936,321000
163957,585000
163960,1456800
163981,800000
164045,200000
164060,464000
164063,399500
164147,10294500
164153,0
164175,530000
164180,154000
164182,150000
164190,395200
164207,76000
164224,0
164289,327000
164315,444500
164380,1678000
164402,1237600
164410,0
164438,350000
164446,121000
164451,400000
164455,150000
164477,0
164572,5156200
164614,600000
164637,476000
164659,1017800
164660,1623300
164678,490000
164705,0
164717,498200
164722,3044100
164779,1200000
164784,1015300
164800,52500
164804,1328000
164820,351000
164827,409000
164865,189000
164872,749000
164919,920000
164920,556700
164944,250000
164955,492000
164960,222000
164966,1310100
164969,2161200
164977,85000
164985,643200
165036,500000
165044,890000
165127,399000
165140,1507300
165165,158400
165232,2206000
165233,3721800
165244,4104300
165284,470500
165294,70000
165297,0
165320,439600
165350,500000
165365,0
165424,1106100
165432,700400
165449,381400
165503,437400
165506,467500
165543,294000
165547,470000
165551,1419400
165555,650000
165615,300000
165620,140000
165658,150000
165689,787300
165724,150000
165726,350000
165772,1875000
165840,500000
165847,255000
165881,550000
165890,250000
165898,995000
165914,699600
165917,0
165930,2358000
165936,0
165971,150000
165999,0
166023,163000
166037,195000
166069,351500
166074,155000
166098,1988600
166154,101500
166176,2510000
166193,292500
166217,400000
166223,1219500
166232,1378800
166263,1046100
166279,200000
166306,714900
166313,142000
166315,0
166343,550000
166374,0
166412,350000
166439,0
166452,1335800
166509,755000
166557,517000
166564,2289300
166569,780000
166578,297500
166582,4068600
166592,2188400
166617,167000
166625,321000
166635,387900
166668,545200
166669,0
166671,1764200
166682,150000
166703,305000
166709,488500
166712,0
166738,778000
166751,400000
166758,144300
166787,500000
166792,973900
166824,997000
166860,0
166868,150000
166885,0
166901,150000
166911,611800
166923,0
166929,741000
166959,200000
166983,552500
166988,331000
166998,174800
167045,0
167064,150000
167068,296000
167075,299000
167078,251900
167090,3576800
167091,250000
167142,504100
167160,0
167186,0
167207,181000
167230,3833900
167258,356300
167264,0
167321,600000
167332,1241200
167352,250000
167400,1531800
167412,937000
167418,0
167435,0
167450,1201200
167451,1908100
167474,150000
167534,81000
167542,400000
167554,1171000
167579,150000
167634,0
167637,653300
167644,399100
167667,505500
167674,395200
167684,2818200
167704,371800
167759,9248800
167785,84500
167804,519300
167806,967500
167875,459000
167876,0
167877,0
167878,1001700
167882,513100
167927,200000
167949,700000
167994,307500
168007,4557200
168011,0
168012,215000
168025,327200
168028,400000
168035,280000
168079,9266700
168096,374000
168112,728200
168115,0
168129,300000
168180,450000
168209,328000
168212,536600
168320,0
168368,400000
168396,4581000
168510,0
168511,81900
168533,280000
168558,1081800
168564,2656000
168592,400000
168675,400000
168711,417900
168718,0
168731,1448300
168744,457200
168760,250000
168783,257500
168829,236000
168885,343200
168986,350000
168999,0
169025,0
169047,1066400
169090,103000
169092,127000
169098,0
169102,1292600
169104,200000
169123,120000
169129,0
169134,500000
169137,1568100
169171,11384100
169175,300000
169237,1222200
169266,1374000
169269,529200
169298,350000
169300,214400
169336,237000
169354,768500
169355,4166600
169408,350000
169432,433300
169436,350000
169440,785000
169464,250000
169478,0
169489,50000
169497,1009000
169510,0
169585,0
169626,350000
169670,317200
169676,3634400
169687,50300
169774,150000
169783,0
169795,1094800
169823,0
169870,47700
169887,231400
169952,300000
169978,0
170012,130000
170021,226800
170042,714200
170072,105000
170079,150000
170107,457400
170120,442000
170131,1100000
170156,0
170160,350000
170170,0
170180,400000
170184,300000
170196,985600
170229,187500
170240,0
170250,775000
170263,150000
170273,289000
170391,1529400
170392,0
170401,1343600
170415,285000
170444,700000
170449,883000
170495,556300
170496,1681600
170508,612500
170523,404500
170531,1931500
170576,200000
170586,760800
170600,467000
170636,766500
170642,380000
170664,0
170666,43000
170675,400000
170706,335400
170714,150000
170737,933000
170749,126000
170787,0
170800,200000
170807,500000
170809,460000
170814,149900
170815,341700
170818,307400
170877,132500
170920,135000
170926,1730600
170994,573000
171035,150000
171044,333000
171046,0
171060,435000
171104,0
171124,256000
171155,0
171162,270000
171173,0
171177,867800
171185,388600
171190,2462400
171193,0
171195,150000
171240,350000
171272,635500
171291,400000
171301,400000
171331,520000
171336,150000
171367,0
171376,317400
171434,97400
171467,500000
171534,455000
171542,300000
171591,748400
171607,4689000
171608,0
171638,2010200
171640,646100
171650,0
171656,627100
171662,593000
171669,259500
171693,3562000
171695,1919000
171700,5124800
171704,98000
171733,0
171743,0
171773,450000
171796,1335000
171804,476000
171812,0
171827,450000
171846,0
171855,350000
171867,407000
171879,750000
171970,6486300
172047,581000
172049,400000
172074,0
172119,0
172125,315000
172132,532600
172147,1129000
172206,2448500
172211,1877400
172231,2166700
172259,530000
172280,0
172317,186000
172373,2068200
172417,768000
172419,400000
172447,507500
172455,331000
172483,0
172490,548300
172503,300000
172504,1247100
172531,150000
172532,240000
172534,478600
172547,105000
172578,0
172580,118100
172582,0
172590,1215300
172648,574800
172655,565500
172659,140000
172704,0
172720,398000
172731,400000
172748,300000
172750,1758500
172804,293000
172816,7888000
172821,0
172833,700000
172836,1379500
172849,170000
172885,197400
172894,64500
172923,0
172932,150000
172945,3949900
172946,496800
173005,172000
173006,1730000
173017,711700
173046,4312700
173053,350000
173055,100000
173101,702000
173136,0
173150,340200
173159,150000
173160,336000
173174,0
173243,193500
173245,1008000
173257,487500
173292,923400
173293,400000
173305,0
173309,326800
173330,980000
173336,204000
173342,150000
173351,250000
173365,4483200
173384,651600
173405,511500
173413,1065300
173428,439900
173444,100800
173474,859000
173479,219200
173493,150000
173496,700000
173530,898000
173557,437000
173564,670000
173574,150000
173593,600000
173599,150000
173602,2857100
173616,0
173619,408000
173625,200000
173646,8111400
173650,403700
173651,300000
173652,488500
173692,0
173695,726400
173733,671400
173735,264200
173736,1006500
173748,5652100
173766,0
173771,2755000
173787,400000
173807,0
173810,126000
173832,355000
173860,0
173861,0
173912,680000
173921,120000
173926,390000
173928,381000
173929,1150000
173937,1813000
173952,0
173969,536300
173990,299000
174019,973600
174029,426000
174050,70000
174062,327000
174077,0
174104,670000
174124,827200
174129,2718400
174174,1140000
174175,0
174198,300000
174219,656300
174276,124600
174277,693300
174302,167000
174306,0
174322,350000
174323,824200
174347,0
174363,1482600
174443,150000
174469,433000
174473,70000
174486,0
174492,464500
174507,0
174548,2436000
174574,391500
174576,698500
174596,350000
174601,0
174636,404000
174651,1399000
174661,300000
174679,100000
174683,159400
174730,350000
174735,487500
174780,383500
174782,0
174791,400000
174817,0
174842,128000
174887,910000
174889,3373600
174903,536800
175019,100000
175085,420000
175101,222000
175112,250000
175133,0
175176,58700
175193,61500
175201,10000
175209,561700
175215,2071200
175216,450000
175222,280000
175237,550000
175286,71900
175321,448000
175351,362000
175363,0
175440,350000
175483,3043000
175498,469000
175500,600000
175506,0
175527,800000
175534,32773100
175535,0
175538,2317900
175552,0
175560,12000
175562,400000
175567,990000
175578,755800
175589,450000
175624,3144500
175635,230000
175658,2664900
175674,970600
175748,250000
175762,682400
175768,400000
175790,549800
175803,998800
175806,557000
175808,1183000
175811,150000
175911,1923700
175912,0
175953,70000
175956,1315600
175996,288000
175999,0
176022,0
176061,0
176095,2127500
176106,627700
176112,881600
176128,0
176155,350000
176168,608900
176176,0
176270,650000
176271,439000
176280,408000
176316,80000
176335,407400
176348,474700
176395,586400
176437,402400
176438,337700
176534,234000
176543,0
176560,150000
176572,600000
176576,0
176585,2034100
176639,400000
176654,870000
176670,400000
176674,350000
176683,935500
176697,5088100
176716,645000
176752,0
176754,128400
176758,2027000
176769,11250700
176780,250000
176807,772600
176810,350000
176818,150000
176826,935000
176854,450000
176894,643200
176917,0
176923,950000
177014,750000
177045,332500
177052,571400
177060,412200
177075,633500
177082,300000
177087,265000
177093,0
177095,320000
177101,318500
177119,250000
177158,501600
177168,409800
177236,617000
177273,2453800
177315,450000
177324,250000
177328,808000
177331,128000
177403,400000
177406,70000
177418,761000
177428,1918000
177456,351500
177478,450000
177479,2097600
177482,0
177517,800000
177530,1047800
177536,0
177560,448000
177598,400000
177602,400000
177607,477000
177608,150000
177660,150000
177661,150000
177668,562500
177674,0
177677,254000
177682,200000
177705,371000
177708,1475800
177712,0
177754,448000
177774,1076400
177830,375800
177866,221000
177924,1418400
177942,350000
177943,799400
177988,455200
178003,815200
178060,0
178079,3109600
178082,300000
178087,0
178106,0
178108,0
178128,400000
178133,0
178142,500000
178174,400000
178176,286500
178191,510000
178212,200000
178219,0
178228,424500
178231,150000
178238,290400
178245,1023800
178246,0
178262,217100
178272,70000
178290,400000
178313,420800
178346,0
178350,937100
178354,250000
178378,363000
178381,342000
178487,763500
178493,250000
178542,386400
178572,738500
178578,1080100
178590,350000
178613,0
178635,128000
178674,0
178719,140000
178735,466000
178762,1030000
178805,0
178817,190000
178829,388900
178842,130000
178939,275000
178977,249000
178988,176400
179003,0
179016,120000
179029,320000
179054,250000
179127,0
179142,0
179145,0
179207,0
179253,178000
179262,0
179274,0
179284,79500
179307,400000
179316,0
179335,1284000
179342,18803200
179419,39200
179468,240000
179494,350000
179498,351500
179535,467500
179536,300000
179601,0
179633,490000
179641,0
179647,0
179650,528600
179656,900000
179658,300000
179689,750000
179740,0
179763,450000
179793,75000
179863,0
179885,1196300
179896,228000
179898,2544400
179904,122800
179913,450000
179926,0
179935,827500
179941,885000
179952,300000
179953,0
179957,150000
179965,0
179969,540100
179998,793200
180006,500000
180034,760400
180037,0
180043,200000
180064,350000
180065,6778000
180102,4370200
180106,0
180109,832300
180232,1022500
180267,104800
180268,150000
180280,332500
180306,500000
180311,500000
180325,1981500
180417,400000
180421,700000
180430,550000
180457,150000
180473,203100
180492,400000
180493,0
180509,189000
180518,400000
180545,612800
180610,535000
180636,856800
180665,397000
180669,450900
180679,400000
180682,1288800
180683,1025500
180689,5248000
180690,226000
180723,69000
180781,472700
180802,0
180900,100000
180917,4480400
180981,3497200
181005,731100
181018,3608600
181047,0
181050,0
181054,516400
181075,425000
181097,280000
181130,0
181139,0
181165,0
181194,538400
181204,500000
181222,304500
181223,443700
181260,350000
181276,426600
181284,131000
181307,707700
181342,214600
181386,250000
181394,0
181395,162000
181427,303600
181440,417000
181441,536800
181444,256200
181449,504000
181454,150000
181467,180000
181546,849500
181575,600000
181607,313000
181653,350000
181713,300000
181734,369000
181742,200000
181763,0
181788,150000
181791,200300
181805,300000
181812,1180900
181817,85000
181832,420000
181835,350000
181841,290800
181844,0
181847,388400
181851,0
181859,350000
181874,94200
181876,1876600
181877,0
181891,300000
181915,1991900
181916,671600
181951,1355400
181964,150000
181967,1925500
181994,220100
182005,150000
182008,796300
182042,150000
182072,172500
182081,1770000
182084,200000
182086,200000
182092,150400
182106,0
182114,150000
182115,340400
182136,570000
182147,21605000
182156,167000
182173,0
182174,3784600
182248,241000
182253,2301500
182299,640000
182319,150000
182324,0
182339,2227500
182355,1458200
182369,280000
182405,6460800
182411,561300
182417,250000
182490,1436800
182508,375000
182547,232500
182571,500000
182583,50400
182603,350000
182604,750400
182617,891800
182634,420000
182671,1047000
182709,1937600
182716,204400
182740,605000
182747,1255400
182767,909000
182775,3615000
182777,1975700
182792,593000
182800,451000
182804,0
182820,0
182841,287600
182852,147600
182874,13917800
182886,0
182942,0
182969,350000
183050,1098700
183051,350000
183053,474200
183061,0
183109,292000
183138,4126700
183153,265000
183175,0
183223,0
183238,676600
183306,49100
183333,350000
183344,350000
183350,500000
183364,508600
183365,742000
183380,703000
183399,322100
183411,300000
183420,296500
183423,375000
183424,250000
183428,892800
183443,400000
183456,0
183482,4574900
183524,309800
183543,1195300
183617,0
183632,1095000
183678,600000
183688,574500
183690,150000
183730,979800
183748,400000
183756,754700
183759,450000
183761,131500
183781,781600
183791,350000
183824,0
183841,297100
183845,896900
183897,5542100
183901,909400
183905,1160600
183914,350000
183923,0
183931,402500
183943,472000
183947,150000
183953,335700
184000,0
184028,3791900
184044,429000
184062,0
184073,0
184083,31500
184085,0
184093,110000
184094,240100
184095,0
184113,150000
184115,29500
184128,300000
184130,465000
184133,901300
184151,402200
184157,650000
184162,400000
184171,1832400
184177,203800
184192,288100
184193,59500
184202,2077500
184223,311000
184224,2976200
184374,0
184377,590000
184400,132000
184435,2496700
184442,600000
184452,1184200
184460,404000
184467,0
184468,150000
184487,700000
184495,400000
184497,700000
184499,105000
184505,362500
184527,297500
184553,422000
184555,472100
184559,538200
184585,290000
184589,150000
184592,2881000
184603,150000
184606,350000
184608,450000
184622,0
184636,400000
184742,400000
184747,150000
184754,431000
184772,667300
184779,82500
184795,200000
184800,1770300
184806,293500
184825,0
184845,42800
184880,1398200
184912,576400
184930,1949800
184936,150000
184944,94900
184952,1366000
184963,157200
185012,199200
185036,150000
185051,213000
185054,1807500
185068,3257200
185073,0
185097,500000
185100,86000
185109,2108000
185112,888000
185145,250000
185146,300000
185150,115200
185163,297400
185172,536000
185176,3690100
185197,638900
185198,1175700
185201,413000
185291,204000
185303,3314500
185316,415000
185336,350000
185348,0
185372,333000
185377,0
185397,277000
185399,985500
185414,0
185437,190800
185447,550600
185460,21700
185478,400000
185503,398700
185549,210000
185575,516300
185579,0
185637,370000
185659,690000
185662,1851500
185667,302000
185682,400000
185699,439400
185737,0
185744,1187500
185753,250000
185773,0
185777,0
185788,343000
185794,2060500
185807,994200
185827,93000
185842,621500
185848,400000
185856,746700
185885,150000
185888,515500
185889,200000
185897,175700
185898,498500
185900,200000
185907,1538500
185908,653700
185921,1198000
185952,144200
185966,0
185978,550000
185981,1716300
186000,110000
186010,0
186019,0
186033,0
186039,400000
186040,417500
186070,400000
186075,471200
186095,300000
186107,1978200
186121,0
186152,2531900
186175,228000
186181,472500
186189,2255000
186200,242700
186225,1230800
186259,0
186263,400000
186294,1141900
186295,150000
186303,0
186305,0
186374,692000
186385,0
186419,360000
186428,737400
186434,0
186449,381400
186483,685900
186499,430000
186524,150000
186525,200000
186526,500800
186537,672300
186567,0
186568,0
186575,2018300
186625,250000
186646,405000
186659,422000
186676,835800
186694,1626900
186697,1431900
186701,828300
186704,1002500
186709,8718200
186727,350000
186731,528800
186734,504000
186757,237000
186763,1045900
186764,200000
186778,468300
186804,0
186806,300000
186812,0
186856,3202000
186865,198400
186866,0
186870,776800
186877,6249800
186955,1129700
186960,1650000
186963,0
186972,674300
187010,0
187041,83300
187083,200000
187085,0
187086,450000
187095,22800200
187160,1178000
187177,1000000
187178,437000
187196,329500
187204,5030200
187206,0
187222,270000
187229,0
187230,883500
187239,464000
187241,450000
187249,350000
187266,496600
187271,352500
187272,490000
187287,0
187301,0
187304,7245700
187308,350000
187331,0
187381,171800
187469,250000
187481,103200
187486,0
187488,214400
187491,985200
187492,2041900
187494,4135100
187495,0
187496,95000
187497,297600
187559,466200
187584,0
187589,450000
187595,150000
187603,400000
187651,213300
187664,0
187679,420000
187690,0
187694,469300
187708,726400
187711,256300
187732,793100
187764,750000
187765,0
187811,290000
187841,106200
187844,680000
187850,0
187852,9539700
187854,150000
187871,1930100
187883,0
187902,419000
187910,525000
187926,400000
187933,150000
187945,390000
187949,0
187960,402000
187975,2292000
187987,0
188010,3413400
188012,573400
188016,110700
188059,400000
188060,372000
188084,548900
188089,250000
188093,1197400
188097,290000
188113,48000
188118,20300
188152,0
188153,1931800
188156,0
188165,1446000
188187,0
188191,205600
188193,0
188205,235200
188214,500000
188229,150000
188236,843300
188242,150000
188259,226500
188267,2905000
188296,0
188328,0
188340,3394200
188363,750700
188368,819400
188397,920000
188418,0
188436,2166700
188453,436400
188489,416600
188561,4186500
188592,200000
188598,92900
188632,350000
188637,1836500
188640,947500
188668,150000
188721,130500
188760,350000
188801,335000
188803,0
188804,350000
188812,88000
188820,350000
188856,0
188887,1638100
188889,564000
188890,4080800
188897,103000
188909,714800
188942,250000
188969,1766300
188971,250000
188975,172200
189021,63900
189022,600000
189039,390000
189059,83100
189147,0
189189,182400
189208,433500
189229,3825700
189235,170000
189238,389200
189248,571600
189252,420000
189256,150000
189277,982500
189307,1942900
189324,0
189346,0
189381,1000000
189382,335500
189387,250000
189388,2345200
189409,0
189439,350000
189441,310100
189443,566800
189478,0
189500,450000
189520,192000
189536,524500
189550,1724200
189552,650000
189558,807700
189562,90000
189598,0
189605,1826900
189615,0
189672,287300
189674,325000
189680,500000
189723,225000
189725,397500
189727,0
189753,293000
189757,1531300
189763,84000
189796,857000
189813,180000
189817,0
189833,0
189838,876300
189847,500000
189857,501100
189858,512100
189907,255000
189951,469300
189962,272500
189986,964000
189995,2152800
190001,315100
190007,300000
190015,386300
190021,443300
190032,818500
190077,465100
190106,469800
190108,454000
190109,682500
190110,350000
190125,3011000
190126,0
190130,136000
190133,1184500
190136,2840000
190150,250000
190167,1290800
190169,976800
190189,450000
190202,0
190206,250000
190214,453200
190216,350000
190219,250000
190221,58300
190244,134000
190258,2969000
190338,788100
190360,252200
190379,14118600
190400,250000
190420,3980400
190427,0
190432,0
190440,234000
190452,814200
190460,231200
190466,450000
190472,3510800
190512,467500
190517,400000
190539,400400
190554,922300
190570,512500
190576,0
190577,1780000
190593,2631300
190647,0
190653,1352500
190654,0
190690,186000
190706,140000
190713,0
190743,375500
190756,234800
190794,417500
190797,3035500
190827,1594800
190830,150000
190844,0
190851,263200
190859,0
190870,150000
190893,334000
190900,250000
190901,150000
190950,208000
190961,347300
190974,350000
190975,550000
190977,300000
190998,350000
191000,499000
191002,100000
191017,58200
191035,515000
191043,120000
191066,2071500
191089,935000
191110,621300
191120,439600
191135,112000
191139,919900
191153,2497900
191162,282900
191163,1718200
191202,0
191253,163900
191280,300000
191281,30800
191289,297500
191290,200000
191299,305000
191325,442800
191326,1200
191338,0
191351,600000
191373,444500
191402,60000
191404,224400
191419,0
191453,548200
191458,978900
191460,865300
191478,400000
191489,350000
191495,852000
191500,1551900
191501,682000
191503,0
191513,400000
191529,200000
191539,389500
191541,0
191542,0
191546,200000
191552,251800
191556,367500
191598,0
191609,0
191614,652000
191637,0
191638,348800
191649,417500
191698,379000
191705,544800
191716,80000
191735,340900
191774,235000
191788,350000
191792,106000
191808,0
191809,161000
191814,200000
191818,559000
191829,75000
191836,226800
191848,466200
191858,300000
191879,185000
191882,1034100
191911,752800
191917,0
191920,500000
191925,1088700
191927,850000
191959,0
191963,1078800
191965,2112200
191970,144000
191987,0
192024,945000
192029,0
192051,150000
192052,10799700
192054,610000
192055,350000
192072,125000
192077,350000
192084,0
192102,1144600
192132,12692000
192133,300000
192159,330000
192163,540400
192177,0
192207,300000
192221,470700
192252,400000
192276,400000
192293,704700
192308,1154800
192332,1768800
192361,145000
192396,550000
192416,312000
192429,0
192430,100000
192451,1293600
192461,0
192464,1250000
192465,0
192466,3401500
192530,150000
192532,34400
192539,200000
192564,0
192569,300000
192570,435000
192587,350000
192593,4002500
192625,107500
192631,285000
192641,1808900
192659,350000
192662,472500
192697,52500
192710,1578000
192748,182000
192772,743000
192786,145000
192795,300000
192817,400000
192827,2526900
192832,1388000
192836,430300
192843,169000
192844,949900
192847,250000
192873,400000
192875,243800
192889,722500
192922,400000
192934,145000
192936,728000
192937,10000600
192946,528400
192954,489700
192959,373000
192978,295000
192990,585500
192996,2683000
193000,1156000
193007,208900
193010,550000
193015,200000
193039,1118400
193051,150000
193052,664000
193059,0
193076,734000
193077,0
193088,1852000
193092,400000
193143,200000
193149,4687800
193152,150000
193158,324000
193166,1905400
193170,0
193176,1026700
193215,450000
193217,100000
193222,72900
193245,361200
193249,2994300
193251,164000
193284,1938300
193285,170000
193288,110000
193293,126000
193294,2301700
193303,450000
193310,577000
193312,1675800
193316,4121200
193340,809000
193358,13300
193403,0
193404,0
193415,8517100
193416,4593200
193464,350000
193468,0
193470,1846800
193479,145500
193486,670200
193504,218800
193560,0
193580,535200
193590,401900
193604,200000
193610,80000
193612,776800
193620,0
193624,0
193653,640100
193656,417200
193658,121400
193659,1209100
193662,126900
193670,150000
193679,0
193682,315000
193723,150000
193797,1100000
193822,50000
193848,607000
193859,619100
193865,252000
193867,690000
193869,231500
193872,50000
193901,1498500
193903,238200
193905,721900
193913,150000
193916,0
193926,166000
193927,250000
193929,221300
194000,350000
194007,0
194008,664000
194009,0
194022,450000
194034,1791600
194039,1058000
194048,430000
194079,0
194108,676000
194109,24000
194134,0
194137,7540900
194144,400000
194177,0
194187,150000
194190,0
194194,425000
194196,1175300
194235,236800
194246,105000
194250,3757200
194264,392000
194270,1795700
194275,100000
194284,200000
194288,0
194294,150000
194303,52500
194309,350000
194348,350000
194349,1312000
194368,286000
194372,935700
194380,150000
194383,400000
194387,423000
194416,1505000
194428,474300
194431,365000
194443,0
194484,317900
194499,90000
194507,300000
194533,485500
194556,1539000
194571,631900
194573,120000
194600,0
194616,872700
194628,641400
194631,450000
194646,150000
194663,814800
194670,0
194671,412300
194680,400000
194690,400000
194705,149000
194711,1149400
194718,150000
194730,372100
194731,1096800
194746,1066300
194752,400000
194775,522600
194790,1129900
194804,350000
194810,150000
194817,140000
194822,2756700
194831,1349600
194873,227800
194884,1025000
194885,0
194891,0
194896,250000
194929,941000
194932,2095500
194939,0
194944,0
194958,0
194968,150000
194989,55500
195021,907100
195045,0
195046,42000
195059,0
195063,73500
195066,181800
195081,150000
195102,299800
195118,647000
195120,150000
195142,497300
195144,272200
195160,252000
195175,400000
195212,525000
195221,0
195224,0
195230,0
195238,190000
195240,699000
195254,100000
195258,481500
195265,350000
195292,300000
195328,127500
195329,300000
195334,845000
195351,1387800
195368,350000
195421,1426600
195455,757300
195465,95000
195479,899000
195524,1067000
195527,0
195528,942000
195536,3197800
195542,75600
195544,150000
195594,158500
195605,0
195628,0
195632,2349300
195633,148500
195657,500000
195686,16628000
195707,301900
195719,1056400
195728,525000
195730,739400
195741,500000
195785,70000
195786,2672800
195796,184000
195807,202500
195824,0
195827,560100
195866,1003200
195901,42000
195942,1111100
195954,0
195955,445000
195985,1481600
195988,572800
195991,350000
195992,370000
196000,1157300
196010,469900
196011,855000
196015,294000
196076,0
196079,0
196091,0
196115,351000
196142,0
196143,0
196144,0
196170,0
196172,1525100
196180,205000
196184,1094200
196197,0
196205,250000
196214,537000
196216,0
196224,1273200
196230,250000
196259,0
196260,150000
196268,150000
196285,154700
196309,0
196348,532600
196350,110000
196355,362500
196368,1146500
196369,358200
196374,1163500
196382,625000
196384,334800
196389,294600
196429,742500
196455,150000
196460,253000
196466,400000
196478,513500
196497,500000
196536,350000
196594,0
196599,1508100
196638,141000
196649,933500
196656,2541900
196657,2199800
196692,339000
196696,2771300
196699,0
196710,104400
196765,937400
196777,0
196784,0
196787,572500
196805,200000
196808,300000
196809,342000
196815,3325600
196820,170000
196850,0
196852,250000
196865,0
196873,127500
196910,271000
196946,342000
196957,184000
196961,427000
196962,1009700
196971,0
196983,0
196988,0
197004,514400
197016,7024100
197018,246000
197023,0
197034,983100
197036,150000
197039,1778800
197051,270000
197057,190000
197078,0
197083,200000
197090,709000
197095,200000
197112,10865400
197126,220000
197141,318000
197167,350000
197183,0
197189,200000
197202,350000
197205,0
197224,392500
197230,442800
197240,2342500
197277,1897400
197292,250000
197309,208200
197312,2999500
197338,0
197350,1206000
197351,250000
197366,650000
197408,1438500
197411,450000
197419,11151300
197425,250000
197444,9294200
197479,350000
197511,284500
197514,731900
197516,350000
197527,2703800
197563,350000
197580,1472000
197588,1348200
197606,501300
197614,145000
197615,300900
197627,975800
197663,500000
197701,471600
197725,812800
197729,238500
197768,0
197779,0
197783,3460300
197784,300000
197796,498200
197800,1411900
197804,1247500
197805,123400
197810,968000
197813,349000
197819,350000
197834,130000
197840,1259200
197844,424300
197874,0
197890,435500
197893,1024500
197900,525100
197917,96000
197923,0
197933,150000
197956,400000
197959,518400
197988,427500
198006,560000
198034,400000
198054,350000
198084,400000
198089,779600
198100,400000
198105,310100
198113,325000
198121,162000
198139,683600
198154,946000
198166,140000
198220,824500
198238,250000
198243,250000
198261,1085500
198269,534000
198331,1924400
198347,250000
198350,130000
198356,10083000
198368,0
198379,900600
198382,405000
198419,170000
198431,375000
198447,3649700
198448,6338000
198510,200000
198516,1910000
198526,1618100
198530,0
198534,400000
198565,0
198571,375000
198575,0
198586,70000
198602,400600
198617,400000
198618,595500
198625,300000
198637,783700
198640,1297500
198657,250000
198661,0
198695,0
198700,150000
198722,590000
198759,260800
198762,670000
198765,400000
198776,830800
198795,1449700
198823,2645200
198828,0
198849,2806900
198889,0
198906,0
198931,4685500
198935,451500
198940,0
198947,0
198972,700000
198973,0
198984,700000
199010,250000
199012,0
199033,927400
199035,568000
199063,1706200
199072,563400
199083,0
199091,0
199094,315500
199105,332000
199114,556000
199118,240000
199130,470000
199132,574000
199148,402000
199153,813200
199159,1047500
199173,0
199195,150000
199200,400000
199201,280000
199242,530000
199248,347500
199309,200000
199332,0
199334,900000
199338,3426000
199381,85800
199399,0
199402,445000
199428,350000
199450,0
199461,890500
199462,250000
199477,0
199493,450000
199495,506500
199525,0
199526,398000
199563,270200
199568,1087600
199616,417300
199652,350000
199733,493500
199751,0
199764,850000
199788,453600
199806,485200
199816,450000
199819,402300
199828,0
199856,350000
199870,643300
199879,328000
199911,1536800
199917,350000
199929,70000
199931,311300
199944,316300
199975,580400
199980,348900
200000,1511900
200023,476000
200046,0
200048,150000
200074,448600
200086,715700
200089,255100
200091,517600
200132,423000
200135,300000
200137,346500
200166,1102400
200205,0
200225,771300
200245,365700
200275,0
200277,0
200288,386500
200289,1237800
200294,500000
200315,3409500
200325,700000
200341,300000
200352,150000
200357,400000
200362,814300
200385,1123400
200386,663500
200393,375000
200402,150000
200408,0
200418,550000
200464,0
200469,405000
200478,545900
200480,373300
200506,0
200525,1442800
200543,332000
200544,109000
200545,650000
200568,0
200582,1192100
200583,158000
200586,930000
200588,200000
200592,647500
200598,720000
200602,135000
200610,133800
200623,55900
200636,1335100
200643,0
200648,750000
200691,1126400
200718,150000
200726,450000
200739,0
200752,258500
200770,0
200780,262400
200794,138000
200806,332000
200807,3965800
200822,424300
200832,0
200867,250000
200916,150000
200932,0
200946,1131500
200948,0
200971,141000
200994,456200
200995,332100
201015,0
201018,84000
201019,586000
201025,150000
201084,488000
201095,488000
201106,450000
201125,401100
201132,150000
201158,334500
201162,0
201164,403800
201177,437000
201202,447000
201206,391300
201222,450000
201223,150000
201230,447400
201250,0
201299,1173000
201300,1998300
201318,0
201319,350000
201335,344600
201336,550000
201343,125000
201348,1003500
201349,1098500
201358,203600
201384,250000
201387,0
201402,3930600
201406,0
201433,500000
201479,1151200
201495,162800
201528,150000
201531,566700
201533,500000
201537,300000
201547,400000
201553,310100
201570,440000
201572,118000
201573,300000
201590,107600
201592,636800
201602,1831800
201629,1242200
201642,480000
201664,150000
201679,70000
201720,0
201750,100000
201761,234000
201764,250000
201772,0
201774,400000
201781,0
201783,283400
201791,729400
201833,389000
201834,150000
201850,500000
201862,600000
201866,391500
201882,0
201948,1211000
201960,150000
201999,250000
202003,35000
202005,0
202012,1025200
202028,275800
202048,1302600
202049,435500
202099,403900
202110,350000
202119,450000
202121,0
202122,735000
202139,29700
202163,1141700
202164,1383300
202215,200000
202217,927500
202229,350000
202246,165000
202256,0
202280,0
202298,169700
202357,280000
202368,634000
202377,587500
202404,270000
202408,996800
202412,2313600
202427,693000
202432,3297300
202433,350000
202444,76000
202452,922500
202498,1243500
202525,10840000
202538,500000
202543,4100100
202552,1097900
202556,455000
202557,463000
202579,300000
202582,1018300
202630,300000
202639,0
202656,131000
202663,0
202717,538000
202735,251600
202765,5722300
202796,275000
202814,325000
202821,267600
202829,3963500
202892,205400
202893,0
202921,238000
202939,0
202951,0
202973,150000
202980,847200
202991,1188000
203025,1332500
203027,846300
203030,139000
203031,0
203047,120000
203070,1594400
203076,447000
203095,250000
203105,1074300
203116,346000
203133,882500
203135,204000
203146,250000
203161,667000
203183,379500
203215,0
203239,235000
203240,0
203246,305000
203249,186000
203268,305000
203274,400000
203276,0
203280,494500
203294,388800
203296,15000
203298,350000
203326,124000
203333,1812700
203335,500000
203374,0
203385,461200
203386,434200
203390,350000
203425,472400
203435,0
203454,0
203462,150900
203471,391900
203474,745000
203501,210000
203506,150000
203525,895600
203552,0
203575,468500
203579,650000
203592,977500
203601,750000
203616,621200
203622,300000
203626,600000
203646,1201800
203681,350000
203693,923300
203701,149800
203740,9054100
203754,137000
203770,0
203804,293300
203837,315000
203843,1230000
203846,159200
203854,0
203876,2021000
203889,0
203905,311500
203913,592400
203952,145000
203970,1992000
203985,417500
204003,250000
204006,463500
204008,450000
204015,150000
204040,0
204041,396000
204067,458500
204070,320100
204098,531700
204107,290000
204108,1089000
204126,565000
204145,160300
204154,2255000
204164,256200
204177,1466100
204223,870200
204252,652000
204268,0
204297,139000
204304,0
204326,70000
204341,60000
204342,311500
204371,227900
204379,2457900
204385,0
204411,5075600
204446,0
204469,0
204474,1604600
204481,2020000
204485,686800
204521,400000
204555,0
204556,916200
204564,993300
204580,0
204590,0
204602,896400
204622,2972600
204667,554200
204703,954000
204727,250000
204737,290000
204745,347800
204781,150000
204787,0
204794,0
204797,0
204802,400000
204803,0
204838,336000
204845,500000
204868,400000
204870,2645200
204890,525000
204906,1708000
204922,325000
204944,450000
204957,800000
204976,0
204979,915000
204999,290000
205008,392000
205012,280000
205032,0
205040,1042600
205045,400000
205063,667500
205067,395500
205074,963700
205091,1046500
205121,244800
205125,150000
205131,272000
205172,450000
205173,0
205180,287700
205192,440000
205200,0
205202,0
205205,1314200
205218,0
205247,0
205250,364000
205252,0
205261,197100
205268,550400
205273,492200
205288,0
205348,0
205402,292000
205432,553700
205437,650000
205458,389200
205468,450000
205488,0
205492,595000
205500,484000
205528,211600
205533,500000
205573,1491200
205579,940600
205586,0
205598,0
205603,1100000
205618,124700
205622,150000
205648,220400
205655,0
205674,1049800
205718,1150000
205729,350000
205742,860700
205759,400000
205762,600000
205773,3552000
205778,424000
205780,200000
205793,1119300
205801,200000
205807,203000
205821,3981900
205824,367100
205825,0
205843,623500
205912,3766700
205914,6204000
205931,99000
205934,1233900
205937,0
205954,346500
205970,1856300
205972,150000
205998,0
206006,230900
206011,385300
206018,1319600
206050,2198300
206079,1045000
206081,0
206089,6059500
206100,0
206115,96000
206127,100000
206130,1216200
206136,0
206139,0
206156,294000
206161,0
206170,798700
206179,9108200
206182,648700
206207,1347000
206209,370100
206212,100000
206227,129500
206250,2111600
206269,0
206275,350000
206282,641800
206285,450000
206286,400000
206295,439000
206318,1392700
206326,130000
206332,157000
206335,1179900
206349,350000
206360,250000
206361,1441000
206369,449400
206394,5454200
206406,4516400
206412,36000
206416,300000
206478,22042700
206497,492000
206502,0
206518,238400
206544,0
206567,248000
206580,476500
206593,155300
206599,150000
206613,483100
206622,2234400
206625,450000
206643,1148600
206645,0
206662,424500
206672,500000
206700,0
206701,350000
206712,150000
206742,474300
206743,1013100
206747,5436700
206751,150000
206753,1993300
206755,352400
206773,0
206781,350000
206804,0
206810,393000
206834,250000
206844,1408300
206859,0
206863,647000
206865,1281900
206877,177000
206886,450000
206912,744000
206924,450000
206963,300700
206973,0
206978,150000
207000,750000
207002,250000
207027,300000
207030,319200
207034,61600
207043,484500
207048,786000
207050,560500
207051,0
207063,750000
207100,1697100
207110,363500
207119,516000
207130,994500
207132,680000
207139,3181500
207151,552800
207180,0
207209,0
207237,0
207245,300000
207261,3842500
207270,297500
207278,121000
207286,3447300
207317,300000
207319,144600
207353,100000
207362,325000
207379,0
207407,328500
207412,150000
207417,1046000
207427,0
207442,898800
207444,231400
207480,500000
207491,4086100
207494,330000
207510,626300
207517,6180000
207524,3099000
207529,400000
207550,350000
207553,394800
207556,310800
207562,275000
207599,200200
207616,313600
207632,1199500
207646,3261600
207650,0
207653,440900
207664,1374800
207668,382500
207672,183800
207684,449100
207707,235800
207713,634000
207722,252900
207724,192000
207742,150000
207778,1868800
207825,790000
207830,1600000
207833,0
207852,2224700
207860,0
207868,500000
207879,155000
207883,1300900
207884,200000
207898,0
207908,0
207911,222500
207914,17200
207916,17200
207920,670000
207938,161000
207949,4550000
207950,819900
207953,150000
207957,325500
207982,0
208001,1834000
208014,745700
208018,154600
208031,1238300
208049,167000
208062,175000
208070,150000
208091,84600
208095,1778500
208105,200000
208109,250000
208113,0
208122,294000
208160,198000
208164,135000
208173,6247000
208206,0
208227,952700
208237,500000
208243,36100
208248,450000
208257,290000
208295,400000
208303,925800
208305,490000
208329,0
208364,329000
208374,340200
208383,557500
208390,285000
208395,400000
208406,2748800
208408,731700
208414,0
208421,21171700
208422,75900
208437,6321100
208468,70800
208493,820000
208506,585000
208513,300000
208520,400000
208524,1274100
208538,319900
208571,0
208584,1173900
208608,498500
208614,1047700
208622,150000
208627,0
208641,0
208652,0
208653,0
208672,1119500
208689,8550100
208699,4839200
208700,0
208712,2254800
208718,295000
208724,610900
208815,400000
208825,145000
208841,490600
208859,20300
208865,450000
208895,0
208911,650000
208913,0
208919,150000
208924,320000
208937,2302400
208939,484600
208945,1274000
208946,250000
208954,237000
208956,290000
208983,374900
208989,880600
209065,83000
209090,500400
209092,0
209114,3557700
209121,4428300
209136,1963600
209163,2103500
209186,485500
209187,264300
209193,110300
209206,0
209212,2599600
209249,563000
209265,4372000
209267,1150000
209287,533800
209300,0
209318,1030600
209343,0
209365,110000
209404,1281400
209412,315000
209421,0
209422,232600
209423,625400
209424,814000
209425,0
209427,62500
209433,558200
209453,0
209478,660000
209499,0
209505,0
209510,49000
209514,750000
209520,0
209521,1148800
209522,0
209523,975400
209530,350000
209532,0
209536,999000
209542,0
209555,795500
209557,532000
209559,310000
209560,0
209563,475200
209565,0
209582,347400
209597,245000
209626,0
209651,0
209670,2970700
209672,1443300
209714,147500
209729,411300
209734,355000
209759,631000
209803,0
209819,511200
209823,358000
209828,0
209855,114800
209858,686200
209895,0
209903,110000
209908,0
209936,365600
209956,2481000
209977,894900
209982,500000
209992,1024400
209994,150000
209998,110000
210003,620000
210006,620000
210011,0
210019,240900
210029,477200
210030,304500
210036,267300
210052,1939400
210060,679900
210070,517900
210072,100000
210080,417800
210081,34234200
210088,550000
210098,514700
210110,439100
210118,812500
210124,792500
210166,1883700
210167,250000
210170,1285100
210186,521300
210191,1523100
210206,1250000
210226,0
210247,200000
210258,62500
210310,150000
210317,1343000
210319,392500
210339,147600
210344,695800
210356,500000
210366,150000
210373,794800
210386,400000
210403,428400
210404,1035300
210421,0
210428,80000
210447,0
210448,250000
210456,200000
210463,1793600
210465,800000
210467,419000
210473,268600
210478,200000
210497,19100
210504,200000
210520,0
210532,1642200
210537,70000
210538,300000
210539,187500
210549,550000
210565,217000
210570,767200
210575,180600
210597,971200
210621,407500
210632,1300000
210636,1128400
210641,350000
210644,550000
210655,0
210658,110500
210661,0
210681,697000
210705,0
210706,0
210707,1632200
210709,292000
210721,0
210728,500000
210729,150000
210745,1226200
210746,1540000
210748,449000
210749,1279600
210772,7140000
210802,629500
210810,411000
210812,455000
210815,106000
210859,1976100
210860,248000
210872,2726900
210887,0
210922,350000
210984,0
211005,566000
211019,637500
211028,17883900
211029,250000
211035,1732000
211037,987000
211038,1337100
211040,250000
211041,982400
211062,300000
211078,653300
211081,133500
211089,0
211091,0
211118,541000
211128,4201400
211131,0
211140,58000
211147,150000
211165,675500
211167,222000
211175,150000
211201,1660400
211210,50000
211226,300000
211228,0
211233,424300
211234,0
211235,1752100
211236,434400
211240,285000
211249,150000
211253,70000
211257,925000
211258,1286800
211263,400000
211278,85000
211280,500000
211281,0
211282,1087400
211309,0
211315,722000
211320,674700
211322,860000
211323,200000
211324,0
211338,352900
211345,470100
211347,1142600
211355,589500
211362,236000
211381,617700
211411,0
211417,528600
211420,7123800
211421,133000
211425,0
211437,1479600
211445,274200
211451,0
211454,334000
211462,1424000
211472,9455500
211481,0
211489,5252000
211490,0
211500,50000
211517,523300
211524,0
211547,0
211573,750000
211587,400000
211604,329400
211605,500000
211617,890300
211628,206500
211635,1675500
211640,263900
211653,0
211659,0
211660,250000
211665,236000
211672,300000
211694,1110300
211700,6657700
211708,895500
211711,764300
211712,0
211715,930000
211718,199500
211723,816300
211787,134400
211790,250000
211793,0
211795,1035800
211803,100000
211804,630000
211816,150000
211831,0
211837,0
211839,205500
211876,0
211882,497500
211883,0
211896,138300
211902,150000
211904,173000
211911,450000
211917,137000
211921,754500
211927,590000
211929,1601200
211930,344800
211940,370300
211945,614000
211951,16000
211957,430000
211962,200000
211976,280000
211992,0
212001,70000
212007,0
212015,154000
212017,292000
212055,765000
212063,0
212081,450000
212086,0
212089,300000
212094,658500
212099,0
212100,1059100
212108,150000
212123,250000
212125,1158600
212133,670000
212135,70000
212141,984000
212175,1396800
212192,684000
212194,350000
212212,0
212224,20000
212230,0
212263,285000
212278,862500
212280,127000
212337,500000
212346,350000
212364,301800
212368,94000
212372,500000
212395,996300
212410,13190800
212417,3141600
212433,95200
212437,300000
212458,385200
212462,662300
212468,170000
212488,145000
212516,228000
212538,3630100
212539,270000
212541,1660000
212551,280000
212557,0
212558,123000
212577,0
212597,0
212620,271500
212627,2797500
212661,0
212667,879000
212673,1574200
212693,350000
212721,700000
212769,696000
212786,150000
212809,661100
212855,699000
212860,550000
212888,150000
212890,127000
212908,170000
212915,110000
212917,472000
212919,286000
212938,0
212946,900000
212948,0
212960,650000
212976,160000
212992,1110800
212996,2151700
213004,200000
213045,196000
213048,554400
213061,135000
213065,462000
213068,207600
213070,250700
213084,553300
213108,1293500
213128,28500
213164,265000
213196,2036300
213212,150000
213217,200000
213220,1897900
213251,413000
213279,346000
213300,1277200
213318,3397000
213334,293900
213355,700000
213359,419000
213365,350000
213390,550000
213428,518300
213447,250000
213490,240000
213494,70000
213505,0
213544,512800
213554,400000
213569,841900
213575,3670500
213585,0
213596,750000
213614,0
213634,0
213637,385000
213640,0
213649,200000
213671,5734600
213684,3979000
213703,545500
213720,6829100
213732,150000
213735,941000
213741,822400
213749,1489400
213753,300000
213773,3314000
213786,250000
213797,930800
213800,997000
213803,681000
213806,441000
213813,377700
213814,3190500
213817,0
213819,0
213845,250000
213856,1007000
213868,0
213878,0
213909,200000
213919,630300
213946,902000
213957,525800
213960,483000
213972,600000
213977,5850000
213983,1119300
213987,1393800
214001,1063600
214013,842500
214025,400000
214063,732500
214068,500000
214083,644100
214110,423000
214117,312600
214133,525000
214161,3362100
214163,436500
214172,500000
214176,512200
214192,465300
214232,140000
214242,375000
214244,300000
214247,140000
214250,547500
214254,250000
214259,7847900
214276,1483600
214298,3892500
214330,0
214335,750000
214344,0
214364,105000
214378,1229200
214396,445000
214406,205000
214410,692900
214417,722000
214419,0
214420,1380600
214431,1640300
214436,40000
214443,500000
214453,2844000
214459,155000
214460,119000
214470,0
214472,17200
214482,592500
214484,350000
214485,17200
214527,0
214539,97000
214556,88500
214562,499000
214568,384000
214569,15480800
214572,484600
214592,0
214599,150000
214603,150000
214608,397800
214625,310000
214651,500000
214657,261300
214661,500000
214677,300000
214684,901000
214686,250000
214700,490000
214724,525800
214726,0
214736,0
214763,339000
214783,400000
214822,445500
214838,0
214873,168000
214894,316900
214904,55000
214936,0
214949,0
214966,421300
214974,590000
214987,0
214995,270000
214996,490000
215020,175000
215026,172500
215055,652500
215057,102500
215073,455000
215090,300000
215097,400000
215115,0
215126,150000
215179,350000
215206,150000
215216,222000
215222,3182700
215226,0
215246,250000
215253,908400
215260,229200
215265,620000
215272,200000
215309,4388400
215323,450000
215326,80000
215352,621500
215359,0
215369,2006200
215375,0
215403,350000
215408,175000
215436,832000
215439,150000
215445,848600
215452,384800
215470,1142000
215523,0
215525,150000
215564,222000
215575,170000
215599,409500
215606,250000
215610,542300
215629,277000
215634,172500
215636,400000
215637,362900
215643,440000
215644,1090000
215666,777500
215690,385300
215753,0
215759,716400
215772,960000
215793,0
215795,150000
215815,150000
215823,70000
215825,2387500
215829,0
215837,0
215848,392000
215856,0
215866,448000
215886,0
215887,367500
215890,102400
215902,360000
215919,400000
215935,431000
215941,150000
215978,200000
215979,187800
215987,175000
215997,163900
216003,921100
216011,500000
216018,417500
216042,160000
216087,515000
216088,2412100
216114,400000
216121,518800
216129,671900
216132,75000
216147,461900
216159,380000
216172,294000
216182,497800
216196,293500
216227,0
216238,566300
216240,270000
216251,7208900
216257,3515000
216268,150000
216283,1077400
216302,0
216309,165000
216321,107100
216325,1100000
216330,0
216336,450000
216341,0
216356,400000
216357,113000
216361,500000
216375,131200
216376,150000
216388,689000
216389,200000
216404,2190900
216426,250000
216441,279500
216468,0
216483,1658000
216487,166300
216490,2287200
216500,234000
216508,350000
216517,353500
216527,770000
216559,400000
216565,2000000
216572,0
216580,506400
216581,408000
216599,6500
216608,79200
216637,150000
216640,1790000
216656,300000
216662,280300
216696,150000
216702,145000
216726,32000
216740,220000
216747,0
216757,417500
216790,597200
216796,350000
216833,410000
216834,310500
216840,450000
216850,250000
216884,12000
216886,0
216897,450000
216899,0
216911,214500
216914,2000000
216921,250000
216931,150000
216940,450000
216981,429300
216985,0
217005,344700
217008,2771000
217014,778200
217026,961000
217053,263200
217061,537100
217121,300000
217130,931000
217131,1234100
217135,725000
217150,300000
217151,0
217152,642800
217171,145000
217186,1412000
217189,200000
217195,359500
217199,609600
217210,441000
217214,0
217234,3391100
217249,298000
217268,0
217288,373800
217290,0
217312,3221400
217368,250000
217370,434000
217385,388800
217387,2328400
217388,23700
217407,425000
217422,5417400
217438,483000
217448,1260600
217454,0
217465,0
217476,0
217481,150000
217499,0
217509,1697000
217515,550000
217516,259200
217518,120000
217527,1127800
217532,192000
217547,0
217552,450000
217564,1919000
217576,0
217579,1609000
217587,292000
217604,450000
217614,519600
217632,300000
217642,660700
217644,2938000
217652,1521100
217680,15252900
217701,0
217706,0
217714,281000
217718,0
217719,337000
217722,0
217733,0
217773,914000
217778,329800
217782,500300
217783,382500
217800,1946000
217806,2683700
217814,140000
217818,150000
217825,1494000
217828,110800
217865,150000
217875,302900
217898,402000
217899,252500
217900,502500
217907,550000
217925,504300
217938,350000
217945,500000
217948,171900
217950,470000
217962,0
217972,889900
217973,177000
217975,0
217976,1417000
217981,0
217994,372400
217996,37500
218014,201000
218041,0
218048,250000
218049,0
218061,0
218102,150000
218104,300000
218105,862700
218158,0
218170,36000
218176,312500
218181,153300
218192,0
218209,182000
218247,0
218258,709500
218285,4256600
218289,500000
218293,4127800
218306,482500
218307,9710800
218312,280000
218313,2215000
218316,140000
218369,326000
218379,400000
218385,325000
218386,415000
218431,449000
218438,3452100
218440,400000
218444,2124000
218446,0
218448,500000
218450,784500
218483,0
218500,393600
218522,830300
218551,225800
218554,3117700
218582,0
218589,585500
218609,580000
218612,400000
218614,0
218616,428800
218629,500000
218630,250000
218635,447300
218654,1446100
218659,150000
218667,150000
218693,535000
218725,170800
218757,175000
218792,442300
218813,751200
218822,240000
218835,150000
218843,0
218872,0
218873,0
218907,0
218914,496800
218949,150000
218957,362500
218982,497500
218983,435400
218993,396800
219001,740000
219004,108000
219011,150000
219014,0
219020,1412500
219030,0
219047,474700
219055,1504500
219063,1071300
219073,180800
219077,133500
219091,350000
219109,518400
219122,0
219142,30000
219154,130000
219177,5021600
219179,5668600
219182,350000
219185,378300
219193,1566500
219196,817500
219200,3024600
219202,324100
219226,337200
219247,0
219263,96000
219265,0
219273,282900
219325,650000
219340,1419600
219341,319700
219391,0
219396,224000
219430,355000
219461,188400
219462,363900
219479,0
219488,185300
219494,5609600
219505,32200
219507,1300000
219517,629000
219525,139000
219527,450000
219546,232400
219556,145500
219570,0
219591,1437000
219605,0
219606,864000
219628,2366200
219636,249000
219651,400000
219725,0
219730,0
219745,2855000
219766,0
219771,250000
219774,550000
219809,91000
219814,350000
219816,467600
219825,0
219831,400000
219841,0
219865,955400
219883,0
219887,600000
219916,670100
219937,27629300
219943,583800
219967,250000
219981,2000000
219985,380000
219993,500000
220012,2069900
220025,0
220027,2785500
220044,250000
220048,0
220051,250000
220054,407500
220075,350000
220084,403000
220111,270000
220116,400000
220126,173900
220132,910000
220141,3372600
220152,150000
220153,414000
220169,170100
220170,300000
220174,400000
220191,385000
220193,0
220220,150000
220222,0
220233,420000
220240,1268500
220241,150000
220253,1220400
220312,204800
220324,336300
220343,0
220350,1269000
220357,457700
220379,332500
220388,84000
220417,1137500
220448,450000
220451,660300
220467,452500
220483,200000
220495,0
220496,350000
220500,0
220527,1478400
220564,1151100
220573,500000
220585,0
220600,104500
220627,1411100
220628,0
220638,4149500
220642,0
220664,70000
220677,614400
220679,0
220696,453600
220698,786000
220699,458600
220707,1886000
220712,940000
220715,392600
220723,336700
220759,3860500
220762,0
220766,358500
220793,295800
220798,350000
220802,0
220834,0
220838,154000
220842,0
220843,300000
220849,150000
220884,263800
220886,0
220887,1757800
220896,0
220903,2539900
220907,0
220923,350000
220936,400000
220950,0
220969,512500
220993,21000
221011,1761000
221027,235000
221033,1347600
221039,529700
221051,0
221072,120000
221095,276800
221133,0
221134,350000
221136,400000
221152,0
221157,6963800
221175,350000
221183,310000
221189,0
221201,1716900
221226,0
221229,290000
221230,614000
221231,0
221237,676500
221239,350000
221244,163800
221245,200000
221248,0
221256,0
221266,672500
221277,1960100
221309,570800
221374,1453000
221379,19600
221386,0
221391,283000
221403,544000
221425,310500
221426,785700
221462,3941700
221469,1232000
221522,308500
221557,350000
221560,0
221569,0
221573,0
221590,1119400
221597,0
221610,0
221618,300000
221625,400000
221649,425400
221654,1721300
221669,490000
221679,1664000
221695,0
221696,0
221697,0
221699,200000
221741,650000
221746,2005700
221764,0
221768,350000
221779,453400
221780,718000
221781,1470600
221789,250000
221801,328600
221805,135000
221849,450000
221858,250000
221911,150000
221914,350000
221918,150000
221930,0
221938,0
221944,150000
221973,1747000
221975,1911100
222007,212000
222024,1681000
222040,0
222069,1365000
222087,0
222099,0
222103,0
222121,330800
222140,915500
222142,150000
222154,287000
222168,871300
222172,2295300
222174,0
222207,2354600
222210,202000
222250,2828600
222278,715900
222282,596000
222283,1763000
222286,455000
222290,791500
222305,1032000
222308,2108500
222337,14529700
222346,1362300
222356,0
222381,90000
222390,137000
222396,6266000
222397,2778400
222425,442000
222438,0
222443,250000
222446,554900
222451,452000
222452,480000
222453,0
222456,0
222461,5751300
222477,578400
222498,0
222520,0
222529,0
222551,0
222575,520100
222645,730000
222653,117500
222672,350000
222674,324000
222677,500000
222682,150000
222684,411600
222708,3377000
222795,2459800
222798,385500
222818,350000
222850,150000
222874,350000
222876,612000
222878,349500
222880,532600
222893,1159800
222894,0
222910,342600
222916,34200
222920,600000
222928,940000
222947,390500
222949,2436300
222984,0
223004,0
223008,1954600
223018,560900
223022,500000
223024,501600
223033,0
223088,700000
223092,300000
223096,245000
223100,3433500
223102,0
223104,355000
223109,1062500
223112,400000
223125,285000
223142,224000
223148,380000
223151,79500
223169,737800
223172,350000
223189,1700000
223203,1338000
223212,820700
223213,2501800
223214,0
223219,1000000
223229,150000
223232,652000
223239,3163000
223242,0
223249,1001500
223269,200000
223298,150000
223306,0
223317,800000
223367,2302000
223381,0
223392,0
223425,307500
223431,498500
223443,5809500
223444,343000
223479,150000
223491,0
223499,330800
223508,1400000
223530,1178900
223533,2857700
223551,0
223554,234000
223573,779300
223576,242000
223583,850400
223595,0
223601,0
223649,2045500
223650,150000
223671,120000
223691,1000000
223700,0
223715,0
223727,14000
223730,229600
223741,250000
223751,130000
223791,326200
223794,1125000
223818,250000
223885,175200
223900,0
223901,836500
223919,0
223935,1144000
223953,511600
223972,150000
224022,1884000
224025,897400
224027,687400
224033,80000
224045,0
224047,446800
224057,0
224104,347200
224128,127000
224160,0
224162,488500
224189,1308000
224196,177000
224207,375900
224225,0
224231,195000
224235,74000
224239,383000
224250,1190200
224271,404300
224272,850000
224281,480100
224284,769300
224303,1910300
224308,805800
224314,1164800
224320,0
224333,400000
224366,603800
224401,0
224403,0
224443,268000
224453,1537300
224464,1345900
224465,400000
224469,324000
224470,531800
224473,6424700
224481,300000
224483,500000
224488,280000
224514,615000
224536,553600
224550,700000
224564,117500
224576,350000
224588,170000
224594,147200
224613,140000
224617,322100
224623,4200700
224649,230000
224655,400000
224662,150000
224669,0
224684,92000
224686,0
224694,820000
224696,474000
224715,390000
224740,456700
224743,0
224751,325500
224754,530000
224756,21000
224758,576000
224762,1187200
224768,1636900
224774,365000
224783,150000
224800,400000
224817,0
224821,350000
224822,541000
224824,350000
224828,414100
224877,267500
224878,2004700
224885,1526700
224888,130000
224896,150000
224899,472000
224903,400000
224913,0
224918,400000
224921,156600
224922,476000
224931,334700
224979,320000
225011,647000
225025,389100
225049,450000
225089,0
225093,0
225100,0
225125,312000
225136,0
225146,95000
225150,2187400
225155,572900
225158,532800
225166,2015200
225178,912500
225179,60000
225270,1218000
225274,3020100
225302,350000
225325,570000
225336,150000
225342,17200
225387,6298100
225397,392500
225412,400000
225418,686700
225443,200000
225460,2523300
225462,801100
225480,0
225519,23570000
225522,409000
225523,150000
225525,400000
225532,400000
225589,3921800
225590,1100000
225591,450000
225621,0
225627,557000
225631,479000
225643,602500
225693,400000
225720,480100
225734,148000
225739,164000
225749,136800
225765,842500
225785,137000
225787,6090700
225790,446900
225801,205500
225832,950000
225862,1138800
225878,1229800
225889,400000
225914,23200
225939,250000
225953,737700
225955,0
225958,262000
225963,250000
225965,0
225973,0
225980,3219800
225991,200000
226004,550000
226009,798400
226017,408000
226023,0
226035,742800
226047,0
226056,106000
226075,12321100
226085,150000
226088,450000
226089,400000
226100,510000
226105,450000
226106,0
226122,1248000
226130,168300
226139,364500
226147,4534200
226152,0
226163,1569800
226166,709700
226177,82500
226186,400000
226243,200000
226254,996000
226278,105000
226283,583800
226286,350000
226289,400000
226311,8721000
226342,975500
226355,607600
226366,1129700
226371,400000
226379,150000
226380,8076900
226386,1322700
226419,799500
226445,97500
226446,66000
226447,1444000
226451,250000
226464,960800
226505,0
226528,800000
226571,350000
226576,0
226583,2651100
226596,200000
226616,0
226635,150000
226650,415000
226652,1364900
226654,0
226660,570000
226667,0
226687,492500
226690,760000
226702,0
226705,482600
226746,250000
226772,397500
226779,0
226786,200000
226796,4280000
226806,506500
226807,250000
226818,946000
226822,250000
226829,300000
226843,797000
226869,0
226874,420300
226878,61800
226888,0
226898,0
226910,237000
226915,583000
226922,1119700
226930,425000
226937,139000
226940,133000
226963,448900
227001,0
227006,0
227051,150000
227076,1955400
227080,931500
227083,3354000
227084,4898000
227091,9773900
227111,288000
227112,204000
227113,387100
227114,0
227119,1025000
227136,281400
227147,659500
227156,171000
227180,346000
227200,141800
227228,400000
227229,329700
227241,200000
227253,0
227265,145400
227274,1293500
227286,463500
227287,773500
227291,450000
227293,587800
227298,2543900
227300,1432500
227341,703000
227343,0
227350,250000
227353,2586700
227369,400000
227389,781500
227414,242800
227420,150000
227435,400000
227452,500000
227467,0
227472,549500
227477,3821100
227481,350000
227499,294000
227504,56800
227519,368800
227560,13197400
227562,0
227563,46800
227575,0
227597,4758700
227619,0
227628,0
227642,1393300
227643,1122700
227644,0
227653,150000
227657,9414700
227660,0
227690,0
227693,187000
227713,404800
227738,1223500
227765,422000
227770,250000
227775,747000
227783,124900
227795,144000
227818,150000
227836,200000
227881,429100
227897,900000
227912,339000
227913,218400
227930,0
227936,0
227958,110000
227969,234000
227980,0
228016,150000
228020,0
228036,250000
228047,178000
228048,398600
228062,350000
228068,1001100
228089,0
228095,1258000
228121,300000
228125,200000
228126,695500
228141,134500
228144,356700
228168,299000
228172,365400
228190,223400
228193,506800
228202,250000
228204,280000
228208,350000
228220,930000
228222,1149600
228273,200000
228280,1269000
228285,300000
228293,751400
228344,300000
228377,63700
228389,150000
228390,3845100
228396,314000
228419,2706800
228420,0
228423,502300
228429,1148000
228455,358500
228471,643600
228481,756000
228535,250000
228547,150000
228574,254000
228583,300000
228590,1128500
228595,0
228596,0
228599,81600
228609,550000
228613,400400
228617,140000
228628,195800
228629,87000
228630,682200
228663,350000
228667,140000
228703,457500
228708,0
228714,240000
228716,1281200
228748,0
228754,0
228762,500000
228798,448000
228806,29400
228818,421600
228832,302100
228838,0
228855,431900
228857,4073300
228862,413000
228873,1884000
228884,0
228905,390000
228918,904500
228933,356800
228950,456000
228966,266100
228978,1408800
228985,0
229006,949100
229011,300000
229025,510500
229029,1441900
229042,1000000
229065,352100
229076,100000
229101,447800
229122,1014000
229123,994600
229136,450000
229140,250000
229150,659000
229153,157900
229193,310100
229198,295000
229200,2692600
229210,1566200
229212,300000
229225,85000
229230,0
229238,185000
229261,350000
229266,400000
229319,656100
229350,253600
229384,357500
229394,228900
229395,958200
229398,648000
229420,1367500
229444,1933600
229470,1801800
229475,412000
229479,450000
229500,0
229516,450000
229518,1637100
229526,2812000
229545,170000
229557,901900
229562,37500
229574,2299000
229577,162000
229612,584500
229623,360000
229625,0
229649,381000
229658,604000
229678,752800
229698,0
229704,0
229718,464400
229719,650000
229747,147700
229748,200000
229751,300000
229754,371000
229760,0
229775,328000
229779,350000
229796,0
229797,0
229809,13171900
229811,300000
229817,3088400
229851,456000
229883,1746500
229894,172900
229896,282000
229905,7339700
229954,152000
229959,0
229970,0
229974,0
229977,465000
229988,4636000
230036,350000
230043,210000
230059,717400
230063,387500
230092,150000
230096,245000
230104,595300
230113,0
230122,748000
230133,0
230136,150000
230137,0
230149,1913000
230154,0
230179,390000
230187,546000
230199,574500
230207,150000
230210,200000
230217,362800
230221,0
230226,150000
230268,0
230280,132000
230281,440300
230282,265000
230292,145500
230318,0
230319,10426300
230349,660000
230367,350000
230384,166500
230392,1502000
230394,200000
230399,1932100
230404,1065500
230409,0
230414,3723100
230424,0
230438,1439900
230455,350000
230463,450000
230481,0
230483,463000
230512,516400
230520,0
230533,855000
230547,270500
230556,147700
230570,0
230575,227000
230577,1283200
230584,0
230586,0
230594,600000
230610,450000
230628,218600
230662,760300
230666,230000
230667,1238100
230684,413900
230708,150000
230715,1552400
230735,418400
230741,0
230744,550000
230771,0
230775,500000
230791,948000
230794,350000
230817,713500
230822,525000
230827,7797800
230842,497300
230856,0
230862,0
230864,203600
230896,277300
230899,0
230901,490000
230940,150000
230969,159500
230980,500000
230986,617500
230988,0
230993,1545000
231011,480600
231013,1247800
231014,127000
231017,200000
231022,700000
231025,602600
231027,0
231032,1653200
231038,317500
231051,98000
231057,85000
231060,556000
231082,0
231093,924000
231131,200000
231144,0
231148,0
231161,245600
231176,1060000
231191,1430600
231199,393500
231217,350000
231245,362300
231254,632000
231311,95000
231314,484300
231318,365000
231325,300000
231331,450000
231332,770200
231341,577400
231350,270500
231357,0
231358,349500
231372,2769900
231378,132000
231432,200000
231435,87800
231449,1450600
231466,350000
231492,350000
231499,0
231503,189000
231524,11770400
231539,471500
231542,2547600
231559,200000
231582,0
231588,0
231592,1094300
231593,0
231596,763700
231645,999000
231650,0
231676,397400
231678,165000
231708,180000
231717,0
231724,201500
231751,920000
231757,825000
231804,771300
231811,109500
231813,415000
231827,1684500
231836,0
231856,200000
231871,511700
231875,35200
231878,866800
231923,0
231928,424000
231972,150000
232005,425000
232029,200000
232030,600000
232040,0
232053,0
232055,1283400
232098,2329000
232102,160000
232153,30800
232157,0
232177,370200
232180,400000
232200,315000
232205,332500
232211,0
232227,0
232264,390000
232277,0
232300,767800
232305,38400
232320,300000
232328,735600
232362,1847000
232376,1097900
232391,172000
232392,270000
232400,363000
232427,105000
232448,1000000
232459,225000
232464,3816600
232470,627000
232472,200000
232489,895200
232505,644100
232521,0
232537,1076200
232540,0
232568,250600
232572,2997600
232575,0
232619,150000
232625,866700
232636,408600
232691,1863000
232693,447000
232703,150000
232713,240500
232719,0
232720,400000
232730,0
232740,550000
232753,867100
232759,450000
232777,1159600
232787,300000
232803,931100
232809,409600
232810,300000
232816,461500
232824,324300
232827,90000
232847,0
232865,8085400
232871,624200
232890,359700
232902,0
232903,522000
232913,704700
232923,350000
232935,417500
232937,195000
232941,0
232950,458000
232978,332200
232992,232000
233007,3357200
233031,417900
233063,691500
233072,955000
233076,669300
233079,500000
233080,275000
233082,8951700
233095,2301800
233119,150000
233142,631200
233158,364000
233160,0
233161,200000
233166,0
233181,100000
233184,200000
233190,0
233196,1030200
233200,451500
233208,360000
233213,905000
233216,166500
233222,300000
233286,252000
233303,1377300
233315,588600
233317,769800
233329,265000
233369,1019500
233396,400000
233409,250000
233446,72000
233477,2426000
233494,400000
233510,0
233518,180000
233519,378800
233523,300000
233525,317900
233550,400000
233560,144800
233579,243000
233580,943300
233583,0
233584,0
233604,0
233666,0
233667,853500
233682,400000
233704,3789800
233708,0
233719,159500
233726,2524300
233742,631300
233774,0
233791,0
233800,150000
233806,0
233817,0
233827,0
233848,906100
233854,0
233864,1982000
233892,1443400
233907,203800
233911,0
233936,722500
233938,560000
233940,0
233995,150000
234002,496000
234004,192000
234007,118900
234008,270500
234012,1394500
234030,550000
234075,0
234097,1220500
234121,0
234130,559000
234147,8653300
234152,557600
234157,1277000
234183,92700
234191,0
234192,1159000
234193,2959800
234196,300000
234198,205100
234202,327300
234212,5821500
234220,150000
234230,150000
234234,0
234238,268700
234248,350000
234257,0
234258,400000
234278,1388900
234283,71800
234287,0
234292,0
234320,472000
234347,1080500
234361,802900
234382,0
234393,0
234457,0
234502,149000
234523,1201700
234546,5708600
234585,78300
234618,120000
234624,250000
234633,150000
234634,513500
234635,117000
234641,395400
234648,0
234654,89500
234669,695000
234682,1313200
234729,71500
234756,0
234766,277500
234768,200000
234779,0
234804,0
234807,269000
234850,404400
234862,1105600
234901,0
234913,548000
234959,150000
234991,0
234992,150000
234999,530800
235007,0
235010,381000
235012,297500
235049,0
235068,7517400
235085,1819000
235090,335100
235096,0
235097,514000
235104,2255100
235117,350000
235143,40800
235146,508600
235156,0
235172,753200
235187,949900
235235,210100
235245,196000
235250,150000
235256,200000
235270,125000
235311,403000
235323,495500
235324,490000
235326,540000
235345,3626400
235348,380200
235373,2539500
235374,0
235415,350000
235431,101800
235434,94500
235460,5836400
235479,259800
235490,450000
235502,500000
235516,812000
235541,407700
235551,437500
235559,747500
235562,541800
235564,217200
235592,520000
235602,480500
235603,179600
235611,137500
235629,0
235635,796000
235636,1196400
235649,264800
235654,0
235673,306200
235676,300000
235681,1971500
235696,927900
235711,970000
235722,402500
235725,700000
235727,1332000
235748,300000
235765,0
235769,539300
235777,2812200
235846,330000
235849,163500
235865,941000
235877,0
235882,570000
235885,400000
235910,1157400
235923,813800
235930,295100
235933,200000
235952,650000
235974,0
235981,70000
235992,200000
235993,150000
236019,400000
236038,329800
236044,1100000
236061,2100000
236077,830000
236104,532000
236115,464000
236137,0
236185,222000
236203,301000
236219,902300
236224,300000
236229,430000
236248,585000
236262,313800
236305,512500
236312,0
236334,918300
236339,350000
236345,200000
236374,1070000
236378,300000
236382,441300
236431,15530400
236438,0
236466,258000
236473,0
236477,0
236483,0
236506,1580000
236555,396000
236597,276500
236622,164900
236640,971700
236646,372000
236650,234000
236655,100000
236685,0
236687,650000
236700,9345000
236712,767500
236713,362300
236727,8400
236729,161600
236746,0
236749,154500
236756,920200
236761,0
236762,4566900
236764,450000
236768,4001500
236795,1585500
236798,154000
236805,0
236831,294000
236835,780000
236838,778300
236842,262500
236868,1056200
236918,2204400
236930,500000
236932,350000
236934,532200
236954,0
236964,288000
236972,0
236999,343000
237003,865000
237011,200000
237015,1047800
237017,300000
237032,277500
237034,0
237052,250000
237068,1079800
237082,100000
237098,470000
237103,237900
237108,182000
237163,210000
237186,130000
237193,1402600
237194,529500
237212,95000
237216,530000
237217,1532700
237218,1700000
237219,200000
237232,417500
237265,297000
237304,127500
237306,150000
237310,416500
237313,246500
237316,146200
237319,237000
237352,765500
237357,400000
237386,177000
237388,280000
237405,185100
237475,1299000
237485,290000
237486,333500
237512,500000
237524,150000
237552,0
237582,193000
237593,0
237598,922000
237612,2100400
237630,852000
237633,1591700
237652,1063800
237676,251000
237682,828000
237685,238500
237699,999600
237706,0
237710,692000
237722,417500
237727,0
237736,1150000
237746,29600
237756,4364100
237757,330000
237780,450000
237786,402000
237793,0
237795,350000
237796,841700
237808,132700
237821,1275400
237827,600000
237833,377000
237855,0
237864,700000
237874,900000
237876,160500
237877,809500
237894,300000
237900,9627200
237901,400000
237907,5497100
237929,208000
237936,0
237953,300000
237954,0
237955,467800
237963,450000
237964,6151000
237970,0
238007,0
238039,4202100
238047,650000
238058,150000
238075,509900
238079,2154800
238080,275600
238109,300000
238132,0
238143,0
238144,705600
238153,170000
238157,0
238158,330000
238171,743700
238192,904000
238215,350000
238233,180000
238249,18169700
238260,1533900
238262,285000
238263,0
238265,0
238267,13600
238287,460600
238303,1717300
238312,620500
238331,66000
238340,260800
238348,11159300
238357,198200
238364,250000
238365,0
238385,553500
238387,727500
238399,350000
238406,360700
238409,0
238412,400000
238416,399000
238417,414000
238418,528000
238423,108000
238434,0
238455,400000
238465,366400
238471,0
238476,0
238483,800000
238491,600000
238523,630000
238534,150000
238537,2806100
238563,518000
238571,450000
238572,1570300
238600,144200
238608,90000
238670,630300
238678,1072300
238684,387000
238692,788200
238719,236000
238722,0
238726,597000
238760,1187500
238772,623800
238778,500000
238801,3224000
238818,471500
238828,442700
238833,98000
238836,83400
238884,1692000
238893,0
238899,408000
238933,1978800
238967,450000
238982,514800
238986,574000
239050,55300
239075,280000
239076,0
239084,1214700
239104,590000
239107,1026500
239114,3966000
239116,5341900
239164,150000
239218,0
239223,1199000
239233,1284700
239244,837000
239247,770000
239259,0
239263,0
239266,492000
239284,1042900
239294,867700
239318,155700
239323,1697100
239325,230000
239342,820000
239346,250000
239365,373500
239366,3662000
239373,7143700
239376,1268000
239378,400000
239399,0
239405,364000
239416,400000
239434,800000
239470,200000
239481,3048400
239487,460000
239497,304000
239506,150000
239516,395500
239517,75000
239518,409500
239555,600000
239585,145900
239603,250000
239639,1092500
239663,305200
239685,359400
239702,543500
239707,150000
239746,630000
239752,0
239755,376500
239760,427800
239779,0
239805,358500
239810,0
239817,150000
239818,3351500
239821,1280000
239831,150000
239834,723000
239858,9710300
239882,449900
239890,290000
239891,1014000
239893,414000
239901,635000
240009,430000
240011,1654800
240014,74000
240045,300000
240057,467500
240081,473200
240083,145000
240104,340000
240113,457200
240121,0
240141,698500
240150,23054600
240164,0
240175,700000
240179,400000
240198,445000
240218,756000
240244,0
240251,563500
240264,583400
240310,0
240317,265200
240353,350000
240362,121600
240412,609300
240417,4253200
240426,477400
240428,350000
240484,488500
240493,482500
240510,456000
240526,644000
240527,0
240528,2430500
240541,543000
240551,0
240552,388500
240557,150000
240566,0
240589,1000000
240599,267000
240619,278100
240644,0
240646,600000
240647,200000
240659,567000
240694,153900
240709,302500
240710,458500
240721,314000
240786,200000
240800,150000
240829,100000
240830,150000
240839,225000
240847,0
240848,191000
240851,110000
240853,200000
240855,1594000
240866,1019300
240897,461000
240918,400000
240920,0
240933,442000
240958,0
240979,200000
240981,400000
241031,720500
241033,790000
241051,0
241057,1700000
241062,150000
241069,75000
241090,410500
241121,0
241135,0
241152,634100
241166,0
241179,15200
241192,250000
241202,0
241226,1989000
241245,831000
241254,432500
241269,286000
241270,4850000
241271,110000
241286,2726600
241294,0
241299,0
241302,309000
241304,160000
241321,0
241323,137600
241345,200000
241349,0
241358,182000
241380,475600
241391,607700
241398,683000
241430,364700
241436,1754900
241441,324300
241463,421200
241467,520000
241469,225500
241470,700000
241487,9962100
241503,0
241532,632000
241557,5869500
241584,1000000
241593,150000
241603,799000
241644,150000
241683,927500
241685,1749600
241697,150000
241712,11824100
241785,822400
241790,312000
241805,400000
241832,250000
241852,150000
241876,0
241882,5905000
241894,0
241902,578500
241925,37600
241944,0
241953,385000
241973,424400
241977,500000
242011,150000
242027,478800
242030,328000
242041,0
242083,7168000
242088,400000
242101,1003900
242105,250000
242116,682000
242119,450000
242126,150000
242138,116200
242172,1189500
242212,176500
242213,520000
242216,3801700
242242,150000
242246,356500
242254,139600
242275,0
242280,400000
242292,200000
242299,275000
242325,0
242327,0
242328,0
242384,1595100
242390,1434600
242392,2535200
242423,0
242437,550000
242463,150000
242467,500000
242474,0
242496,450000
242498,70000
242499,161000
242506,400000
242507,80000
242508,390500
242520,450000
242531,510000
242535,252000
242557,200000
242559,457000
242573,135000
242580,1029300
242582,472500
242587,450000
242588,21900
242634,150000
242670,221100
242688,2251000
242701,2691200
242707,1246000
242708,105000
242726,0
242742,2867900
242748,717300
242755,550000
242773,450000
242789,0
242795,450000
242825,0
242826,1035300
242842,0
242860,200000
242883,470000
242899,200000
242918,0
242931,0
242939,479600
242970,361900
242986,3754800
242996,0
243005,0
243036,0
243045,825300
243064,757600
243081,280800
243083,592500
243087,400000
243094,0
243096,250000
243103,439000
243111,504300
243138,362500
243144,0
243149,137000
243172,315400
243178,818000
243187,1591900
243191,183000
243269,0
243282,189600
243307,500000
243316,578000
243318,522600
243331,292000
243340,88000
243353,892100
243363,40000
243407,0
243412,300000
243426,156000
243428,278000
243430,597500
243469,350000
243476,258300
243489,624800
243497,2152500
243500,3434000
243524,0
243526,200000
243531,0
243544,65800
243548,170100
243549,0
243565,435800
243567,609500
243568,150000
243589,349800
243590,1406600
243604,331500
243605,145000
243607,345600
243609,350000
243615,1008900
243629,1538500
243645,4339300
243658,1125000
243662,300000
243665,647000
243672,0
243734,2261000
243772,294000
243802,2624000
243817,350000
243824,5005600
243829,183000
243835,4098800
243850,250000
243874,388800
243878,151000
243879,610900
243891,0
243910,0
243917,800000
243924,0
243934,1609300
243938,490300
243958,623500
243972,0
244012,750000
244015,93000
244023,4942200
244042,150000
244043,400000
244045,608000
244051,0
244061,6635900
244075,70000
244100,250000
244102,0
244109,1120000
244138,0
244140,441900
244189,400000
244193,400000
244199,130000
244215,610000
244222,350000
244235,300000
244277,371100
244280,0
244294,0
244330,2021100
244345,492000
244356,345000
244360,250000
244362,150000
244377,0
244379,344000
244397,1445800
244423,7984000
244455,462500
244466,486400
244470,247800
244489,150000
244537,0
244547,0
244557,275000
244562,83400
244576,1309000
244588,350000
244599,150000
244622,557000
244638,0
244652,826400
244657,265800
244673,1917900
244678,428700
244723,618900
244736,722500
244740,115500
244762,2100000
244765,161100
244846,2209000
244859,811000
244865,34500
244874,99000
244899,0
244932,204900
244952,920000
244961,1860000
244964,1660000
244968,1374800
244991,1617800
245029,5156000
245031,0
245051,1165100
245052,370000
245055,1267500
245075,1111400
245090,2147700
245102,4039100
245110,1631800
245132,1451000
245134,942700
245136,250000
245145,580000
245171,1089300
245181,600000
245183,1046000
245216,732500
245228,581400
245238,150000
245242,0
245258,535000
245260,644500
245262,312000
245265,529500
245269,140000
245282,1112300
245285,0
245289,200000
245309,0
245323,0
245346,466000
245361,598800
245372,123500
245375,0
245400,234000
245401,1720500
245405,253800
245414,445100
245416,720000
245438,559500
245443,524800
245453,385800
245455,400000
245464,4291600
245474,300000
245475,300000
245480,159300
245481,338700
245485,462200
245493,342000
245506,0
245509,1990400
245516,140000
245532,92500
245537,772000
245546,0
245548,2504800
245575,150000
245579,1082600
245637,474400
245645,240000
245656,995300
245691,1255000
245696,500000
245707,702500
245711,87000
245715,0
245722,421000
245724,80000
245736,1365300
245768,358800
245787,831200
245788,397000
245809,250000
245824,251000
245829,615600
245840,0
245857,781800
245869,95200
245879,0
245880,1743200
245886,7150200
245909,210000
245922,584600
245926,0
245938,512000
245967,250000
245974,961100
246008,417500
246031,244800
246043,726100
246049,1209000
246054,255000
246079,400700
246089,165600
246113,350000
246128,250000
246136,0
246147,475000
246171,0
246183,136000
246186,325000
246189,600000
246202,892800
246229,142000
246243,0
246247,225000
246250,462600
246253,150000
246255,997900
246262,486800
246263,824400
246296,610800
246299,0
246365,504500
246410,1881000
246422,0
246424,337500
246438,387500
246471,633400
246476,0
246498,6000000
246505,151100
246556,628500
246559,4145800
246588,350000
246614,687200
246622,70500
246632,331500
246641,546500
246664,341500
246666,0
246667,0
246682,3001100
246683,342000
246686,560800
246695,629000
246698,673500
246700,140000
246710,754900
246721,427500
246737,0
246753,655000
246756,290000
246773,1428900
246794,2257500
246807,70000
246818,400000
246821,1402500
246823,199700
246829,143400
246830,413000
246843,0
246848,507000
246858,400000
246861,450000
246881,300000
246891,300000
246897,290000
246906,973000
246916,0
246932,263500
246934,176500
246935,704000
246951,2000000
246984,0
246985,70000
246998,144500
247019,350000
247023,818800
247053,840500
247055,4743200
247083,485500
247089,0
247105,2107400
247107,0
247116,132000
247118,350000
247129,3583300
247188,450900
247189,447600
247197,473200
247198,150000
247221,685200
247227,285000
247271,0
247280,500000
247289,142000
247313,0
247315,0
247317,402500
247318,460000
247342,349400
247343,655500
247370,152500
247382,400000
247404,300000
247407,2425500
247414,144000
247439,2802700
247441,442300
247447,525700
247475,350000
247477,0
247489,567000
247494,1973200
247503,142000
247510,169000
247561,345000
247581,70000
247611,0
247621,0
247625,1109600
247635,463000
247642,440200
247649,165000
247650,2675000
247651,1229000
247669,0
247686,626200
247692,470000
247697,387600
247712,500000
247716,0
247724,323400
247730,365300
247744,116000
247778,671000
247791,0
247853,63000
247861,0
247869,210000
247886,300000
247906,250000
247929,9614500
247930,1491300
247942,0
247964,2530200
247970,458500
247976,0
247995,400000
248013,1658800
248022,318300
248028,437500
248063,353700
248073,499000
248074,449000
248090,200000
248092,375000
248110,350000
248115,350000
248122,225500
248127,250000
248138,52800
248146,0
248151,1538700
248171,850000
248175,150000
248177,389000
248179,395000
248205,180000
248207,1786200
248220,0
248221,4053000
248226,500000
248255,222300
248275,386000
248278,113000
248291,281500
248295,1109600
248308,3700000
248319,0
248320,5470600
248323,200000
248333,61300
248339,687300
248383,427600
248402,1205900
248409,150000
248419,4700000
248423,0
248424,5993400
248425,234500
248429,6100000
248432,86000
248442,406900
248447,0
248465,0
248481,435100
248497,108500
248548,0
248583,745100
248621,1194000
248634,0
248647,358500
248655,350000
248673,0
248708,200000
248722,2202700
248728,449900
248729,9856600
248753,247000
248765,42200
248778,350000
248787,0
248793,250000
248801,250000
248831,430000
248861,0
248866,338000
248886,837500
248896,0
248907,1211800
248914,450000
248922,731800
248924,1194500
248935,21000
248987,1600000
248988,239700
248994,250000
249004,0
249028,277000
249037,160900
249045,450000
249077,1731800
249108,0
249115,526000
249120,9165800
249129,840000
249136,0
249144,1240100
249153,595100
249160,313700
249161,69000
249163,900000
249165,782000
249173,150000
249175,3118900
249183,1377300
249189,4399300
249195,0
249199,500000
249221,0
249237,550000
249278,250000
249296,0
249376,12253400
249387,465000
249388,297500
249391,1000000
249395,362000
249402,411700
249417,500000
249418,880000
249419,411700
249452,500000
249457,268200
249484,553200
249513,165000
249612,31000
249625,708800
249629,12800900
249639,197500
249642,458500
249647,0
249650,1297500
249653,0
249655,108000
249661,0
249663,516100
249664,14773600
249669,352500
249707,3745500
249749,2621800
249773,0
249775,547000
249777,0
249795,533100
249813,1116800
249817,0
249825,1057700
249828,1279000
249838,38000
249851,12708800
249855,265000
249881,353000
249930,475000
249939,619000
249951,422000
249954,0
249964,405000
249989,766800
249991,250000
250012,96000
250042,273000
250069,30000
250113,144300
250137,0
250149,473700
250163,1176800
250221,472000
250235,0
250252,1579000
250253,458300
250274,427300
250291,306600
250300,400000
250301,1502000
250302,300000
250322,200000
250323,268000
250327,0
250346,0
250358,500000
250359,816000
250363,322400
250365,1000000
250368,450000
250377,0
250380,0
250383,150000
250384,576000
250390,1329300
250401,1600000
250410,180500
250437,414500
250474,0
250505,600000
250543,350000
250552,0
250558,485000
250566,100000
250568,0
250589,135000
250597,0
250606,484800
250611,0
250643,0
250658,271000
250669,0
250672,4470000
250739,350000
250741,145500
250751,200000
250752,679500
250900,620000
250911,1095700
250915,585600
250929,24500
250931,810500
250938,360000
250942,1372200
250981,957200
250984,300200
250988,500000
250989,2132900
250997,350000
251014,1053700
251025,2689700
251051,200000
251057,1127700
251060,400000
251065,945000
251068,302000
251108,300000
251115,250000
251123,0
251130,2495100
251141,330900
251197,150000
251198,356000
251221,1383000
251224,250000
251241,42000
251266,728000
251269,3408000
251277,150000
251288,1438000
251293,2450000
251308,89100
251314,281300
251346,580000
251351,0
251375,8248300
251376,457600
251379,355300
251396,400000
251415,420000
251463,132300
251480,0
251512,2290100
251524,500000
251530,150000
251557,8152900
251571,0
251578,0
251591,200000
251615,2103200
251619,350000
251635,0
251641,509300
251667,381000
251680,0
251684,19700
251696,318500
251730,957800
251734,257500
251735,136800
251761,0
251779,351400
251785,365000
251840,150000
251854,0
251872,1112500
251884,301000
251896,7283500
251910,647400
251915,328500
251921,4332000
251924,750000
251982,369800
251997,170000
252003,0
252038,524000
252039,550000
252040,136200
252048,1201800
252054,156000
252061,24000
252118,150000
252119,1087500
252172,300600
252174,238500
252195,0
252196,269700
252197,4200000
252198,1573900
252200,260300
252211,250000
252215,340000
252226,98000
252232,5227000
252246,1492500
252268,0
252279,262000
252280,897200
252285,250000
252295,102500
252303,940400
252321,800800
252325,1204000
252332,2366300
252357,229000
252362,1091200
252387,1167600
252389,950000
252394,3199300
252402,150000
252403,200000
252414,144000
252422,400000
252424,300000
252443,545000
252474,2012500
252484,780000
252488,150000
252499,0
252502,458600
252519,150000
252544,3887600
252553,356200
252558,1455900
252560,0
252572,334000
252586,250000
252612,0
252624,2090800
252635,0
252639,3808900
252643,1250000
252652,0
252689,610100
252691,2244600
252697,110000
252698,150000
252705,480000
252710,350000
252712,1470000
252719,250000
252725,269700
252733,330600
252766,214800
252769,1978400
252773,236800
252779,199000
252793,400000
252798,51000
252799,1286200
252810,1132000
252813,643600
252815,400000
252817,290000
252836,344500
252843,150000
252856,200000
252861,0
252864,290000
252872,150000
252906,300000
252907,800000
252908,442800
252911,150000
252914,494500
252923,1019500
252924,0
252965,0
252977,162000
252984,457200
252985,530000
253023,450000
253025,401100
253031,0
253036,617000
253043,0
253049,171000
253052,0
253078,481000
253082,786000
253086,350000
253087,454000
253088,194000
253094,0
253107,350000
253125,450000
253158,300000
253168,187700
253169,483000
253172,400000
253186,0
253188,366500
253207,349500
253220,377000
253221,490000
253227,395000
253233,20000
253237,54800
253242,400000
253284,350000
253323,0
253333,286000
253342,0
253348,371300
253380,400000
253384,155000
253387,670000
253431,0
253432,670000
253433,0
253440,176000
253504,200000
253511,0
253528,429000
253530,164300
253545,0
253569,150000
253607,300000
253619,935000
253622,0
253628,217400
253634,482500
253638,254200
253639,434000
253660,550000
253664,150000
253679,0
253690,820000
253694,1220200
253702,643700
253705,220000
253726,0
253788,5471700
253809,721000
253832,133000
253834,1440000
253847,100400
253848,0
253859,400000
253863,12261700
253892,682000
253895,0
253910,350000
253924,659000
253948,0
253952,827000
253978,339600
254042,350000
254051,0
254063,341600
254070,2399500
254082,338000
254121,470000
254155,6581900
254166,400000
254181,409500
254191,213300
254208,63000
254271,388300
254348,0
254367,3383100
254384,600000
254395,681700
254429,0
254441,0
254450,500000
254461,156000
254493,2050000
254495,365300
254507,4443100
254530,493200
254549,0
254561,128000
254564,107000
254576,0
254581,150000
254585,0
254606,142000
254607,67766700
254689,314000
254712,32000
254726,0
254748,1068400
254798,100000
254866,250000
254880,567000
254892,268700
254940,0
254960,810000
254997,150000
255016,524800
255032,30000
255052,500000
255068,274000
255090,356600
255099,918500
255100,70000
255116,150000
255117,110500
255119,0
255124,0
255135,1515300
255151,0
255162,250000
255165,508000
255181,570000
255196,450000
255205,746200
255216,148500
255219,327500
255309,381500
255335,0
255376,82000
255382,400000
255403,1852100
255448,350000
255515,468900
255532,366500
255538,350000
255571,150000
255587,4106100
255613,489000
255617,411600
255619,611300
255638,1576200
255646,476500
255647,450000
255653,1510600
255666,1550000
255735,150000
255752,3307500
255753,150000
255754,0
255760,195000
255784,445600
255817,670000
255841,450000
255851,687000
255867,150000
255886,1600000
255892,400000
255897,470000
255899,2028400
255900,305000
255902,5853100
255921,70000
255942,115100
255978,0
255993,512200
255999,300000
256008,700000
256021,753000
256050,0
256062,0
256083,150000
256089,200000
256099,0
256100,3321000
256110,0
256111,150000
256132,782200
256135,0
256139,0
256144,1201600
256147,403500
256161,150000
256162,669900
256173,0
256174,1474200
256180,312000
256187,350000
256209,385000
256275,1201200
256279,172500
256288,428100
256289,2289500
256291,365000
256298,336000
256300,885300
256303,70000
256314,400000
256326,450000
256334,535000
256356,300000
256361,0
256423,108500
256425,12200
256436,64500
256447,1094000
256461,2234000
256465,0
256466,1206200
256476,200000
256493,456000
256558,2002200
256582,300000
256595,449000
256640,515000
256652,475500
256723,0
256730,0
256753,441200
256830,0
256832,1020000
256838,0
256864,1098000
256882,530400
256891,400000
256903,435000
256921,0
256952,350000
256953,566200
256960,356000
256967,0
257014,0
257026,229000
257085,0
257092,300000
257098,150000
257125,0
257138,0
257142,318000
257143,539000
257155,430000
257203,400000
257206,333600
257221,180000
257227,3414600
257229,0
257278,802900
257309,950000
257325,400000
257336,665500
257347,424000
257360,872700
257383,681800
257395,2347900
257403,372000
257485,1359000
257487,0
257517,0
257532,400000
257585,300000
257593,0
257609,481500
257610,348400
257611,389200
257612,480100
257661,437000
257722,3375500
257724,36900
257727,0
257738,2948600
257744,0
257757,1307900
257804,500000
257857,250000
257935,433300
257938,360400
257971,350000
257992,176700
258018,400000
258084,1447200
258128,1729600
258136,90000
258155,520000
258176,80000
258190,990000
258216,4986300
258225,417900
258233,467500
258261,150000
258263,0
258292,115000
258293,60000
258309,250000
258330,0
258356,215000
258430,945000
258431,150000
258521,150000
258528,1310400
258533,450000
258576,150000
258594,966200
258629,0
258673,522500
258715,0
258722,879000
258735,0
258741,442000
258762,0
258888,568700
258942,334700
258944,299800
258952,200000
258963,303000
258965,465800
258981,450000
259040,1268800
259108,728300
259146,250000
259204,934000
259211,240000
259233,744500
259245,0
259281,0
259282,0
259287,545000
259346,0
259348,387000
259350,7746900
259361,800000
259373,406300
259374,150000
259377,0
259384,0
259420,0
259433,408500
259449,150000
259467,300000
259476,456700
259487,0
259502,0
259553,250000
259613,350000
259666,823400
259677,230000
259696,445000
259702,179300
259789,430000
259798,0
259806,244500
259828,277500
259834,1625000
259893,1781800
259901,300000
259926,477000
259932,335300
259935,450000
259948,1264500
259950,100000
259951,140000
259966,0
259976,100000
259984,0
260003,400000
260006,150000
260019,650000
260033,653000
260045,1199400
260096,8277800
260133,567500
260141,400000
260163,570000
260197,0
260200,400000
260210,0
260213,150000
260214,380000
260235,4867400
260236,520000
260240,201200
260245,426000
260256,1000000
260260,450000
260267,274000
260272,0
260275,0
260282,1039000
260296,957700
260308,175000
260310,947700
260322,304200
260357,964400
260360,431000
260370,370000
260406,0
260413,120000
260421,412000
260428,0
260474,150000
260483,739000
260488,1523200
260491,0
260502,0
260511,561500
260516,525000
260519,350000
260549,95000
260572,310000
260576,0
260616,387700
260623,187800
260635,259500
260636,350000
260655,500000
260700,750900
260730,190400
260823,350000
260871,0
260912,3502600
260925,245000
260938,0
260992,500000
260996,848600
261022,219000
261039,530000
261077,300000
261098,1657600
261118,388500
261158,640000
261199,200000
261235,275000
261239,330000
261240,903800
261273,420000
261276,0
261293,608800
261332,350000
261399,876600
261414,310000
261424,462700
261441,47500
261479,431800
261519,0
261524,515200
261534,6108800
261553,806000
261569,658600
261584,0
261591,400000
261604,322500
261626,1350500
261681,520000
261714,1650000
261760,0
261791,392000
261831,400000
261834,417900
261844,504700
261845,752400
261857,9293100
261860,137500
261881,0
261904,773200
262015,676100
262036,600000
262037,0
262044,390200
262056,0
262057,350000
262066,500000
262073,585500
262087,625900
262100,0
262105,742000
262108,486100
262116,200000
262121,150000
262125,0
262131,0
262157,204000
262167,2234700
262180,400000
262190,2021400
262191,415300
262215,0
262220,430200
262224,3799200
262225,906800
262254,3443400
262267,478400
262273,335000
262276,1147000
262281,678000
262286,384000
262292,1164000
262294,400000
262308,0
262335,300000
262341,7153100
262360,330800
262397,427300
262412,0
262414,60000
262428,300000
262433,269700
262443,200000
262519,10643100
262520,291000
262557,757000
262569,266800
262583,200000
262620,1030000
262633,370500
262642,0
262648,827000
262662,726500
262665,33753900
262682,550000
262687,587000
262693,240000
262704,0
262709,331300
262716,0
262756,235800
262765,422500
262772,639000
262818,350000
262825,0
262837,3084400
262843,300000
262844,263000
262847,140000
262852,0
262853,257500
262854,200000
262883,730000
262889,590000
262892,525200
262948,908300
262965,702500
262978,0
262979,400000
262999,194200
263008,150000
263011,211900
263017,1263500
263018,1016000
263043,330000
263048,920000
263071,2525200
263095,282000
263107,150000
263121,495800
263124,1339500
263131,525400
263179,150000
263230,1098000
263263,495000
263271,39900
263290,570000
263300,650000
263304,717400
263320,13352600
263346,0
263357,30800
263385,418500
263393,405000
263409,0
263429,150000
263460,361000
263466,0
263468,528000
263526,624000
263561,338300
263567,951300
263570,370800
263590,200000
263596,221700
263611,476000
263687,962100
263690,105800
263708,703400
263720,531400
263721,0
263751,898700
263760,976700
263771,150000
263811,0
263814,326500
263824,0
263846,308000
263878,784000
263880,3350000
263883,2316500
263900,5473900
263904,0
263924,400000
263930,661000
263983,3096900
264006,350000
264032,655000
264075,818000
264128,843900
264129,342000
264133,0
264146,831000
264175,290000
264195,3020000
264203,670000
264231,3190600
264238,600000
264249,393000
264273,0
264284,84000
264300,220000
264308,400000
264319,400000
264323,777000
264326,130000
264344,350000
264348,440000
264349,0
264371,300000
264376,0
264383,260000
264384,498500
264388,1245000
264420,597700
264436,1050000
264448,197700
264462,620000
264516,856500
264529,1624100
264536,600000
264539,0
264556,500000
264579,492000
264620,300000
264668,370400
264674,0
264724,0
264742,0
264747,740000
264753,154000
264767,567500
264782,346400
264784,0
264825,0
264846,540500
264850,110000
264895,84000
264943,0
264973,467200
264986,769000
265004,1076700
265017,209400
265030,200000
265046,0
265086,25900
265093,500000
265101,4311000
265104,0
265127,725400
265129,857000
265150,150000
265161,0
265218,192000
265230,5143800
265244,157000
265253,343500
265261,50000
265271,1233300
265294,0
265312,0
265332,538000
265336,500000
265344,550000
265391,426000
265420,0
265424,401000
265435,400000
265437,150000
265449,165500
265487,424300
265488,1146900
265509,1960000
265519,360000
265567,300000
265586,3005100
265607,350000
265611,640000
265625,457100
265652,200000
265662,200000
265677,350000
265678,450000
265701,342500
265715,4116900
265719,450000
265722,0
265733,375000
265781,128000
265791,303000
265805,559500
265817,422700
265835,375000
265858,476500
265861,620000
265866,2256100
265887,750000
265905,237000
265916,219000
265939,394700
265969,400000
265989,0
265994,860100
265995,852500
266005,297500
266051,85000
266074,4509900
266084,483600
266098,362100
266120,27900
266134,543000
266144,77000
266147,0
266194,0
266214,0
266215,768000
266218,1316500
266219,235000
266220,120000
266223,901000
266225,150000
266236,0
266260,528000
266300,0
266304,0
266310,150000
266316,0
266334,258000
266336,599200
266372,400000
266397,150000
266432,0
266461,394000
266481,2535700
266494,39900
266496,281900
266498,611200
266506,984100
266516,1306100
266519,150000
266520,355000
266524,1168000
266533,0
266544,150000
266546,431500
266569,330000
266591,0
266599,150000
266615,318000
266619,9800
266635,373400
266655,1066000
266676,163900
266678,163800
266685,6780800
266691,526200
266698,250000
266716,5417600
266749,160000
266760,0
266762,6334700
266795,0
266813,240000
266818,350000
266820,248000
266861,150000
266874,429500
266876,258000
266904,250000
266920,200000
266930,400000
266968,0
266976,690000
266979,145000
266992,71400
267014,148400
267017,150000
267021,2234800
267028,527000
267035,0
267048,486000
267049,520000
267057,395100
267070,445400
267073,2008600
267097,3235400
267110,0
267126,0
267136,255000
267143,350000
267148,458500
267154,683000
267163,0
267170,150000
267176,437500
267178,150000
267185,4013900
267187,26572000
267195,103000
267197,687900
267214,436000
267229,37000
267245,4745000
267259,619900
267300,304700
267314,387000
267342,0
267358,290000
267376,0
267423,247500
267430,305000
267441,400000
267445,465100
267455,500000
267468,276000
267471,255700
267476,0
267483,565000
267484,637800
267485,135800
267486,270000
267487,500400
267503,2701800
267520,150000
267537,0
267558,855200
267563,3677700
267567,605500
267572,2162000
267581,180000
267616,0
267641,287200
267672,943500
267675,0
267685,184600
267717,508800
267733,193900
267739,390500
267752,150000
267756,1093800
267771,1858000
267774,622000
267778,350000
267807,840000
267813,140000
267823,70000
267831,457000
267845,150000
267862,0
267869,462000
267881,11293100
267884,396500
267902,332500
267931,3205100
267935,500000
267938,1000000
267969,407000
268001,250000
268006,0
268007,450000
268030,250000
268059,0
268078,30348000
268085,425800
268101,447100
268102,0
268118,4233500
268138,150000
268145,387000
268189,1990700
268191,468800
268197,0
268224,858000
268233,650000
268249,143500
268256,187000
268271,499400
268289,350000
268292,150000
268304,650000
268334,0
268343,595000
268360,250000
268361,976000
268366,201000
268382,350000
268388,245900
268418,0
268429,550000
268448,2459800
268492,450000
268505,1005100
268539,151800
268544,496000
268548,2053100
268551,0
268561,3314300
268579,161300
268612,405000
268621,552000
268685,1193800
268709,0
268744,630000
268790,545400
268794,400000
268802,150000
268803,250000
268810,900000
268822,481000
268825,1926000
268830,595000
268834,150000
268841,1777800
268866,513500
268868,344000
268891,200000
268892,0
268908,0
268911,467500
268970,103000
268982,428200
268984,0
269004,173400
269053,0
269077,581000
269089,3530700
269129,543800
269141,175000
269174,0
269177,0
269293,200000
269310,850900
269330,343000
269336,322300
269338,451700
269366,190000
269367,300000
269368,386700
269369,114200
269381,0
269401,195000
269406,264000
269422,990000
269430,257600
269431,150000
269434,609100
269436,271600
269447,150000
269459,493000
269469,2587500
269473,4748300
269479,91000
269500,622400
269507,0
269509,0
269566,0
269572,533400
269584,329500
269594,290000
269612,308000
269614,557000
269622,400000
269624,331800
269630,400000
269639,0
269642,449100
269653,150000
269693,200000
269701,78500
269749,0
269754,484000
269758,750000
269767,220000
269782,1486100
269786,0
269804,934600
269810,1283000
269842,0
269844,0
269862,136000
269866,500000
269869,450000
269874,395800
269875,1929100
269904,5075500
269927,0
269931,0
269939,729900
269940,542000
269943,164000
269949,1077000
269959,300000
269968,0
270016,245000
270028,1550000
270040,600000
270044,215500
270048,299400
270055,633300
270064,350000
270065,13556100
270125,1050000
270165,350000
270179,400000
270195,514200
270210,600000
270211,420000
270218,150000
270224,288200
270233,150000
270236,252000
270243,500000
270254,0
270277,185000
270289,0
270298,410000
270313,2294500
270325,485500
270335,442000
270344,162000
270380,0
270397,1145000
270398,493600
270404,489700
270430,150000
270444,500000
270464,350000
270470,1190000
270473,2870200
270487,893500
270488,180000
270513,170000
270522,885000
270526,686000
270534,2135800
270547,129000
270549,1155900
270551,150000
270559,0
270560,150000
270575,4200100
270597,174000
270599,3307000
270604,150000
270618,200000
270629,0
270635,974400
270650,350000
270652,12918000
270660,5300
270673,350000
270678,0
270682,0
270748,0
270762,0
270815,206100
270833,9742000
270845,856000
270853,150000
270859,1245500
270861,350000
270863,5421300
270870,350000
270886,1595600
270901,557200
270941,495000
270951,675000
270955,495000
270972,117000
270991,200000
271002,450000
271003,2075000
271004,700000
271026,510000
271045,39400
271051,398600
271078,492700
271079,3469000
271082,200000
271115,22800
271120,195900
271143,518800
271153,570600
271160,258500
271161,452500
271173,49000
271185,1485800
271211,79000
271224,0
271238,316600
271253,795000
271262,2823500
271272,366500
271300,0
271325,0
271334,424500
271343,7908500
271352,190100
271360,1046300
271371,0
271376,600000
271384,387700
271387,795700
271393,150000
271405,0
271408,300800
271422,131000
271425,4632900
271432,299000
271435,300000
271436,150000
271440,0
271461,450000
271463,826500
271464,250000
271474,1326000
271476,396000
271482,487500
271483,1914000
271502,400000
271531,0
271532,489000
271534,5609800
271535,70000
271558,70000
271584,150000
271597,7600000
271610,2746800
271630,727400
271640,1272000
271644,0
271686,650000
271690,2672900
271699,155500
271706,250000
271707,294000
271720,745300
271755,250000
271773,200000
271775,729800
271776,357000
271783,112000
271792,306000
271793,164800
271810,0
271836,150000
271837,0
271841,1264300
271843,5608300
271862,1057500
271864,426500
271865,392000
271882,357000
271885,472000
271887,450000
271897,1067000
271898,238600
271909,3067300
271914,164000
271920,140000
271934,175500
271942,200000
271949,949000
271958,0
271964,448000
271970,1620000
271971,1474000
271972,133700
271997,685300
272032,125600
272038,822000
272053,350000
272056,0
272082,2027200
272083,422000
272092,737000
272093,350000
272096,2019800
272097,5867200
272101,583000
272106,11096500
272114,250000
272161,367500
272174,0
272196,976500
272248,88000
272254,18900
272281,354000
272286,367300
272293,120000
272295,0
272319,385300
272322,302000
272348,1300500
272356,216000
272358,618000
272361,301300
272366,2596000
272390,12459100
272402,759000
272419,0
272427,863000
272443,101400
272517,367200
272560,390100
272594,250000
272607,748500
272617,363500
272620,450000
272630,731600
272658,0
272696,299800
272704,1050000
272710,670000
272712,200000
272721,219000
272733,358500
272769,87000
272777,154500
272778,507500
272795,352900
272798,400000
272807,0
272808,0
272814,330000
272817,480000
272823,705100
272824,505500
272838,479500
272846,483300
272847,200000
272859,406300
272881,724000
272882,150000
272913,350000
273022,400000
273067,0
273079,484500
273088,422000
273161,0
273180,400400
273255,0
273398,900000
273399,0
273511,0
273558,1428500
273582,0
273586,215700
273635,603000
273644,0
273674,725000
273724,0
273732,602400
273755,400000
273830,0
273837,219300
273881,68800
273915,511200
273928,0
273954,350000
273987,9603800
274004,490000
274089,200000
274106,3109000
274182,5168900
274245,458500
274294,1359400
274320,128000
274346,271000
274406,2394900
274453,0
274506,1473500
274521,293500
274548,600000
274617,353500
274628,500000
274643,89000
274646,0
274656,512800
274670,800000
274705,150000
274734,500000
274769,677400
274775,539400
274833,670000
274861,350000
274910,444500
274977,415400
275022,81000
275040,0
275053,110000
275061,0
275076,452000
275089,150000
275145,1434700
275233,400000
275251,2905000
275290,749000
275292,400000
275343,250000
275383,333600
275427,335500
275435,400000
275448,391700
275478,36100
275516,372000
275522,200000
275538,0
275563,400000
275593,387000
275612,509600
275615,0
275627,0
275628,2050000
275636,137200
275717,0
275734,950000
275782,575000
275834,148700
275860,150000
275870,300000
275896,362700
275914,859500
275922,808800
275928,0
275969,1294200
276019,462900
276032,350000
276037,350000
276049,500000
276051,0
276054,150000
276067,500000
276074,504000
276111,150000
276112,500000
276132,505200
276147,70000
276149,450000
276151,341000
276159,449100
276172,203600
276190,4737300
276191,400000
276198,0
276268,299000
276293,936700
276313,385000
276323,1325000
276332,0
276405,846700
276452,685000
276549,400000
276558,347000
276640,5421900
276655,163000
276678,400000
276689,150000
276693,725000
276698,408800
276710,490900
276717,292500
276720,438300
276734,553300
276743,411100
276754,418900
276847,2066900
276854,350000
276890,75000
276936,344400
277165,230000
277235,7250700
277276,411000
277364,506500
277381,773200
277435,2922500
277496,0
277527,600000
277593,400000
277712,0
277733,0
277776,363800
277796,550000
277822,0
277929,150000
277976,561600
277980,700000
278026,397300
278033,0
278065,610000
278096,357500
278097,200000
278158,300000
278166,0
278197,3821100
278224,990000
278228,458700
278257,70000
278283,777100
278333,250000
278496,250000
278505,260400
278510,444600
278520,500000
278570,278500
278577,0
278680,1722600
278737,0
278759,0
278774,0
278787,400000
278866,554500
278867,475000
278883,150000
278911,1138000
279037,374500
279072,755800
279078,358400
279163,0
279170,0
279182,300000
279234,355100
279261,576300
279278,555100
279281,598800
279285,62500
279310,0
279375,198900
279376,900000
279414,250000
279418,325400
279473,632500
279532,215000
279558,409000
279633,337200
279771,350000
279826,800000
279991,0
279998,891200
280090,1526900
280147,520000
280205,300000
280248,214200
280259,530000
280332,627500
280335,400000
280398,372000
280419,150000
280440,21600
280503,500000
280521,1406200
280527,592200
280683,570000
280789,343700
280790,100000
280796,200000
280879,343000
280890,0
280957,350000
280959,127500
280960,36000
280985,435000
281023,0
281042,0
281068,0
281132,135000
281133,300400
281145,150000
281221,100000
281354,0
281418,0
281441,0
281456,350000
281465,291100
281469,679000
281475,250000
281480,0
281575,426500
281587,395400
281631,365600
281632,0
281662,150000
281669,0
281735,3405100
281776,450000
281797,832400
281928,300000
281944,184000
281953,350000
282004,0
282019,517900
282022,684500
282077,551900
282084,60000
282113,340700
282122,400000
282177,59400
282209,448400
282214,200000
282236,120000
282276,120000
282310,1001700
282366,0
282371,155100
282396,300000
282452,0
282501,420500
282604,1182000
282615,614200
282656,0
282674,750000
282700,155000
282745,441000
282780,150000
282826,3390300
282830,694000
282855,2065900
282876,350000
282943,450000
282966,0
282996,1150000
283000,480000
283031,120000
283074,0
283125,164700
283138,0
283143,1820600
283157,605400
283167,414300
283170,400000
283173,1208900
283188,211200
283227,748600
283233,732500
283284,714000
283305,538600
283317,431000
283320,456700
283346,1185100
283382,313000
283386,975300
283473,0
283777,2687100
283839,350000
283994,150000
284144,500000
284178,13538900
284228,351000
284239,925400
284256,833500
284263,200000
284349,0
284414,350000
284457,335000
284467,246000
284502,250000
284545,0
284553,403800
284563,0
284594,225400
284607,194800
284608,1072500
284652,300000
284735,418500
284785,250000
284865,0
284886,330000
284921,881500
284961,350000
284995,0
285022,300000
285077,210000
285082,582600
285211,550000
285273,400000
285340,500000
285375,463500
285385,380000
285397,466600
285424,350000
285429,400000
285456,350000
285470,860000
285515,1279200
285530,0
285534,805500
285567,0
285602,584200
285606,0
285644,350000
285681,0
285700,0
285705,4355100
285728,0
285735,584300
285754,519000
285756,0
285796,1103700
285855,340900
285929,69000
285968,150000
286005,187000
286027,284900
286063,395100
286095,222200
286118,400000
286159,250000
286192,197400
286206,10651100
286226,0
286241,150000
286264,300000
286378,622000
286526,0
286548,2454900
286609,0
286616,0
286620,940000
286782,524500
286819,0
286852,400000
286865,515800
286901,1458500
286903,422300
286914,291000
286925,661000
286938,21935100
286940,350000
286953,300000
287006,101500
287016,450000
287040,1918000
287073,367700
287089,424300
287091,696000
287102,547200
287115,1999300
287128,472500
287140,506000
287153,450000
287187,450000
287217,147100
287222,514300
287251,350000
287312,150000
287314,832000
287340,128000
287464,5424900
287474,100000
287502,318500
287503,452600
287525,744600
287593,400000
287603,220000
287670,700000
287675,194600
287760,413900
287795,0
287797,987200
287822,0
287832,350000
287835,400000
287850,1140000
287855,480000
287868,561000
287894,1192900
287976,0
288001,250000
288020,1059400
288087,605000
288098,0
288103,150000
288155,368700
288192,0
288203,450000
288205,981000
288229,250000
288252,850000
288278,285000
288301,943100
288317,367500
288373,795700
288377,523500
288379,591000
288452,150000
288460,0
288494,586000
288506,500000
288523,0
288613,463800
288617,1824000
288687,0
288702,268000
288711,467500
288719,1893300
288727,400000
288728,400000
288730,0
288744,2627300
288745,417500
288747,470000
288770,450000
288771,108000
288782,0
288786,1413400
288866,0
288888,0
288912,0
288917,0
288920,0
288932,1830000
288942,533500
288966,0
288990,350000
289000,1117000
289057,190000
289088,450000
289101,14315600
289104,969000
289139,0
289140,3082500
289145,418400
289301,150000
289331,350000
289429,200000
289461,400400
289493,150000
289559,250000
289577,0
289578,136900
289597,479500
289621,674500
289662,1760900
289693,299400
289800,0
289815,445000
290050,8625800
290096,450000
290107,2337000
290108,400000
290145,190000
290330,764000
290342,357800
290397,670000
290414,0
290465,330000
290507,580600
290510,125000
290541,359000
290593,1209700
290697,0
290747,713000
290793,456300
290804,386800
290821,227500
290827,350000
290880,0
290932,250000
291066,412000
291239,400000
291288,6118300
291303,70000
291407,1274500
291451,250000
291550,691300
291571,0
291608,0
291642,1320300
291652,0
291822,212400
291839,36000
291880,550000
291886,633300
291889,2636700
291890,306500
291898,569000
291918,467500
291933,482600
291935,0
292119,285000
292350,1012600
292368,331400
292378,250000
292440,1009200
292460,240000
292518,413000
292551,628100
292578,400000
292624,457600
292637,350000
292725,0
292788,275800
292797,1251700
292805,650000
292830,0
292888,266900
292892,0
292962,490100
292974,4138600
292977,0
293005,0
293046,165000
293081,728500
293091,442500
293099,400000
293105,1141400
293124,150000
293247,690900
293267,367500
293334,387000
293348,0
293355,0
293433,400000
293511,400000
293526,0
293546,943000
293559,729600
293634,1044800
293671,550100
293682,400000
293789,1275900
293824,332600
293826,519600
293835,370000
293869,140000
293946,525000
293951,617200
294025,425500
294052,417500
294056,350000
294064,630000
294090,1103900
294207,0
294229,992800
294253,201400
294255,460000
294273,2326300
294282,628400
294309,0
294311,190000
294359,304100
294364,1100000
294387,476000
294398,384500
294453,600000
294527,400000
294563,450000
294579,435000
294609,399000
294618,378800
294620,315000
294651,648500
294660,350000
294667,450000
294672,877000
294688,350000
294704,6268200
294751,0
294794,1952000
294799,0
294809,84000
294865,0
294927,0
294947,0
294948,0
294958,350000
295062,921200
295078,2997100
295160,587200
295182,0
295219,3090300
295221,430500
295226,200000
295270,4204900
295276,0
295285,743000
295355,305000
295360,500000
295366,417600
295371,450000
295372,3829300
295407,0
295435,0
295499,361000
295512,304100
295515,300000
295538,3129500
295567,245600
295574,205700
295635,995200
295666,489900
295671,385000
295706,650000
295710,910000
295718,590000
295723,0
295733,550000
295743,821100
295750,150000
295752,459800
295762,373500
295770,5294900
295781,0
295782,1374400
295796,200000
295798,400000
295799,381000
295813,550000
295883,150000
295887,250000
295900,636400
295946,2364800
295963,352300
296030,189000
296042,3868400
296051,500000
296068,600000
296074,8887100
296088,300000
296117,328000
296145,450000
296166,250000
296182,311500
296191,125000
296222,157100
296229,294000
296239,860000
296255,72000
296256,103200
296260,700000
296267,483500
296275,80000
296307,0
296320,0
296375,231000
296382,150000
296384,674100
296391,122000
296398,414000
296455,515000
296461,150000
296473,190000
296482,2171700
296489,125000
296500,644000
296503,1163500
296534,7012200
296546,155000
296555,450000
296557,155400
296574,200000
296614,1876400
296641,101800
296658,0
296663,350000
296688,800000
296691,605500
296706,325000
296761,927200
296774,2710500
296784,870000
296850,550000
296869,150000
296887,895000
296895,450000
296909,140000
296944,392500
296946,434400
296994,4192500
297017,831700
297025,725000
297044,417600
297060,117000
297074,0
297089,350000
297093,762500
297104,100000
297126,357500
297192,0
297203,105300
297231,175100
297251,910000
297301,398800
297310,280500
297360,670000
297388,500000
297406,500000
297410,677000
297427,422000
297446,1905600
297484,400000
297497,935500
297545,50000
297562,334500
297630,0
297669,350000
297671,250000
297710,400000
297714,0
297718,333600
297767,496200
297781,250000
297821,300000
297834,107000
297876,0
297895,780000
297926,300000
297969,0
297978,150000
297983,685000
298012,381000
298033,0
298037,200000
298056,350000
298121,0
298134,450000
298141,31600
298151,172500
298175,51500
298205,0
298279,450000
298281,400000
298287,650000
298329,685900
298359,0
298369,0
298377,1889000
298417,0
298423,183000
298451,1243000
298485,1898500
298491,147000
298523,586600
298530,350000
298556,575000
298557,1308700
298568,0
298569,2040000
298585,550000
298588,140000
298644,500000
298661,350000
298684,85000
298696,0
298697,3179700
298732,778000
298735,0
298745,350000
298752,497500
298764,600000
298832,654300
298834,500000
298857,409600
298906,1802800
298922,19000
298937,490000
298958,652700
298973,0
298993,0
298999,0
299129,70000
299300,39200
299319,429500
299350,0
299396,350000
299419,345500
299427,0
299429,245000
299468,0
299513,0
299521,130000
299814,891600
299896,499900
299933,170000
299937,500000
299949,0
299958,432000
299987,150000
300013,0
300111,0
300195,315000
300247,0
300353,0
300403,522200
300462,1802000
300478,450000
300564,300000
300604,1144200
300654,433500
300692,224000
300807,467500
300879,1590300
300906,591300
300936,0
300979,388500
301014,0
301040,499400
301053,326000
301070,450000
301084,427600
301120,796600
301134,1472000
301168,261000
301182,297800
301267,1367200
301274,339500
301290,202000
301311,0
301404,130000
301497,536700
301522,150000
301573,150000
301621,277000
301704,726000
301744,306000
301753,1157500
301758,200000
301813,140000
301836,0
301842,562200
301866,130000
301873,628000
301923,450000
301925,640400
301936,0
301944,150000
302013,95000
302032,417500
302051,2042000
302149,400000
302173,2030000
302194,131200
302208,1167800
302335,354000
302391,0
302428,500000
302435,150000
302484,1630800
302533,0
302597,103500
302615,862000
302680,450000
302710,0
302735,1067200
302770,500000
302772,0
302776,0
302853,500000
302921,381200
302987,1050000
302999,57600
303012,150000
303045,320000
303050,350000
303246,350000
303254,150000
303291,476500
303363,0
303400,400000
303495,5294000
303522,250000
303535,400000
303554,0
303605,150000
303616,408600
303666,852500
303699,1634400
303719,318800
303777,233300
303813,237600
303892,474400
303924,2071200
304081,0
304136,530000
304299,400000
304345,965500
304435,295300
304487,6141400
304577,1116000
304581,389000
304583,341300
304649,217500
304671,225000
304746,443000
304789,0
304823,1000000
304863,1078500
304873,0
304893,0
304950,400000
304981,500000
305011,445800
305073,327300
305076,0
305119,0
305148,0
305196,1910100
305203,0
305208,100000
305300,450000
305337,0
305360,90000
305405,400000
305434,2989900
305435,60000
305469,0
305474,0
305503,400000
305567,150000
305594,130000
305603,150000
305689,342000
305691,444800
305705,3762600
305713,1707900
305744,0
305762,3500000
305781,110500
305787,880600
305894,1021000
305996,0
306004,0
306185,500000
306221,0
306271,4803100
306284,350000
306307,435000
306309,300000
306366,0
306397,150000
306449,1430600
306482,234000
306488,218500
306507,908100
306510,0
306580,330000
306586,300000
306650,372900
306695,394100
306703,510000
306714,0
306730,190000
306735,439500
306752,420000
306757,0
306845,232800
306856,0
306953,450000
306966,0
307027,490000
307029,94400
307060,0
307076,234500
307104,400000
307118,400000
307127,551900
307141,1024900
307175,0
307189,150000
307190,0
307207,0
307215,330600
307283,434000
307360,0
307462,235000
307463,65800
307599,350000
307647,418000
307650,250000
307712,0
307721,360000
307746,478600
307757,100000
307764,1313700
307783,4512100
307801,0
307809,550000
307812,0
307839,830000
307860,363500
307883,272300
307926,472000
307937,145000
307982,1412400
307999,350000
308026,744000
308027,962500
308031,0
308053,737800
308121,2098800
308144,192600
308214,200000
308265,494500
308315,350000
308331,0
308332,236000
308339,0
308353,250000
308371,0
308390,934000
308406,400000
308433,207000
308436,577000
308470,275800
308478,645600
308487,1650500
308492,1857900
308502,0
308525,250000
308535,567000
308572,0
308582,350000
308663,703000
308665,195000
308677,450000
308685,2161100
308689,0
308693,16000
308767,690000
308782,0
308823,229000
308835,410100
308853,747500
308896,0
308905,250000
308929,2395200
308933,1489000
308946,411000
308968,500000
308991,350000
309005,300000
309017,652400
309034,0
309065,1261500
309117,511600
309120,0
309131,1060000
309132,314000
309137,1000000
309149,350000
309151,400000
309171,550700
309188,115400
309216,370200
309234,142500
309295,500000
309307,1795000
309308,350000
309325,357500
309329,1176700
309333,150000
309350,456000
309366,0
309388,400000
309396,450000
309416,896000
309463,2621400
309490,330000
309496,250000
309626,615300
309635,0
309680,3703600
309733,1297000
309755,635000
309776,300000
309784,350000
309799,80000
309810,350000
309828,1973100
309837,212800
309848,287000
309892,2515700
309979,0
309980,2270500
310027,400000
310129,1986000
310163,2757000
310164,100000
310176,0
310207,638000
310225,354600
310227,900000
310230,478000
310232,496500
310233,0
310283,0
310291,1329900
310298,565000
310301,419300
310412,350000
310456,767000
310463,3358100
310487,300000
310536,0
310567,310000
310592,0
310642,600000
310643,2334200
310655,4180100
310656,1747100
310666,2084900
310679,0
310697,265000
310701,1594500
310712,250000
310739,475000
310746,246400
310777,153000
310830,630800
310863,572500
310888,345000
310897,399200
310919,334300
310936,150000
311031,350000
311105,575000
311114,367200
311120,0
311129,455600
311139,150000
311142,1150000
311166,850000
311181,314600
311193,219800
311234,515000
311237,598500
311247,1908000
311267,400000
311273,493600
311296,1138400
311299,0
311305,600000
311329,456900
311379,0
311388,616000
311418,0
311421,719000
311459,400000
311475,0
311479,1158300
311482,2012400
311483,150000
311498,1803200
311510,2461800
311513,409100
311530,3548800
311560,150000
311618,240000
311627,372500
311633,150000
311652,450000
311654,135000
311656,1412000
311662,200000
311686,0
311687,457500
311707,490000
311724,1197200
311740,628000
311751,770200
311759,473200
311783,0
311799,200000
311832,400000
311864,445000
311921,150000
311957,519000
311964,174000
311976,0
311998,713200
312043,5419500
312047,304400
312061,140000
312071,38500
312079,500000
312092,0
312093,200000
312101,528000
312133,940000
312176,0
312186,4755600
312191,45000
312193,0
312206,744100
312220,80000
312226,538700
312261,457000
312263,150000
312264,247400
312270,304400
312280,487000
312324,2516300
312363,198000
312375,442600
312394,1156000
312409,348000
312410,0
312423,464000
312469,875100
312480,195000
312484,1352500
312510,495000
312513,250000
312516,181400
312522,300000
312541,727500
312575,495000
312646,150000
312651,262000
312657,339500
312662,385000
312671,494000
312705,0
312716,150000
312725,379000
312730,373000
312732,489200
312735,586000
312750,1425000
312761,645000
312790,0
312822,300000
312845,0
312856,0
312897,300000
312910,2157300
312918,0
312940,400000
312946,104000
312950,350000
312989,314900
313012,632000
313032,0
313033,166700
313057,150000
313062,350000
313097,563900
313157,400000
313161,1321400
313209,120000
313229,341700
313238,450000
313270,0
313282,450000
313289,1484400
313291,2067000
313344,250000
313361,286000
313362,623400
313365,0
313369,200000
313372,326700
313401,0
313407,779000
313446,0
313452,750900
313464,167200
313468,248500
313477,150000
313483,639400
313494,2580800
313526,2185000
313533,97200
313540,282000
313561,850600
313569,150000
313589,450000
313604,650000
313610,1081500
313661,491400
313693,0
313694,462500
313710,0
313732,604500
313750,2283900
313752,547400
313757,0
313775,527000
313788,150000
313801,114500
313804,523500
313808,0
313815,677000
313819,651000
313822,592500
313831,0
313845,663100
313851,373000
313869,556000
313871,150000
313882,556000
313890,7992100
313896,4209000
313922,1777500
313940,400000
313944,0
313973,0
313981,309300
313990,879000
313992,0
313997,600000
314000,1391400
314003,1890100
314045,634800
314056,250000
314075,240000
314078,685900
314082,3518700
314085,0
314107,150000
314110,0
314120,1490100
314121,250000
314126,0
314133,2329200
314146,780000
314151,250000
314159,1138900
314172,784800
314189,400000
314190,2100000
314213,100000
314229,450000
314230,1515700
314267,0
314291,1365000
314306,477500
314307,1208400
314315,2500000
314318,247000
314330,529000
314342,1295200
314359,500000
314397,369000
314412,350000
314432,0
314442,620300
314452,0
314458,71600
314491,960000
314499,900000
314500,250000
314506,399500
314527,2550000
314569,2337000
314572,555100
314587,1880000
314598,81000
314613,0
314653,200000
314686,502500
314687,350000
314689,450000
314694,200000
314699,417500
314706,2859200
314737,0
314738,300000
314743,1661000
314754,269600
314789,350000
314798,200000
314820,1720600
314825,0
314829,449000
314835,100000
314879,435000
314892,150000
314899,689000
314932,2992600
314937,105000
314942,1149300
314947,0
314987,455300
315005,219100
315026,977500
315028,485500
315036,1140400
315050,3574000
315056,1017500
315075,270000
315081,200000
315107,697500
315113,200000
315122,690000
315148,450000
315152,697600
315157,197400
315159,400000
315223,274500
315236,514000
315249,155000
315265,450000
315286,200000
315289,544000
315322,596500
315338,308000
315343,0
315350,0
315356,0
315370,0
315376,148800
315395,1295000
315406,14820500
315410,267900
315411,1072400
315416,678000
315418,565700
315435,4590900
315465,1498400
315472,2226400
315474,350000
315488,2192000
315504,465300
315526,150000
315539,250000
315545,350000
315556,515000
315559,486000
315561,7141000
315610,400000
315614,144000
315636,495000
315655,510000
315715,1496200
315731,839000
315732,220000
315750,222000
315789,150000
315807,150000
315808,0
315818,1064800
315823,2282900
315842,417500
315857,300000
315876,0
315886,229000
315895,504000
315910,0
315912,480000
315918,500000
315925,37500
315926,400000
315935,0
315958,253000
315968,0
315979,0
315986,494600
316030,513500
316059,86800
316061,1140900
316091,11033700
316105,60000
316110,367500
316114,259000
316150,400000
316154,0
316160,0
316183,350000
316184,264500
316190,190300
316194,273900
316208,12922600
316225,400000
316236,0
316280,44800
316295,4621200
316336,0
316366,161000
316367,2666700
316387,0
316401,144100
316427,0
316444,0
316447,0
316465,2155500
316477,256000
316504,0
316515,90000
316526,0
316527,750000
316529,0
316552,938200
316554,135000
316561,0
316562,400000
316570,1203500
316573,578500
316581,320000
316601,1139900
316603,910000
316611,0
316698,179200
316705,0
316710,650400
316726,315500
316765,371600
316778,462000
316786,0
316791,0
316803,2210600
316804,349000
316812,350000
316822,2014200
316824,0
316831,237600
316837,150000
316841,350000
316846,494800
316850,72000
316885,228500
316889,338000
316908,653200
316918,241800
316940,267700
316942,700000
316947,97000
316954,674000
316969,548000
316975,0
316983,0
316988,537000
316993,72000
317025,700000
317027,600000
317035,1292400
317058,343500
317081,148000
317137,566500
317139,99500
317171,0
317248,0
317276,218700
317281,296000
317302,122000
317304,500000
317317,1999700
317328,1418600
317350,0
317366,450000
317394,88000
317426,125100
317431,150000
317449,109100
317459,250000
317483,685100
317489,464100
317494,372000
317498,0
317502,700000
317520,392500
317527,0
317542,383000
317543,504000
317550,1245000
317557,2089600
317559,0
317565,628000
317601,30400
317614,1748300
317631,1428200
317638,231300
317650,350000
317659,1012500
317666,140000
317688,71000
317689,200000
317700,776800
317720,0
317766,287100
317772,0
317773,250000
317836,807500
317851,0
317859,350000
317861,0
317862,905700
317867,0
317873,983200
317883,791300
317912,568100
317931,295500
317936,822000
317938,920000
317954,323200
317971,0
317985,300000
317991,315000
318035,250000
318057,70000
318059,0
318084,858000
318091,600000
318110,0
318123,0
318132,350000
318179,107000
318191,220000
318213,0
318222,521700
318234,250000
318243,500000
318261,2693200
318267,423600
318268,16000
318291,1000000
318304,350000
318323,729100
318336,539100
318345,431100
318353,0
318364,475000
318370,388000
318379,0
318388,0
318396,402600
318407,150000
318410,250000
318432,446000
318434,1300000
318435,823600
318449,0
318451,1360000
318466,1413000
318474,634700
318480,1941300
318483,2623100
318500,150000
318502,149000
318505,445000
318511,436000
318516,0
318520,0
318524,100000
318530,2006300
318542,1347300
318553,730000
318554,418000
318560,816600
318561,297000
318570,927500
318596,296000
318610,0
318627,0
318687,481800
318690,0
318708,0
318735,1498900
318749,300000
318783,326000
318812,0
318813,0
318830,1832600
318834,450000
318854,1042900
318857,500000
318898,311500
318905,0
318913,99000
318927,258000
318945,717500
318952,150000
318960,5675100
318961,0
318962,150000
318964,200000
318966,520000
318999,835100
319010,0
319031,473400
319040,250000
319116,2547100
319128,0
319150,495000
319153,362000
319183,150000
319206,150000
319225,0
319231,400000
319235,731700
319259,1526200
319274,0
319301,14209000
319305,255000
319337,350000
319361,680100
319365,0
319385,804200
319388,1025000
319432,844500
319433,0
319438,535000
319448,250000
319475,0
319518,105000
319522,245000
319531,0
319548,0
319568,193600
319598,722500
319620,290500
319630,798000
319636,4867400
319651,235500
319661,0
319684,92800
319698,350000
319708,0
319722,171400
319736,21800
319745,530000
319755,230500
319766,356300
319770,497500
319776,29300
319777,631500
319778,0
319819,150000
319821,600000
319832,300000
319842,491200
319846,400000
319849,14950700
319909,540000
319979,772500
320004,747400
320012,7748800
320013,5692300
320049,550000
320051,0
320052,1313200
320057,0
320067,8654300
320072,288000
320101,899500
320103,0
320112,0
320124,4455600
320131,830000
320140,400000
320156,2435800
320161,500000
320168,0
320173,400000
320174,260500
320175,3650000
320186,4343200
320206,638100
320215,414600
320222,300000
320256,0
320281,448000
320283,0
320295,1989400
320357,0
320369,330000
320384,182200
320432,310000
320460,105000
320474,0
320480,189800
320483,315000
320511,0
320518,749000
320529,467500
320531,488300
320546,0
320553,168000
320567,200000
320577,288000
320595,150000
320608,0
320610,2842400
320612,546900
320634,250000
320639,1411200
320644,0
320647,0
320651,63000
320668,52846800
320669,499300
320683,300000
320727,758000
320756,500000
320778,0
320819,0
320826,166000
320853,505500
320858,418000
320859,1064900
320865,450000
320868,716500
320870,1000000
320872,358700
320882,360000
320905,1733400
320906,24000
320925,0
320937,0
320955,130000
320957,400000
320969,256800
320980,617000
320988,674800
321019,6358300
321020,198400
321023,1686700
321029,400000
321036,43000
321038,0
321043,0
321068,150000
321081,810900
321085,450000
321100,417500
321117,250000
321119,431400
321135,0
321144,463500
321190,400000
321201,350000
321202,582800
321209,150000
321217,883600
321221,200000
321230,150000
321257,84000
321293,3166200
321301,329000
321304,439300
321306,548500
321361,514000
321373,719000
321376,329000
321397,449000
321398,116300
321416,0
321423,858400
321437,683200
321440,0
321474,100000
321478,350000
321488,342000
321493,1163900
321500,30800
321515,359200
321517,268100
321524,3106900
321535,650000
321551,729400
321569,417900
321570,8059000
321584,150000
321589,688900
321591,100000
321608,743500
321614,150000
321617,0
321621,338300
321622,0
321660,240000
321664,211300
321715,173500
321731,550000
321739,400000
321745,150000
321749,280000
321752,367200
321785,1038000
321793,150000
321795,0
321834,467400
321847,297600
321863,833200
321877,500000
321883,350000
321885,430000
321936,400000
321947,415000
321966,550000
321979,95000
322025,2569300
322030,450000
322057,339000
322061,425500
322076,250000
322081,5197600
322117,500000
322148,0
322157,366300
322159,0
322219,150000
322223,208300
322224,0
322257,556500
322274,150000
322284,712300
322291,890400
322298,647800
322316,200000
322326,175000
322332,626400
322348,0
322350,0
322359,616000
322387,376800
322404,300000
322418,0
322419,12146000
322422,993000
322429,121000
322433,250000
322438,148000
322442,1758300
322448,850000
322452,170000
322474,95000
322480,562500
322544,0
322554,590000
322558,9056600
322568,61200
322586,330000
322600,1964700
322617,0
322618,378000
322622,866200
322636,72000
322643,814500
322658,500000
322673,990000
322675,350000
322678,1414000
322689,195800
322691,250000
322692,300000
322706,102500
322720,1137800
322726,400000
322740,1234200
322758,2193700
322759,0
322761,70000
322764,400000
322798,1522700
322799,362000
322812,938900
322816,235000
322852,775500
322858,470000
322860,2442800
322881,158800
322886,496800
322911,0
322937,568000
322938,520000
322942,0
322944,200500
322956,550000
322960,186000
322975,1971200
322991,630000
322993,100000
322999,58000
323006,99000
323017,522900
323032,280000
323033,604000
323043,950000
323061,121000
323073,0
323081,392600
323090,1256500
323098,400000
323107,3162300
323117,0
323118,0
323121,60000
323134,430000
323141,450000
323160,75200
323164,450000
323177,0
323184,300000
323192,1144100
323196,548000
323206,417200
323208,2231900
323221,417000
323222,404900
323235,0
323245,300000
323250,343600
323261,400000
323268,358200
323284,400000
323293,100000
323299,71000
323300,150000
323310,485000
323324,240000
323336,255000
323359,200000
323364,0
323365,383800
323371,1712000
323388,15051200
323394,550000
323403,0
323409,0
323416,350000
323421,125000
323425,495000
323432,422000
323453,50400
323487,302000
323506,944000
323508,367500
323511,431000
323521,2803900
323530,558500
323534,431500
323554,464700
323587,0
323589,1924900
323596,800000
323602,754900
323637,876800
323656,650000
323674,0
323678,1776100
323686,150000
323692,180000
323697,3699800
323710,596500
323720,1325000
323733,862100
323735,2815700
323738,1701100
323741,0
323752,766200
323767,600000
323769,150000
323770,140000
323775,0
323800,250000
323816,450000
323829,0
323831,1635700
323841,1052500
323876,200000
323892,1468000
323895,887000
323912,0
323965,400000
323971,821000
323972,450000
323990,1028900
323997,150000
324004,0
324014,660800
324032,312600
324036,0
324042,352300
324064,100000
324074,315000
324075,5168500
324076,161800
324092,445000
324095,3739900
324102,0
324103,512300
324106,444000
324122,894500
324127,0
324145,1439800
324150,145000
324156,1650000
324177,0
324196,133000
324206,487000
324210,0
324217,596900
324234,1139500
324246,369700
324265,404200
324269,1174100
324278,337500
324284,461100
324288,377500
324319,384400
324327,420400
324333,145000
324345,0
324355,150000
324360,67000
324378,159300
324409,0
324428,0
324438,692100
324455,176800
324485,300000
324512,1527500
324519,678500
324540,580800
324549,699800
324562,350000
324572,0
324581,450000
324621,0
324632,640500
324638,357000
324655,296000
324663,190000
324665,0
324676,98000
324682,231400
324732,300000
324742,685000
324744,845300
324745,1531600
324762,378000
324778,378000
324782,600000
324794,0
324797,0
324844,342500
324855,369600
324876,400000
324879,267500
324882,558500
324883,150000
324890,200700
324897,384200
324948,490000
324952,413500
324994,0
325000,208400
325007,595200
325010,0
325014,1607300
325022,480500
325062,800000
325075,18008700
325085,150000
325097,462000
325099,700500
325103,250000
325109,3543500
325112,165000
325134,150000
325137,499000
325138,312000
325146,63000
325157,261800
325199,572000
325203,340000
325222,377600
325255,280000
325266,350000
325267,0
325283,2766400
325288,494500
325299,668900
325303,90000
325318,390000
325324,125000
325328,150000
325338,831500
325355,563500
325356,0
325358,555300
325369,570000
325371,632000
325373,975500
325379,947900
325384,13000
325417,150000
325456,95000
325478,136000
325480,750000
325484,150000
325486,2986600
325501,483800
325512,1033500
325526,180000
325541,347500
325557,250000
325578,0
325589,700000
325603,1942500
325609,402900
325620,368800
325647,457200
325672,643500
325681,0
325682,0
325691,80000
325700,508000
325731,551600
325734,235200
325756,309000
325768,2350700
325790,0
325792,649000
325800,569000
325804,35000
325821,0
325823,0
325826,423900
325829,150000
325868,475000
325870,1379500
325875,0
325882,200000
325892,4518300
325899,150000
325900,986400
325914,459000
325970,608000
325973,11225400
325997,515400
326000,448300
326003,300000
326019,434300
326055,586500
326059,0
326070,748000
326091,0
326103,2116800
326111,676500
326113,78400
326120,0
326121,155500
326127,187000
326170,0
326197,175000
326204,447800
326219,482400
326222,74800
326243,397500
326253,150000
326264,996200
326265,378400
326339,0
326342,0
326350,0
326362,2243000
326366,347300
326373,181900
326384,644500
326390,400000
326401,0
326404,542500
326422,1550000
326427,1200000
326436,367500
326460,0
326467,1108500
326499,100000
326519,408000
326530,0
326543,0
326545,6632000
326553,650000
326564,300000
326565,337500
326577,1405100
326578,0
326587,554800
326603,400400
326607,0
326608,2981100
326618,350000
326620,462000
326666,487500
326670,400000
326690,0
326695,184500
326704,396100
326708,0
326716,0
326735,0
326742,584200
326746,22300
326756,150000
326763,692000
326793,2700000
326796,0
326833,567500
326840,952100
326844,1796900
326859,890000
326869,0
326875,250000
326878,1900000
326921,258000
326924,0
326937,150000
326944,0
326958,2449800
326964,347400
326965,279400
326966,350000
326979,560200
326980,200000
326981,0
326985,2034400
326988,323000
327011,791800
327027,765300
327031,70000
327062,150000
327078,754000
327088,3679000
327112,2754300
327115,759600
327131,127200
327138,550000
327140,810800
327147,600000
327154,485500
327162,1984600
327163,0
327169,686000
327183,150000
327185,315000
327188,125000
327190,2953000
327222,140000
327224,672900
327225,145900
327251,300000
327259,624200
327268,364500
327274,0
327283,0
327285,450000
327286,9676200
327294,319000
327295,950200
327312,737000
327321,498000
327337,0
327338,340000
327345,570700
327352,468900
327354,677000
327355,15718600
327365,1384000
327381,285000
327405,420700
327416,0
327423,1334800
327427,150000
327433,1392000
327439,900000
327447,0
327450,0
327452,151600
327461,1046000
327462,435000
327470,1673100
327471,1280000
327475,0
327477,350000
327505,393900
327511,147500
327515,1794700
327533,2545400
327565,220000
327586,359500
327593,567500
327614,150000
327618,769800
327630,552200
327636,290000
327640,500000
327641,2096000
327663,1266600
327666,958500
327678,500000
327686,540600
327692,67000
327693,1350700
327739,669000
327760,4878100
327773,395000
327777,400000
327780,0
327786,465400
327788,405000
327791,400000
327795,445900
327828,342600
327832,600000
327853,0
327859,1302500
327860,3135500
327871,1223500
327896,1545800
327898,607000
327903,75000
327919,96000
327928,177400
327931,0
327951,390000
327953,929000
327961,1022000
327973,195500
327997,1069500
328006,0
328007,549800
328013,135000
328022,621000
328052,1622500
328070,2000000
328092,309000
328116,180600
328124,350000
328128,150000
328133,1709000
328146,0
328166,378000
328185,10000
328190,70000
328244,130000
328247,325200
328255,350000
328259,150000
328294,326400
328302,912100
328306,500000
328310,367900
328322,531600
328360,736600
328362,386400
328375,2226100
328390,680600
328395,571500
328400,0
328404,450000
328405,162500
328411,150000
328415,166500
328416,1068400
328419,2926400
328430,1532900
328435,403400
328437,12256000
328439,1171300
328441,449000
328442,161200
328443,250000
328447,870000
328460,578400
328464,305000
328476,2032200
328478,671000
328495,550000
328496,150000
328498,130400
328504,127700
328509,177200
328512,436800
328518,708800
328521,0
328522,1470500
328524,300000
328525,47600
328526,41400
328527,500000
328528,410500
328530,417700
328532,618800
328536,585000
328538,292800
328552,696500
328556,500000
328559,503400
328561,400000
328564,2753500
328573,300000
328576,5972900
328583,110000
328588,0
328592,953700
328608,9804300
328630,483100
328653,365400
328663,2656900
328669,713100
328673,1247000
328681,0
328686,500000
328690,2628500
328701,309700
328705,0
328718,0
328722,586300
328725,389000
328729,654800
328734,0
328747,150000
328772,492200
328783,0
328789,400000
328790,695000
328791,450000
328792,379000
328795,171000
328799,529000
328801,325700
328806,400000
328807,584200
328810,328000
328812,0
328816,597400
328818,466000
328821,150000
328823,967200
328828,512200
328833,157000
328838,196900
328840,379000
328846,310400
328848,50500
328886,0
328892,331700
328901,939600
328922,400000
328923,0
328942,0
328949,390000
328959,432500
328988,130000
328991,71100
328992,440000
328994,6000
328999,40900
329005,154000
329008,172400
329027,0
329032,370000
329043,389200
329067,0
329071,0
329087,11726800
329097,150000
329119,300000
329137,450000
329155,1303700
329159,165000
329193,1530600
329207,172100
329234,443500
329261,224000
329277,249900
329307,1110400
329314,100000
329318,428000
329321,200000
329323,52500
329347,156000
329357,440000
329364,164300
329373,948000
329380,398000
329381,0
329389,570300
329400,266000
329441,654700
329447,0
329459,2038200
329462,887800
329466,15000
329489,0
329515,0
329518,349600
329529,390000
329533,150000
329536,2755500
329543,550000
329567,450000
329581,1107200
329621,839600
329626,479200
329633,0
329652,630000
329655,455000
329658,4179900
329668,331200
329690,1000000
329713,450000
329725,1040000
329739,418500
329792,145000
329802,2106500
329813,350000
329816,388300
329818,1137300
329819,0
329828,350000
329847,0
329848,450000
329865,97500
329867,0
329883,382500
329894,532500
329909,150000
329914,350000
329965,300000
329980,0
330000,815500
330022,216000
330025,0
330035,565000
330052,593000
330064,144000
330065,466600
330088,1214000
330104,300000
330106,400000
330107,300000
330130,350400
330149,21600
330155,700000
330172,0
330173,150000
330175,420000
330181,500000
330188,0
330202,985700
330207,6757800
330223,417500
330231,418000
330254,147000
330258,300000
330259,340000
330260,350000
330264,0
330268,375600
330269,380500
330274,448500
330289,0
330321,216000
330331,0
330343,0
330356,405500
330367,0
330376,150000
330382,1061800
330402,1068300
330407,400000
330433,0
330437,366000
330452,1071000
330487,0
330489,350000
330490,450000
330501,647000
330507,208200
330515,275000
330552,3464500
330553,450000
330597,570000
330613,600000
330635,4273300
330656,400000
330663,2488200
330665,2300000
330678,0
330689,405000
330702,560100
330705,467500
330710,376800
330711,650000
330712,290000
330714,393700
330715,460000
330722,150000
330723,173600
330725,90000
330729,150000
330753,1115600
330758,31500000
330760,750000
330762,400000
330763,1882800
330764,0
330780,250000
330784,0
330794,0
330800,1031500
330830,629000
330835,10315000
330836,998000
330849,224000
330862,0
330868,408800
330879,572500
330881,200000
330884,296000
330889,163400
330891,750000
330903,604200
330905,200000
330913,3128000
330915,0
330922,462000
330944,527700
330955,1262400
330968,535000
330972,540000
330981,3274600
330984,0
330985,906600
330988,0
331001,1024600
331008,1350200
331015,397300
331016,330000
331045,0
331046,0
331062,837900
331063,0
331075,131000
331078,915000
331080,731000
331091,964200
331121,300000
331124,150000
331129,350000
331138,1022000
331141,111000
331160,146000
331162,554000
331171,548000
331187,295000
331199,535000
331207,400000
331212,0
331218,2145400
331221,13500
331239,16000
331240,80300
331245,350000
331268,595000
331287,862000
331303,0
331309,378000
331312,444000
331323,2544000
331335,0
331352,252000
331378,800000
331385,150000
331391,500000
331395,250000
331396,377000
331402,0
331403,458500
331413,1102400
331476,417600
331479,832000
331485,0
331488,506100
331491,429200
331508,0
331512,797000
331520,175000
331522,0
331532,433300
331536,400000
331549,535000
331575,225000
331606,400000
331612,324000
331628,127000
331638,286500
331642,150000
331648,400000
331649,400000
331651,0
331653,300000
331666,450000
331694,1181500
331699,486000
331710,729000
331726,244100
331729,100000
331738,0
331763,1349600
331778,355800
331797,350000
331799,465700
331801,300000
331822,467500
331824,600000
331829,20269400
331863,521500
331886,145000
331917,600700
331931,1317100
331940,395000
331951,160000
331954,1273400
331963,484000
331965,361000
331981,247500
331998,349300
332001,500000
332021,464700
332026,0
332046,370000
332050,200000
332052,0
332068,524900
332069,14400
332075,0
332077,0
332084,200000
332086,417000
332092,286100
332101,450000
332104,350000
332110,780000
332116,1701400
332124,930000
332125,500000
332134,440100
332136,319200
332147,580700
332157,483800
332174,205000
332176,280200
332195,150000
332214,227700
332220,455000
332236,0
332244,230000
332272,229500
332312,400000
332342,300000
332350,0
332352,250000
332358,499600
332366,459000
332374,239000
332413,200000
332417,0
332438,400000
332439,350000
332477,490600
332483,878600
332492,350000
332508,450000
332509,185000
332542,300000
332545,416600
332548,500000
332554,1117000
332570,932800
332587,145000
332591,0
332599,624100
332607,672000
332627,445000
332635,480000
332643,200000
332659,0
332670,1470800
332677,350000
332695,0
332708,1007000
332715,466400
332738,367500
332746,1400000
332758,1415700
332765,450000
332771,0
332788,839500
332789,250000
332792,590000
332801,803000
332806,0
332807,1233700
332810,5266000
332831,522500
332832,250000
332833,150000
332844,800000
332846,200000
332850,0
332852,185900
332872,250000
332875,150000
332883,552500
332891,77000
332894,187000
332895,62000
332904,64500
332916,1100000
332920,785000
332932,2767000
332936,150000
332960,203200
332963,0
332965,634800
332974,0
332976,469500
332981,0
332982,288000
332983,1079300
332993,150000
332997,650000
332999,367500
333029,139000
333035,142000
333055,511800
333073,150000
333081,79500
333090,647000
333105,1117700
333130,139500
333133,0
333155,349500
333166,445000
333175,0
333176,469100
333183,300000
333185,411600
333186,350000
333192,1045900
333203,418200
333204,526000
333223,2231700
333230,300000
333235,279000
333237,960000
333252,300000
333256,400000
333257,1234600
333259,146000
333279,1191800
333283,115000
333284,2689600
333330,0
333332,750000
333339,0
333348,250000
333352,1480300
333367,1272600
333382,800000
333393,150000
333408,0
333409,170000
333421,200000
333426,0
333427,922200
333448,400000
333451,239900
333455,250000
333468,0
333478,0
333479,1705000
333485,0
333512,154500
333522,270000
333523,0
333529,51200
333537,212500
333551,0
333552,250000
333559,200000
333594,1127500
333599,851400
333619,450100
333620,0
333630,0
333641,0
333646,250000
333650,400000
333652,378000
333669,0
333671,1760600
333676,1442800
333721,28000
333742,0
333753,179500
333762,1366000
333771,463900
333794,300000
333795,350000
333799,350000
333845,550000
333859,0
333875,202500
333883,7355100
333888,150000
333894,771400
333898,250000
333911,495700
333940,1036500
333945,422000
333970,60500
333976,476500
333992,1056600
334002,872500
334020,6790000
334031,200000
334042,947500
334046,595000
334052,2037000
334065,0
334077,0
334082,2189000
334092,785800
334111,2071500
334120,500000
334127,543900
334132,150000
334136,1089500
334147,562100
334161,0
334167,0
334172,864200
334176,472500
334189,102400
334209,475100
334218,17500
334231,400000
334251,0
334275,350000
334281,14300
334308,599000
334312,1200000
334316,150000
334331,1786800
334339,1915000
334342,2847100
334362,262000
334376,390000
334389,848300
334398,3115600
334404,150000
334410,362400
334447,0
334453,216000
334454,73500
334461,250000
334465,0
334467,180000
334476,3542700
334486,90000
334487,202500
334502,315000
334518,1253500
334526,1099800
334536,300000
334558,1956100
334564,1272900
334581,516000
334585,1074000
334597,496800
334600,450400
334615,800000
334623,443500
334647,126500
334654,171000
334656,0
334665,300000
334674,0
334680,330000
334711,0
334733,340000
334756,90000
334786,0
334801,436400
334808,82200
334834,70000
334836,707500
334838,0
334848,905400
334857,72500
334881,0
334884,504600
334893,415000
334894,0
334900,581000
334911,0
334934,1065700
334943,0
334951,500000
334974,445000
334978,400000
334988,400000
335011,139600
335013,1643500
335026,1090000
335061,949200
335070,0
335076,1326300
335091,150000
335101,2721400
335118,0
335127,142000
335155,1756000
335157,450000
335187,0
335221,0
335252,2294600
335263,400000
335297,0
335325,606300
335345,140000
335350,212500
335352,394000
335425,400000
335431,0
335445,5112000
335455,272500
335464,0
335466,467500
335488,907500
335515,0
335524,215600
335549,2728400
335551,150000
335553,381800
335587,0
335594,450000
335597,1017000
335617,716400
335640,370500
335658,1047500
335662,195000
335669,630000
335672,70000
335689,0
335706,436000
335714,407800
335743,1321700
335749,0
335752,175000
335753,355000
335796,300100
335797,1097200
335804,415000
335857,1177800
335896,0
335920,265500
335922,649500
335938,4623400
335939,400000
335950,150000
335972,247500
335979,207600
336016,0
336022,300000
336023,0
336025,5756600
336037,0
336065,240800
336071,250000
336094,957400
336108,300000
336115,0
336118,250000
336125,0
336137,413500
336161,500000
336185,0
336189,150000
336207,440000
336208,136300
336229,0
336238,1908200
336239,1391500
336247,0
336301,140000
336306,350000
336312,42600
336321,520000
336326,895000
336329,903700
336348,0
336354,349000
336356,150000
336374,400000
336376,503500
336408,0
336416,0
336418,0
336425,1003000
336442,1964500
336457,2816000
336461,3095500
336463,450000
336467,3161600
336468,162000
336506,75000
336516,0
336536,395800
336576,150000
336582,5685100
336584,404200
336609,373100
336615,94900
336662,1133100
336666,1201900
336670,500000
336687,0
336708,400000
336749,76500
336758,0
336759,821000
336764,150000
336809,450000
336814,380000
336826,0
336834,175000
336863,912900
336874,150000
336895,0
336896,1268000
336917,242000
336924,250000
336925,300000
336938,904100
336941,0
336948,14125500
336973,259000
337008,100000
337019,0
337026,670000
337044,3728000
337061,0
337104,759500
337110,439800
337134,0
337139,868000
337149,0
337163,426000
337164,520000
337183,245000
337184,476500
337210,1095000
337222,974800
337225,200000
337233,2282600
337286,587500
337288,0
337295,0
337297,766600
337300,123000
337314,150000
337315,731400
337344,328000
337356,292100
337363,350000
337366,350000
337373,150000
337374,812000
337390,570000
337406,59000
337426,240000
337434,29098400
337460,175500
337475,500200
337476,405000
337488,377100
337496,1420000
337513,5176500
337521,467500
337525,0
337527,515000
337529,336000
337536,47200
337540,599900
337550,450000
337554,400000
337563,282000
337582,645000
337585,0
337601,150000
337607,400000
337610,0
337616,350000
337618,144000
337619,346500
337622,255000
337632,0
337653,306000
337654,150000
337672,175000
337675,350000
337679,1219100
337747,358900
337749,431700
337750,150000
337752,0
337764,0
337769,300000
337770,0
337777,782300
337780,1340200
337812,0
337814,0
337878,12000
337904,400000
337920,2628600
337921,45000
337929,480000
337938,0
337939,833100
337968,400000
337999,0
338038,231700
338076,0
338077,1869000
338079,487800
338083,450000
338087,80000
338088,483600
338107,0
338113,417600
338124,200000
338132,600000
338133,180000
338195,2185000
338231,300000
338283,0
338302,463700
338306,3639200
338318,0
338388,1775000
338430,1504700
338492,613300
338503,0
338513,1307100
338601,534900
338602,0
338645,357200
338650,161000
338670,423500
338672,1757400
338681,0
338687,278600
338720,1380200
338730,961500
338754,5349100
338775,120000
338825,600000
338828,415000
338852,400000
338860,143000
338889,672500
338928,0
339000,300000
339101,0
339139,0
339161,879700
339180,456000
339189,500000
339218,4002700
339231,233300
339244,288000
339259,472000
339271,604000
339280,0
339290,512400
339299,731500
339311,497700
339339,408500
339405,600000
339440,338000
339446,150000
339447,4498400
339493,0
339503,0
339538,845400
339566,200000
339583,0
339595,142000
339599,299100
339601,729000
339610,830000
339620,2139200
339624,2712900
339634,250000
339635,1960800
339662,150000
339674,430600
339683,0
339742,450000
339751,63600
339763,150000
339780,1062500
339813,0
339818,143000
339876,398700
339886,414000
339908,855000
339950,150000
339996,441500
340017,329300
340018,2620400
340026,355300
340071,347000
340087,358800
340098,1173100
340102,87000
340123,0
340144,542000
340200,2143300
340216,1315000
340221,542800
340238,2962400
340239,424000
340245,1092700
340285,500000
340295,1444500
340298,250000
340326,1755900
340352,0
340402,1248200
340457,400000
340459,1611600
340466,250000
340537,0
340539,150000
340550,95800
340553,343100
340591,696000
340617,316800
340627,388600
340638,1440000
340641,450000
340694,5678000
340706,100000
340709,150000
340737,0
340772,0
340779,123700
340820,169600
340839,472000
340841,290500
340880,586000
340884,0
340892,550000
340894,7003500
340899,283500
340900,855200
340902,942500
340906,352400
340916,615200
340954,100500
340956,2091800
341018,206000
341032,0
341035,370000
341041,1499600
341047,890000
341062,350000
341087,501200
341088,500000
341171,1845200
341192,144900
341220,0
341269,437000
341308,400000
341323,534900
341343,956000
341346,290900
341350,470200
341385,727800
341414,535900
341440,240000
341448,753100
341462,610500
341464,0
341468,326000
341477,145000
341492,400000
341558,0
341573,592500
341577,27300
341606,390000
341613,150000
341621,0
341627,1412700
341635,324700
341682,336000
341725,0
341735,350000
341842,300000
341844,216000
341897,295000
341907,515500
341967,0
341986,0
342022,897100
342057,0
342077,150000
342102,0
342117,6294000
342127,0
342137,0
342151,1154700
342159,190000
342174,295300
342183,886500
342225,1212400
342233,221200
342254,468900
342266,500000
342287,0
342298,450000
342304,150000
342307,2159100
342315,1435000
342316,325600
342324,400000
342326,135600
342337,84500
342352,1240000
342353,400000
342364,0
342368,258600
342374,702600
342381,150000
342382,0
342390,150000
342405,1477100
342427,157500
342430,7341300
342433,150000
342437,1297500
342439,240100
342454,83100
342461,0
342482,367500
342488,0
342507,0
342509,250000
342515,730000
342537,360600
342541,0
342581,0
342619,200000
342624,0
342629,0
342635,0
342659,136000
342675,150000
342694,460800
342695,588000
342709,0
342736,350000
342763,0
342811,723000
342821,390000
342858,465000
342877,600000
342902,0
342906,200000
342924,0
342929,150000
342947,570000
342967,350600
342969,200000
343024,0
343035,1527700
343053,550000
343068,989700
343105,0
343113,0
343137,867000
343153,200000
343186,1001500
343189,300000
343193,0
343197,683500
343199,150000
343201,350000
343212,0
343241,100000
343249,294000
343254,682500
343290,250000
343291,0
343309,0
343335,535000
343356,145000
343371,200000
343393,300000
343405,238700
343413,160000
343425,380000
343446,350000
343448,724500
343451,1410500
343460,454000
343489,91500
343501,474300
343510,138100
343533,1326700
343548,235000
343569,414000
343570,534700
343607,654300
343612,0
343615,640000
343683,315000
343706,250000
343722,150000
343739,0
343765,110000
343773,448500
343777,130000
343794,203700
343808,9531800
343833,0
343860,169000
343871,0
343920,850000
343930,1143700
343936,400000
343939,379900
343957,396900
343992,350000
344010,207500
344022,238400
344044,334000
344058,228000
344153,0
344154,0
344185,1228500
344202,502200
344203,200000
344216,0
344223,800000
344230,0
344234,150000
344252,200000
344257,300000
344276,5701500
344284,580000
344286,108000
344311,228000
344320,0
344346,2167100
344372,165900
344384,400000
344409,100000
344418,390900
344424,389300
344433,435000
344441,182400
344446,70000
344482,350400
344489,115000
344493,475000
344531,417500
344542,617500
344559,543000
344569,150000
344585,2245000
344619,500000
344628,1290800
344637,29600
344640,0
344655,142000
344656,0
344659,656800
344690,0
344702,0
344717,424000
344723,385000
344758,500000
344759,200000
344769,185000
344816,81600
344843,855000
344844,0
344858,1360500
344884,2835800
344891,181600
344893,0
344894,0
344918,700000
344921,0
344933,0
344971,0
344976,0
345000,0
345024,0
345037,300000
345040,1000000
345091,827400
345103,150000
345107,350000
345109,2317200
345175,496000
345189,8124700
345191,1320900
345208,805900
345221,0
345226,7998100
345235,364700
345245,501600
345261,2313200
345266,351900
345268,250000
345296,0
345298,770800
345320,903000
345325,282000
345342,167200
345345,1178700
345358,0
345411,83400
345435,3113200
345450,200000
345451,608000
345452,1141000
345467,250000
345469,899000
345473,629300
345475,150000
345489,1732600
345496,0
345524,2028000
345532,150000
345534,150000
345540,3261700
345584,500000
345587,378000
345599,130000
345615,380300
345626,3421700
345629,836000
345631,413700
345635,400000
345670,131500
345676,486900
345705,150000
345741,0
345749,402800
345763,0
345770,464700
345783,0
345790,150000
345792,4068200
345794,200000
345808,104000
345810,778500
345821,200000
345832,510000
345841,451500
345850,2009700
345851,0
345860,93000
345875,488500
345920,314000
345927,237700
345939,70000
345951,250000
345965,0
345981,255000
345985,280000
345988,400500
345999,170000
346003,0
346004,630800
346019,469800
346021,0
346022,526100
346028,150000
346049,800000
346052,150000
346072,471400
346087,0
346095,630800
346097,0
346108,3673800
346140,0
346144,3702800
346168,2247600
346200,150000
346220,363000
346232,1338200
346236,0
346243,450000
346244,340200
346268,681000
346290,576100
346322,4860200
346338,527500
346341,1188600
346356,322000
346363,2303300
346369,164200
346370,517500
346373,453000
346397,338300
346403,610000
346415,1287700
346436,610000
346464,792500
346473,0
346478,0
346504,1064100
346517,3974800
346531,333100
346563,417500
346565,800000
346570,294000
346595,1003000
346608,132000
346619,2753100
346637,422900
346639,308700
346640,0
346654,480000
346659,940000
346675,0
346681,200000
346700,150000
346716,442000
346737,224800
346745,63600
346763,0
346784,300000
346789,479100
346829,482500
346842,140000
346848,1100000
346850,107000
346858,0
346869,1988600
346915,2045800
346927,955600
346940,250000
346951,457600
346983,150000
346993,350000
346994,7049600
346995,550000
347003,340200
347026,0
347061,1295000
347091,509600
347096,0
347143,146000
347158,400000
347176,186200
347178,530000
347190,407000
347193,1021500
347210,450000
347212,90400
347221,0
347238,1150000
347266,147000
347267,150000
347298,319100
347303,4678600
347306,18932400
347311,833000
347318,507000
347343,490000
347344,150000
347354,472800
347373,0
347387,0
347395,1626400
347399,0
347417,0
347418,911200
347421,459900
347424,850700
347431,300000
347434,455600
347445,0
347454,467500
347468,150000
347479,364000
347507,857600
347510,239000
347513,522500
347526,2716600
347533,483300
347540,400000
347567,2045000
347588,645300
347609,2634200
347622,1856800
347686,610800
347688,0
347690,150000
347691,300000
347695,0
347698,108000
347702,1473200
347711,375000
347714,95300
347722,1130000
347747,200000
347754,0
347797,779100
347798,200000
347805,1855000
347815,500000
347817,0
347827,0
347847,11331600
347851,0
347882,1327800
347889,942500
347895,564500
347905,465300
347909,451400
347916,400000
347917,0
347925,450000
347927,504200
347933,2289800
347947,500000
347956,1942000
347964,256000
347977,524000
347990,0
347991,234700
347995,0
348013,0
348039,100000
348053,4166200
348059,0
348062,0
348068,550200
348083,300000
348101,60600
348106,8363600
348125,3933800
348137,0
348138,0
348148,1017700
348163,385800
348173,2751000
348183,0
348190,120000
348193,258000
348197,516300
348212,700000
348237,0
348242,0
348254,1096200
348275,350000
348290,439000
348303,800000
348309,0
348337,353800
348344,300000
348347,350000
348348,26400
348357,238600
348367,500000
348368,247000
348379,150000
348407,220500
348421,0
348425,150000
348428,0
348430,1336400
348456,0
348457,0
348481,531600
348487,90000
348507,0
348544,370500
348546,1005800
348553,0
348558,7431800
348559,350000
348601,14211900
348617,1849000
348620,240000
348622,1311000
348663,0
348672,150000
348690,134500
348691,490000
348705,0
348706,490000
348726,0
348745,650000
348780,0
348804,650000
348833,215500
348834,0
348860,545000
348863,3899600
348870,300000
348889,0
348905,150000
348915,3413500
348921,0
348923,10000
348953,1024300
348963,0
348996,615500
349020,126000
349025,150000
349030,722000
349039,179500
349044,1541000
349052,201000
349066,0
349094,147700
349105,294500
349107,633200
349113,100000
349124,0
349133,963500
349144,4597700
349162,200000
349175,0
349180,0
349182,3816200
349187,735200
349192,0
349198,459000
349208,0
349210,0
349234,102000
349268,600000
349282,894500
349303,200000
349325,367400
349353,0
349357,454700
349374,193000
349375,813300
349384,481200
349385,0
349397,326400
349399,0
349410,0
349431,0
349435,386500
349444,0
349456,354300
349466,105500
349473,508000
349480,860000
349503,230500
349508,438000
349519,367500
349524,150000
349533,1880500
349548,665000
349556,531500
349562,0
349579,0
349594,400000
349600,381200
349621,332500
349631,1827100
349632,638900
349642,1068300
349644,669000
349777,1189900
349779,0
349796,140000
349797,2737100
349800,950000
349812,466100
349830,376600
349832,3467300
349836,600000
349837,150000
349857,300000
349860,360000
349863,1835800
349869,2094600
349879,0
349925,0
349955,373800
349968,180000
349988,450000
349996,425000
350025,0
350034,1158300
350036,250000
350065,6999700
350071,407600
350073,346000
350101,398700
350110,250000
350114,1124500
350118,0
350127,1395000
350134,1115000
350145,572500
350162,328000
350166,0
350182,350000
350195,285000
350202,0
350207,0
350214,0
350232,639600
350235,0
350244,300000
350259,0
350295,285000
350300,390200
350301,0
350306,426500
350316,154000
350330,846000
350338,3473400
350345,910000
350368,450000
350370,203900
350398,384000
350410,500000
350428,450000
350443,587000
350446,1342000
350451,14306400
350466,350000
350489,511000
350492,0
350529,0
350536,695000
350553,400000
350586,150000
350587,0
350594,633800
350633,0
350662,500000
350695,70000
350697,207500
350701,0
350710,749100
350734,450000
350755,550000
350794,253200
350795,200000
350806,1886800
350843,312000
350854,614000
350866,415000
350881,0
350884,500000
350897,367500
350948,0
350965,150000
350976,930200
350978,0
350993,343500
350994,0
351013,140000
351021,492000
351042,10615100
351043,19457800
351049,400000
351064,391000
351076,316000
351111,49500
351116,225600
351147,843000
351159,478600
351164,525000
351206,0
351223,1047700
351256,425000
351267,450000
351273,2237500
351294,1220600
351305,0
351308,4800000
351312,250000
351316,150000
351344,16000
351353,0
351404,290000
351410,266600
351413,126000
351434,150000
351442,1694000
351447,507500
351459,433700
351464,313800
351477,624000
351545,400000
351552,1681600
351565,209800
351567,0
351575,9969600
351588,60600
351592,164500
351602,0
351628,200000
351629,2778300
351649,2901200
351654,203000
351669,265000
351678,0
351682,0
351688,598500
351725,664500
351731,1179000
351746,500000
351767,795600
351770,3635500
351777,604500
351782,150000
351791,0
351796,0
351802,55000
351823,700000
351827,0
351841,599200
351856,685200
351863,311300
351869,2876500
351899,600000
351901,200000
351906,796500
351926,146000
351928,20500
351983,258000
351985,5534300
351999,150000
352010,144000
352015,500000
352041,144000
352053,608000
352063,125300
352071,0
352087,726500
352099,3801700
352129,600000
352134,9493000
352173,250000
352212,7304100
352215,150000
352228,110000
352234,784100
352239,250000
352247,385000
352254,204000
352256,1355000
352263,662000
352266,270000
352287,1325600
352288,150000
352299,2862500
352306,549000
352334,450000
352344,209000
352345,372000
352350,33000
352352,1973700
352380,0
352381,572900
352421,559000
352423,0
352443,407300
352462,9306500
352473,316000
352482,650000
352536,0
352541,94500
352559,0
352561,254500
352572,755000
352585,1233600
352612,432400
352614,0
352632,218300
352638,0
352648,558000
352660,0
352668,200000
352671,0
352674,420000
352683,2401300
352696,0
352713,463000
352716,0
352726,869600
352738,400000
352741,111000
352744,350000
352752,599000
352771,142000
352789,1282600
352791,535000
352817,200000
352820,400000
352824,160000
352831,634400
352841,620000
352854,500000
352855,643500
352862,131700
352869,10878800
352914,0
352935,172000
352961,0
353057,0
353140,1172400
353147,989200
353154,305000
353167,300000
353176,0
353179,137200
353180,338400
353205,1794800
353210,300000
353217,150000
353265,600000
353286,0
353319,1120500
353335,400000
353344,1155300
353354,1395000
353358,0
353359,805000
353362,1293000
353385,150000
353396,395000
353400,5405300
353425,0
353427,0
353448,400000
353481,127000
353494,150000
353506,334500
353518,0
353534,848000
353546,786500
353550,200000
353551,466100
353580,315400
353596,2464500
353606,510000
353611,7802400
353618,307500
353622,350000
353628,414000
353647,127000
353657,0
353666,405000
353672,0
353683,467500
353709,2504600
353711,548000
353752,0
353784,482000
353829,786000
353831,277500
353834,95000
353837,487000
353844,340000
353872,600000
353887,133600
353907,0
353980,406300
353984,4119900
353999,572300
354002,150000
354014,305800
354020,150000
354039,445900
354045,640000
354048,300000
354059,1049000
354064,394000
354071,200000
354109,2453400
354129,135000
354133,0
354175,1292600
354187,300000
354192,1711700
354288,300000
354289,0
354297,309100
354301,532000
354309,135000
354311,0
354332,87500
354351,790200
354368,380000
354385,363000
354390,2572700
354407,1085600
354414,200000
354419,482000
354421,108000
354439,58800
354462,436200
354486,150000
354494,200000
354496,15363300
354498,220000
354499,5113500
354514,450000
354515,4822800
354529,600000
354539,87500
354548,376100
354561,150000
354573,353400
354582,261300
354586,567000
354590,871300
354601,1228000
354624,0
354640,0
354643,236500
354646,350000
354655,290000
354657,543700
354658,0
354662,35000
354671,1180000
354685,0
354706,150000
354728,0
354742,270000
354744,200000
354746,810800
354753,576000
354766,2275000
354770,2653900
354773,429000
354779,4664600
354781,1295500
354793,100000
354803,546100
354816,555500
354848,75000
354878,408500
354940,350000
354942,2746800
354970,394700
354979,110000
354980,710500
354983,457800
354988,213100
355011,0
355014,300000
355026,450000
355046,699300
355092,300000
355099,1174100
355120,150000
355128,250000
355133,266600
355137,800000
355150,180000
355152,450000
355161,400000
355172,0
355195,0
355219,2300000
355221,500000
355227,328000
355230,3155000
355233,1866700
355237,2353600
355253,0
355256,103500
355285,684000
355304,450000
355327,150000
355334,0
355335,1050000
355349,363700
355355,500000
355358,550000
355369,570500
355371,266000
355380,150000
355388,380000
355398,0
355405,300000
355440,500000
355464,255000
355477,360000
355495,350000
355498,620000
355503,1862400
355514,150000
355519,500000
355568,360400
355576,0
355579,442000
355598,334400
355619,3679500
355625,1329400
355693,800000
355697,0
355699,150000
355730,240500
355735,803900
355741,434300
355754,999000
355782,340000
355784,10500
355822,300000
355827,315000
355860,150000
355866,0
355878,1848400
355890,0
355895,0
355913,572100
355933,150000
355940,218400
355951,363000
355959,200000
355961,538200
355981,310000
355992,159400
356021,150000
356040,550000
356079,326300
356180,150000
356181,0
356188,150000
356192,300100
356270,2704000
356292,150000
356299,170000
356306,0
356360,375000
356381,743700
356390,738600
356396,0
356421,1802400
356446,1000000
356449,714300
356451,300000
356478,400000
356480,0
356491,514000
356507,319500
356519,0
356576,92500
356623,315000
356668,0
356676,0
356686,1446500
356696,2594000
356717,400000
356726,150000
356728,8206900
356734,451000
356763,3686800
356775,1333300
356780,1354600
356791,150000
356798,144000
356801,810500
356802,1276700
356805,142500
356817,0
356825,656700
356833,7307600
356849,391500
356854,740000
356856,189500
356862,0
356868,580000
356892,240000
356910,0
356916,232000
356926,388000
356935,773400
356947,142000
356952,372500
356967,1874000
356976,250000
356980,1056000
356985,515000
356993,450000
357021,414000
357036,275100
357039,1781700
357075,231200
357087,450000
357109,245000
357124,400000
357130,350000
357137,276900
357140,380000
357149,0
357165,465000
357181,228000
357186,500000
357194,0
357208,450000
357212,544000
357240,174000
357258,0
357266,460000
357269,0
357305,278900
357317,160000
357327,175000
357337,0
357347,2089100
357362,0
357364,474800
357381,250000
357384,2534900
357396,417500
357402,0
357405,150000
357430,389000
357452,1079000
357468,0
357470,2469400
357482,130000
357490,250000
357501,496800
357513,779600
357514,22000
357530,126700
357533,350000
357536,300000
357540,36400
357544,0
357559,548000
357566,0
357639,237500
357652,312500
357657,927000
357670,497000
357673,500000
357676,0
357678,189000
357683,0
357693,645000
357715,0
357716,156000
357722,4652800
357736,0
357749,250000
357756,599200
357760,250000
357782,431000
357790,240000
357791,448100
357832,996400
357859,417500
357861,1428100
357877,4954500
357921,350000
357922,150000
357929,0
357932,654100
357962,150000
357983,1163000
357993,0
358007,0
358019,200000
358027,449000
358034,0
358053,124000
358058,396400
358070,3844700
358100,0
358152,273500
358181,0
358224,2010500
358238,7120900
358249,296000
358263,304000
358269,450400
358279,200000
358309,110000
358347,415000
358350,716100
358361,511900
358365,250000
358379,205000
358385,577500
358405,0
358458,1226000
358459,710000
358481,338200
358486,445000
358524,550000
358537,400000
358563,491000
358565,545000
358572,1791800
358584,310000
358589,0
358606,150000
358623,0
358639,0
358641,350000
358656,479100
358675,350000
358679,200500
358688,155000
358741,0
358779,616000
358781,250000
358782,70000
358793,0
358799,0
358843,0
358846,350000
358867,0
358881,1494700
358888,793500
358895,405800
358906,161500
358921,210000
358956,142000
358968,150000
358971,150000
358992,475500
359011,7613700
359018,991000
359020,0
359033,0
359060,510800
359088,670000
359090,547500
359098,249500
359101,297000
359103,1173300
359124,350000
359131,350000
359168,3784000
359191,200000
359194,0
359197,500000
359201,350000
359228,250000
359246,385000
359313,0
359338,962000
359412,328000
359428,400000
359430,450000
359448,2104000
359450,426000
359463,7949600
359464,150000
359499,813900
359510,881500
359521,500000
359538,0
359539,386700
359549,44000
359553,250000
359567,122900
359569,450500
359585,871600
359601,3000
359627,80000
359633,119200
359642,208700
359654,180000
359670,3669300
359672,150000
359673,150000
359678,52000
359680,350000
359705,150000
359715,2066000
359734,110000
359801,144000
359810,200000
359819,666200
359822,648900
359838,350000
359862,700000
359869,0
359898,216500
359901,212000
359939,1339600
359949,136000
359958,0
359977,450000
359982,0
360007,150000
360046,0
360057,574000
360058,296400
360063,1531800
360064,500000
360079,970200
360085,440900
360103,368800
360168,150000
360178,250000
360196,8400
360210,527700
360236,6992700
360242,0
360271,330000
360278,1009800
360304,587000
360341,0
360348,850000
360378,2632000
360403,90000
360432,592500
360446,0
360447,0
360466,397800
360467,0
360490,502200
360496,271200
360510,1050000
360514,443300
360517,50500
360521,394400
360525,782100
360552,556000
360566,0
360570,150000
360595,284000
360664,975000
360669,433600
360670,350000
360699,268000
360718,370000
360748,217900
360765,645500
360827,0
360844,1450600
360867,0
360886,550000
360890,4751700
360894,500000
360922,363600
360944,105000
360947,279800
360979,249500
360990,222000
360997,0
361001,0
361020,350000
361022,385600
361026,435000
361054,380000
361057,511600
361067,0
361091,0
361095,427600
361122,530000
361180,327500
361197,612500
361204,350000
361212,108000
361248,45000
361284,5401300
361299,0
361338,0
361349,0
361354,436000
361357,1751000
361363,130000
361379,739000
361395,12171100
361399,300000
361451,150000
361473,311200
361484,0
361487,0
361515,0
361585,800000
361597,0
361653,0
361660,500000
361673,100000
361692,300000
361699,450000
361706,0
361727,150000
361738,3286100
361743,270000
361774,500000
361792,617500
361798,334800
361799,450000
361844,1761200
361850,2558200
361857,150000
361874,1275000
361898,2616300
361919,0
361921,4470200
361932,24370500
361934,331500
361953,147500
361958,550000
361965,17718300
361972,809200
361986,0
361989,444500
362014,4497800
362017,250000
362031,300000
362055,700000
362066,300000
362072,1714900
362073,400000
362079,2599300
362097,720400
362117,114000
362118,150000
362134,120000
362138,891800
362140,1223400
362144,785300
362159,858000
362227,0
362230,0
362303,350000
362324,0
362338,150000
362340,554000
362346,302800
362364,846000
362365,0
362373,258300
362402,1730400
362403,470900
362423,1000000
362427,5101900
362444,200000
362452,510000
362456,853400
362460,1048700
362463,0
362489,354600
362499,1026800
362507,0
362511,7102400
362514,0
362527,291500
362543,216900
362544,0
362549,0
362575,0
362580,138000
362590,1126500
362600,427600
362602,400000
362608,375000
362623,504300
362675,150000
362679,1231700
362681,450000
362685,3996100
362686,401600
362695,300000
362715,212900
362816,0
362818,585000
362863,237000
362871,889000
362892,450000
362893,2974800
362895,329000
362929,442000
362932,400000
362936,7500000
362953,625000
362987,400000
363021,0
363077,266200
363087,100000
363118,0
363123,310000
363150,2142000
363186,180000
363193,737500
363211,267000
363212,0
363216,0
363222,623200
363223,494500
363234,604000
363236,1612100
363239,150000
363252,218800
363272,0
363274,300000
363289,350000
363301,250000
363306,1416000
363357,250000
363382,254000
363436,209000
363443,508000
363463,292200
363471,47700
363472,897500
363528,599000
363530,0
363536,1145000
363547,243200
363552,475100
363560,625000
363571,400000
363590,779300
363597,587600
363602,184000
363612,0
363616,1233500
363617,0
363629,185400
363633,669300
363646,500000
363647,150000
363671,1330100
363682,0
363719,471200
363721,867800
363726,6774900
363732,0
363772,664800
363804,0
363811,93000
363812,1222000
363815,0
363836,450000
363840,0
363850,4503500
363878,0
363884,200000
363892,116700
363903,0
363914,0
363925,248000
363942,450000
363944,342000
363959,405400
363961,475000
363976,300000
363977,1849900
363989,300000
364001,575800
364007,197500
364008,1157800
364013,619400
364017,0
364047,1000000
364062,0
364078,0
364105,340000
364114,0
364116,151500
364119,0
364123,319400
364126,1286200
364135,89100
364136,150000
364138,246000
364151,163000
364153,0
364168,802000
364169,472000
364175,0
364186,1078500
364189,250000
364193,526000
364205,276000
364207,0
364209,0
364221,474800
364233,350000
364245,730000
364250,500000
364252,1636300
364290,250000
364292,0
364296,350000
364311,630000
364324,349500
364333,213200
364362,60000
364394,924000
364397,0
364400,500000
364403,355700
364408,471000
364418,0
364422,327500
364426,0
364433,443600
364466,97600
364501,440500
364526,0
364527,0
364538,400000
364543,127000
364563,163500
364599,1634600
364615,162300
364630,3142000
364634,0
364656,347000
364701,355600
364725,450000
364728,400000
364766,397300
364767,1256100
364780,273200
364845,0
364857,400000
364865,1004000
364866,200000
364884,4692900
364912,0
364919,0
364925,450000
364930,139000
364939,2672200
364952,0
364959,450500
364962,4459400
364979,0
364994,916700
364997,0
365006,275000
365016,201500
365030,2582700
365068,370900
365097,185000
365101,739000
365103,300000
365132,250000
365136,185000
365148,480000
365162,146000
365180,250000
365183,0
365191,126000
365194,953500
365197,309000
365213,554000
365219,0
365220,552000
365221,1424800
365224,0
365226,148500
365230,364100
365238,150000
365243,3227000
365244,1772700
365254,871500
365263,0
365264,617000
365270,1655900
365271,484500
365289,776500
365294,403000
365305,250000
365307,150000
365311,700000
365319,583300
365322,0
365333,520000
365349,947000
365373,140400
365382,432000
365387,1279800
365399,400000
365403,293400
365414,150000
365433,150000
365435,120400
365445,400000
365469,400000
365470,150000
365472,0
365493,800000
365498,998800
365499,0
365522,1449000
365527,0
365552,800000
365566,750000
365572,142000
365577,293300
365579,200000
365594,1287000
365597,1776300
365599,442000
365610,1991500
365619,196000
365633,875500
365690,408600
365699,1386600
365719,471000
365730,150000
365736,1088500
365746,442200
365748,280000
365802,510900
365823,81000
365845,280000
365852,500000
365927,750000
365935,463600
365940,600000
365943,270000
365944,0
365967,1147500
365970,358500
365983,546000
365985,140000
366007,9385200
366048,7803300
366085,121000
366108,1840000
366109,350000
366116,482800
366164,0
366165,205000
366169,1135600
366173,500000
366180,0
366204,139000
366206,124200
366210,590000
366211,2456300
366217,156000
366240,615000
366241,167600
366244,0
366270,377000
366273,573100
366297,0
366298,167100
366310,100000
366334,150000
366361,1334000
366379,800000
366385,195000
366389,589000
366402,250000
366423,450000
366433,443000
366436,150000
366449,3347000
366472,2054000
366484,3048000
366494,545000
366507,345000
366508,1074000
366514,135000
366515,200000
366522,450000
366530,888000
366546,624700
366556,165000
366581,514100
366595,300000
366596,450000
366613,0
366617,200500
366637,360100
366649,150000
366659,754200
366667,112000
366680,847700
366696,2313800
366698,0
366702,1438200
366705,3131900
366706,289000
366716,0
366728,1345000
366742,460800
366743,1050000
366747,512000
366767,4159900
366768,1567200
366769,300000
366791,320000
366796,955400
366802,85000
366834,0
366847,49500
366850,150000
366898,268900
366909,651000
366913,739000
366917,0
366923,0
366940,387500
366948,0
366986,392000
366987,801000
366991,105000
367005,930000
367016,2203400
367020,450000
367023,346000
367035,455000
367038,370000
367050,1470700
367058,0
367062,205000
367082,172200
367100,54300
367104,123000
367113,0
367116,652700
367125,234000
367131,410500
367152,1207000
367161,500000
367177,200000
367207,150000
367208,300000
367212,5704700
367228,40800
367243,541500
367273,286500
367281,350000
367286,0
367304,150000
367377,140000
367384,315000
367394,0
367412,0
367415,350000
367417,492000
367443,972000
367469,219600
367478,612500
367482,0
367496,847300
367504,300000
367507,434500
367514,0
367552,587000
367606,82500
367646,453400
367647,350000
367657,200000
367697,502000
367699,350000
367702,0
367706,835800
367714,300000
367722,0
367727,290000
367728,250000
367734,391500
367738,457000
367740,150000
367752,750800
367757,440900
367764,219000
367780,0
367781,398600
367803,400000
367817,481200
367823,241500
367841,300000
367850,0
367854,300000
367856,362500
367888,220000
367908,450000
367954,645400
367976,200600
367984,165700
367990,0
368034,370000
368042,470000
368043,231600
368077,87000
368119,357300
368124,443000
368127,350000
368150,231400
368199,6222900
368213,600000
368230,442400
368237,386000
368261,786800
368271,957000
368310,1000000
368311,544000
368322,469100
368325,275000
368342,2778500
368349,0
368365,0
368378,0
368384,484000
368385,2383900
368390,534000
368393,350000
368406,150000
368423,865500
368428,389000
368430,350000
368452,1704200
368461,450000
368470,745000
368496,4281500
368500,150000
368510,292000
368512,0
368513,0
368516,160000
368531,0
368537,0
368552,388000
368560,368100
368572,828400
368587,3497900
368594,0
368596,478600
368599,0
368632,1417600
368640,250000
368649,39300
368651,0
368681,600000
368704,0
368717,853300
368736,0
368751,150000
368755,400000
368805,300000
368807,119000
368834,225600
368839,499000
368869,773300
368901,374900
368903,45000
368907,0
368921,161100
368933,753900
368942,444000
368963,774000
368982,432600
368985,613600
369006,181800
369009,711400
369031,522000
369039,0
369066,0
369100,456300
369126,1900000
369145,624800
369151,556500
369162,904700
369176,336800
369181,530000
369187,87500
369190,476500
369196,2153800
369206,436000
369212,285000
369218,0
369232,444500
369234,0
369251,200000
369268,0
369280,194500
369295,1100000
369303,273000
369305,350000
369312,4693900
369322,363500
369325,567300
369327,0
369348,12800
369373,750000
369376,450000
369398,137500
369400,250000
369401,365400
369403,312000
369436,228400
369445,290000
369459,3571700
369461,813000
369466,253800
369489,237200
369494,875000
369563,178500
369575,382400
369583,400000
369587,0
369597,469000
369613,472900
369618,0
369626,822400
369634,446500
369681,247500
369688,400000
369715,2091000
369767,375600
369776,341400
369787,386200
369811,0
369816,150000
369842,244000
369846,4614300
369847,210000
369871,5829900
369880,350000
369900,714800
369905,150000
369936,238500
369972,828200
369978,529000
369981,774800
370014,0
370019,288000
370025,200000
370032,140000
370046,120000
370049,525400
370064,150000
370072,0
370109,425600
370134,150000
370144,300000
370156,200000
370162,730000
370166,377200
370199,360500
370220,562100
370245,267600
370247,100000
370267,350000
370312,367200
370316,531300
370319,402700
370321,0
370325,1913300
370326,80000
370347,0
370365,450000
370366,479500
370370,1166200
370372,500000
370375,267000
370388,209500
370392,2055500
370394,0
370414,150000
370448,0
370470,0
370472,300000
370473,631000
370479,198400
370492,0
370495,0
370526,554300
370528,2099600
370533,530000
370536,430200
370540,314900
370545,434000
370562,500000
370580,386600
370582,200000
370588,0
370596,1566000
370607,0
370612,400000
370621,297500
370625,367500
370636,200000
370648,0
370659,0
370668,1166500
370693,199100
370697,300000
370705,350000
370723,1047500
370738,132000
370739,2640000
370751,282600
370755,400000
370758,580000
370770,392300
370773,0
370808,300000
370833,760000
370840,870000
370843,0
370881,0
370894,1938800
370909,435000
370929,200000
370940,174000
370943,150000
370945,555000
370978,200000
370979,189800
370980,2153500
370991,2545900
370993,0
370998,2613200
371012,0
371062,170000
371084,0
371093,252500
371094,0
371109,452400
371113,450000
371136,472000
371157,397400
371161,42500
371180,570800
371195,186000
371202,450000
371246,228000
371249,10060000
371257,241000
371260,402500
371267,450000
371286,248700
371287,450000
371289,469300
371293,550000
371341,475000
371348,165000
371351,379500
371362,8350000
371365,0
371374,141200
371386,1874700
371397,150000
371413,730800
371423,297500
371459,150000
371474,43779100
371478,745500
371485,1077500
371488,1769000
371516,8772200
371518,445000
371544,1900000
371551,1700000
371553,272000
371563,150000
371564,0
371565,400000
371566,150000
371577,1125000
371614,391800
371623,454000
371624,422100
371641,400000
371644,3126500
371671,729100
371684,400000
371694,606900
371716,1675000
371718,512800
371731,400000
371737,881000
371786,721400
371829,374000
371832,0
371838,599000
371845,87200
371872,1331700
371881,654200
371886,2182900
371921,130000
371928,250000
371940,0
371959,200000
371983,1244000
371998,174400
372011,740000
372013,953200
372026,200000
372049,651500
372052,878000
372061,953900
372072,150000
372074,0
372084,600000
372090,3995000
372092,498600
372109,1573000
372128,672500
372171,0
372189,1016700
372213,352000
372226,675000
372256,250000
372257,0
372269,919800
372273,300000
372275,76800
372302,774000
372312,603000
372317,410600
372318,165000
372319,4904000
372332,772000
372340,250000
372344,350000
372365,1302800
372408,112500
372410,4743200
372423,400000
372426,574300
372448,450000
372462,698900
372463,1099200
372470,759800
372486,424900
372495,300000
372501,350000
372508,170000
372523,151400
372524,0
372530,0
372538,462400
372541,165000
372556,1375400
372560,123000
372566,327000
372568,1230300
372571,1314000
372583,713000
372618,250000
372675,3550000
372682,400000
372750,400800
372772,1798900
372810,70000
372829,200000
372833,0
372835,526000
372852,300000
372853,150000
372858,0
372867,500000
372875,295000
372878,344300
372885,319600
372892,100000
372893,108000
372914,0
372926,200000
372945,119500
372959,763100
372977,605700
372978,0
372981,658300
372998,505000
373012,0
373018,0
373019,134800
373022,99000
373050,0
373076,140000
373082,0
373086,694000
373115,1010300
373120,281000
373136,300000
373241,250000
373248,0
373259,1939000
373262,933200
373285,0
373288,642000
373291,2777000
373297,500000
373304,0
373332,0
373340,54000
373346,2231900
373355,3175000
373380,300000
373382,358000
373408,248500
373414,264000
373419,707300
373432,135000
373436,0
373438,266000
373440,0
373447,0
373472,150000
373479,253300
373505,460000
373510,0
373516,0
373523,1043000
373539,2477400
373545,386200
373550,150000
373557,350000
373567,1216400
373571,263100
373580,0
373582,104900
373605,289500
373626,149000
373657,2140500
373662,2310900
373697,1669000
373700,800000
373702,566700
373706,400000
373708,500000
373713,8600000
373729,600000
373732,0
373781,0
373784,861000
373792,550000
373802,0
373803,324000
373804,400000
373820,730500
373827,5734300
373838,566500
373857,221500
373876,865300
373907,150000
373920,374700
373937,0
373941,180000
373944,150000
373950,400000
373973,311600
373998,1000800
374001,428700
374010,420000
374062,0
374077,0
374088,719200
374100,0
374101,44500
374121,47200
374133,497800
374144,1292200
374227,400000
374232,292500
374235,552500
374261,18400
374270,3908000
374276,350000
374280,150000
374317,126000
374318,1717000
374348,0
374377,250000
374389,320100
374391,150000
374417,70000
374426,150000
374433,300000
374443,826600
374455,131300
374467,470000
374494,268400
374505,2360800
374515,11512900
374540,375000
374564,998400
374580,414000
374584,1528000
374585,135000
374586,160500
374592,2234300
374603,361800
374619,200000
374623,200000
374651,568200
374663,176000
374675,429500
374680,0
374702,921000
374722,150000
374735,265000
374748,308000
374752,238000
374760,1626900
374762,945000
374778,150000
374785,130000
374789,83000
374799,150000
374807,394400
374812,0
374845,901400
374881,0
374882,215000
374891,232600
374893,284500
374897,400000
374908,0
374944,150000
374955,0
374969,600000
374986,281500
375002,381000
375016,126000
375024,75000
375026,450000
375039,0
375042,350000
375047,130000
375058,597200
375078,1445000
375089,957500
375091,0
375098,1464600
375105,284000
375117,1519000
375120,550300
375136,213300
375139,228000
375184,162700
375185,266500
375217,5030900
375230,350000
375235,2317300
375246,395600
375251,1714600
375289,0
375302,72000
375320,0
375326,190200
375340,400000
375373,530100
375404,1838700
375431,0
375453,0
375487,394600
375505,0
375514,886100
375527,689000
375549,0
375575,939100
375589,399300
375600,604000
375602,464700
375680,0
375702,0
375708,373000
375720,250000
375731,672800
375750,414000
375817,840000
375865,1421400
375874,1464300
375876,300000
375885,401400
375912,1967400
375918,1545000
375973,450000
375976,323200
376003,250000
376013,297500
376018,729400
376038,448500
376044,787300
376047,0
376083,250000
376088,589000
376108,0
376126,505000
376168,73500
376170,203500
376184,156000
376195,78000
376198,0
376209,198000
376211,0
376220,228400
376231,150000
376238,0
376241,285400
376251,0
376253,315600
376257,0
376259,3682900
376307,97000
376310,0
376321,0
376329,0
376350,202800
376358,350000
376362,450000
376365,150000
376379,150000
376415,16000
376423,500000
376445,600000
376469,624000
376472,812500
376508,0
376520,323200
376536,447500
376560,979300
376595,857000
376631,790000
376721,284000
376732,319100
376735,679000
376759,150000
376762,449500
376766,0
376770,196000
376773,150000
376780,300000
376808,1676300
376809,0
376838,550000
376841,0
376889,705600
376914,70000
376918,250000
376932,84000
376951,200000
376959,0
376970,802000
376984,3000000
376992,0
377010,145000
377029,202500
377053,300000
377066,468000
377099,0
377107,466300
377133,350000
377144,150000
377149,300000
377153,746700
377163,0
377175,150000
377197,8701700
377200,120000
377202,400000
377205,2694500
377257,602400
377258,457200
377275,0
377287,550000
377294,150000
377310,0
377325,0
377329,0
377333,251500
377346,0
377351,100000
377352,468500
377365,0
377380,0
377386,1038500
377436,0
377440,297500
377457,669600
377475,678700
377490,1731100
377502,241600
377503,550000
377507,250000
377516,600400
377542,458000
377553,450000
377566,440000
377583,0
377594,268000
377601,350000
377608,945000
377615,250000
377625,417500
377632,500000
377649,0
377684,361200
377689,649000
377690,493000
377693,395500
377695,218000
377698,0
377714,650000
377716,415000
377717,150000
377724,496000
377732,0
377750,526200
377763,1083800
377796,350000
377804,330000
377845,633000
377854,0
377864,961800
377871,254000
377886,150000
377890,0
377915,1063000
377923,0
377929,200000
377977,225000
377992,440000
377994,332000
378008,76500
378032,0
378040,200000
378045,1115000
378060,328500
378080,332500
378091,299000
378094,455000
378116,1321900
378135,250000
378150,303600
378175,1821300
378191,451000
378232,354900
378235,0
378237,0
378238,0
378244,405600
378277,1857700
378288,0
378295,345500
378313,1912200
378330,418600
378347,120000
378352,0
378358,0
378384,200000
378387,358600
378439,0
378447,0
378458,0
378464,677500
378471,850000
378481,0
378493,1612100
378511,2112500
378513,349000
378538,494500
378540,917500
378543,350000
378550,162500
378552,1324000
378651,0
378655,852400
378670,0
378768,350000
378771,186000
378788,0
378794,150000
378806,475000
378828,521000
378849,323500
378866,400900
378876,1572000
378894,304400
378931,550000
378936,0
378962,0
378967,0
378984,1311000
378999,785200
379024,1472800
379029,410300
379033,150000
379049,813100
379060,742000
379074,878000
379088,0
379099,0
379106,757800
379125,626000
379133,150000
379147,873000
379152,0
379155,158800
379158,0
379164,350000
379165,457000
379168,387600
379188,0
379217,324400
379255,489500
379261,400000
379274,150000
379357,0
379382,77500
379388,0
379389,4132000
379403,0
379409,800000
379411,327000
379417,2350500
379445,200000
379449,0
379466,0
379469,200000
379475,188200
379510,449000
379535,0
379552,135000
379564,0
379580,550000
379583,470500
379597,364000
379634,0
379648,300000
379662,707100
379663,250000
379668,200000
379699,135000
379722,865000
379732,0
379745,1101600
379754,120000
379795,685000
379806,977000
379814,0
379818,400000
379840,435000
379841,138000
379851,500000
379881,0
379909,200000
379946,134500
379952,92000
379956,150000
379959,200000
379962,1469800
379981,0
379990,0
379997,569400
380020,345000
380037,221500
380060,162000
380067,0
380068,500000
380071,260000
380075,250000
380092,200000
380105,365500
380110,250000
380114,496500
380127,0
380133,582900
380136,543000
380138,0
380140,378700
380144,721000
380157,0
380173,4563900
380195,9341900
380240,486100
380248,0
380278,3739500
380286,1776100
380299,300000
380322,350000
380356,150000
380359,700000
380379,207500
380384,784500
380391,750000
380400,450000
380414,350000
380419,0
380422,639400
380430,265600
380468,0
380483,150000
380494,0
380499,500000
380509,1118000
380519,250000
380521,360000
380527,425000
380583,0
380595,236800
380604,137000
380614,1605700
380620,450000
380641,800000
380695,0
380701,200000
380705,287000
380713,329500
380730,492400
380731,0
380764,150000
380765,335000
380774,540000
380784,179000
380786,145000
380803,1502000
380816,1718600
380834,300000
380843,1037600
380863,364700
380864,250000
380867,936800
380870,280000
380887,162000
380894,250000
380944,1124400
380947,428900
380964,4418100
380989,110000
380995,30000
381019,0
381031,424300
381050,0
381061,2428200
381070,312000
381073,387500
381083,272500
381093,350000
381104,750000
381115,54000
381142,495000
381178,58500
381181,223000
381201,470500
381209,150000
381212,629300
381242,125000
381249,1175900
381255,0
381260,100900
381273,77000
381292,67500
381294,1306600
381307,128300
381310,250000
381338,65000
381375,282800
381377,740800
381389,300000
381419,554500
381438,350000
381441,6808800
381449,551600
381453,350000
381494,167800
381498,163500
381505,0
381531,348000
381533,0
381537,0
381553,839800
381565,1244000
381572,320000
381583,500000
381600,399500
381745,1198000
381796,370500
381811,925500
381837,892000
381855,0
381874,342600
381883,0
381907,0
381912,687000
381915,0
381925,223000
381933,0
381941,0
381947,114000
381951,0
381961,472000
381967,3694200
381982,0
381984,808500
381994,413000
382063,250000
382071,0
382074,645000
382083,3257700
382086,250000
382087,750000
382104,350000
382106,741000
382113,250000
382119,150000
382132,817000
382143,400000
382205,542600
382207,480000
382278,146000
382307,750000
382319,90100
382321,440000
382338,968000
382344,150000
382357,0
382361,692700
382363,0
382375,90300
382381,200000
382414,200000
382433,465500
382435,2926900
382443,482500
382469,517500
382497,180000
382498,150000
382511,640000
382515,251600
382519,70000
382530,365500
382532,387500
382544,672500
382572,951800
382605,0
382655,0
382658,240000
382662,957000
382665,300000
382681,250000
382683,300000
382686,550000
382706,200000
382724,823000
382751,324000
382765,747600
382769,400000
382775,372000
382788,3169000
382789,250000
382800,350000
382837,2012800
382862,500000
382877,1292000
382887,142000
382906,265000
382920,0
382928,0
382941,600000
382950,97500
382978,1243100
382987,170000
382990,0
383003,0
383032,45000
383033,567900
383035,309200
383043,446000
383062,5886800
383070,0
383073,172000
383102,1300000
383138,0
383155,225900
383169,5402000
383190,6105000
383211,3439200
383224,640000
383248,409500
383251,2603000
383252,2067000
383257,400000
383259,1354600
383280,2904200
383288,72000
383298,150000
383314,2498700
383325,421900
383340,0
383361,450000
383402,450000
383409,160400
383435,548900
383445,306000
383459,219000
383476,490000
383494,386800
383513,500000
383523,340000
383525,485400
383535,369400
383537,508000
383539,0
383554,400000
383555,300000
383556,91600
383557,50000
383566,350000
383572,150000
383577,4123000
383586,412900
383603,0
383608,124700
383622,150000
383650,16815100
383652,444000
383655,0
383658,0
383666,0
383670,1786900
383676,250000
383685,0
383691,0
383718,584000
383739,1346500
383756,450000
383768,500000
383798,748900
383807,1678600
383835,145000
383857,485900
383871,462500
383908,250000
383913,0
383917,350000
383946,252000
383947,520000
383962,1699800
383992,340000
383997,173500
384001,700000
384004,195500
384009,485000
384020,0
384024,279100
384078,3054700
384089,270400
384139,0
384144,90300
384190,492000
384200,125000
384279,840000
384286,1592000
384299,0
384304,382000
384310,400000
384318,400000
384320,357000
384326,1364800
384337,1252000
384357,350000
384382,499000
384400,1063500
384405,46000
384423,150000
384438,0
384446,1735500
384452,250000
384465,492000
384468,5803000
384491,1161300
384494,680000
384499,0
384518,150000
384527,0
384622,0
384624,0
384672,530000
384690,400000
384696,150000
384701,150000
384705,98000
384771,450000
384790,367500
384792,1400900
384805,200000
384835,536000
384850,524700
384857,1202700
384866,224700
384974,7537000
385008,200000
385013,345000
385040,1400000
385042,450000
385049,220000
385125,400000
385137,404600
385282,344800
385287,0
385292,130000
385322,300000
385329,300000
385346,559500
385354,2441900
385359,140000
385362,196600
385377,0
385411,754600
385413,400000
385429,3125000
385432,0
385462,1013000
385471,150000
385479,147000
385481,0
385482,300000
385489,120000
385496,0
385497,471000
385499,0
385500,0
385504,450000
385530,1269800
385549,395000
385560,1919200
385602,475500
385607,0
385610,352500
385622,0
385627,401100
385634,1802900
385638,2547800
385707,934900
385709,233000
385721,640900
385724,0
385728,0
385848,651000
385911,138500
385914,1223200
385921,550000
385935,450000
385939,0
385941,1428500
385954,221800
385960,75000
385962,645000
385969,550000
385978,434000
385990,318700
385997,444500
385999,250000
386015,873400
386019,1764000
386034,600000
386036,0
386040,200000
386058,10605500
386061,0
386075,200000
386076,492400
386102,489600
386122,220000
386129,493600
386133,139000
386141,70000
386162,200000
386174,666500
386175,70000
386192,400000
386232,397700
386252,583800
386254,450000
386274,304500
386296,587000
386312,0
386319,460800
386352,1006000
386387,317500
386391,288600
386426,3933600
386447,255600
386458,0
386476,803800
386493,332000
386495,2074800
386507,944100
386537,0
386568,450000
386582,525000
386590,150000
386604,249000
386615,0
386616,8526400
386622,211000
386624,455800
386710,928000
386717,315500
386729,350000
386796,1268000
386849,0
386895,220000
386899,150000
386930,6466800
386935,150000
386944,250000
387014,350000
387042,70000
387051,60200
387081,2605500
387115,202300
387146,280000
387154,550000
387166,0
387246,0
387324,1324300
387367,422000
387370,168500
387415,150200
387458,0
387470,300000
387583,747500
387630,270000
387665,491200
387678,800000
387681,10838400
387748,450000
387829,857000
387830,170000
387853,104000
387887,574100
387908,1200000
387937,84000
387971,750000
387978,0
388017,379700
388018,159500
388071,350000
388074,0
388078,300000
388098,350000
388102,0
388108,306300
388163,749900
388167,350000
388174,1079500
388182,447500
388215,3859500
388216,5185700
388222,294300
388266,13675800
388289,0
388300,480000
388301,338000
388329,0
388372,216300
388388,350000
388396,255000
388398,450000
388400,1613300
388455,1750000
388463,89100
388532,120000
388551,532000
388561,0
388573,3801200
388584,420000
388605,325000
388636,0
388655,0
388659,150000
388681,400000
388696,134800
388733,1772500
388760,187500
388786,550000
388839,1103600
388840,359000
388844,2212300
388847,670000
388864,285600
388867,1762800
388930,740000
388973,0
388977,2634700
388983,1405000
389023,565700
389036,1871000
389046,1189000
389127,611800
389153,230000
389197,473000
389203,58400
389204,270000
389209,6942300
389260,350000
389266,594500
389277,27300
389293,150000
389317,375000
389345,848000
389350,150000
389366,0
389367,900000
389381,300000
389399,329000
389403,412000
389416,1584600
389429,350000
389439,263800
389445,136800
389462,648000
389481,600000
389488,1200100
389500,617500
389503,400000
389504,1192700
389505,112000
389509,1724100
389544,719500
389575,0
389589,2286500
389624,4022500
389655,82500
389657,400000
389682,1378400
389683,489500
389685,400000
389693,150000
389734,455400
389747,214400
389750,145000
389775,0
389791,150000
389804,545000
389805,1523600
389811,0
389817,359600
389832,282000
389842,0
389864,164400
389865,3461800
389870,0
389877,481700
389900,0
389910,800000
389935,640300
389949,398900
389998,648000
390010,0
390027,0
390031,75600
390070,75000
390098,0
390100,77500
390128,220000
390138,1100000
390139,89000
390147,620200
390190,500000
390199,485000
390213,400000
390236,0
390244,2566700
390250,866400
390251,0
390253,200000
390259,400000
390286,150000
390287,0
390293,400000
390300,261500
390326,434600
390336,200000
390337,600000
390354,0
390356,2401400
390363,2904100
390385,269100
390387,0
390399,232000
390402,0
390406,400000
390412,0
390415,216000
390436,181300
390465,300000
390493,353500
390517,597600
390536,0
390545,168500
390555,0
390567,33600
390570,440000
390571,176700
390584,520000
390585,266000
390587,515800
390588,0
390632,333300
390640,0
390658,96000
390680,0
390685,190000
390737,837800
390752,0
390767,1025100
390828,0
390848,450000
390858,122000
390916,350000
390928,150000
390936,400000
390968,676700
390989,400000
391009,450000
391015,164500
391058,608500
391087,150000
391111,535000
391112,150000
391113,4368600
391126,150000
391130,0
391146,397500
391153,5423000
391155,100000
391170,11090400
391193,2391600
391211,570800
391216,44000
391224,0
391237,0
391238,377500
391280,150000
391286,0
391316,0
391325,1011500
391338,200000
391351,200000
391357,0
391385,565000
391438,0
391441,0
391443,130000
391473,0
391500,572800
391518,315000
391551,1010800
391557,400000
391564,1070000
391580,300000
391614,443000
391657,650000
391698,163000
391711,0
391719,462800
391734,0
391752,531500
391753,0
391756,1018500
391800,438000
391810,150000
391813,450000
391815,618400
391844,2323000
391846,0
391863,350000
391866,150000
391872,347000
391885,0
391891,1000000
391931,3100900
391952,1313600
391970,0
391995,1379000
392016,419500
392035,150000
392048,486000
392051,475000
392070,0
392073,224000
392113,1226400
392140,280000
392183,1255000
392200,257000
392206,0
392218,60000
392227,450000
392242,250000
392256,1179000
392318,1091300
392349,400000
392356,477600
392366,420000
392409,0
392411,559000
392412,112500
392425,505000
392446,303800
392456,649000
392467,0
392470,500000
392473,0
392476,337200
392487,378000
392514,527600
392518,950000
392539,0
392542,672000
392557,1846500
392574,300000
392581,400000
392592,1294000
392620,2432500
392631,3437700
392642,0
392655,820000
392665,450000
392669,1602800
392671,0
392674,450000
392687,70000
392692,2296900
392711,857300
392714,2878900
392716,0
392733,0
392753,350000
392759,309800
392781,677800
392787,0
392788,350000
392789,1041200
392790,163200
392791,1137500
392794,410000
392804,135000
392810,26700
392811,196300
392825,0
392826,164100
392838,120000
392877,939000
392883,0
392887,0
392909,0
392931,630000
392932,199500
392937,2402700
392964,1109000
393004,760000
393039,250000
393048,477400
393084,0
393096,156000
393117,350000
393146,550000
393197,235200
393217,175000
393218,2086000
393219,350000
393258,0
393267,150000
393276,0
393318,422000
393320,0
393333,0
393334,350000
393348,500000
393353,350000
393366,135000
393400,0
393405,460000
393415,600000
393417,998000
393419,60000
393437,570000
393439,0
393466,300000
393472,710000
393475,235200
393491,0
393515,850000
393527,2933500
393530,180100
393559,425000
393565,300000
393603,1130000
393608,602000
393616,984000
393634,127000
393642,200000
393644,400000
393708,290600
393709,550000
393711,0
393717,150000
393719,748000
393722,663500
393725,659700
393736,1362000
393768,340000
393786,0
393806,514000
393833,159000
393835,745000
393852,1783500
393882,0
393888,150000
393899,0
393907,450000
393911,400000
393916,916500
393947,0
393960,182000
393974,1161700
393976,289700
393996,150000
394002,335200
394012,0
394015,449900
394016,0
394018,359000
394021,300000
394023,350000
394038,1638400
394056,162000
394060,150000
394079,307500
394102,634200
394111,500000
394118,0
394133,306900
394218,300000
394250,135000
394252,90000
394284,0
394300,154500
394314,0
394337,200000
394343,636300
394351,350000
394412,150000
394427,0
394451,150000
394455,343800
394478,0
394502,150000
394514,200000
394552,160000
394566,250000
394600,0
394616,400000
394620,504000
394628,0
394633,210700
394648,300000
394652,150000
394659,53700
394667,0
394680,200000
394687,350000
394703,258000
394714,0
394730,4809200
394736,550000
394744,150000
394765,0
394770,250000
394798,550000
394822,150000
394830,700000
394832,3907400
394835,400000
394840,130000
394842,400000
394844,1543500
394845,500300
394854,98900
394864,0
394872,0
394879,304100
394883,300000
394905,74500
394908,0
394919,597100
394924,300000
394930,485600
394931,1129100
394942,0
394947,216000
394948,550000
394963,296100
394966,150000
395007,2204500
395009,951900
395011,0
395049,291800
395060,450000
395066,236100
395087,449000
395089,550000
395112,0
395113,150000
395118,34115100
395134,7847800
395140,0
395150,250000
395151,170000
395167,334800
395180,300000
395181,200000
395186,200000
395190,0
395192,389700
395196,441200
395233,0
395243,0
395245,522800
395261,565100
395273,467500
395274,323400
395283,400000
395289,125000
395310,500000
395312,678300
395336,350000
395342,250600
395351,1445500
395352,1994700
395357,512000
395365,771600
395374,670000
395427,381000
395454,238300
395467,620000
395484,400000
395491,250000
395498,2679000
395513,250000
395541,0
395551,812300
395562,829800
395571,473000
395578,3157000
395604,350000
395663,300000
395670,1649200
395678,809800
395686,150000
395694,267000
395695,0
395707,0
395731,197000
395766,249900
395794,337000
395810,0
395826,910400
395829,300000
395842,517800
395851,140000
395854,11356000
395855,0
395883,350000
395887,292000
395901,300000
395903,321800
395914,960100
395920,156300
395924,150000
395934,355100
395941,486500
395946,340000
395963,0
395972,1089000
396000,0
396012,0
396030,1500000
396040,300000
396059,0
396060,3488300
396074,250000
396083,350000
396085,1685300
396113,1160700
396124,0
396140,135000
396154,450000
396163,0
396170,524000
396172,0
396205,200000
396252,454000
396258,202000
396268,1454700
396270,180000
396319,0
396330,0
396337,400000
396348,0
396376,1680000
396391,436100
396399,0
396404,6872100
396411,150000
396461,431000
396473,376700
396475,689600
396483,515000
396488,2184500
396521,0
396523,132500
396525,1248200
396536,1500000
396555,200000
396561,1000000
396562,300000
396584,2330800
396587,1578000
396593,1347600
396605,34200
396620,150000
396621,400000
396623,1696600
396654,250000
396701,144000
396728,598300
396743,300000
396774,0
396790,390000
396800,144100
396834,302600
396872,386000
396933,450000
396938,350000
396945,172700
396983,3854600
397006,439000
397009,2366000
397015,31900
397028,320000
397061,206400
397092,2799000
397137,0
397146,2550100
397203,843000
397211,390000
397214,687500
397222,500000
397240,654000
397265,0
397283,200000
397284,1676400
397293,62000
397294,0
397305,400000
397334,0
397359,0
397366,83300
397371,150000
397381,1772000
397384,200000
397391,1413000
397392,193500
397411,9593000
397427,0
397498,250000
397505,697000
397506,310400
397530,112000
397532,250000
397560,200000
397568,0
397580,350000
397608,564200
397623,264800
397629,400000
397645,200000
397666,3204900
397674,590800
397677,445200
397678,449000
397695,340900
397703,100000
397730,247600
397760,150000
397771,5660600
397789,0
397834,37500
397842,400000
397848,885000
397849,400000
397850,395000
397874,252000
397884,639000
397892,368300
397911,500000
397925,81500
397956,112200
397958,400000
397976,292500
398003,250000
398022,350000
398027,2731000
398042,150000
398094,0
398121,0
398125,150000
398127,500000
398129,0
398140,0
398150,563500
398161,1050000
398181,485000
398183,314600
398221,300000
398289,0
398300,1967400
398301,9018000
398304,150000
398311,802000
398336,390000
398368,944800
398370,472000
398384,2809800
398409,500000
398434,1463100
398437,0
398444,165000
398464,1440000
398481,2575100
398483,183500
398492,650300
398525,5420200
398526,200000
398528,350000
398529,547800
398537,1132800
398547,0
398553,0
398555,1311500
398580,250000
398605,354000
398671,705500
398676,203700
398702,150000
398731,350000
398735,890500
398747,999800
398789,124500
398799,0
398820,0
398869,523300
398898,0
399025,532000
399089,500000
399121,600000
399139,207600
399245,841400
399275,400000
399336,282000
399342,840700
399367,350000
399403,198000
399406,150000
399409,325000
399416,876000
399423,584500
399443,0
399453,350000
399465,400000
399491,0
399493,3231800
399495,0
399498,216300
399510,190400
399526,520000
399533,250000
399545,544000
399587,370600
399592,701800
399629,0
399669,0
399677,250000
399678,1012000
399690,2581600
399697,0
399729,125000
399730,135000
399744,178000
399771,115000
399779,450000
399785,1898700
399821,481800
399827,556600
399854,243000
399872,150000
399914,140000
399937,0
399963,325000
399976,400000
400018,0
400033,0
400056,150000
400073,2254400
400087,541000
400138,3993200
400185,112800
400225,2480000
400259,12500
400260,576500
400267,216000
400269,4560200
400278,0
400286,0
400309,500000
400330,0
400346,350000
400350,200000
400409,384500
400435,0
400443,320000
400453,734800
400491,1094200
400493,1159000
400496,131500
400555,634500
400604,77500
400633,105000
400645,390000
400665,450000
400666,0
400668,1991500
400681,200000
400683,1327000
400702,0
400709,0
400711,294000
400720,512900
400739,0
400760,439000
400796,181100
400807,483300
400828,587900
400870,252500
400882,550000
400888,250000
400903,0
400925,0
400936,95000
400944,0
400945,0
400949,277000
400959,1654800
400965,300000
400992,0
401003,612000
401015,315000
401016,417500
401029,313300
401045,0
401054,0
401062,522700
401088,0
401091,371200
401100,302200
401148,292000
401156,280000
401174,31670400
401211,4760100
401237,0
401238,0
401273,0
401282,411100
401294,554100
401303,677500
401304,252000
401340,399500
401375,992800
401403,0
401407,213000
401416,495000
401426,0
401436,292500
401471,205000
401497,0
401502,150000
401503,150000
401545,180000
401579,826000
401591,2350000
401593,2236900
401627,300000
401727,450000
401755,340000
401772,84000
401815,0
401848,1350000
401859,1252400
401882,3139500
401964,0
401970,0
401973,0
401985,431000
401987,2140900
401990,90000
402000,877000
402001,116800
402010,450000
402021,1871500
402054,0
402067,2055100
402093,200000
402105,0
402109,321300
402118,0
402130,808900
402180,525000
402204,399800
402230,244700
402247,22700
402274,139000
402335,1220800
402341,499000
402342,2983900
402349,449500
402356,0
402360,0
402375,690000
402378,200000
402380,4168000
402385,0
402388,629000
402398,0
402405,513000
402442,0
402452,412000
402499,966200
402510,383900
402521,250000
402528,914500
402543,200000
402555,0
402565,0
402568,0
402611,670000
402619,585000
402627,130000
402656,300000
402659,150000
402666,631200
402688,496500
402715,450000
402731,400000
402765,475800
402785,891800
402790,708000
402827,150000
402863,550000
402892,350000
402896,140000
402935,0
402964,935000
402996,457500
403025,0
403059,0
403065,1712500
403094,155000
403095,0
403114,409500
403122,400000
403135,68700
403161,8651100
403162,0
403169,345500
403173,312000
403185,0
403208,9286600
403215,593000
403236,176400
403249,1105600
403264,979100
403269,655100
403281,1330400
403286,475500
403315,73500
403319,150000
403323,2166000
403330,1282000
403341,974000
403344,0
403353,2001300
403369,1782000
403371,0
403375,740000
403377,540000
403385,2635300
403396,267000
403406,400000
403420,150000
403424,442800
403438,966800
403440,0
403486,465000
403494,351800
403513,376000
403525,896100
403570,450000
403590,1054400
403608,592000
403636,1094000
403639,299000
403644,523600
403650,400000
403651,300000
403661,84400
403675,141000
403682,374500
403696,62500
403701,1200000
403718,0
403724,1103000
403730,396500
403784,400000
403810,400000
403840,662000
403843,300000
403847,351500
403856,0
403865,472000
403868,200000
403941,318400
403965,445500
403970,800000
403973,200000
403987,150000
403998,780000
404021,688200
404047,764000
404074,54000
404080,300000
404083,447900
404094,305700
404097,397500
404100,330000
404136,0
404138,0
404156,0
404163,616400
404203,0
404210,3766000
404215,0
404216,400000
404241,2342000
404250,0
404286,0
404289,622500
404291,375100
404317,2730600
404323,433700
404333,1075600
404377,458000
404381,618800
404392,0
404396,900000
404418,754000
404431,130000
404436,438500
404440,0
404441,0
404442,250000
404464,2815700
404468,0
404473,4204300
404484,505000
404486,200000
404488,171400
404497,0
404512,418500
404514,294000
404540,400000
404571,250000
404591,0
404610,200000
404617,600000
404632,2017500
404638,1699700
404654,2867300
404673,150000
404686,0
404689,350000
404690,200000
404696,1388800
404704,768000
404715,1225500
404719,2773400
404731,465000
404733,0
404743,4193600
404759,297500
404762,600000
404774,3928800
404776,36000
404795,300000
404796,0
404820,300000
404829,320000
404850,4525600
404859,411700
404874,0
404888,1784600
404900,308000
404904,919200
404909,450000
404916,0
404920,450000
404947,1098000
404960,254000
404961,541900
405024,0
405030,539300
405037,350000
405048,309000
405074,140500
405076,759000
405080,0
405084,416400
405087,300000
405088,0
405097,0
405115,0
405128,293500
405135,165200
405144,150000
405153,484600
405166,235000
405176,0
405182,400000
405184,256000
405220,400000
405256,300000
405268,184000
405275,753500
405276,664000
405278,5043200
405290,250000
405301,150000
405322,150000
405336,202600
405340,316900
405344,450000
405384,458200
405423,250000
405447,330000
405458,3043500
405464,962000
405480,1701000
405490,0
405491,611000
405494,140000
405499,250000
405512,320800
405518,400000
405522,2095000
405551,1701600
405555,0
405558,600000
405563,136000
405568,145500
405576,0
405589,381600
405666,2155400
405687,305000
405703,130000
405716,400000
405753,0
405754,250000
405760,0
405768,0
405780,200000
405781,0
405805,1328400
405813,350000
405815,470000
405831,268000
405866,2171200
405870,494500
405890,451800
405896,350000
405935,600000
405965,530000
405988,773200
406013,0
406018,533800
406030,1298800
406052,250000
406069,664500
406086,843100
406095,370300
406121,115600
406142,125000
406146,340700
406158,0
406176,1338500
406189,223900
406203,600000
406213,375000
406214,0
406230,350000
406233,0
406271,715000
406274,0
406283,140000
406285,0
406302,617500
406310,0
406324,426000
406327,0
406351,140000
406352,404000
406380,450000
406385,735000
406389,1000000
406413,631000
406422,200000
406431,450900
406459,405600
406462,764700
406464,550000
406483,1875300
406497,611200
406527,840000
406528,0
406532,1170000
406538,500000
406544,38000
406549,350000
406554,330000
406563,380000
406588,565800
406615,150000
406617,0
406627,347500
406629,533500
406655,199000
406671,350000
406688,500000
406729,200000
406772,1386000
406774,150000
406778,236900
406782,772000
406801,200000
406809,300000
406823,443300
406829,153000
406851,967300
406857,150000
406870,417500
406872,785700
406897,140000
406902,746200
406910,820000
406920,274600
406933,315000
406939,963900
406949,6845000
406959,8400
406964,965000
406980,0
406983,883000
407015,0
407017,166800
407020,0
407048,367500
407089,0
407096,654800
407100,400000
407104,4991900
407130,0
407135,0
407153,0
407161,582000
407168,507300
407169,999000
407170,300000
407196,113200
407198,148000
407205,0
407206,1011500
407231,0
407238,0
407255,479000
407275,1021900
407284,0
407289,93800
407301,1551000
407305,70000
407368,700000
407422,1520500
407426,722600
407471,150000
407473,816000
407474,490000
407483,3506700
407495,0
407501,1052400
407521,0
407531,0
407540,0
407552,298000
407563,314500
407568,567500
407573,404000
407587,105000
407601,150000
407602,400000
407603,511500
407608,0
407618,150000
407626,200000
407685,244000
407687,194800
407691,0
407694,0
407701,200000
407703,85300
407709,0
407731,600000
407734,350000
407754,620600
407756,0
407769,1165000
407834,485000
407843,615000
407851,1500000
407875,510400
407882,1163600
407906,400000
407926,0
407945,497300
407963,257900
407968,651000
407971,3055300
407975,0
407983,1658300
407992,250000
408023,300000
408045,31500
408063,0
408074,839100
408089,450000
408098,456300
408099,150000
408103,631000
408110,150000
408118,7359700
408129,554500
408155,0
408162,2115300
408167,2240500
408179,957400
408189,22500
408242,1245000
408276,396000
408280,168000
408290,0
408300,924300
408322,108000
408327,0
408330,150000
408368,299500
408378,1113900
408414,11302700
408420,300000
408426,400000
408432,150000
408439,400000
408440,0
408449,645600
408453,0
408457,1053900
408465,0
408485,334000
408497,150000
408550,145000
408562,175000
408567,382500
408639,1959800
408661,62100
408672,0
408679,0
408699,600000
408716,200000
408725,300000
408752,150000
408767,260000
408769,1020000
408781,136800
408787,154000
408799,474000
408802,500000
408804,450000
408834,0
408838,1048900
408854,473000
408861,606300
408863,245000
408886,480500
408912,257000
408923,473600
408926,0
408932,324700
408958,574200
408994,190000
409008,0
409018,80000
409035,345000
409037,9600
409043,260000
409044,562000
409059,601000
409073,250000
409085,494000
409143,350000
409205,265000
409211,0
409227,1047300
409234,0
409247,300000
409257,250000
409288,235000
409311,512000
409313,637500
409363,0
409378,1008800
409388,400000
409395,146000
409410,770000
409433,0
409443,400000
409447,64000
409460,311500
409465,8000
409481,250000
409487,250000
409498,300000
409500,500000
409509,0
409511,995600
409515,3687100
409517,161500
409518,490000
409519,2983300
409526,475000
409543,661200
409560,0
409571,385000
409586,150000
409593,1050200
409609,2356900
409610,421500
409617,5845700
409620,297300
409629,6596500
409636,607500
409639,670000
409648,14243600
409661,0
409678,650000
409699,244200
409713,250000
409770,70000
409785,379800
409790,0
409795,400000
409798,346500
409836,0
409866,500000
409867,0
409868,352200
409891,0
409918,0
409953,604700
410001,910800
410009,689900
410023,1638800
410025,350000
410031,350000
410034,154000
410036,500000
410064,954300
410076,297500
410084,328800
410092,300000
410095,4684500
410135,0
410152,600000
410164,150000
410180,315000
410216,138000
410233,532500
410271,176500
410320,350000
410347,458400
410348,885700
410373,350000
410375,1050000
410395,251200
410411,0
410417,159000
410423,997700
410425,257500
410430,126000
410454,81000
410455,200000
410461,262000
410485,120000
410491,475000
410498,0
410505,0
410529,0
410530,350000
410534,230700
410553,5300
410556,220500
410568,196200
410569,417500
410614,450000
410622,710500
410633,400000
410653,200000
410660,3840400
410662,0
410705,599400
410725,520100
410731,0
410734,154700
410747,250000
410748,538000
410749,3867300
410753,280200
410777,405000
410786,0
410790,563500
410792,418800
410801,240000
410807,530000
410828,0
410837,70000
410866,807500
410870,638000
410880,400000
410881,238000
410883,150000
410884,1046300
410885,290000
410887,1737600
410893,594100
410913,600000
410916,550000
410926,275500
410927,57500
410967,250400
410978,0
410980,600000
410985,1250200
410992,18055500
411012,150000
411034,591600
411041,450000
411042,282000
411059,0
411060,200000
411062,258600
411071,399300
411073,437500
411112,170000
411115,181000
411142,200000
411167,279000
411168,0
411172,0
411241,378200
411259,215800
411269,0
411272,919000
411276,953000
411283,250000
411305,400000
411319,285000
411390,467500
411400,919000
411405,545700
411409,1617600
411415,1750000
411432,1268600
411453,150000
411485,650400
411502,0
411503,0
411512,912100
411520,2219800
411526,400000
411531,0
411534,0
411544,450000
411558,280000
411579,737400
411605,150000
411618,150000
411623,71200
411637,1209000
411649,267000
411658,0
411659,0
411669,150000
411688,214900
411706,440000
411709,430000
411732,230800
411748,841700
411752,150000
411759,467500
411761,1342600
411765,0
411772,176000
411788,400000
411794,941000
411807,1507500
411821,350500
411822,500000
411844,360000
411853,982500
411881,818500
411891,280000
411927,142000
411932,150000
411933,317500
411965,150000
411982,234000
411984,300000
411993,0
412000,820500
412013,600000
412022,2514000
412037,70000
412049,0
412061,0
412070,0
412074,737000
412082,17900
412111,226500
412127,1272000
412135,570000
412140,332900
412145,0
412155,64000
412169,0
412176,235500
412184,480000
412188,810000
412190,382500
412205,112500
412212,140000
412215,162800
412223,618500
412248,150000
412251,350000
412252,0
412255,768000
412258,0
412263,0
412281,1285500
412286,649900
412301,0
412309,314000
412317,567800
412327,2421000
412332,8851500
412337,438000
412344,130000
412348,170000
412355,625300
412389,0
412400,520000
412419,30800
412425,0
412433,285800
412446,0
412452,0
412475,406000
412478,220000
412486,142000
412509,555000
412526,1093200
412552,1032400
412569,798000
412581,4047200
412604,0
412615,0
412656,500000
412657,1018000
412662,504000
412663,200000
412712,465300
412759,129500
412793,3770300
412805,503700
412812,600000
412818,167500
412854,0
412864,250000
412869,430000
412880,195000
412884,248800
412906,300000
412908,11405400
412921,48000
412923,503200
412929,150000
412931,450000
412958,300000
412970,1137000
412975,0
412982,356000
413031,150000
413042,656500
413053,0
413061,350000
413062,224700
413092,9925500
413107,450000
413109,250000
413141,894700
413143,0
413163,268400
413165,448600
413178,150000
413182,305000
413196,150000
413199,250000
413223,0
413238,355000
413247,0
413248,358500
413252,696000
413288,764000
413292,0
413303,300000
413311,450400
413319,471000
413356,285000
413361,0
413365,0
413366,0
413369,358300
413379,200000
413381,375000
413385,400000
413402,624000
413403,350000
413407,350000
413416,0
413420,0
413429,300000
413437,0
413438,484200
413447,0
413456,350000
413463,161000
413502,1160500
413512,150000
413527,300000
413529,2037900
413554,150000
413555,250000
413558,493600
413568,544400
413573,180000
413582,329100
413585,1545000
413595,1383100
413611,0
413616,602000
413643,1978000
413645,252000
413653,460000
413659,450000
413683,0
413693,1246000
413714,297000
413725,324000
413750,0
413767,57600
413781,289200
413794,942500
413807,600000
413827,399500
413828,200000
413832,200000
413838,225000
413844,583700
413859,98000
413866,17500
413879,240000
413895,150000
413898,134500
413904,150000
413924,450000
413931,3624500
413933,311500
413935,831100
413936,150000
413944,15000
413950,350000
413962,216000
414002,0
414003,3503000
414033,150000
414041,204800
414043,343500
414051,0
414079,2703000
414085,3544300
414090,1050000
414102,597000
414124,450000
414125,249000
414126,0
414129,0
414131,0
414143,500000
414157,358000
414168,150000
414190,350000
414207,1020000
414242,250000
414249,1223400
414250,330000
414264,330000
414266,350000
414295,350000
414298,952900
414311,450000
414323,400000
414345,450000
414357,194500
414363,200000
414365,861300
414381,760000
414385,975100
414394,378000
414403,419300
414415,300000
414435,0
414438,428000
414518,200000
414525,155600
414528,2287300
414532,120700
414536,300000
414548,0
414565,500000
414576,0
414604,400000
414612,300000
414623,599000
414667,907500
414668,464800
414681,1074200
414682,2547100
414700,173900
414704,364500
414735,0
414766,151800
414781,400000
414792,2619900
414796,540000
414806,0
414807,694000
414828,0
414853,386800
414871,2276400
414872,100000
414887,863000
414890,1257400
414919,1146000
414958,126500
414967,1153400
414977,1453300
414989,3897600
414991,3921000
415008,1772100
415026,10127800
415051,2529500
415064,135000
415074,150000
415079,610700
415105,498300
415133,72500
415152,0
415246,475500
415257,1070500
415271,717500
415272,8654400
415291,518800
415302,450000
415303,866400
415338,211000
415367,190000
415368,0
415382,2234200
415393,320000
415401,291900
415437,0
415442,503800
415476,2000000
415503,256000
415525,0
415526,341600
415532,0
415540,400000
415548,14331300
415555,0
415557,0
415585,379800
415629,740000
415632,0
415646,2931600
415656,188000
415666,400000
415712,400000
415728,350000
415732,144600
415753,0
415763,641000
415766,1261100
415777,1041000
415804,206500
415810,937000
415814,1260500
415831,0
415836,3298500
415837,250000
415839,11473900
415848,221000
415864,399900
415874,11205700
415892,274500
415908,749800
415921,350000
415924,387500
415933,150000
415938,402500
415944,210800
415959,300000
415983,1547300
415987,842300
416004,400000
416047,0
416066,367000
416080,160500
416154,0
416168,431000
416180,142000
416198,1263200
416204,300000
416207,0
416212,400000
416225,404800
416229,728700
416233,300000
416257,2700000
416259,0
416283,1098700
416297,1140700
416301,480000
416327,520000
416329,0
416333,217000
416342,941000
416349,3078000
416364,200000
416376,200000
416389,852100
416407,500000
416416,250000
416435,988000
416436,163000
416443,72000
416447,1840000
416466,459700
416474,1209400
416479,150000
416493,743000
416500,264000
416530,129900
416602,1100000
416631,200000
416644,1878600
416650,125000
416652,323300
416711,0
416721,150000
416731,435100
416749,770500
416775,480000
416794,508400
416797,3374700
416801,250000
416813,140000
416817,150000
416824,0
416825,3280500
416834,230500
416839,150000
416867,1069600
416873,350000
416885,450000
416886,750000
416887,274000
416902,300000
416912,0
416930,0
416940,6315400
416947,150000
416987,476300
416996,377800
416997,435500
416998,0
417017,150000
417044,612400
417047,278200
417057,5163300
417078,0
417139,387200
417148,350000
417156,0
417171,192700
417175,500000
417195,350000
417223,305100
417244,350000
417250,1881800
417291,0
417308,88500
417332,328000
417340,249500
417346,375000
417382,65000
417384,600000
417391,539000
417401,125000
417423,250000
417439,526000
417482,240000
417490,200000
417534,0
417537,150000
417551,0
417558,1365700
417571,716400
417575,521100
417581,17500
417583,327300
417591,0
417595,200000
417633,1069000
417641,250000
417655,650000
417657,350000
417662,800000
417694,0
417732,382000
417737,240000
417751,600000
417758,0
417760,490000
417776,205000
417788,350000
417797,0
417803,424300
417805,120000
417816,288000
417824,900000
417828,0
417829,625000
417840,28773300
417858,0
417862,598000
417871,270700
417879,315000
417882,16077700
417883,617500
417886,0
417905,350000
417970,962300
417991,358900
417998,6872700
418031,150000
418095,687500
418112,250000
418119,500000
418136,291800
418144,800000
418164,0
418264,632800
418279,425900
418280,784500
418308,1000000
418336,449500
418338,422100
418350,464400
418393,337700
418413,326000
418414,200000
418441,583900
418465,761800
418480,430800
418511,640000
418537,0
418540,403500
418601,208500
418607,300000
418630,400000
418645,580000
418659,0
418723,350000
418726,225000
418745,0
418761,743600
418768,0
418795,311500
418809,422700
418820,0
418861,150000
418863,0
418938,150000
418947,200000
418959,0
418981,450000
418986,165000
418990,554200
418995,170000
419004,108000
419009,250000
419012,471000
419027,340000
419048,400000
419054,340000
419071,350000
419080,150000
419082,170000
419087,902100
419088,700800
419098,283800
419099,350000
419104,662000
419134,450000
419146,1050000
419155,150000
419213,0
419224,0
419251,400000
419318,519000
419327,145000
419342,250000
419346,8798700
419357,120000
419368,374000
419375,0
419378,1321200
419457,0
419481,0
419528,170000
419536,1183800
419537,0
419544,1164400
419550,400000
419559,2070100
419588,350200
419626,0
419630,10000
419643,0
419667,450000
419673,467500
419713,360000
419805,450000
419807,528000
419816,1452100
419820,510000
419821,559000
419825,150000
419842,0
419847,308400
419879,500000
419889,240000
419910,0
419912,250000
419920,764600
419943,550000
419963,805700
419989,266000
419991,200000
420002,194900
420007,100000
420029,193400
420032,689000
420047,540000
420054,2239200
420063,300000
420089,9071100
420131,150000
420145,2090200
420176,450000
420180,0
420181,309500
420185,0
420186,0
420196,399000
420231,136000
420257,200000
420303,0
420304,450000
420313,250000
420324,0
420325,431000
420343,55200
420354,1040000
420381,650200
420382,450000
420387,0
420389,150000
420431,550000
420501,302300
420509,2564300
420515,292500
420536,150000
420538,0
420549,0
420553,455600
420567,129000
420611,1499800
420618,441000
420625,0
420630,598000
420689,1360000
420718,7040800
420730,350000
420739,473300
420741,400000
420742,350000
420754,350000
420778,2618200
420822,0
420842,787000
420864,142000
420866,430200
420897,598000
420907,946300
420962,400000
420979,4087600
420981,345300
420993,0
421005,250000
421030,0
421032,300000
421044,537500
421079,315000
421098,41900
421134,118500
421149,400000
421230,280300
421237,252600
421264,265000
421271,260000
421307,0
421344,415600
421360,17500
421363,751000
421367,678300
421377,150000
421379,630000
421404,1804700
421427,0
421433,1339500
421443,1836200
421452,46500
421465,275100
421490,0
421492,122000
421494,4006900
421497,380000
421528,703000
421538,384000
421562,300000
421597,1100400
421605,1844600
421611,2622900
421616,87500
421624,450000
421657,5073100
421665,0
421677,3168000
421722,2120800
421732,172000
421736,0
421762,0
421809,545000
421821,0
421833,0
421862,304800
421865,259000
421868,250000
421885,1470000
421903,441300
421907,577500
421908,739900
421912,538000
421916,457600
421918,496000
421963,122000
421964,150000
421985,833100
421998,631700
422016,562800
422035,120000
422038,500000
422050,498200
422070,200000
422073,177400
422075,446500
422117,150000
422160,2328900
422188,142000
422212,150000
422243,162500
422259,150000
422260,507000
422269,200000
422278,350000
422295,0
422331,0
422335,550000
422337,150000
422347,643300
422352,0
422356,0
422361,350000
422400,340400
422412,0
422413,393000
422431,150000
422437,707800
422468,350000
422483,3708400
422488,403500
422489,327300
422497,1470500
422503,0
422560,306800
422570,372000
422589,1433000
422619,494500
422631,161000
422634,342000
422640,715000
422703,150000
422748,1536400
422807,539800
422811,0
422836,0
422863,180000
422878,282000
422882,0
422901,5697600
422916,150000
422942,0
422944,267000
422964,327500
422973,24000
422985,104000
423001,17943500
423009,2518000
423010,0
423016,1240000
423037,350000
423054,0
423063,202500
423066,356000
423073,0
423079,723500
423081,600000
423087,355100
423099,813600
423123,3231700
423127,150000
423137,3239900
423138,200000
423147,250000
423160,480000
423161,0
423177,0
423191,102000
423195,3409500
423204,0
423241,372900
423262,0
423279,350000
423291,2534100
423316,0
423374,108000
423390,1752000
423393,1209000
423404,2579300
423446,650000
423451,300000
423455,400000
423458,0
423461,350000
423466,931500
423467,250000
423475,132000
423503,1038900
423508,7579700
423529,0
423534,200000
423540,393000
423541,830900
423582,0
423610,444600
423691,742000
423733,1889000
423740,800000
423781,400000
423800,0
423841,151000
423855,564000
423859,0
423875,2090500
423950,0
423960,70000
423983,462000
423993,150000
424023,294000
424060,800000
424081,2749600
424092,909000
424102,130000
424104,300000
424111,358100
424112,850000
424184,0
424250,103000
424276,250000
424282,250000
424290,3877500
424343,300000
424375,600000
424389,350000
424397,125000
424401,130000
424403,350000
424420,588000
424477,576700
424501,0
424511,1974000
424529,200000
424545,330000
424550,771000
424566,717000
424574,567500
424578,397500
424586,791400
424592,248900
424598,2950200
424611,127000
424627,400000
424631,250000
424647,436000
424672,0
424677,0
424691,0
424707,575000
424714,0
424723,120000
424743,343000
424745,400000
424761,867500
424765,0
424768,918000
424818,0
424831,520500
424850,220000
424854,175600
424863,0
424868,450000
424894,399500
424904,430000
424981,552000
425003,859000
425060,227000
425066,450000
425076,1750000
425085,150000
425096,152500
425112,0
425126,486300
425127,0
425134,231500
425136,5498000
425141,366300
425162,407500
425172,553000
425197,400000
425201,454800
425219,261300
425223,150000
425253,0
425257,257500
425275,360000
425283,345800
425328,960000
425345,682600
425353,236200
425381,590000
425392,400000
425431,442800
425456,952900
425457,77000
425478,437000
425482,401200
425488,467500
425500,496000
425518,121500
425537,0
425556,685500
425573,428000
425592,575300
425644,150000
425662,350000
425666,500000
425683,500000
425706,0
425707,438500
425711,631800
425712,350000
425726,1110900
425732,5670300
425743,0
425772,1052300
425791,0
425815,390900
425853,382000
425873,535200
425879,650000
425888,150000
425889,150000
425896,0
425924,815600
425937,1046300
425970,1106000
425994,0
425995,343000
426008,0
426017,226000
426018,578000
426039,1353100
426056,200000
426058,604500
426066,535500
426168,200000
426174,125000
426177,0
426210,923900
426229,202900
426242,1988200
426247,426500
426248,325000
426252,200000
426261,39600
426269,0
426277,0
426299,355500
426324,0
426335,0
426338,497000
426351,150000
426353,250000
426359,400000
426369,0
426375,1224100
426401,285000
426433,0
426439,230000
426441,0
426467,250000
426483,267400
426490,644300
426519,500000
426524,8016700
426533,13226200
426536,165000
426591,450000
426596,150000
426602,163400
426604,1313800
426608,0
426640,150000
426647,2404100
426659,156000
426680,250000
426698,0
426713,350000
426733,0
426755,839500
426759,150000
426761,140000
426763,150000
426764,553200
426769,159100
426791,2870000
426794,228000
426797,467500
426798,0
426805,842500
426809,1754600
426836,0
426859,957500
426860,150000
426868,361600
426875,317000
426888,559500
426899,134700
426901,429700
426953,0
427010,171000
427016,350000
427056,125000
427080,9286300
427082,500000
427086,639800
427096,350000
427100,523900
427103,300000
427110,160000
427111,1136000
427116,0
427168,561700
427175,443000
427207,78100
427212,425000
427213,250000
427219,200000
427236,421300
427307,150000
427313,103500
427316,1225000
427323,600000
427330,319000
427372,0
427390,450000
427420,128800
427431,178500
427440,50000
427457,263000
427460,707500
427476,150000
427481,242200
427510,750000
427517,484600
427520,261500
427537,326000
427540,463600
427541,525000
427568,450000
427587,67000
427599,75000
427602,796900
427615,0
427620,400000
427638,0
427648,0
427654,620000
427671,250000
427678,439000
427717,286700
427718,0
427724,300000
427778,339800
427810,0
427818,1035600
427869,350000
427889,200000
427892,200000
427902,250000
427940,0
427945,950000
427996,4098300
428022,620000
428052,150000
428075,134500
428087,113600
428092,1138000
428096,1200000
428100,0
428128,300000
428138,262000
428141,450000
428174,7753000
428192,453200
428199,1738400
428233,556500
428259,150000
428283,650500
428286,347500
428296,478000
428297,0
428299,0
428354,764000
428364,0
428369,305000
428384,650000
428396,132500
428499,0
428506,526000
428533,0
428546,251200
428562,0
428565,0
428587,2249600
428643,43000
428656,0
428669,1681700
428677,1583500
428679,561000
428682,883500
428787,0
428811,413700
428827,300000
428831,327500
428832,287400
428841,90000
428856,250000
428894,400000
428923,0
428934,435500
428936,517000
428946,483500
428981,0
429007,350000
429030,142000
429032,1021700
429040,0
429098,600000
429100,764300
429127,810000
429151,450000
429160,1681700
429199,300000
429235,1668700
429236,997900
429283,450000
429313,0
429338,200000
429354,0
429382,250000
429397,0
429414,250000
429428,350000
429462,150000
429464,3446600
429514,250000
429528,448000
429537,10200
429546,272000
429550,70000
429553,3254200
429556,0
429615,350000
429621,270000
429649,125000
429652,0
429682,120000
429683,330600
429712,400000
429720,926500
429771,3808300
429794,0
429795,835100
429826,690500
429831,0
429859,0
429901,140000
429947,246000
429960,0
429970,255000
429980,250000
429996,829000
430003,168500
430007,190000
430021,203300
430040,941000
430050,0
430058,176800
430065,183400
430068,146500
430071,502000
430075,645400
430116,145000
430183,257100
430194,150000
430211,150000
430214,537000
430232,72700
430233,527000
430269,0
430291,400000
430309,500000
430333,630000
430342,0
430397,1291400
430425,415500
430432,621900
430441,280000
430464,344300
430469,1341100
430477,350000
430479,300000
430489,202400
430495,330000
430498,150000
430503,3734400
430520,819800
430524,606800
430526,484500
430535,280000
430564,1352400
430584,721600
430605,140000
430617,1287800
430668,145000
430681,0
430727,0
430749,250000
430772,0
430795,150000
430796,412400
430807,0
430818,100000
430837,0
430843,940000
430848,1637100
430853,0
430854,565000
430856,180000
430858,1191600
430874,12000
430900,0
430912,350000
430982,1795900
431015,204900
431019,10491400
431045,286700
431047,132000
431052,0
431059,723000
431069,0
431124,500000
431133,209600
431142,47000
431180,549500
431183,125000
431186,0
431197,164000
431200,6228100
431202,2228100
431218,2176800
431223,0
431225,1302100
431248,0
431256,1000000
431286,382900
431312,200000
431325,90000
431334,350000
431362,123500
431366,725300
431389,350000
431400,290000
431414,0
431417,613000
431447,1055300
431455,229300
431456,496000
431458,208000
431466,0
431475,2205500
431489,448500
431501,1950600
431539,2365200
431546,500000
431565,625100
431568,962500
431578,350000
431612,150000
431614,292000
431622,803200
431657,278700
431686,336200
431720,520000
431722,360400
431727,857000
431744,402500
431752,1390000
431761,445900
431801,1460300
431806,150000
431808,693800
431825,150000
431829,1515100
431838,1043900
431869,95000
431884,0
431892,1102900
431918,450000
431926,350000
431937,550000
431981,0
431989,1493600
431999,500000
432009,118000
432010,90700
432011,1012000
432070,46000
432071,1105800
432095,654500
432115,742500
432118,209400
432128,600000
432133,787500
432136,0
432155,1858000
432211,0
432213,150000
432215,2280300
432220,650000
432224,350000
432253,593000
432271,359400
432283,325100
432298,0
432308,0
432312,300000
432340,2833700
432351,516300
432367,980800
432370,300000
432380,1104800
432381,385200
432392,165000
432401,554200
432412,150000
432422,3706500
432430,250000
432439,443000
432441,200000
432460,3768000
432475,1170000
432532,350000
432535,0
432537,350000
432538,1423600
432561,1370100
432572,584000
432604,450000
432605,510700
432635,325500
432641,418700
432645,0
432655,172000
432664,0
432696,0
432698,1142000
432705,559900
432729,691700
432732,520000
432735,3096400
432740,388100
432751,459400
432755,0
432765,400000
432774,656100
432777,336200
432778,675100
432812,505800
432834,150000
432847,250000
432853,234000
432890,0
432893,400000
432894,500000
432899,350000
432913,416500
432926,1190200
432973,10754600
432987,400000
433050,1235000
433086,175000
433088,345100
433089,2288000
433105,341700
433119,1747400
433122,178500
433130,371400
433155,450000
433166,295000
433168,449500
433187,1286800
433189,794100
433191,0
433233,500000
433236,650000
433244,355100
433249,919000
433261,0
433272,456000
433282,0
433300,369000
433305,0
433306,350000
433315,1024300
433316,268000
433322,640000
433329,3213600
433330,988700
433379,150000
433390,319000
433403,324500
433440,450000
433457,450000
433466,3363700
433488,600000
433493,7023000
433494,250000
433501,450000
433529,76200
433535,510000
433537,150000
433539,3606600
433547,6237500
433554,940800
433587,592000
433597,2944100
433601,1251300
433627,474500
433634,5330100
433635,150000
433643,1000000
433653,315000
433655,4921000
433677,200000
433689,1242300
433699,2650000
433709,461700
433715,695000
433718,30000
433744,333300
433748,962600
433759,733000
433773,0
433787,482600
433792,150000
433811,484600
433819,852000
433851,194200
433853,0
433862,5587000
433865,340400
433868,575000
433899,0
433942,500000
433978,647100
433988,2325000
434002,2448000
434055,93500
434065,0
434075,439600
434100,500000
434101,0
434104,300000
434156,2178400
434158,569300
434209,0
434221,0
434248,2043500
434266,135000
434277,54200
434288,235000
434324,500000
434364,975000
434378,162500
434386,463000
434392,0
434429,600000
434444,150000
434460,150000
434483,493200
434541,205600
434575,0
434585,1444500
434588,611500
434594,37000
434650,281000
434670,250000
434674,677700
434676,0
434690,350000
434692,150000
434720,350000
434729,1738000
434730,300000
434752,69000
434758,257400
434763,440000
434787,395200
434797,0
434808,2918400
434812,24000
434821,60000
434827,0
434830,870100
434841,400000
434851,495000
434862,647500
434883,377600
434896,619800
434933,941000
434944,600000
434968,0
434989,150000
434991,155500
435001,0
435004,2609800
435006,500000
435017,5047000
435024,314700
435031,191400
435044,900000
435075,420500
435084,650000
435094,0
435179,170000
435191,569500
435207,0
435209,0
435240,0
435245,0
435248,9209800
435303,150000
435309,427500
435313,450000
435316,450000
435328,214300
435346,300000
435352,350000
435358,0
435373,4545200
435425,500000
435438,400000
435458,678300
435480,0
435496,0
435500,1589200
435508,250000
435509,500000
435514,443400
435518,150000
435535,299400
435538,1000000
435555,1299200
435558,462000
435567,1598500
435588,400000
435603,0
435610,0
435630,250000
435643,257000
435647,0
435655,804400
435685,230000
435686,656400
435687,400000
435701,675000
435724,3623500
435728,494500
435735,450000
435741,1077200
435749,866900
435767,0
435769,110000
435770,2397000
435772,240000
435786,850000
435802,3514800
435803,150000
435822,263000
435842,250000
435866,200000
435868,363500
435884,300000
435892,0
435939,0
435949,0
435959,183700
435966,400000
435983,150000
435996,0
436003,467500
436010,394500
436011,3163300
436068,435100
436093,182500
436099,0
436137,400000
436143,508000
436150,4292500
436151,602500
436155,276300
436164,0
436178,20911900
436194,517500
436199,1337800
436230,2482900
436234,597300
436256,187800
436285,1492400
436302,350000
436314,150000
436316,302000
436330,1399500
436332,5427900
436387,1365400
436388,250000
436394,150000
436398,900000
436407,300000
436416,0
436418,400000
436421,1208800
436422,495500
436444,0
436451,648000
436461,607500
436477,150000
436497,200000
436515,0
436528,0
436531,150000
436554,624200
436588,66200
436596,716400
436601,4831300
436607,400000
436633,192400
436649,685500
436654,537600
436663,143400
436680,343000
436704,345900
436730,624000
436760,1690000
436766,427300
436813,629000
436820,400000
436832,0
436855,1936100
436863,322500
436889,218300
436903,0
436916,0
436924,4031200
436948,350000
436952,216000
436964,1268000
436975,0
437036,105000
437046,0
437047,0
437056,721800
437076,596300
437082,442000
437083,390500
437085,508000
437110,300000
437128,0
437140,250000
437166,1023800
437228,1414000
437332,490000
437344,315000
437453,150000
437466,350000
437504,150000
437510,0
437567,712500
437589,550000
437590,76500
437593,150000
437619,0
437626,1426100
437628,400000
437631,240800
437640,395000
437642,563500
437647,0
437656,350000
437698,0
437703,622800
437775,1016000
437813,450000
437821,200000
437825,996500
437874,289000
437881,565000
437883,1481600
437896,706700
437921,0
437936,0
437972,150000
438001,350000
438039,13600
438080,248800
438095,0
438114,420000
438120,347000
438124,0
438138,682800
438139,5790800
438149,3865700
438168,250000
438173,0
438181,0
438234,150000
438248,396200
438259,426900
438284,3635800
438290,285000
438315,1022800
438344,420000
438350,200000
438375,280000
438429,250000
438455,1406300
438458,395600
438482,400000
438502,116000
438516,87500
438518,0
438526,0
438527,4181500
438530,1809700
438548,0
438552,250000
438560,350000
438562,450000
438565,603800
438587,500000
438611,626300
438638,0
438646,250000
438684,0
438696,350000
438702,0
438709,2568300
438726,400000
438776,460000
438785,4346900
438801,203600
438829,789200
438830,880800
438856,0
438865,1540000
438896,500000
438905,836100
438922,245100
438930,1341400
438935,57500
438950,3837100
438977,400000
439019,350000
439034,552600
439037,582400
439043,733000
439044,802900
439061,452500
439085,276000
439101,200000
439107,2354600
439115,209500
439119,1034300
439123,0
439130,687300
439137,200000
439171,211600
439183,350000
439196,0
439269,623800
439279,380000
439287,272500
439301,300000
439306,4157300
439316,319000
439336,160000
439341,515900
439346,680600
439367,407000
439390,0
439410,150000
439412,300000
439414,181000
439435,712500
439456,0
439479,400000
439507,216400
439518,175000
439522,0
439524,0
439527,1211800
439529,977000
439534,388700
439555,0
439556,2152000
439560,431000
439561,789000
439588,1081900
439590,189000
439593,1887000
439615,809900
439622,588500
439623,142000
439643,145800
439644,379400
439646,2874800
439713,358000
439738,70000
439751,350000
439784,0
439808,800000
439810,600000
439813,300000
439863,400000
439867,530000
439898,343000
439901,300000
439906,152500
439917,382000
439925,500000
439926,250000
439944,450000
439968,0
439969,179000
439986,633000
440006,250000
440027,150000
440065,1040000
440083,400000
440097,367200
440135,453500
440152,400000
440193,0
440231,0
440291,0
440337,406800
440371,310000
440390,549000
440401,0
440448,140000
440463,400000
440502,148000
440527,32000
440528,281000
440608,300000
440611,675000
440647,205000
440708,7820000
440720,120000
440747,445000
440811,0
440812,0
440846,150000
440847,150000
440866,435000
440874,2012100
440949,253200
440952,700700
440969,359400
440989,0
441014,574000
441023,0
441024,469000
441055,0
441107,977400
441122,354300
441132,688000
441137,1976500
441143,487800
441171,525600
441216,400000
441220,203200
441222,350000
441235,150000
441249,0
441288,375800
441289,0
441334,300000
441341,3631800
441342,1042000
441343,350000
441396,239300
441405,150000
441409,1144500
441437,5479500
441443,1011600
441449,32000
441488,200000
441502,150000
441528,454000
441543,0
441550,350000
441571,0
441620,200500
441631,145000
441643,350000
441669,227300
441672,608500
441691,0
441697,1117400
441700,0
441702,0
441722,1009500
441750,560000
441786,200000
441797,419800
441803,1010000
441821,400000
441841,150000
441855,0
441864,7629400
441866,350000
441876,141500
441897,0
441904,0
441989,200000
441997,0
442110,1042000
442117,0
442119,1141000
442141,350000
442162,1255800
442184,0
442193,421500
442195,529000
442202,503000
442205,200000
442237,501300
442290,399000
442371,454500
442378,255000
442386,268500
442394,1378300
442410,0
442423,350000
442442,2539500
442443,200000
442482,262200
442486,350000
442507,489500
442509,719800
442526,371000
442551,400000
442571,870000
442582,1160000
442586,873900
442596,270000
442619,500000
442632,218800
442683,1311000
442722,1743400
442723,300000
442761,412000
442768,2123800
442784,2275200
442809,0
442823,508000
442829,1479300
442835,350000
442839,0
442855,322000
442887,393400
442891,362600
442892,0
442898,1532200
442919,401800
442928,1751800
442930,374700
442955,384900
442965,350000
442978,2125900
442998,1063000
443023,591400
443027,400000
443034,0
443036,472900
443041,2407700
443051,450000
443052,456000
443070,390000
443089,400000
443102,1312900
443124,500000
443134,477500
443142,150000
443152,1645300
443168,1000000
443182,300000
443198,1380300
443211,175000
443228,570800
443260,500000
443264,5232100
443284,0
443288,150000
443328,449500
443333,170000
443337,200000
443341,350000
443366,0
443378,358000
443412,7546100
443438,0
443486,520000
443501,972300
443515,381500
443534,0
443543,981800
443549,506800
443550,64500
443574,417500
443592,190000
443594,500000
443608,590000
443630,350000
443676,322500
443686,759300
443698,496300
443717,500000
443718,427500
443721,0
443736,1200000
443738,290000
443767,150000
443781,542800
443815,3645800
443837,167100
443839,150000
443851,149000
443898,2118000
443903,1158600
443920,705900
443928,1135000
443945,495000
443947,447000
443954,450000
443973,501000
443976,144000
443991,0
444007,217200
444082,560000
444100,350000
444110,1190000
444113,350000
444148,165000
444252,0
444265,1473300
444281,417000
444287,2409700
444311,4385000
444314,400000
444330,377600
444337,644500
444343,0
444359,475800
444420,350000
444447,350000
444472,150000
444503,0
444537,890200
444550,648800
444570,321200
444598,400000
444599,0
444608,614700
444617,1468100
444622,861800
444636,0
444637,263300
444696,115700
444700,870000
444705,200000
444708,288000
444710,626500
444723,802000
444750,535300
444752,605400
444761,1250000
444773,600000
444787,608900
444844,0
444864,0
444872,481600
444883,150000
444897,350000
444899,3274700
444908,0
444923,310000
444924,0
444974,150000
444977,150000
444999,450000
445003,1623100
445005,462500
445017,469800
445020,150000
445021,150000
445026,450000
445067,656000
445086,472500
445100,626500
445147,300000
445157,150000
445184,540000
445205,777700
445208,650000
445234,250000
445239,350000
445286,409800
445297,112000
445315,0
445344,0
445385,392000
445403,336000
445410,400000
445414,0
445436,149600
445498,575000
445518,2762200
445519,84000
445526,0
445559,300000
445565,211000
445577,1161800
445599,130000
445618,145000
445634,1540000
445647,400000
445721,2495500
445728,56700
445734,0
445735,600000
445750,350000
445786,1114000
445808,1303700
445816,750000
445838,500000
445873,1379500
445909,640800
445915,400000
445918,395000
445922,0
445938,1439400
445964,11381900
446005,568000
446030,0
446032,282000
446046,0
446070,1323900
446083,282900
446089,300000
446090,400000
446110,200000
446113,450000
446119,821500
446161,0
446163,0
446188,0
446206,1043000
446213,0
446226,671000
446240,2837100
446254,332500
446328,1104000
446339,906900
446342,400000
446349,207900
446380,308000
446401,0
446417,15549600
446426,465000
446440,8620700
446445,0
446453,0
446459,334500
446466,100000
446467,463500
446477,313700
446553,1088000
446564,370000
446590,100000
446607,455000
446616,450000
446645,6522300
446682,5602900
446701,116000
446707,935000
446758,450000
446801,0
446830,350000
446833,898500
446856,346500
446888,763300
446913,122000
446938,200000
446953,550000
447029,397700
447048,0
447135,484300
447144,413000
447209,295000
447336,0
447393,469000
447421,200000
447428,125000
447484,587000
447500,300000
447507,1348900
447512,550000
447535,395000
447558,0
447605,400000
447613,450000
447643,0
447650,0
447680,1279600
447698,350000
447713,590300
447722,570000
447725,0
447729,2247000
447748,0
447758,250000
447770,450000
447777,721000
447816,575000
447845,0
447853,931700
447891,150000
447893,153000
447912,964000
448016,150000
448018,500000
448033,2131700
448043,150000
448047,1678000
448054,3262800
448076,983000
448134,126500
448158,493000
448188,1329500
448268,4808600
448308,2725400
448311,150000
448322,210000
448341,581000
448346,0
448372,0
448373,375000
448394,150000
448399,70000
448411,500000
448445,550000
448463,694000
448496,1883300
448505,476500
448515,1693900
448529,0
448534,850000
448537,200000
448549,500000
448563,630100
448567,0
448645,819600
448648,0
448665,765000
448671,0
448698,125000
448702,75000
448706,289000
448710,610200
448725,4307700
448750,750000
448769,3348900
448801,250000
448842,1460400
448860,0
448863,1479300
448876,1229600
448883,0
448906,2220400
448913,439100
449000,4678000
449007,0
449064,0
449077,450000
449092,150000
449125,0
449127,349400
449136,243000
449145,454000
449172,684600
449192,499300
449203,24000
449204,200000
449220,459000
449221,0
449231,492200
449241,400000
449258,350000
449260,332000
449284,553900
449346,350000
449372,0
449377,0
449382,562900
449390,0
449395,1109000
449402,359000
449447,467500
449462,1070000
449542,400000
449543,431000
449558,0
449649,1349900
449652,642300
449691,361500
449700,90000
449701,1410900
449707,0
449741,250000
449750,2400000
449789,450000
449790,450400
449811,749600
449830,844300
449835,0
449847,130000
449870,103500
449880,150000
449913,529200
449915,422500
449934,880700
449997,300000
450006,597800
450011,400000
450033,150000
450043,2622900
450052,352500
450065,838800
450069,650000
450108,302000
450118,300000
450166,150000
450197,265000
450205,305600
450206,250000
450215,5123400
450222,350000
450257,918600
450258,481000
450279,1537800
450280,292500
450282,149700
450293,300000
450299,0
450315,471000
450327,0
450329,450000
450356,2524500
450410,500000
450440,513600
450450,400000
450477,552000
450508,350000
450521,350000
450579,322200
450582,1128000
450586,827800
450658,404500
450736,950000
450748,514000
450821,150000
450836,0
450841,580000
450845,5855900
450855,275000
450883,85000
450896,550000
450906,1048200
450922,408200
450930,94500
450940,704500
450958,764000
451024,600000
451042,0
451048,7328400
451086,3014000
451092,91700
451101,420000
451114,294500
451127,372500
451135,54600
451146,376000
451151,0
451153,0
451186,150000
451205,136000
451208,89600
451299,400000
451356,524800
451359,427500
451417,450000
451420,257500
451423,700300
451446,680000
451453,1504000
451455,0
451479,60000
451506,72000
451567,0
451580,0
451603,350000
451604,666800
451650,590000
451673,1450000
451697,150000
451706,1000000
451707,0
451713,13466400
451722,448400
451733,350000
451746,201000
451759,0
451776,520600
451818,0
451824,180000
451830,0
451834,250000
451841,602800
451869,0
451879,550000
451883,1801100
451890,4731700
451891,148600
451919,247500
451956,700000
451985,150000
452039,448800
452094,1935700
452105,400000
452111,150000
452122,510900
452147,2591000
452151,295000
452183,0
452249,0
452251,0
452264,130000
452292,28000
452307,417000
452353,400000
452362,350000
452371,350000
452386,400000
452388,386600
452405,530000
452407,480000
452452,550000
452485,305000
452500,0
452524,339800
452527,380300
452540,704000
452548,200000
452555,389200
452580,0
452581,102000
452589,0
452591,1325800
452626,0
452645,481000
452655,300000
452669,360000
452677,2033600
452718,0
452720,400000
452748,450000
452780,410100
452783,500000
452794,403600
452830,45000
452884,400000
452890,250000
452909,69800
452916,0
452955,0
452978,408200
453027,558500
453106,395000
453122,482100
453125,280000
453138,150000
453163,734500
453174,450000
453180,2518900
453183,60000
453184,249000
453189,300000
453198,0
453199,469500
453214,0
453241,0
453259,250000
453289,633800
453310,0
453356,246000
453362,0
453369,1896500
453375,0
453377,250000
453429,436800
453441,1439800
453446,0
453460,150000
453469,261000
453507,150000
453524,748800
453547,400000
453558,25600
453570,150000
453587,315000
453595,0
453621,689000
453631,150000
453632,389000
453641,392000
453650,20378300
453675,341300
453691,200000
453692,439000
453704,202800
453706,400000
453731,752700
453774,210000
453775,420000
453778,634600
453808,235000
453831,207000
453841,370000
453866,0
453899,550000
453927,150000
453934,450000
453940,0
453946,499900
453957,250000
453963,400000
453976,0
453982,400000
454008,1174800
454045,132000
454095,500000
454155,1120000
454168,550000
454183,572500
454211,213800
454231,625000
454341,750000
454347,0
454364,500000
454374,4529400
454437,0
454467,0
454475,942400
454497,0
454517,1461100
454519,0
454525,556600
454537,200000
454567,819300
454587,306000
454621,0
454648,0
454650,131600
454652,300000
454685,433200
454710,700000
454727,393000
454749,350000
454766,695000
454777,321000
454814,0
454838,250000
454870,150000
454874,390000
454883,350000
454885,234000
454894,142000
454900,350000
454908,390000
454911,0
454936,524800
454953,451200
454963,800000
454967,150000
454973,778400
454980,500000
454996,495000
455000,2479000
455010,0
455018,1084500
455027,309500
455052,1654000
455070,234000
455110,0
455115,80000
455149,638500
455152,3147000
455192,748100
455227,304500
455234,520000
455235,313600
455260,454000
455283,650000
455337,732400
455338,180000
455343,1452300
455367,120000
455370,129900
455387,322800
455447,400000
455459,250000
455473,0
455532,1614500
455547,259000
455572,1066400
455595,0
455600,880600
455622,1002600
455639,1092500
455643,597400
455644,503500
455689,0
455690,4862000
455693,150000
455708,350000
455731,548800
455738,626200
455760,0
455774,580000
455796,475100
455798,312000
455834,276000
455836,270000
455851,672800
455857,400000
455865,0
455876,200000
455878,10589100
455879,150000
455893,0
455897,465000
455910,400000
455932,0
455961,5498400
455978,800000
456025,285000
456026,362000
456033,710500
456043,0
456078,3388800
456090,0
456096,430500
456115,750000
456121,893400
456155,400100
456159,0
456189,686300
456221,576300
456233,490000
456235,109500
456253,150000
456306,4621900
456320,0
456343,300000
456360,787300
456410,350000
456426,200000
456438,650000
456455,145800
456475,150000
456493,400000
456507,350000
456529,330800
456543,465300
456557,18172900
456569,1012000
456595,150000
456600,1180000
456602,150000
456634,4571500
456654,0
456670,97000
456674,0
456681,603900
456713,110600
456770,2081000
456791,497000
456804,340500
456834,300000
456867,250000
456925,300000
456982,0
457034,294500
457045,1015000
457051,250000
457088,0
457135,400000
457137,0
457150,1876000
457153,170300
457166,250000
457168,0
457199,250000
457226,180000
457229,0
457244,0
457264,600000
457277,1043500
457307,300000
457314,58500
457326,400000
457403,450000
457413,3278800
457437,132000
457459,0
457520,0
457521,599000
457558,85000
457569,449000
457579,278700
457589,352500
457609,1647000
457613,341700
457624,500000
457631,1692500
457637,450000
457666,469600
457698,584300
457747,0
457753,700000
457812,219000
457820,826500
457849,8462500
457871,600000
457925,400000
457928,941500
457931,1876000
457955,1307000
457956,2144000
457965,0
457973,0
457976,458500
457982,0
457992,452200
457994,0
457995,2000000
458014,0
458018,105000
458029,120000
458038,956300
458044,300000
458047,400000
458101,363200
458110,0
458111,0
458179,670000
458238,482000
458241,118500
458249,585900
458268,8344600
458270,88000
458272,495000
458289,350000
458294,558000
458295,498500
458308,392000
458310,426000
458311,791000
458350,350000
458358,0
458368,550800
458411,385000
458420,1102000
458436,235000
458456,350000
458465,314700
458487,3623300
458505,563900
458537,350000
458541,0
458557,440900
458619,398000
458685,1164800
458701,169000
458709,957200
458744,1268000
458759,400000
458797,38500
458816,204000
458836,0
458851,488100
458858,253100
458865,412000
458871,353800
458884,180000
458892,860000
458896,413000
458941,29400
458967,29400
458975,0
458983,220000
459009,6860400
459024,0
459038,556000
459052,500000
459091,121800
459098,332500
459130,1874000
459143,834200
459169,934000
459170,0
459183,630200
459218,259100
459219,728000
459230,179200
459274,476000
459298,0
459301,0
459312,0
459319,471600
459350,150000
459413,950000
459454,0
459464,200000
459472,447300
459484,23200
459503,522900
459520,6157200
459559,548500
459563,168800
459576,0
459591,550000
459615,0
459627,400000
459634,350000
459651,982000
459673,740000
459679,157500
459700,0
459732,0
459753,0
459786,356700
459792,3488300
459799,1826500
459802,490000
459821,0
459826,1340000
459831,132000
459836,402000
459857,427000
459868,170000
459870,595000
459876,108000
459895,67500
459906,120500
459911,0
459915,0
459936,157500
459954,639000
459988,446500
459998,444000
460004,250000
460010,1076000
460027,1902000
460105,1385800
460133,450000
460161,150000
460185,142500
460189,3120000
460201,5591600
460203,0
460224,400000
460241,791200
460265,500000
460354,445800
460364,2149600
460389,150000
460404,0
460439,0
460446,400000
460449,573300
460451,0
460454,150000
460469,812200
460472,312400
460475,540500
460477,2449800
460482,408000
460489,300000
460506,400000
460543,474800
460566,0
460575,350000
460576,1288100
460580,0
460582,1077500
460598,257500
460601,750000
460628,0
460647,157500
460654,298000
460658,192900
460659,4762700
460697,592700
460702,3101100
460740,250000
460747,0
460759,550400
460775,70000
460778,372600
460813,0
460848,300000
460890,400000
460895,600000
460920,393200
460927,760000
460943,200000
460998,1914600
461105,559000
461120,415000
461130,3271500
461139,400000
461140,450000
461163,250000
461175,551800
461227,0
461228,0
461244,400000
461257,152500
461260,546900
461269,670000
461284,690200
461287,741800
461296,340500
461299,250000
461302,1402000
461325,250000
461365,1450000
461370,400000
461379,509200
461393,90000
461405,213000
461456,197000
461461,150000
461477,665600
461489,908500
461509,0
461537,254000
461564,3845400
461566,408000
461582,257800
461590,0
461611,500000
461613,665800
461670,573900
461739,590900
461761,124000
461776,789200
461802,540500
461804,198400
461829,258400
461839,331000
461859,464000
461878,2746000
461892,0
461919,0
461951,420800
461987,45000
461988,0
462021,44500
462033,0
462046,955600
462053,3349600
462058,655400
462111,500000
462131,432600
462133,1626500
462153,121500
462173,350000
462174,450000
462231,475500
462259,0
462275,400000
462277,349000
462291,316000
462299,200000
462323,488000
462351,114300
462357,104000
462416,140000
462437,0
462474,350000
462524,0
462564,1199000
462566,508600
462602,619700
462610,202200
462672,0
462683,1195000
462717,465000
462722,0
462751,0
462753,214200
462776,1350500
462794,0
462796,469700
462810,1818700
462812,300000
462845,13469900
462846,438000
462849,599500
462887,1453000
462906,258400
462911,289100
462924,192000
462934,150000
462951,550000
462957,0
462961,510000
462971,350000
462972,36900
462977,0
462980,369600
462985,1023800
462996,450000
463028,2074700
463030,0
463051,82000
463145,1446500
463147,1682000
463160,7663100
463163,0
463173,269500
463186,577000
463188,0
463192,341100
463234,79000
463235,55000
463237,1256900
463242,606300
463254,0
463262,33600
463276,300000
463285,340000
463292,0
463307,400000
463320,499700
463323,555600
463357,970000
463363,0
463374,861500
463376,2169400
463393,1239000
463413,1347000
463416,2099900
463426,200000
463441,229700
463449,798700
463452,225000
463494,375400
463515,70000
463535,507700
463582,524500
463593,700000
463609,400000
463651,150000
463659,663400
463668,636900
463686,592000
463691,502600
463697,300000
463714,422000
463716,0
463722,10256500
463724,650000
463742,4980200
463755,0
463779,359200
463782,350700
463795,168100
463899,400000
463907,797500
463909,400000
463926,204000
463927,0
463942,250000
463966,467500
463967,0
463968,474300
464037,412000
464103,250000
464149,300000
464265,550000
464320,901200
464332,1019300
464346,2176000
464365,342800
464391,454000
464398,94500
464399,255200
464405,257800
464413,3320500
464425,4190000
464428,490000
464452,0
464453,450000
464465,1378900
464470,767900
464491,0
464525,675000
464528,0
464539,625000
464555,0
464587,0
464599,412600
464652,350000
464669,400000
464691,2139500
464693,608400
464716,145000
464737,3825700
464740,0
464759,130000
464778,0
464790,350000
464805,583500
464825,0
464841,2432300
464847,150000
464853,474300
464859,0
464860,553000
464869,0
464884,504100
464894,456300
464909,2385000
464911,3443700
464918,436000
464930,0
464931,475500
464933,801800
464944,555800
464948,699000
465012,534100
465017,150000
465042,380000
465061,150000
465065,346500
465068,21000
465103,150000
465105,333600
465134,200000
465144,0
465159,21841100
465173,752900
465175,1758000
465181,185000
465183,150000
465189,150000
465207,300000
465215,2394300
465230,400000
465231,79000
465235,420000
465278,1675600
465285,0
465319,467500
465374,884000
465510,936000
465563,450000
465570,730000
465601,0
465602,250000
465619,200000
465644,0
465674,300000
465685,18539500
465703,550000
465718,150000
465748,0
465770,433200
465774,200000
465895,345000
465937,405300
465974,0
465992,2493100
466002,444000
466045,2170000
466082,478000
466096,450000
466101,1313900
466136,0
466154,0
466170,250000
466176,452300
466221,655500
466228,300000
466257,416000
466281,354300
466326,280000
466343,0
466417,5960200
466431,500000
466453,1726500
466512,3161500
466548,491200
466551,1896400
466567,312600
466569,657500
466591,96200
466621,34300
466680,0
466694,0
466730,150000
466774,685000
466782,16500
466800,3037200
466822,1671000
466828,323100
466848,0
466873,450000
466897,456000
466965,751100
466973,192000
467003,1024500
467020,433500
467060,425400
467125,439200
467136,0
467191,179100
467209,82000
467240,500000
467254,150000
467272,200500
467293,102000
467296,347000
467297,150000
467329,10722600
467333,279200
467344,45000
467377,150000
467391,1515300
467414,245000
467416,304300
467419,463900
467433,425100
467469,778800
467480,200000
467484,434200
467488,3189700
467502,1718000
467506,1198600
467515,84000
467531,235000
467540,304000
467545,275600
467552,700000
467579,519600
467591,300000
467604,411900
467649,433100
467658,290000
467694,0
467700,150000
467715,1833100
467735,603800
467767,0
467774,170000
467833,834500
467836,675000
467841,1247800
467851,200000
467853,519900
467864,0
467869,1215800
467884,457600
467940,449500
468001,815000
468036,649000
468113,1072500
468123,685600
468165,0
468196,308500
468216,280000
468217,1065000
468229,1618600
468255,250000
468293,200000
468316,685800
468384,1807400
468418,9322500
468422,1708700
468423,0
468425,78000
468451,0
468495,678000
468503,0
468538,0
468563,443600
468605,96000
468641,4123000
468655,480700
468799,662200
468804,0
468838,360500
468876,0
468888,0
468915,0
468982,400000
468987,200000
468994,1480000
469012,240000
469023,37200
469072,0
469075,673200
469099,1278000
469103,1260800
469141,364100
469148,1408700
469214,377500
469217,1172000
469220,445000
469251,650000
469255,0
469258,37500
469260,751200
469266,0
469320,0
469327,0
469328,625000
469345,390000
469353,523500
469363,70000
469408,817900
469425,584400
469440,1023700
469441,450000
469454,473500
469490,500000
469529,150000
469533,1629200
469553,1808100
469569,169000
469575,350000
469588,4016800
469632,364000
469644,158000
469646,422000
469652,150000
469663,606000
469664,450000
469665,342500
469685,0
469709,268900
469751,511500
469763,0
469771,504300
469774,0
469810,0
469811,245000
469825,350000
469827,450000
469851,259900
469858,1254900
469884,467500
469899,154000
469904,1053500
469923,0
469952,350000
469994,5482000
470008,178000
470024,400000
470026,0
470029,450000
470061,408000
470067,508000
470088,0
470113,200000
470118,250000
470119,150500
470131,270000
470137,320000
470139,1419000
470159,128200
470160,345000
470184,556000
470189,150000
470195,400000
470227,0
470277,500000
470301,700000
470352,550000
470356,0
470363,2186500
470366,670400
470379,2149400
470406,328000
470487,135500
470504,400000
470515,542000
470521,0
470530,450000
470546,206500
470558,0
470567,0
470575,25000
470591,150000
470633,261600
470641,64500
470642,250000
470706,449300
470721,391200
470743,731500
470772,466100
470804,295800
470858,0
470909,4160100
470916,498900
470963,0
471014,700000
471039,0
471146,314800
471277,500000
471301,326700
471398,0
471434,387500
471452,0
471454,902900
471504,400000
471518,621400
471525,331000
471540,0
471543,300000
471556,734900
471588,516800
471589,300000
471624,2903700
471639,0
471650,150000
471703,400000
471723,150000
471738,529000
471741,0
471743,400000
471763,600000
471779,616000
471783,200000
471815,498300
471873,0
471924,170000
471931,296000
471994,485500
472093,450000
472108,0
472110,784700
472117,3632500
472125,794500
472146,500000
472157,0
472166,473000
472182,150000
472208,3257200
472215,7962300
472247,0
472278,240000
472289,600000
472331,941800
472335,450000
472362,457200
472367,573500
472380,150000
472408,300000
472411,2003000
472422,500000
472437,290000
472438,0
472441,150000
472457,150000
472548,134500
472568,189500
472571,102000
472587,10000
472595,1756500
472661,588800
472663,0
472671,0
472706,533400
472709,400000
472727,1436500
472739,530600
472772,452700
472773,70000
472783,450000
472784,0
472790,0
472793,0
472799,0
472842,350000
472907,280000
472942,242400
473025,0
473072,500000
473089,309800
473093,1185700
473096,0
473098,100000
473102,250000
473131,428500
473152,485100
473174,0
473187,2511100
473217,150000
473220,400000
473255,550000
473284,7144000
473301,0
473302,287500
473309,1000000
473339,366000
473342,430000
473350,0
473366,372400
473375,99000
473409,0
473425,1340000
473430,350000
473469,1149000
473500,553200
473516,399500
473552,544000
473638,1558600
473644,350000
473702,400000
473722,252200
473743,2446700
473775,0
473776,0
473786,383300
473794,262500
473802,481000
473818,325000
473830,2694800
473858,0
473873,329800
473875,100000
473912,207400
473921,463000
473922,655900
473974,290000
473992,400000
474035,112500
474052,0
474085,2185800
474134,0
474140,0
474150,5220300
474156,1661200
474168,0
474176,3232800
474226,169000
474228,437700
474260,142000
474293,35045100
474307,1463700
474312,132500
474335,510000
474396,244700
474398,395000
474413,250000
474423,0
474474,1292300
474478,5938200
474504,172500
474510,375000
474524,5391800
474555,250000
474564,500000
474620,732400
474641,886400
474646,773200
474671,0
474672,297800
474680,60000
474682,292500
474699,173800
474701,856000
474702,490000
474741,1243500
474762,0
474764,387000
474768,300000
474773,918500
474783,650000
474795,263000
474812,375000
474816,300000
474831,231000
474834,450000
474835,37500
474839,150000
474843,490000
474844,280000
474846,528000
474850,186200
474883,590000
474896,375000
474898,695000
474925,492600
474941,375000
474949,936000
474963,585000
474981,1487500
474984,0
474989,375000
475016,239400
475041,1503900
475044,670000
475061,2000000
475069,0
475097,250000
475112,0
475115,96198500
475144,250000
475168,250000
475172,319300
475182,0
475217,434000
475219,150000
475243,350000
475244,452300
475245,126000
475283,0
475284,200000
475347,600000
475348,367500
475356,814600
475405,350000
475420,235500
475429,150000
475441,200000
475448,1150900
475476,625200
475487,290000
475490,2277000
475506,1605000
475511,510000
475514,297000
475544,150000
475557,166500
475588,784000
475608,50000
475628,448000
475637,385600
475648,357000
475675,150000
475703,1364200
475715,1162000
475721,3321200
475732,350000
475751,349500
475761,1500000
475762,0
475781,576700
475806,180000
475807,498800
475815,2137000
475840,3198900
475856,150000
475861,498300
475873,980000
475879,375000
475881,350000
475882,150000
475883,375000
475892,0
475906,0
475911,463000
475919,2681800
475928,271500
475934,500000
475963,662600
475982,829000
476039,673000
476041,550000
476048,0
476050,111000
476053,2138300
476079,650000
476081,420300
476088,250000
476132,144000
476174,481200
476191,0
476213,1028000
476217,0
476242,400000
476267,146900
476273,400000
476277,120000
476284,150000
476309,396400
476316,3048100
476326,800000
476334,500000
476358,150000
476367,208200
476390,130000
476432,880400
476447,219400
476470,300000
476492,300000
476542,1723000
476556,266500
476558,1720000
476565,617500
476573,391000
476636,86000
476651,409000
476700,261200
476706,224500
476710,400000
476745,350000
476756,106000
476769,478100
476792,170000
476797,755700
476820,0
476889,965000
476898,1697900
476954,697800
476981,363700
477002,230000
477005,0
477027,810000
477028,350000
477030,116000
477037,1290000
477039,435500
477045,1000000
477056,1180000
477058,150000
477060,796900
477068,1343000
477082,5262600
477083,450000
477091,1060000
477109,620200
477126,632600
477157,230000
477173,0
477176,292400
477202,0
477213,606800
477230,2269100
477248,499500
477261,6619700
477275,350000
477298,453000
477312,467700
477336,0
477345,2872900
477361,126300
477370,0
477423,1615900
477425,0
477435,200000
477443,728100
477444,1044000
477451,0
477475,483400
477518,600000
477554,200000
477569,160000
477573,1751200
477582,0
477595,150000
477604,1056100
477644,1350000
477652,565000
477654,520000
477658,0
477670,165000
477672,518600
477676,382400
477688,0
477691,340700
477723,318600
477729,550000
477741,450000
477745,0
477756,489600
477769,350000
477797,461200
477857,0
477859,500000
477871,300000
477877,150000
477923,458000
477955,0
477958,1705400
477962,513200
477982,500000
477985,514100
477991,705600
477994,3000200
478008,176100
478029,350000
478039,375000
478063,375000
478073,0
478074,250000
478078,174000
478082,308000
478106,999700
478109,200000
478125,74000
478180,868000
478202,46500
478215,410200
478232,500000
478235,350000
478241,0
478256,600000
478260,538000
478265,0
478283,0
478314,766800
478364,350000
478365,1698000
478379,0
478393,0
478402,150000
478410,800000
478422,0
478426,100000
478482,1392900
478493,852400
478510,5005000
478515,511000
478534,360000
478548,0
478553,0
478563,500000
478569,205800
478587,6993800
478597,350000
478604,0
478620,200000
478636,1750000
478644,7341400
478647,0
478673,400900
478685,100000
478716,301500
478717,1794000
478737,1309800
478749,0
478758,420000
478793,1462500
478809,120000
478812,1701000
478815,100000
478819,1042200
478828,24000
478867,173800
478878,250000
478886,386100
478920,500000
478930,0
478935,0
478980,634000
479061,300000
479081,499800
479083,0
479085,0
479088,1187400
479093,650600
479096,2865400
479097,399000
479108,500000
479113,3939800
479118,300000
479124,235300
479169,342000
479183,328400
479184,171600
479217,330800
479219,1061200
479239,450000
479246,350000
479255,303100
479259,346500
479304,476800
479314,820000
479374,3517500
479379,150000
479392,616800
479424,1824600
479425,200000
479435,454600
479437,750000
479440,1310800
479449,150000
479454,150000
479456,1431900
479475,0
479478,0
479484,0
479485,216000
479492,1013500
479497,915000
479520,0
479555,350000
479560,1610500
479564,512500
479572,150000
479578,300000
479593,381500
479631,1017900
479635,755800
479638,150000
479640,350000
479659,362900
479662,400000
479668,476400
479676,0
479691,400000
479692,350000
479695,395100
479708,0
479709,0
479716,0
479742,300000
479750,0
479771,219400
479773,546000
479807,0
479874,370000
479906,0
479916,224000
479933,0
479942,31000
479949,138500
479993,803400
480030,600000
480051,500000
480072,0
480073,1146600
480077,324000
480099,134900
480106,254700
480116,450000
480118,1028600
480133,426000
480146,28000
480162,834400
480163,3463900
480167,395500
480169,1600600
480174,0
480214,430000
480215,0
480222,346100
480322,150000
480332,150000
480341,555000
480343,350000
480350,883500
480395,500000
480397,0
480401,580000
480402,559900
480403,325000
480414,0
480431,150000
480433,483300
480466,6383800
480522,150000
480530,4019800
480541,400000
480566,538000
480587,1299900
480590,500000
480591,262500
480596,350000
480601,150000
480611,0
480624,670000
480651,324600
480667,170000
480677,2136200
480694,97000
480711,750000
480730,119000
480734,52500
480736,350000
480748,547000
480767,0
480810,0
480818,450000
480826,0
480840,0
480852,1200000
480876,1576700
480900,350000
480903,884900
480927,375000
480952,150000
480955,1732300
480956,219100
480972,750000
480988,461700
481004,450000
481014,430000
481017,375000
481021,0
481026,485500
481032,375000
481036,400000
481038,375000
481047,150000
481059,150000
481086,150000
481088,1265000
481090,453500
481109,250500
481151,572500
481154,0
481155,594000
481157,713000
481163,634900
481164,0
481174,135500
481202,350000
481233,1069300
481242,350000
481261,437000
481315,150000
481327,607500
481328,365000
481330,448500
481332,93600
481347,3901100
481358,4222500
481373,0
481387,400000
481403,302700
481406,859500
481445,0
481492,0
481498,0
481518,150000
481523,278000
481524,150000
481527,0
481532,134400
481536,150000
481597,166800
481598,695600
481600,467500
481606,503500
481623,77200
481625,150000
481636,562600
481640,1270000
481647,48800
481649,300000
481655,250000
481674,490000
481679,1152600
481688,0
481710,0
481739,487500
481740,420000
481766,400000
481767,72000
481813,1230500
481829,0
481835,0
481842,525000
481878,700000
481883,450000
481925,1211100
481928,0
481938,1211800
481943,914100
481973,267000
481989,0
481991,1449000
481995,0
482005,467500
482006,0
482017,3529100
482039,795600
482049,0
482055,306900
482076,1483100
482086,300000
482095,327000
482096,676800
482099,749100
482102,789100
482104,429400
482114,0
482117,2046900
482120,400000
482130,434100
482176,250000
482190,10471300
482219,472900
482248,0
482270,686700
482274,736000
482280,0
482285,625300
482286,3631700
482287,1677600
482289,199200
482292,500000
482295,250000
482304,0
482310,395000
482313,0
482333,0
482354,559300
482355,208000
482365,525200
482367,167000
482368,0
482373,0
482392,867800
482398,0
482407,400000
482414,290000
482418,686300
482438,223000
482447,443700
482456,214700
482467,0
482468,240000
482488,94900
482492,0
482534,118000
482537,1373800
482563,450000
482573,320000
482600,460800
482614,678000
482621,350000
482623,14000
482631,244600
482634,49000
482654,3637400
482669,250000
482712,0
482722,6962400
482731,431200
482742,398700
482793,650000
482812,400000
482854,147800
482859,976000
482865,0
482868,377100
482875,0
482906,500000
482917,0
482927,664300
482928,440000
482947,300000
482964,493000
482968,551500
482976,150000
482986,767000
482991,4350000
482993,250000
482995,177700
482996,200000
483005,256500
483021,0
483023,257100
483038,435200
483060,280000
483073,110000
483114,183600
483117,0
483131,0
483153,2864000
483155,780500
483160,0
483169,246000
483180,150000
483192,350000
483197,350000
483212,15775000
483226,0
483231,106300
483238,17698600
483243,799500
483250,568700
483256,0
483268,0
483291,0
483294,150000
483345,991400
483354,0
483357,1320000
483368,250000
483379,0
483406,225100
483411,474300
483417,434000
483432,300000
483457,549200
483481,1029000
483488,0
483495,0
483511,0
483523,0
483545,0
483574,0
483635,0
483658,399500
483663,150000
483711,455000
483714,0
483715,0
483726,410600
483748,1573500
483749,110000
483752,400000
483767,0
483769,233700
483799,193000
483807,3566000
483822,150000
483832,350000
483836,0
483848,150000
483849,222500
483856,19800
483861,0
483922,0
483942,1326500
483950,405000
483955,150000
483978,1593000
483986,1090000
483991,250000
484012,250000
484021,275000
484026,250000
484054,477000
484060,120000
484062,339800
484120,250000
484135,51000
484157,0
484168,1118700
484197,0
484222,200000
484226,2752300
484227,877000
484245,366000
484249,615900
484264,400000
484265,518000
484271,0
484275,0
484296,194000
484319,536500
484329,126400
484347,274400
484352,343500
484359,713700
484365,359000
484373,307800
484392,180000
484403,440000
484407,754000
484436,0
484444,1545200
484455,917200
484456,979600
484463,1507600
484469,543000
484485,265000
484492,862000
484499,1149000
484509,0
484519,250000
484529,337500
484542,70000
484578,449500
484588,804500
484593,990500
484613,0
484617,2950400
484626,0
484644,500000
484669,0
484680,5976400
484704,1344000
484725,150000
484737,724000
484762,119000
484773,1364600
484790,24000
484791,0
484806,382500
484823,150000
484846,359900
484950,250000
484984,250000
485002,283500
485056,161000
485058,409000
485063,652900
485065,453400
485066,455000
485075,350000
485086,0
485088,0
485100,150000
485109,124000
485166,598200
485186,130000
485193,366000
485206,0
485243,150000
485249,0
485306,454000
485311,179900
485321,1185100
485361,0
485364,1512000
485366,353500
485375,400000
485404,228500
485411,974000
485413,350000
485467,2238100
485476,1100000
485480,301400
485490,344800
485503,0
485504,3769400
485527,0
485607,837500
485612,200000
485617,0
485619,500000
485630,300000
485647,0
485652,150000
485661,681600
485672,96000
485677,500000
485687,410800
485690,973200
485700,150000
485712,209400
485716,0
485733,0
485771,0
485783,490800
485789,0
485798,732000
485820,0
485824,500000
485827,368000
485845,727000
485849,968200
485860,150000
485867,1900000
485893,3812000
485896,247500
485914,375000
485920,300000
485929,427000
485951,150000
485958,0
485964,364000
485966,500000
486026,800000
486028,0
486046,307500
486053,580800
486064,350000
486071,150000
486076,300000
486096,1555000
486136,0
486158,255800
486212,88400
486218,450000
486244,852300
486255,420000
486259,285000
486261,961700
486305,0
486331,450000
486376,350000
486388,540000
486400,453800
486414,400000
486437,350000
486438,400000
486442,958400
486450,313400
486460,300000
486497,0
486503,150000
486511,87500
486529,4997200
486534,450000
486557,350000
486559,150000
486580,0
486600,4024600
486609,145000
486664,430000
486666,200000
486668,312300
486671,27500
486676,53600
486717,367200
486730,200000
486733,0
486758,260000
486759,437300
486779,0
486805,121500
486820,116100
486851,300000
486862,350000
486869,150000
486931,682500
486946,341900
487004,150000
487016,1788200
487021,560000
487032,1857300
487058,150000
487069,250000
487070,444000
487071,472000
487084,422500
487099,337600
487106,405400
487113,600000
487150,486700
487173,1030000
487207,400000
487224,0
487226,150000
487238,339500
487240,916500
487243,730100
487251,0
487266,200000
487267,200000
487296,250000
487319,0
487327,400000
487377,626800
487386,0
487390,8114800
487416,318100
487447,300000
487451,200000
487461,150000
487500,250000
487529,675800
487530,595000
487559,1331000
487614,419000
487686,70000
487694,300000
487713,250000
487715,550000
487721,0
487749,144000
487753,550000
487767,249500
487788,131600
487792,502000
487795,260700
487818,2074500
487858,400000
487895,348000
487897,521700
487908,299900
487909,350000
487920,434000
487950,0
487959,562400
487978,0
488018,267000
488077,1502000
488081,886800
488098,6715900
488108,525900
488110,181500
488112,431000
488120,1474700
488136,200000
488137,11221800
488148,0
488152,1498000
488173,150000
488211,674600
488225,250000
488261,0
488298,3939700
488326,0
488342,503500
488343,150000
488363,250000
488416,2635400
488444,3141000
488489,0
488493,1100000
488531,165000
488548,2302500
488574,973500
488580,450000
488590,1328000
488600,200000
488604,220000
488620,4486900
488665,471600
488668,0
488694,1367000
488706,0
488709,491000
488710,908400
488719,450000
488721,400000
488737,2467000
488746,0
488770,0
488774,350000
488809,0
488820,180000
488852,250000
488859,0
488884,206700
488891,274000
488929,140000
488948,400000
488982,0
489025,302700
489054,650000
489057,350000
489063,1266800
489106,833500
489121,1337500
489164,0
489166,5805100
489183,483300
489186,696200
489196,336000
489197,1401700
489203,0
489208,500000
489222,0
489252,0
489265,750000
489294,0
489304,0
489315,807600
489334,942500
489350,423800
489425,450000
489426,600000
489471,321600
489484,2255100
489488,0
489512,150000
489521,450000
489565,736900
489591,1802900
489592,397700
489604,415300
489607,750000
489620,150000
489633,456000
489669,6106500
489690,262000
489720,584700
489722,259000
489743,31700
489756,249900
489771,2044100
489776,250000
489782,296000
489805,0
489825,237000
489873,483300
489919,150000
489956,469000
489972,750000
490053,480100
490065,1606800
490111,471000
490127,550000
490187,450000
490205,150000
490209,333400
490224,512000
490241,104000
490291,0
490293,350000
490294,150000
490297,646000
490328,500000
490347,295500
490485,200000
490510,0
490524,294000
490536,594500
490563,150000
490564,1891000
490567,23668100
490568,2559000
490570,300000
490580,200000
490587,0
490678,0
490688,266000
490691,340000
490725,164700
490729,439500
490735,493400
490755,2327900
490772,94500
490781,500000
490866,0
490991,970400
490996,16481600
491019,611600
491037,238400
491054,1000000
491061,583200
491082,450000
491087,180000
491103,1051200
491110,1229700
491152,500000
491180,182500
491186,131000
491203,0
491217,320100
491220,150000
491230,0
491237,242300
491273,585100
491298,369000
491315,581000
491316,400000
491334,300000
491343,487000
491347,0
491372,5507500
491378,590000
491385,75000
491401,150000
491437,40000
491438,500000
491442,5783600
491463,0
491505,650500
491524,132000
491534,400000
491579,502000
491581,5263000
491603,145000
491613,1000000
491623,6893800
491655,150000
491688,150000
491710,1548500
491735,1205200
491754,3336500
491755,250000
491773,0
491775,350000
491779,0
491795,265300
491807,400000
491821,114000
491829,150000
491846,14889000
491878,600000
491894,600000
491957,250000
491958,536000
491959,472500
491966,722000
491973,258000
492010,1462900
492011,301000
492018,150000
492026,0
492039,0
492071,1239500
492088,3459800
492103,410800
492112,934400
492117,214800
492154,1349300
492164,318500
492196,200000
492206,400000
492233,0
492240,835000
492252,150000
492275,589000
492296,186000
492341,446500
492366,354500
492376,850000
492431,76200
492439,2418000
492451,500000
492461,350000
492473,511000
492520,150000
492524,470000
492535,305000
492538,1258000
492542,0
492546,389100
492554,443400
492555,79900
492574,440500
492592,250000
492604,0
492605,350000
492617,228600
492642,328400
492671,300000
492673,150000
492713,400000
492749,400000
492787,1342000
492810,150000
492814,0
492838,822100
492854,951000
492863,90000
492877,394000
492888,275000
492954,200000
492955,1685600
492969,84000
492977,0
492983,95200
492990,346500
493061,0
493093,379200
493147,400000
493153,1506300
493156,2050800
493185,108000
493203,490000
493222,0
493247,350000
493252,350000
493266,324000
493329,280000
493348,250000
493357,216000
493390,37500
493398,2104000
493417,536000
493429,245000
493435,1208500
493447,118000
493448,0
493453,0
493460,150000
493512,690000
493519,0
493523,417200
493531,548400
493540,2224600
493580,250000
493669,693800
493671,941700
493693,662600
493734,0
493741,0
493764,624000
493774,897500
493776,448900
493794,1043500
493806,0
493821,698000
493841,465000
493860,181500
493866,11832300
493872,2481300
493905,0
493924,0
493942,400000
493966,450000
493982,990000
493983,0
494001,954500
494010,999600
494027,431000
494040,827000
494045,435000
494063,670500
494080,400000
494090,300000
494114,0
494117,481500
494150,3231700
494187,500000
494206,384600
494208,3225000
494302,0
494313,195000
494379,352300
494389,150000
494404,504500
494434,1825900
494438,150000
494456,398000
494459,795800
494468,207900
494473,548000
494483,1081300
494495,397500
494510,0
494515,145000
494519,0
494536,0
494571,179500
494574,150000
494591,250000
494596,350000
494602,317400
494603,515500
494614,125000
494625,205000
494634,501600
494635,0
494660,729000
494684,1458400
494701,2202500
494730,0
494736,225000
494763,544000
494767,350000
494798,399500
494807,420300
494825,150000
494838,2144000
494840,1061000
494857,260200
494858,195000
494891,0
494897,896400
494909,850000
494915,355600
494966,0
494981,500000
494984,288800
495021,250000
495048,252000
495082,250000
495085,0
495111,183700
495113,1667000
495127,692600
495147,0
495198,0
495219,464800
495229,0
495243,692700
495265,150000
495301,400000
495305,250000
495308,392900
495309,500000
495317,0
495319,155000
495337,944300
495366,0
495383,0
495384,3036800
495410,1420400
495435,119500
495510,695500
495518,0
495566,400000
495577,1135000
495596,4720400
495598,249100
495600,1542900
495624,4538900
495627,577500
495636,4139800
495637,360000
495645,270700
495648,350000
495686,484600
495696,500000
495705,3943000
495715,473800
495729,785100
495736,200000
495749,0
495780,650000
495830,795000
495835,583500
495837,322500
495853,567500
495898,1412500
495908,0
495931,0
495966,500000
495982,925800
495995,400000
496001,327500
496002,222500
496004,150000
496014,670000
496017,300700
496018,0
496021,150000
496031,150000
496035,535200
496047,400000
496074,324600
496083,825300
496090,350000
496093,0
496096,150000
496099,400000
496105,1072000
496116,110000
496118,400000
496176,426300
496189,640600
496191,0
496216,1280600
496265,559000
496315,1022500
496326,0
496342,0
496356,250000
496358,2782000
496388,996800
496429,929900
496436,0
496441,0
496461,400000
496462,683000
496508,0
496521,0
496552,542000
496569,2749600
496582,0
496587,343000
496592,480000
496638,400000
496649,267500
496661,350000
496676,0
496698,481000
496706,450000
496708,800000
496712,467800
496731,350000
496734,1027100
496741,0
496764,320000
496804,175900
496808,200000
496815,0
496821,300000
496834,1212500
496848,0
496877,623000
496909,0
496979,151500
496983,0
496985,150000
497020,70000
497024,337800
497027,990000
497048,300000
497067,300000
497096,630000
497106,616000
497118,3159400
497152,0
497157,366000
497159,0
497168,489000
497199,311500
497235,0
497248,1087500
497278,629000
497310,281500
497330,1615800
497334,150000
497368,216000
497370,528500
497387,3142000
497417,646000
497496,996000
497502,279000
497521,400000
497601,343200
497607,476500
497650,48000
497681,1091000
497682,158000
497755,150000
497781,350000
497804,536000
497842,977000
497868,0
497874,89600
497879,0
497884,1423400
497896,200000
497924,1738800
497944,415000
497960,425000
497961,757200
497965,105000
498001,250000
498007,990200
498053,400000
498055,0
498127,145500
498163,0
498171,500000
498189,705000
498205,400000
498210,1147100
498232,0
498303,301000
498319,736500
498320,600000
498330,400000
498369,0
498385,0
498389,4622400
498396,384500
498427,96000
498465,1906400
498472,638800
498497,140000
498517,0
498540,150000
498543,7362500
498547,200000
498549,280000
498550,0
498552,657000
498565,920900
498591,180000
498600,321500
498604,642300
498605,0
498645,0
498658,1085000
498672,1307500
498740,370800
498742,978500
498778,6767100
498834,0
498850,748000
498854,513500
498872,150000
498882,162300
498902,345000
498904,126300
498911,462800
498916,0
498918,400000
498977,200000
498988,0
499011,277500
499015,408500
499022,385000
499077,1115400
499094,350000
499096,3344700
499102,3220700
499120,0
499155,0
499157,314100
499181,440500
499196,0
499200,408500
499201,400000
499215,1502400
499217,375000
499221,70000
499239,0
499293,300000
499328,450000
499333,0
499334,0
499338,63000
499364,0
499381,0
499382,145000
499432,400000
499434,145000
499435,470200
499447,1003000
499457,0
499460,155400
499484,0
499508,1140100
499519,842000
499594,462000
499604,0
499625,681300
499640,242300
499649,371000
499707,0
499720,415000
499724,0
499726,0
499728,640500
499746,792500
499750,355500
499751,411200
499756,439100
499765,3621700
499773,0
499800,140000
499826,0
499829,671000
499831,344800
499832,1383700
499834,200000
499857,0
499884,728300
499892,1000000
499904,2391100
499912,200000
499928,370800
499942,4669900
499947,172000
499960,314400
499996,502000
499998,231300
500011,400000
500041,374000
500062,635000
500086,812500
500096,2814600
500100,322600
500104,195200
500116,0
500118,200000
500133,0
500169,2520500
500191,336300
500199,275000
500218,150000
500249,233000
500259,505000
500289,0
500301,457600
500331,817900
500348,2983700
500353,988500
500359,344900
500364,0
500420,0
500426,829000
500439,978300
500453,602800
500464,1011600
500476,0
500486,52800
500494,399800
500559,837300
500561,550900
500569,0
500584,1351000
500597,2186800
500598,183000
500604,200000
500611,518400
500632,400000
500667,0
500669,450000
500682,0
500703,204400
500747,1452400
500764,391400
500775,828300
500790,417000
500809,1000000
500810,310400
500836,913600
500886,933300
500891,425800
500903,0
500905,447500
500924,0
500955,945000
500959,0
500982,592000
500998,455900
501022,7779100
501044,422000
501045,1245900
501047,95300
501066,140000
501108,0
501119,390500
501143,1449100
501169,76800
501213,150000
501243,400900
501287,2184300
501288,0
501311,2167700
501322,300000
501330,0
501334,799000
501342,0
501370,0
501481,400000
501486,690500
501488,18482900
501498,300000
501504,550000
501520,757000
501529,390000
501539,400000
501580,0
501604,350000
501651,1502000
501652,200000
501653,500000
501670,5833800
501694,775500
501706,665000
501735,0
501737,566800
501749,236200
501752,226000
501761,3965000
501764,200000
501818,1067600
501822,378000
501832,765800
501868,400000
501869,0
501872,0
501923,1227000
501933,135500
501969,0
501980,0
502061,6227500
502071,712600
502081,1020000
502107,319000
502130,170600
502171,365600
502187,500000
502214,338200
502241,215000
502272,94200
502298,400000
502321,487300
502322,2195000
502325,300000
502334,90000
502362,255000
502396,150000
502400,320000
502406,1475000
502417,2184800
502422,0
502434,0
502456,1165000
502473,1338800
502479,1077300
502486,353700
502493,115000
502503,86500
502511,150000
502515,0
502532,572500
502567,280000
502572,500000
502576,140000
502584,307000
502604,213500
502608,0
502609,2758900
502624,583000
502625,200000
502630,991900
502661,0
502674,814000
502677,82400
502684,96500
502692,436100
502695,701900
502713,1055700
502715,400000
502753,230000
502771,322500
502803,468000
502810,300000
502847,1002000
502868,139000
502900,771700
502924,400000
502941,0
502971,524900
502980,1063200
502999,70000
503000,0
503004,0
503031,97000
503033,613200
503035,1282100
503048,20000
503054,216000
503077,708000
503099,550000
503104,341000
503119,0
503121,167500
503129,1326800
503148,600000
503156,570000
503169,322000
503199,514300
503209,824100
503219,82600
503228,350000
503231,690000
503235,47700
503242,0
503261,1949500
503266,548000
503278,369000
503299,6198200
503333,574400
503405,16264000
503410,588000
503430,295400
503451,300000
503481,7915900
503498,851800
503523,215500
503527,455100
503538,465500
503560,3399900
503564,0
503584,196000
503585,345500
503592,463900
503607,493800
503631,0
503643,250000
503649,0
503657,177800
503714,728000
503748,180000
503749,400000
503755,1385000
503781,480000
503784,0
503799,276500
503832,0
503838,303000
503839,324000
503842,0
503865,0
503880,0
503897,1410500
503900,417500
503902,0
503908,200000
503939,984000
503940,353500
503942,590000
503943,442800
503953,595300
503970,712900
503971,982000
503988,0
504029,791100
504041,350000
504055,350000
504099,29500
504110,0
504149,526000
504153,250000
504165,20400
504169,375900
504175,108000
504191,0
504200,400000
504203,750000
504219,150000
504237,250000
504244,164500
504262,0
504268,176700
504354,343000
504359,400000
504368,0
504372,582100
504385,669900
504388,487800
504406,635700
504409,545500
504425,1091000
504445,150000
504451,1198600
504475,410800
504476,500000
504482,400000
504483,410000
504514,466600
504543,70000
504574,150000
504593,1188000
504605,2447100
504610,936800
504633,1107200
504636,596200
504643,1124000
504691,99500
504696,0
504699,981100
504710,695000
504713,0
504735,400000
504739,0
504757,100000
504789,0
504803,1022000
504832,450000
504842,300000
504846,472000
504850,851000
504868,80000
504912,0
504917,0
504944,59400
504987,580000
504991,576500
505000,328300
505010,626000
505018,722500
505042,267000
505044,200000
505050,492000
505086,1087500
505089,531500
505113,0
505140,150000
505173,150000
505186,150000
505190,214900
505192,1008200
505209,60000
505221,130000
505226,680000
505240,576100
505243,288500
505270,925500
505278,0
505303,170000
505321,262400
505361,240000
505367,1250800
505378,639600
505380,150000
505388,400000
505392,0
505398,403900
505439,1019900
505467,499900
505487,4654400
505506,504200
505559,540000
505660,387000
505677,454000
505688,150000
505694,4713800
505719,560000
505733,917700
505735,450000
505741,248000
505751,609400
505752,250000
505780,250000
505812,0
505822,250000
505825,755000
505830,954000
505844,250000
505855,0
505877,579600
505885,0
505894,2149500
505896,449100
505905,64000
505906,388900
505965,568600
505971,483700
505979,3039700
505994,500200
506003,0
506006,250000
506035,0
506056,197000
506060,110000
506067,0
506076,0
506088,450000
506099,390000
506110,400000
506124,5647700
506145,789400
506156,616900
506190,520000
506220,150000
506269,400000
506314,602500
506317,1063100
506323,0
506329,1074600
506333,982200
506348,83500
506355,382200
506414,380400
506415,306000
506433,892000
506436,0
506440,899200
506492,1172500
506501,552500
506517,256000
506528,192300
506534,250000
506536,0
506547,300000
506560,218300
506573,0
506601,648500
506602,553000
506631,600000
506650,0
506658,852500
506662,0
506679,0
506683,450000
506717,0
506723,0
506732,530000
506754,400000
506756,414800
506758,60000
506783,212000
506797,493000
506844,250000
506855,143000
506887,938800
507027,350000
507066,0
507071,650000
507080,150000
507106,0
507110,450000
507118,807500
507130,0
507134,211500
507138,0
507188,424300
507194,319400
507201,0
507278,0
507300,350000
507314,440000
507325,543700
507355,0
507357,1260500
507371,300000
507379,1918800
507440,0
507455,2628500
507456,0
507476,300000
507510,624800
507538,0
507539,293000
507549,430200
507584,500000
507615,0
507623,216000
507634,300000
507640,0
507658,200000
507671,1150000
507674,455000
507679,350000
507694,1801600
507696,538600
507701,388000
507719,0
507769,0
507850,762000
507879,450000
507884,0
507895,350000
507897,631000
507899,954000
507903,277500
507907,250000
507910,0
507911,397900
507916,943400
507922,356700
507927,250000
507928,344500
507956,250000
507965,343000
507968,562500
507980,300000
507988,125000
508022,3593600
508028,2357700
508030,432400
508043,0
508047,465700
508094,929000
508110,643500
508139,0
508148,505200
508150,550000
508154,432600
508162,400000
508169,1775900
508243,150000
508249,250000
508253,400000
508272,2786900
508298,400000
508311,321500
508321,250000
508327,535500
508344,1110100
508359,608200
508361,0
508377,500000
508390,200000
508393,1673200
508405,795000
508428,0
508437,500000
508485,647800
508493,937000
508496,1291500
508521,2101600
508526,152300
508531,270000
508547,270100
508555,3256500
508563,3211700
508577,400000
508669,916000
508743,450000
508776,100000
508779,345500
508796,200000
508820,352500
508824,0
508847,0
508860,0
508878,500000
508880,0
508890,364000
508892,801000
508938,712500
508949,0
508967,400000
509003,600000
509032,142700
509048,150000
509151,250000
509174,7919900
509182,534000
509216,400000
509222,400000
509286,0
509314,335000
509320,129500
509324,14000
509329,300000
509345,1187600
509373,1316000
509391,324000
509416,1316900
509462,400000
509496,350000
509511,946000
509528,0
509539,1648500
509558,1396000
509568,0
509576,0
509578,200000
509583,21350500
509585,250000
509599,65600
509622,525000
509634,164200
509640,134300
509660,110400
509680,1059200
509692,4886400
509707,288000
509716,48000
509727,0
509733,1203800
509755,513800
509788,414800
509790,0
509797,300000
509800,904900
509803,600000
509806,575000
509815,350000
509822,0
509830,1488600
509844,593600
509867,229000
509895,0
509909,907300
509913,400000
509915,500000
509933,48300
509964,10951200
509965,1108000
509968,250000
509969,150000
509978,475000
510002,0
510009,130000
510013,398100
510030,3626100
510052,290000
510061,427500
510073,250000
510148,0
510153,0
510179,6289300
510219,0
510225,0
510259,912700
510265,266000
510268,1643600
510269,2820300
510296,150000
510327,293500
510334,0
510357,110800
510367,350000
510373,9559800
510390,200000
510395,130200
510397,0
510399,370000
510400,82700
510416,905000
510418,400000
510421,292500
510462,4783500
510486,350000
510489,16098400
510499,2880400
510500,358000
510514,450000
510520,150000
510528,450000
510533,310700
510538,841700
510541,1029700
510563,150000
510601,157000
510610,0
510624,329100
510645,958000
510672,0
510732,0
510745,400000
510755,539800
510763,208000
510773,485000
510808,1163300
510817,0
510822,1111200
510845,0
510851,423800
510856,1107000
510858,550000
510876,2731200
510886,979000
510918,1900000
510934,145000
510939,417500
510956,140000
510976,795300
510992,0
511009,450000
511028,0
511054,1971600
511085,707700
511089,492000
511090,617500
511108,0
511123,283200
511136,552000
511171,400000
511212,364000
511238,729000
511251,1106600
511252,420200
511277,762100
511295,140000
511299,104300
511304,722000
511311,0
511352,196300
511356,87000
511357,3067400
511370,1082500
511386,5100000
511444,140000
511477,1031100
511485,150000
511503,0
511523,800000
511555,130000
511584,527300
511596,0
511623,112700
511637,0
511646,150000
511653,224000
511666,600000
511673,452500
511689,543800
511708,0
511714,450000
511728,150000
511730,519300
511732,345000
511740,0
511742,355500
511789,433500
511814,0
511820,577000
511829,500000
511851,150000
511865,190000
511882,895000
511896,500000
511992,648000
511993,150000
512000,150000
512006,450000
512011,1267500
512029,422900
512031,500000
512050,150000
512094,665400
512096,649300
512106,398400
512131,0
512149,353800
512178,445000
512209,0
512262,6917800
512265,0
512266,1859000
512300,2428100
512336,585000
512373,2964500
512376,175500
512377,0
512403,444000
512440,46400
512476,373000
512497,0
512535,0
512568,217000
512579,0
512606,250000
512610,231800
512612,250000
512613,565600
512682,0
512691,1160000
512722,400000
512723,296000
512743,620000
512745,352500
512772,98200
512773,750000
512782,100000
512824,0
512833,0
512836,379600
512837,527300
512855,956000
512895,0
512897,384000
512917,132000
512936,0
512957,2837500
512959,126500
512972,272000
512978,378500
513005,263000
513027,1222000
513039,357000
513088,164400
513108,300000
513139,467900
513140,315000
513146,400000
513151,0
513179,1078100
513189,0
513193,173500
513211,0
513245,420000
513251,186700
513265,300000
513282,150000
513329,919700
513335,683500
513370,350000
513384,172000
513390,0
513407,686400
513417,90700
513430,0
513443,150000
513472,550000
513490,657800
513523,122500
513525,605700
513534,134800
513570,300000
513601,347100
513651,0
513655,0
513662,1264600
513663,500000
513675,0
513676,86000
513681,0
513688,130000
513709,0
513717,150000
513730,0
513734,3221200
513744,0
513776,0
513786,290000
513821,317500
513859,200000
513877,0
513896,302900
513898,1067500
513914,169600
513964,250000
513965,349500
513981,150000
513988,0
513994,709500
514003,462000
514016,350000
514017,0
514029,450000
514040,48000
514049,554800
514051,400000
514058,0
514063,605000
514081,150000
514086,0
514089,184800
514090,150000
514117,564100
514119,0
514121,756000
514140,2261000
514152,400000
514154,212000
514163,0
514170,300000
514178,274200
514199,300000
514212,384000
514261,350000
514272,345000
514287,0
514300,2000000
514303,1910200
514304,55000
514321,652200
514359,150000
514364,0
514366,0
514369,355000
514430,130000
514437,600000
514444,0
514446,0
514478,2239100
514487,455700
514507,90000
514516,0
514520,632800
514529,476800
514565,446000
514569,0
514610,500000
514630,643800
514678,0
514685,421000
514688,2097300
514719,816900
514721,512300
514725,334500
514733,0
514753,1288700
514759,150000
514760,735000
514778,660500
514780,250000
514795,2099000
514801,350000
514849,350900
514856,0
514861,381500
514904,0
514916,0
514943,250000
514960,340000
514981,0
514986,250000
515080,300000
515082,719900
515107,4396900
515121,0
515122,0
515163,400000
515178,0
515179,450000
515236,0
515241,252800
515263,240000
515275,150000
515281,135000
515319,250000
515328,728400
515351,350000
515368,0
515374,144800
515381,365000
515395,400000
515416,476000
515445,1201400
515470,400000
515497,537300
515518,444000
515547,0
515591,0
515617,0
515667,1935900
515694,490000
515707,550000
515719,0
515738,300000
515739,410000
515741,350000
515780,250000
515783,0
515793,2356000
515834,250000
515844,392000
515857,334400
515863,474200
515875,350000
515905,10112300
515927,390700
515932,62000
515960,0
515962,810000
515998,450000
516019,0
516040,130000
516041,457300
516081,0
516155,0
516168,1466200
516171,625000
516175,1515300
516177,440000
516180,1545000
516183,208500
516202,3481000
516207,228000
516211,573600
516218,871800
516223,393000
516245,0
516259,269700
516271,0
516280,628000
516310,428400
516323,610400
516360,203900
516362,0
516373,300000
516404,0
516411,138500
516432,150000
516443,315000
516451,340000
516490,342500
516513,0
516553,294000
516593,0
516597,110000
516602,350000
516611,450000
516620,0
516622,350000
516655,0
516698,0
516768,225000
516779,0
516780,505400
516791,0
516812,0
516825,330000
516827,1900000
516830,150000
516840,250400
516843,525500
516850,9787500
516879,963600
516881,246000
516906,2341800
516914,0
516936,0
516940,675000
516944,1140000
516950,0
516962,421800
516969,417900
516973,2100000
516996,19200
517001,0
517002,0
517010,847300
517030,683500
517034,200000
517035,400000
517055,0
517064,1050000
517085,408000
517087,0
517097,400000
517100,2400000
517103,4324400
517104,0
517106,300000
517111,0
517115,768900
517136,828200
517158,610000
517160,500000
517174,4558600
517178,200000
517227,1701800
517256,250000
517260,190000
517271,0
517287,195600
517290,350000
517297,4158500
517306,0
517354,7659600
517358,29900
517401,0
517406,1032000
517445,787800
517466,0
517476,432000
517478,1529800
517482,250000
517485,200000
517495,550000
517503,350000
517529,607300
517544,0
517553,0
517571,450000
517624,489600
517638,311300
517658,0
517677,913500
517679,175000
517688,0
517689,250000
517694,0
517698,470000
517710,1231400
517716,400000
517735,150000
517798,0
517812,2090000
517830,300000
517831,150000
517836,350000
517842,110000
517852,382200
517862,3401800
517903,419800
517907,0
517922,550000
517940,582500
517949,172500
517954,533000
517955,0
518005,335500
518042,352500
518051,408500
518057,127500
518095,2992800
518124,240000
518125,0
518142,3000000
518149,239400
518157,150000
518159,744000
518166,289600
518173,3020600
518178,300000
518189,150000
518197,191500
518220,150000
518231,250000
518245,73500
518249,221600
518271,171900
518295,150000
518300,0
518323,450000
518361,337100
518372,0
518386,632200
518394,0
518407,1470000
518446,1432000
518467,501200
518484,148000
518488,500000
518514,150000
518558,200000
518606,0
518622,1567700
518658,11957000
518696,3075200
518703,411300
518706,450000
518727,0
518756,0
518759,175000
518760,7843900
518773,18153800
518776,242900
518820,0
518829,0
518838,165000
518840,350000
518867,289600
518876,697000
518917,851500
518945,2700000
518957,506500
518962,596100
518970,891000
519015,5135500
519021,450000
519054,200000
519067,429000
519074,325000
519115,344800
519144,350000
519147,672000
519157,601500
519160,1170800
519161,669500
519163,0
519176,2283600
519199,0
519212,1115300
519213,28400
519236,450000
519274,400000
519289,920000
519297,0
519311,49200
519313,0
519336,0
519365,0
519388,2171800
519397,306500
519414,0
519447,219000
519465,150000
519500,0
519514,832000
519517,0
519518,486000
519521,483400
519532,6451000
519540,1315400
519542,555500
519544,2235000
519602,466800
519622,0
519657,0
519679,499900
519686,750000
519694,1100000
519710,300000
519717,852900
519735,0
519774,200000
519799,460000
519802,0
519804,2181700
519815,1077500
519824,300000
519851,400000
519854,150000
519860,507600
519863,0
519912,72000
519920,400000
519928,178500
519944,472500
519945,272500
519977,300500
520004,539500
520010,161100
520030,458100
520033,565800
520034,524000
520045,266000
520090,95200
520115,445000
520120,350000
520143,5712900
520146,200000
520160,150000
520166,153700
520170,383600
520174,1166000
520175,0
520183,3759600
520197,665700
520206,5591700
520214,650000
520225,0
520254,0
520260,0
520278,269000
520299,300000
520308,0
520313,1920100
520315,110000
520346,493300
520354,130000
520356,332500
520364,4616800
520375,0
520379,0
520389,0
520409,150000
520414,500000
520453,400000
520456,746800
520466,323500
520475,199800
520488,1652000
520516,150000
520520,2109700
520597,0
520607,1374100
520612,300000
520625,0
520662,0
520670,367000
520679,350000
520709,200000
520714,1116800
520719,0
520723,9973500
520734,473500
520760,0
520772,437500
520787,377000
520819,1036000
520895,0
520933,400000
520961,400000
520970,0
520980,450000
520983,287500
520993,189000
521002,620500
521031,253200
521037,0
521042,0
521043,550000
521062,594400
521081,2682000
521084,1586600
521137,646000
521150,500000
521163,350000
521218,987900
521219,920000
521222,1440400
521256,450000
521272,0
521290,150000
521302,500000
521333,444800
521340,150000
521351,200000
521379,690000
521387,0
521389,200000
521399,0
521407,0
521412,240000
521413,440500
521431,1242400
521436,440000
521455,250000
521456,967600
521467,150000
521484,391500
521485,414000
521488,1160000
521518,0
521527,0
521545,0
521560,418700
521577,870000
521581,250000
521593,350000
521599,612900
521613,495800
521617,535000
521626,307400
521639,400000
521646,0
521657,1530800
521661,462000
521672,450000
521681,148000
521687,350000
521708,450000
521736,250000
521738,0
521749,809000
521765,1480000
521778,933000
521814,90000
521827,367500
521843,450000
521849,144000
521867,338000
521868,90000
521881,11709300
521893,42000
521925,500000
521974,934700
521989,540000
522001,150000
522011,0
522046,250000
522081,350000
522145,200000
522182,200000
522183,0
522196,672400
522210,70000
522243,1174800
522269,110000
522287,679000
522294,141000
522310,400000
522317,273800
522324,250000
522326,449000
522344,486400
522396,0
522445,0
522455,225000
522456,343000
522489,227500
522510,350000
522548,432000
522556,350000
522557,150000
522558,706500
522634,803200
522713,6456400
522714,250000
522731,120000
522740,1578000
522770,0
522773,570000
522783,900000
522799,2078600
522804,1181600
522810,409800
522818,4326400
522843,200000
522846,1140200
522872,0
522947,150000
522948,805300
522958,700000
522979,279500
523010,619600
523013,443000
523018,140000
523054,0
523056,226500
523070,60000
523072,350000
523093,412100
523098,384800
523108,430000
523113,0
523120,0
523128,1298800
523138,150000
523147,1017500
523201,256800
523223,0
523237,460000
523249,499000
523261,2319100
523290,545000
523314,498100
523328,950300
523355,2816900
523367,0
523368,500000
523394,663500
523404,200000
523406,90000
523407,0
523415,1644600
523456,150000
523468,320000
523475,266500
523569,864200
523575,1597000
523576,111000
523583,369500
523594,11117500
523607,300000
523659,650000
523668,570000
523683,0
523684,0
523701,18825100
523731,854000
523746,0
523762,121500
523776,300000
523791,868500
523801,0
523831,238100
523832,106000
523882,472800
523894,365000
523897,499000
523902,0
524020,0
524032,228000
524038,1404000
524066,504300
524098,140000
524128,1787400
524145,400000
524161,150000
524180,305300
524185,150000
524194,250000
524229,353300
524233,1399400
524247,200200
524266,300000
524287,379000
524300,200000
524302,858100
524332,0
524336,150000
524354,614100
524359,368900
524382,34000
524385,0
524387,425000
524410,421500
524421,428000
524431,0
524436,0
524438,134500
524447,0
524464,162000
524478,3599400
524516,718500
524517,472500
524526,200000
524527,101000
524540,1721300
524576,550000
524635,207000
524650,610500
524651,150000
524682,1504200
524683,385900
524705,202500
524737,85000
524760,122500
524777,0
524804,350000
524856,669500
524859,112000
524867,548800
524917,0
524942,0
524948,520000
524958,145000
525003,780700
525013,150000
525025,405000
525026,555000
525050,305000
525056,0
525060,1527600
525065,152000
525077,905100
525098,985000
525111,0
525118,193500
525128,450000
525137,1005600
525153,570000
525171,475600
525191,980000
525222,1500
525224,0
525265,100000
525281,0
525299,0
525300,0
525304,261000
525310,0
525328,0
525330,308800
525337,400000
525362,4517400
525372,742500
525391,466800
525403,150000
525442,4318400
525463,18400
525474,207500
525534,163800
525546,0
525566,450000
525570,90000
525580,750000
525616,0
525653,538000
525654,888000
525661,374600
525662,500000
525663,1606000
525715,276000
525723,319000
525726,350000
525771,250000
525794,160000
525845,300000
525886,89000
525893,150000
525897,762200
525900,400000
525915,0
525918,429500
525970,184500
525976,1620500
525978,352500
525981,140000
525983,500000
525984,350000
525987,400000
526006,482500
526044,1577000
526065,700000
526087,901000
526101,423000
526109,200000
526121,1072400
526126,191600
526137,454000
526148,0
526169,0
526172,350000
526173,633700
526174,0
526176,346900
526224,599900
526297,84000
526301,1193700
526341,200000
526343,1122000
526372,2472300
526408,1573500
526420,173500
526435,1378600
526437,0
526442,939900
526513,303600
526518,0
526519,2410800
526526,800200
526552,11398400
526568,177000
526577,553000
526596,381500
526611,0
526633,400000
526634,87500
526649,0
526654,494100
526668,0
526680,300000
526706,350000
526715,400000
526718,0
526742,363500
526746,207600
526806,211400
526858,148000
526859,1845100
526884,54000
526895,778000
526901,650000
526908,150000
526933,290200
526960,150000
526963,177000
526984,250000
527002,1968300
527033,577500
527036,0
527039,0
527075,1663300
527080,317500
527091,701800
527116,48300
527119,0
527120,0
527135,517500
527138,0
527140,466100
527160,0
527163,573300
527197,3787500
527222,794900
527252,0
527321,0
527327,579000
527334,364500
527335,0
527349,168000
527375,477000
527400,254700
527419,500000
527428,450000
527429,623300
527439,1177000
527441,457700
527456,1931300
527479,400000
527484,2991400
527485,400000
527505,0
527506,130000
527507,400000
527518,2016400
527565,404000
527581,9796900
527590,156000
527602,0
527605,6233200
527639,336900
527653,500000
527689,0
527697,588500
527701,180000
527720,467000
527740,1469300
527756,150000
527797,400000
527810,0
527851,365700
527882,0
527909,5649400
527925,200000
527947,345500
527949,89000
527952,508500
527965,250000
527979,0
528009,128000
528020,300000
528052,0
528095,124000
528106,600000
528141,286000
528170,383400
528172,540000
528176,500000
528214,270000
528215,0
528220,384400
528252,2002700
528276,400000
528277,224900
528331,0
528367,0
528370,428600
528406,440000
528415,280000
528428,350000
528462,348400
528477,970000
528485,200000
528517,400000
528541,330800
528545,250000
528550,150000
528571,375500
528600,400000
528619,114000
528634,466200
528637,0
528641,151200
528675,8980600
528678,1141100
528681,256500
528689,5918300
528693,0
528701,2240500
528786,0
528790,447600
528792,495000
528796,150000
528804,2984600
528805,353600
528824,433000
528831,400000
528849,463000
528916,220500
528924,0
528928,1277200
528929,500000
528933,317000
528948,0
528967,689200
528979,435700
529000,259800
529014,350000
529015,350000
529027,601200
529050,769000
529055,550000
529065,0
529089,345000
529118,350000
529152,440000
529176,776500
529197,596500
529198,0
529223,0
529227,290000
529239,0
529251,215900
529256,417500
529262,900000
529300,213800
529305,246700
529319,150000
529325,1192300
529358,1172300
529368,580000
529387,2543900
529399,390000
529421,200000
529428,250000
529432,0
529433,300000
529437,230000
529449,0
529471,520000
529521,7299600
529603,500000
529619,344400
529627,0
529669,150000
529692,350000
529696,400000
529705,779000
529744,0
529747,105000
529760,802500
529761,0
529772,200000
529779,150000
529797,150000
529825,250000
529829,0
529837,250000
529865,759600
529880,766600
529898,376200
529929,125000
529962,1923700
529971,662500
529980,579900
529987,1386500
529988,508900
530014,604700
530029,200000
530048,0
530057,2000000
530074,675100
530087,0
530095,400000
530115,352700
530123,404900
530133,350000
530156,234800
530178,424300
530202,150000
530241,276000
530253,17200
530266,184900
530272,605400
530282,0
530305,0
530315,0
530324,0
530329,724500
530334,550000
530340,472000
530349,1324000
530353,553600
530355,250000
530363,600000
530364,419500
530385,0
530386,320000
530396,500000
530410,1000000
530421,0
530430,8400
530457,996900
530461,179500
530473,0
530483,594300
530494,286000
530506,0
530537,131500
530538,745800
530551,400000
530580,0
530582,0
530601,19700
530635,0
530659,300000
530677,95200
530698,100000
530700,550000
530711,18400
530749,355000
530755,1446000
530804,425000
530810,0
530822,650000
530824,6000900
530870,960100
530872,242300
530876,48800
530881,491800
530890,457100
530892,692000
530909,350000
530917,0
530950,0
530954,300000
530955,2337900
530967,12953000
530988,0
530992,450000
531057,476500
531058,386000
531067,315000
531070,476500
531126,0
531147,3345300
531155,0
531179,400000
531181,350000
531184,150000
531206,650000
531220,400000
531224,450000
531229,1450000
531275,0
531321,550000
531336,2844200
531356,704000
531357,639500
531371,424700
531373,0
531381,531600
531431,340000
531447,150000
531471,849500
531473,0
531478,220400
531505,855600
531512,0
531520,0
531529,0
531530,300000
531556,1034500
531589,150000
531591,0
531595,203300
531607,200000
531649,379200
531685,306000
531700,5531400
531715,0
531728,550000
531739,0
531748,300000
531785,900000
531801,150000
531805,550000
531815,762000
531837,150000
531847,0
531849,0
531851,326800
531887,348000
531895,304900
531904,590900
531929,150000
531982,0
531985,109800
531997,0
532010,1670000
532043,138000
532051,150000
532056,0
532063,350000
532070,1220100
532093,0
532095,340100
532156,343000
532161,0
532166,1062500
532169,450000
532178,2547600
532184,829500
532196,530200
532198,450000
532248,350000
532256,500000
532262,1716200
532265,248500
532267,78400
532307,3827800
532334,400000
532348,0
532364,2253500
532373,0
532379,286600
532394,125500
532406,460800
532444,559000
532456,620000
532461,0
532462,354600
532479,350000
532494,3319400
532512,450000
532544,2524900
532570,150000
532642,500000
532727,1798300
532732,500000
532767,0
532772,1500000
532774,0
532780,0
532820,300000
532821,200000
532831,491400
532845,540000
532847,194900
532849,371000
532874,459000
532897,500000
532904,509000
532907,0
532916,240000
532924,254000
532931,0
533024,701700
533028,209900
533032,6930100
533034,732300
533080,250000
533089,499300
533106,200000
533172,856000
533195,516000
533198,1110600
533208,250000
533225,1028000
533243,0
533319,423800
533375,915400
533401,403800
533428,146000
533441,1456100
533448,150000
533449,750000
533463,1106900
533495,687600
533512,837300
533525,216800
533552,0
533561,427300
533563,326000
533571,250000
533573,396000
533582,1121500
533594,524000
533624,1362400
533631,0
533655,0
533702,0
533719,800000
533735,1074000
533738,107000
533741,41300
533768,0
533785,1006000
533789,926100
533800,369000
533801,510000
533817,573500
533827,380000
533836,174000
533845,0
533849,0
533864,150000
533867,390000
533870,666500
533889,0
533894,541000
533906,0
533910,569000
533932,362300
533933,326300
533959,450000
533975,418000
533982,0
533987,222800
534025,5153900
534031,1035600
534054,250000
534082,0
534091,61500
534094,150000
534099,450000
534166,1062800
534207,0
534221,1698000
534251,2672000
534265,315000
534266,317000
534270,150000
534278,434500
534292,290000
534294,75000
534319,0
534338,350000
534346,400000
534347,450000
534351,643500
534353,450000
534358,150000
534377,206500
534380,335500
534395,160000
534412,0
534425,67000
534428,5193800
534432,150000
534435,262000
534443,156300
534470,475000
534474,762000
534480,0
534515,400000
534600,0
534619,792600
534627,420000
534640,600000
534659,460000
534663,636500
534676,336200
534679,877600
534683,150000
534692,1094300
534697,150000
534716,289000
534722,638000
534761,582300
534767,392000
534787,450000
534808,415300
534834,150000
534892,150000
534916,571000
534926,3215700
534965,468500
534995,1078800
535029,300000
535043,0
535072,10500
535076,2349800
535105,1571900
535106,369000
535123,150000
535131,150000
535141,130000
535151,1181600
535160,729000
535185,200000
535190,467800
535204,0
535221,2495800
535222,0
535230,473900
535238,350000
535286,330000
535295,0
535316,74700
535320,147400
535336,120000
535337,3028800
535338,0
535390,2009800
535401,756000
535404,0
535409,1592500
535414,2183500
535415,376800
535421,1000000
535423,502300
535509,634900
535539,206400
535580,215000
535619,2750000
535625,0
535627,400000
535644,499200
535653,96000
535753,874800
535792,1162000
535877,132000
535890,285500
535901,0
535908,0
535940,435000
535947,614400
535949,0
535967,210100
535983,175800
535988,350000
535999,250000
536001,184000
536012,606900
536013,339000
536014,282000
536015,1646500
536016,2696500
536042,148000
536057,168300
536058,150000
536066,529300
536067,159200
536071,250000
536081,484500
536110,0
536119,230000
536132,356300
536153,400000
536167,13580300
536168,676800
536201,0
536224,90000
536232,116000
536254,1635000
536325,349100
536342,330500
536349,28100
536366,800000
536376,1103000
536404,1169100
536410,549000
536416,412300
536417,0
536425,438900
536443,0
536453,879300
536484,260000
536494,350000
536507,500400
536570,1566100
536588,479900
536604,499500
536658,894000
536664,4707300
536674,0
536702,0
536705,1175000
536713,1117000
536716,550000
536726,0
536729,445000
536743,175000
536745,469000
536780,400000
536781,196000
536784,549100
536793,11543100
536825,385000
536841,0
536844,118500
536847,417500
536849,314700
536867,1021000
536888,7018800
536889,0
536890,487000
536910,152500
536934,545000
536955,450000
536966,150000
536991,831000
536999,160000
537006,1508700
537019,0
537021,410000
537043,400000
537061,570000
537065,373300
537067,263000
537091,395000
537099,0
537119,0
537139,496000
537147,0
537150,70000
537181,960000
537188,0
537216,150000
537231,689500
537239,867300
537254,155200
537266,535200
537270,1110500
537272,0
537273,535000
537291,150000
537306,0
537331,0
537348,2158500
537371,11570600
537379,0
537439,3664400
537482,339500
537483,6087500
537491,250000
537495,807700
537499,0
537503,350000
537506,695000
537532,0
537547,0
537551,0
537557,500000
537558,0
537589,652900
537592,100000
537599,435100
537600,417000
537637,332000
537646,2457500
537670,780900
537676,175100
537702,0
537714,150000
537716,12250200
537719,0
537723,285000
537724,512400
537731,874300
537739,0
537746,0
537755,150000
537760,400000
537786,450000
537810,624500
537822,282000
537826,4984600
537885,825200
537900,382100
537903,1274500
537922,936500
537927,300000
537949,455000
537954,1114800
537976,124000
537999,1325000
538011,500000
538074,135000
538082,1697500
538088,84000
538091,0
538100,450000
538104,888600
538105,7315000
538118,1446500
538129,0
538132,232500
538161,406300
538201,1401600
538210,400000
538212,283000
538258,0
538275,1063500
538304,26800
538311,290800
538330,250000
538338,361000
538375,200000
538377,0
538389,770000
538395,490000
538400,8007800
538408,150000
538414,397200
538423,75000
538434,366500
538445,41400
538451,312000
538455,49000
538457,287300
538459,0
538489,250000
538495,485500
538501,63000
538537,80000
538547,150000
538554,0
538559,0
538560,400000
538561,528000
538582,378000
538584,167800
538606,412500
538633,2074800
538663,1119000
538681,985000
538688,286700
538694,178700
538736,1000000
538745,400000
538754,400000
538763,0
538777,560800
538779,150000
538790,141600
538793,360500
538794,1120800
538808,700000
538811,600000
538815,150000
538818,0
538821,1426000
538841,0
538863,305000
538901,450000
538903,150000
538904,252300
538922,150000
538928,283500
538940,447000
538946,0
538952,336000
538957,0
538972,300000
538980,4598000
539029,21300
539051,550000
539054,1039400
539060,200000
539061,0
539078,350000
539092,525000
539117,0
539127,568200
539128,1134400
539185,431900
539194,379500
539233,3130900
539256,1584100
539282,865600
539286,500000
539296,792000
539309,250000
539328,0
539355,750000
539421,0
539423,2403300
539469,0
539508,350000
539513,200000
539516,406300
539530,1497500
539576,350000
539578,1489400
539585,1584500
539587,486000
539619,0
539623,273000
539641,621000
539648,467500
539652,0
539680,1000000
539686,133500
539721,389200
539731,395000
539735,0
539745,753000
539768,450000
539795,0
539815,150000
539816,450000
539833,1582000
539849,490000
539880,300000
539946,445000
539959,379500
540046,2464000
540058,4721400
540096,0
540099,232500
540100,150000
540116,74000
540128,384000
540131,0
540149,194000
540169,789900
540186,270000
540198,118500
540211,1322400
540214,36900
540223,290000
540228,5348100
540242,0
540257,484200
540278,0
540306,0
540308,450000
540310,388500
540313,350000
540355,197300
540356,150000
540361,530000
540362,777000
540364,600000
540372,0
540390,332500
540393,2865800
540404,194000
540406,447000
540408,370000
540429,0
540443,128000
540450,137800
540454,574700
540464,0
540471,637800
540498,675700
540503,305900
540522,250000
540542,1166500
540544,172700
540555,91000
540571,413600
540577,433300
540588,0
540619,430000
540631,530000
540645,2677800
540663,172800
540680,469800
540686,150000
540728,0
540738,202500
540771,1095300
540794,178000
540813,339000
540844,450000
540852,6421100
540866,350000
540867,0
540872,110000
540889,1573200
540927,250000
540934,2319800
540935,1073400
540943,0
540950,921000
540956,0
540958,150000
540966,0
540969,0
540970,1235600
541002,350000
541011,729100
541016,400000
541036,300000
541072,474700
541075,400000
541078,0
541081,200000
541115,76700
541142,412000
541160,369000
541173,4794300
541183,0
541208,300000
541210,194100
541214,219600
541254,450000
541299,0
541301,400000
541313,300000
541322,0
541362,0
541368,250000
541369,0
541384,530300
541395,0
541447,310000
541491,500000
541503,186000
541509,150000
541531,400000
541549,627800
541553,352000
541558,200000
541605,600000
541657,892000
541676,385500
541698,550000
541732,372000
541745,0
541756,0
541765,350000
541766,400000
541783,951100
541799,0
541801,549600
541841,635900
541861,200000
541880,450000
541883,175500
541897,877000
541899,0
541952,0
541958,213000
541980,200000
541981,0
542006,1153000
542012,150000
542037,402000
542072,1082200
542121,530000
542131,0
542148,351900
542155,350000
542175,418200
542278,411500
542288,150000
542337,300000
542342,322000
542381,310000
542384,1476400
542385,0
542393,500000
542408,436400
542416,686500
542460,105000
542496,0
542497,205000
542527,400000
542584,350000
542622,250000
542635,6450500
542640,390000
542642,150000
542649,567000
542737,456100
542773,105000
542794,4072000
542801,150000
542857,0
542858,500000
542887,300000
542928,527000
542947,1080100
542955,801000
542958,200000
542969,802000
542983,168200
542992,0
543019,450000
543020,420000
543078,391200
543139,363200
543152,357000
543154,683000
543170,0
543185,300000
543221,400000
543224,350000
543233,599900
543248,432200
543260,0
543268,0
543273,244800
543309,0
543313,0
543497,350000
543516,0
543520,623700
543533,450000
543551,350000
543558,300000
543560,4300
543563,452500
543574,70000
543586,250000
543600,200000
543601,0
543609,0
543613,400000
543681,2282500
543684,859900
543687,150000
543693,391000
543753,200000
543771,0
543800,828000
543807,576000
543813,242000
543844,354000
543867,150000
543873,781200
543879,523000
543909,0
543918,660000
543929,700000
543968,250000
543979,69500
544022,0
544027,398400
544035,131500
544044,474500
544061,395000
544065,364000
544091,386000
544116,250000
544146,0
544153,5610600
544192,554600
544209,484500
544256,0
544276,548200
544360,400000
544361,1540000
544414,346500
544416,480000
544420,827400
544432,475000
544449,376300
544453,440000
544464,460800
544482,350000
544504,1250000
544545,150000
544592,290000
544628,0
544651,145000
544660,1078300
544681,468000
544715,450000
544736,0
544760,140000
544767,0
544773,1034000
544777,610000
544783,590800
544785,225000
544805,411000
544819,450000
544856,110400
544861,2052000
544863,1180400
544885,740000
544894,1112000
544904,2050900
544921,350000
544941,512800
544953,430300
544961,0
544974,568000
544985,1303000
545006,3760300
545020,0
545031,0
545034,0
545037,150000
545050,653500
545056,56500
545057,500000
545101,1369800
545107,7871500
545115,961000
545128,756000
545129,2146400
545170,594000
545189,0
545195,358000
545219,0
545224,18530000
545230,250000
545233,423300
545238,443300
545245,0
545255,898000
545257,217300
545258,0
545259,0
545285,400000
545387,864900
545400,658000
545417,350000
545428,302000
545436,4541100
545440,0
545467,0
545470,0
545471,674800
545486,1831600
545498,0
545499,0
545519,1192700
545528,2212300
545546,150000
545555,200000
545580,300000
545593,0
545609,1240500
545662,0
545667,400000
545684,513500
545691,495000
545749,0
545758,1611800
545770,610000
545771,442600
545796,0
545814,390000
545819,150000
545848,0
545861,542000
545865,527000
545899,541800
545900,900000
545902,214000
545904,200000
545981,391300
546003,250000
546039,289600
546053,1428900
546069,150000
546076,0
546123,350000
546126,419800
546134,150000
546176,139300
546187,501400
546189,200000
546205,272300
546226,367500
546230,566200
546270,369300
546282,650300
546286,0
546311,400000
546370,1850300
546385,500000
546416,463000
546458,400000
546512,250000
546520,803000
546534,0
546542,150000
546561,0
546571,445000
546623,0
546733,350000
546741,7620300
546752,0
546767,0
546826,1353000
546848,470000
546849,3469400
546888,300000
546907,528200
546912,833600
546960,116900
547016,335400
547061,474800
547081,400000
547109,846000
547129,0
547136,150000
547146,1130200
547155,497800
547157,0
547159,3171200
547163,495000
547164,350000
547180,600000
547190,220000
547216,1195500
547232,2601400
547258,110000
547262,395400
547265,283000
547292,350000
547337,195300
547339,0
547342,277400
547368,500000
547400,310000
547401,925600
547409,299500
547461,300000
547499,220200
547500,0
547507,250000
547508,712500
547533,0
547535,150000
547543,200000
547567,150000
547584,150000
547585,720400
547599,150000
547618,225000
547620,150000
547636,90000
547643,454000
547653,464300
547673,350000
547687,861400
547693,762000
547702,517500
547717,0
547724,300000
547752,0
547758,285000
547777,15463400
547789,247500
547809,1119000
547849,250000
547855,140000
547862,473600
547884,341000
547888,2541500
547899,1429300
547961,66000
547979,250000
547983,1989500
548021,2154100
548035,250000
548044,0
548050,347100
548056,150000
548071,420100
548081,800000
548091,467500
548155,0
548194,1835900
548213,350000
548256,550000
548260,309400
548271,0
548306,463000
548337,564700
548377,400000
548417,390000
548427,490000
548433,450000
548459,1546400
548465,495000
548486,297000
548493,0
548499,606000
548527,400000
548532,96000
548538,250000
548546,380000
548559,300000
548582,160000
548603,595800
548607,173500
548667,164500
548704,0
548712,75000
548726,295000
548770,392000
548771,305000
548774,200000
548797,5229900
548814,392000
548833,200000
548836,614000
548872,150000
548944,150000
548951,721400
548978,0
548985,156100
548993,3938200
549020,290000
549024,1614000
549027,252000
549031,150000
549034,200000
549043,0
549048,0
549113,0
549127,559400
549134,0
549141,628200
549145,409000
549151,3143900
549173,0
549177,150000
549180,556800
549185,149000
549186,660500
549198,4798500
549203,550000
549275,454000
549278,195000
549301,595100
549310,40300
549313,450000
549318,337000
549325,6008700
549331,278000
549342,1874800
549346,300000
549386,463000
549397,350000
549422,300000
549431,250000
549446,560000
549460,573000
549485,250000
549508,130000
549526,520000
549527,282000
549528,300000
549531,1109700
549544,241900
549560,0
549567,778000
549570,400000
549599,70000
549600,400000
549658,250000
549662,338500
549696,350000
549709,877100
549745,530000
549766,1420300
549791,0
549794,170000
549814,350000
549823,700000
549848,0
549886,311000
549907,142700
549915,0
549918,464000
549921,350000
549935,4249500
549943,391500
549967,0
549975,776700
549980,393000
550006,258000
550012,381800
550038,1003000
550044,0
550059,500000
550076,300000
550092,450000
550162,505000
550188,891700
550214,832000
550226,0
550236,150000
550238,0
550275,0
550278,0
550318,1060000
550323,150000
550341,2951000
550423,2590200
550427,350000
550461,2222600
550463,793500
550481,479000
550534,0
550540,0
550546,1156400
550549,150000
550552,300000
550565,549400
550586,2972600
550617,1543000
550624,0
550634,523200
550646,350000
550679,1353000
550683,375700
550686,507200
550687,500000
550691,165000
550701,400000
550795,272000
550799,500000
550817,0
550823,156300
550846,200000
550871,250000
550899,514600
550945,250000
550946,622400
550955,427900
550972,0
550975,294800
551002,445600
551003,0
551037,1513500
551067,0
551078,183700
551099,478600
551112,400000
551115,1860900
551120,500000
551123,200000
551141,0
551154,0
551157,300000
551162,150000
551164,457000
551172,0
551189,2130200
551207,455000
551212,570000
551229,400000
551232,0
551262,150000
551274,500000
551292,320000
551310,1959000
551317,140000
551331,350000
551369,0
551379,10200
551401,300000
551402,329100
551447,0
551458,250000
551502,367000
551509,155500
551510,0
551527,197000
551567,319000
551583,0
551608,439600
551642,0
551648,860900
551674,365000
551688,150000
551704,0
551713,8926200
551735,490000
551738,14002500
551767,625000
551791,100000
551831,750000
551844,617400
551866,325900
551884,3109000
551902,100000
551925,4196500
551941,0
551952,0
551954,282100
551967,0
551968,1369400
551973,0
552064,0
552095,150000
552108,1564400
552113,350000
552116,550000
552157,388400
552195,648400
552211,430000
552228,1680000
552248,450000
552285,331500
552299,650000
552316,523400
552372,0
552376,262200
552405,0
552428,1156500
552455,374500
552460,467500
552461,300000
552480,182500
552511,350000
552512,0
552514,0
552548,1347000
552552,0
552592,0
552628,550000
552663,1539200
552670,581500
552678,450000
552749,929200
552779,2685000
552792,1497000
552805,1647900
552824,0
552836,150000
552839,1110500
552871,500000
552880,2558700
552894,849900
552896,25000
552930,400000
552950,404700
552967,0
552970,500000
552971,0
552990,150000
553019,350000
553036,200000
553060,669800
553085,150000
553086,437800
553089,0
553090,144000
553108,7956700
553118,0
553138,0
553150,0
553173,180000
553196,0
553240,150000
553251,500000
553255,807000
553265,0
553282,1100000
553300,250000
553303,395200
553307,0
553317,392000
553323,386500
553327,853600
553337,656000
553340,350000
553353,179300
553372,145500
553407,0
553411,350000
553415,21806700
553476,199500
553481,1600000
553501,0
553513,602900
553534,1448800
553574,678000
553575,0
553594,0
553612,0
553618,470000
553643,1068100
553669,1094900
553722,281000
553725,677300
553789,300000
553791,427600
553792,2124700
553855,128500
553870,152000
553880,434600
553896,1947800
553910,604000
553912,500000
553921,150000
553932,650000
553934,1768200
553939,537500
553951,87500
553973,417500
553977,663800
554018,10701200
554036,650000
554070,208000
554084,23400
554096,2257100
554101,1302300
554107,250000
554124,481500
554130,1277400
554143,385000
554157,1233500
554163,300000
554177,0
554213,10293000
554245,1134800
554247,70000
554248,436000
554270,656200
554272,350000
554281,13129900
554301,1309100
554304,210100
554331,150000
554349,0
554359,0
554360,410900
554395,350000
554407,493200
554446,0
554462,1802500
554464,105000
554485,250000
554486,801500
554526,128000
554553,150000
554592,1845700
554617,1020000
554634,849500
554637,200000
554651,895000
554667,0
554684,200000
554702,358400
554717,788200
554795,310000
554796,400000
554799,150000
554826,519900
554829,350000
554840,0
554844,2497900
554854,400000
554885,0
554898,0
554908,400000
554909,0
554930,0
554948,600000
554949,225400
554977,148500
554983,500000
554988,398300
554991,350000
555012,0
555018,347600
555036,668900
555059,1297600
555063,350000
555076,457600
555093,450300
555095,170000
555098,150000
555119,161000
555126,235500
555143,651200
555164,0
555167,615000
555182,805000
555217,288800
555243,600000
555276,0
555283,422000
555290,184000
555310,0
555320,1025200
555328,312000
555355,0
555357,161000
555383,350000
555390,162600
555395,150000
555399,251500
555424,300000
555450,2014000
555468,292000
555482,14000
555493,450000
555544,450000
555545,250000
555547,64000
555566,150000
555569,537000
555579,150000
555593,699400
555596,0
555600,657000
555615,0
555625,142400
555627,333000
555637,400000
555643,590300
555674,450000
555676,67000
555686,350000
555697,264000
555710,550000
555711,1393400
555733,428800
555734,1419000
555755,554500
555775,315000
555817,0
555818,304000
555852,297000
555870,500000
555877,250000
555907,421500
555920,443000
555965,1940000
555975,815400
555986,0
556017,250000
556025,509300
556044,786900
556045,200000
556051,0
556055,2171700
556062,450000
556063,292000
556069,341000
556077,790000
556091,200000
556116,768900
556131,0
556135,0
556147,0
556155,484200
556165,176100
556181,413000
556205,156000
556209,146300
556210,45500
556223,374500
556242,3121200
556288,0
556325,327000
556343,0
556345,135000
556348,2172400
556363,450000
556365,9797300
556385,859000
556395,851800
556399,173500
556430,550000
556460,500000
556464,225000
556473,417900
556496,375000
556515,250000
556534,0
556580,400000
556587,0
556601,350000
556625,0
556646,850000
556665,51000
556691,550000
556692,500000
556712,1448800
556718,741700
556788,400000
556817,0
556851,261600
556856,567400
556857,2106500
556877,0
556889,450000
556900,240000
556933,237000
556947,350000
556954,1212500
556957,450000
556961,400000
556966,0
556967,0
557016,250000
557018,0
557024,400000
557036,371300
557053,540000
557057,9266700
557070,133500
557083,318500
557100,1153000
557105,415300
557145,201600
557147,0
557149,250000
557155,800000
557173,514500
557175,2429900
557178,100000
557180,100000
557190,350000
557193,150000
557204,218500
557215,250000
557235,85500
557249,0
557252,150000
557301,350000
557337,534300
557372,100000
557402,580000
557406,190000
557411,350000
557436,0
557455,608500
557479,336000
557484,0
557516,370000
557537,265000
557540,577500
557556,224500
557571,2399300
557602,439600
557611,350000
557641,774000
557645,341000
557646,105000
557662,450000
557664,1155000
557665,0
557686,1545400
557690,586000
557722,3724100
557723,200000
557736,10224100
557782,90400
557792,1965800
557807,260100
557818,9977200
557834,450000
557843,310400
557851,400000
557875,1813000
557884,590000
557902,150000
557903,385600
557911,286000
557913,0
557918,0
557929,81500
557932,365000
557939,123700
557948,184500
557981,2552500
558022,150000
558039,144800
558043,1089000
558057,400000
558089,150000
558102,200000
558127,517500
558138,906500
558169,0
558182,827600
558194,9716400
558203,953700
558223,415200
558229,0
558233,0
558236,600000
558255,350000
558313,300000
558317,36358300
558329,308500
558341,150000
558342,140000
558354,0
558359,0
558384,0
558419,150000
558433,500000
558445,276400
558454,1785500
558457,400000
558463,650000
558467,595000
558491,0
558505,510000
558528,674600
558542,450000
558543,363900
558550,810300
558552,755800
558569,0
558575,26600
558603,821100
558612,604000
558621,450000
558624,360000
558664,358000
558683,1150000
558700,130000
558714,420000
558736,0
558752,110000
558759,500000
558763,449200
558810,475000
558864,300000
558867,124800
558886,0
558889,367500
558890,8549700
558936,200000
558962,406400
558986,400000
558994,51500
558999,354000
559035,250000
559081,741000
559093,600000
559101,240000
559125,0
559150,223600
559172,0
559216,222500
559251,397500
559252,350000
559304,360000
559334,1339000
559357,400000
559419,422500
559468,0
559471,913500
559514,440000
559526,450000
559537,402500
559552,299800
559556,22000
559564,624200
559583,2417500
559594,550000
559619,0
559627,2228000
559638,500000
559640,0
559651,1341400
559665,290000
559675,0
559682,3583400
559694,574700
559709,450000
559714,676500
559749,500000
559760,67900
559776,609500
559781,7621700
559803,0
559804,150000
559807,150000
559808,0
559823,0
559834,142000
559846,957500
559873,342500
559881,0
559892,300000
559910,147400
559919,239600
559961,404000
559971,425000
559993,0
560000,0
560011,150000
560023,150000
560024,656000
560031,259300
560037,751400
560045,300000
560050,680000
560085,0
560093,0
560098,3550900
560119,100000
560120,0
560143,4140000
560170,0
560180,1565600
560202,420000
560218,552000
560230,0
560235,150000
560236,150000
560261,0
560267,0
560273,262700
560329,800000
560364,2186500
560366,361700
560367,0
560382,0
560395,267800
560398,1211700
560425,107800
560432,1567000
560437,390000
560441,1080000
560442,126000
560443,150000
560486,350000
560501,300000
560520,0
560551,11752600
560639,510000
560659,295300
560660,481000
560663,1368000
560668,358000
560730,405000
560733,1534000
560738,63000
560741,300000
560748,70000
560750,730300
560766,500500
560809,240000
560835,263000
560867,300000
560878,0
560884,200000
560888,985000
560897,0
560918,890100
560944,0
560961,486500
560985,0
560994,794000
561021,230000
561055,0
561068,244500
561098,350000
561176,844000
561180,400000
561191,532000
561200,0
561233,2205700
561257,400000
561258,470000
561261,400000
561264,614600
561265,0
561274,1196500
561288,0
561293,150000
561297,150000
561322,554800
561326,150000
561330,516000
561353,350000
561355,722400
561393,2126300
561397,453000
561402,150000
561440,0
561457,400000
561460,0
561471,300000
561517,431000
561527,604400
561532,400000
561540,0
561541,600000
561602,436500
561607,400000
561609,1005900
561661,150000
561683,656000
561685,0
561705,4120100
561707,0
561718,0
561740,994500
561781,517500
561785,0
561789,150000
561826,54400
561863,0
561902,595700
561905,665800
561925,5185400
561950,150000
561973,190000
561979,300000
561988,0
561990,1511000
561993,2126500
561999,400000
562063,417500
562106,83000
562115,549800
562232,477500
562260,0
562289,2033000
562353,0
562358,399600
562367,1389400
562374,150000
562404,457000
562416,433700
562417,350000
562480,529500
562492,320000
562507,12558300
562529,436000
562531,450000
562548,586000
562552,0
562558,0
562565,158400
562566,150000
562592,620800
562599,0
562620,1110200
562678,0
562697,150000
562710,0
562720,350000
562746,11302000
562755,141500
562810,2934900
562837,240000
562848,345000
562851,300000
562893,140000
562923,450000
562933,504000
562953,2231500
562966,400000
562976,903000
562984,195000
562996,0
563001,150000
563037,1193300
563040,350000
563067,280000
563139,474300
563174,2189700
563176,0
563179,0
563186,0
563244,0
563283,248200
563297,285000
563300,56300
563301,0
563331,350000
563332,1013700
563335,3131000
563350,882000
563371,5996000
563395,724000
563410,150000
563416,0
563436,340000
563458,1234000
563491,4970000
563511,338900
563523,600000
563537,800000
563551,949100
563568,382900
563574,0
563591,0
563600,647800
563616,1258100
563631,181100
563635,1448900
563689,1888500
563714,1054000
563770,1005400
563772,0
563774,504000
563775,234000
563779,122400
563785,205000
563797,0
563803,3980000
563843,447000
563867,400000
563871,1129300
563876,0
563926,180000
563949,0
563950,150000
563961,317000
564009,67200
564031,0
564034,350000
564056,385000
564081,0
564083,10596100
564088,250000
564106,200000
564117,0
564127,258000
564215,1500000
564224,150800
564263,1135000
564266,886900
564268,0
564277,238200
564285,304100
564286,2268200
564328,922200
564329,906300
564466,0
564490,600000
564518,380000
564526,300000
564534,650000
564591,707500
564593,777900
564607,200000
564670,1030000
564682,479600
564700,445000
564724,13182200
564734,350000
564742,450000
564770,242100
564803,0
564818,643000
564823,1100000
564850,250000
564862,4172900
564881,872000
564902,450000
564932,0
564944,292000
564985,350000
565001,135000
565019,439500
565049,0
565066,1761400
565084,73600
565099,510000
565111,1304500
565153,23286100
565203,365000
565234,3273300
565264,356000
565266,70000
565274,350000
565277,469500
565286,200000
565295,333500
565382,541800
565408,150000
565419,970500
565433,288000
565445,340000
565451,89600
565461,214000
565482,148000
565485,307500
565511,2247000
565514,500000
565529,311000
565574,200000
565576,728800
565578,0
565591,290000
565599,160000
565629,0
565639,2000700
565684,0
565729,497600
565768,36000
565781,261000
565812,0
565832,390600
565840,340000
565873,150000
565881,400000
565892,580000
565898,394000
565919,450000
565979,810900
565989,0
566016,628300
566056,469000
566072,300200
566097,0
566104,806500
566154,822500
566166,0
566180,270000
566182,246000
566257,3564100
566266,790000
566272,8176300
566301,780000
566346,0
566357,760900
566359,2818200
566367,1341300
566403,565000
566417,6458700
566442,663100
566443,404000
566465,2979500
566466,600000
566507,150000
566525,240000
566533,1290000
566549,1034500
566565,0
566569,0
566592,261800
566628,140000
566671,892000
566691,369000
566715,1360000
566734,305000
566763,153300
566764,3364000
566840,0
566844,0
566865,333000
566891,19907500
566910,450000
566968,535000
566982,0
567000,150000
567017,165000
567021,250000
567022,250900
567024,500000
567028,520000
567069,300000
567074,0
567078,320800
567080,500000
567096,242100
567137,408500
567147,189500
567191,197000
567205,1162500
567240,136900
567301,805600
567309,342500
567327,100000
567347,150000
567409,0
567420,971300
567429,630500
567473,1279000
567477,4073900
567495,566000
567497,374000
567503,957000
567515,350000
567559,1676600
567566,0
567595,150000
567611,736300
567620,732000
567630,400000
567641,140000
567670,586900
567687,0
567706,0
567708,600000
567746,272500
567751,577000
567766,150000
567810,337000
567858,381800
567945,0
567995,753200
568027,1213800
568055,320000
568057,836400
568072,735000
568078,1695500
568102,360000
568107,613900
568119,150000
568133,0
568147,567500
568158,1272100
568162,600000
568202,460800
568205,300000
568257,0
568266,154000
568273,300000
568282,663000
568308,445200
568314,0
568325,1061500
568366,400000
568384,365200
568386,150000
568432,160000
568471,246000
568475,630000
568517,400000
568519,148800
568520,271800
568543,488600
568546,174800
568562,1045000
568569,450000
568635,479500
568637,2934500
568641,0
568722,50000
568799,370000
568800,322000
568815,99600
568820,836500
568845,1738500
568886,103000
568891,6320500
568906,126300
568927,477400
568952,545000
568982,321500
569043,0
569080,0
569140,600000
569146,0
569173,0
569179,451300
569197,350000
569221,1254100
569224,4808000
569229,1116900
569234,0
569242,0
569276,400000
569329,150000
569370,400000
569402,175000
569423,302500
569487,468400
569492,188500
569505,0
569537,1923900
569557,3635000
569569,0
569571,150000
569572,200000
569600,135000
569608,400000
569623,250000
569635,562100
569639,0
569667,150000
569674,54400
569696,0
569711,400000
569716,125000
569765,701600
569766,0
569790,0
569792,350000
569828,300000
569835,0
569841,150000
569864,250000
569865,354900
569879,650000
569903,350000
569922,0
569942,439900
569983,1996900
570040,707000
570105,417500
570136,916000
570139,260900
570144,400000
570191,164000
570210,0
570214,552400
570237,369800
570245,490000
570255,736700
570277,300000
570285,1170000
570291,450000
570295,654000
570328,3266600
570336,0
570363,472000
570368,500000
570370,250000
570371,350000
570378,1092700
570396,1407800
570401,358800
570428,300000
570436,0
570442,195000
570444,3542400
570452,445000
570457,577000
570486,478000
570520,0
570525,349600
570527,0
570540,1813000
570628,150000
570635,300000
570636,530000
570662,392000
570668,150000
570698,2761100
570721,0
570722,2746800
570739,91000
570742,1940000
570748,1640500
570759,1341500
570764,450000
570773,625000
570775,200000
570776,400000
570788,148300
570795,268000
570804,350000
570848,354100
570852,214800
570878,67500
570893,0
570909,435000
570926,2052300
570966,200000
570967,150000
570982,607700
570993,250000
571003,369000
571021,0
571036,1170400
571037,462500
571096,6809500
571110,965000
571139,369000
571149,0
571153,1800600
571168,443000
571173,477000
571200,1154800
571206,400000
571229,124500
571249,150000
571252,150000
571282,2506200
571297,516400
571339,170200
571344,700000
571364,395000
571376,1249000
571391,1217800
571394,160000
571402,468000
571407,49900
571419,350000
571429,0
571431,1175400
571449,0
571450,250000
571468,644000
571552,1555000
571556,466100
571573,221900
571588,0
571600,183300
571654,575100
571666,930800
571670,0
571681,0
571738,550000
571740,509600
571748,99800
571752,0
571754,664000
571755,300000
571764,97500
571785,2058800
571798,0
571802,0
571824,0
571909,232300
571917,168800
571929,250000
571967,90000
571972,874000
571975,1690900
571983,593900
572010,752100
572022,125000
572108,642500
572142,140000
572170,133500
572217,1204900
572243,0
572263,1096800
572293,2617000
572299,300000
572305,545000
572337,0
572342,100000
572358,0
572380,150000
572420,222300
572432,2927400
572447,400000
572486,158000
572511,0
572528,584200
572540,298000
572549,420000
572565,400000
572566,2513000
572570,350000
572592,350000
572604,0
572609,380000
572614,360000
572628,8380700
572630,1641100
572631,408700
572652,450000
572663,0
572690,9086000
572736,1441400
572785,466500
572801,0
572805,507600
572848,0
572866,180000
572951,1944900
572953,1582400
572962,300000
573049,200000
573057,1591500
573059,0
573103,150000
573125,0
573137,1395600
573146,0
573149,519500
573153,404100
573173,710000
573181,200000
573191,497500
573203,620000
573216,3626700
573218,153800
573275,972300
573285,297600
573352,160100
573374,0
573407,833000
573422,0
573429,508000
573448,150000
573458,1244800
573466,0
573493,841500
573526,452000
573554,193500
573555,0
573581,273400
573589,75900
573592,250000
573614,764200
573660,500000
573667,298100
573682,0
573684,2317900
573698,300000
573709,200000
573745,330000
573750,1303900
573776,1200100
573849,192300
573850,269400
573853,0
573868,1377700
573872,300000
573882,1331300
573886,0
573900,1462200
573905,0
573908,518700
573927,520000
573937,150000
573938,0
573954,0
573979,250000
573998,2055000
574005,0
574053,240000
574063,392000
574064,0
574086,0
574132,2459100
574166,407500
574172,0
574222,400000
574242,513100
574255,400000
574309,590000
574316,200000
574322,410000
574331,150000
574340,349800
574351,1003000
574356,190000
574372,300000
574386,0
574397,403000
574402,526000
574408,476500
574412,0
574417,598300
574476,648000
574477,705000
574488,602900
574496,8161600
574498,350000
574503,400000
574547,9321900
574553,350000
574622,243500
574652,150000
574693,1200000
574703,580500
574711,442000
574725,251900
574733,300000
574748,75800
574793,150000
574799,218700
574806,557000
574819,0
574842,939500
574852,79500
574927,4789800
574947,257400
574961,1534100
574963,387000
575010,500000
575013,319200
575016,581000
575028,0
575059,0
575090,567400
575114,500000
575141,623000
575142,209900
575148,546200
575150,1089500
575159,184100
575179,148000
575238,0
575296,92000
575319,1961900
575321,0
575334,2898300
575344,580000
575367,0
575373,0
575403,442400
575432,150000
575433,721000
575459,542500
575469,215000
575483,3402300
575490,300000
575510,250000
575523,326000
575548,1168400
575549,464900
575576,419000
575582,420000
575591,150000
575625,448000
575627,192500
575639,3213000
575682,90000
575693,430200
575698,450000
575735,671500
575742,845000
575761,0
575786,165000
575788,0
575813,634100
575836,3243800
575854,960000
575906,649000
575909,250000
575933,540500
575958,1366700
575973,350000
575991,0
575999,150000
576010,0
576014,200000
576030,860000
576041,295000
576079,606000
576093,3211200
576095,236800
576107,169000
576115,580800
576129,693000
576186,201000
576202,500000
576302,900000
576304,468300
576329,2954900
576331,150000
576332,172000
576333,445000
576364,150000
576387,550000
576392,1030100
576393,684600
576398,590000
576420,6323000
576483,982500
576549,2235800
576561,0
576572,587400
576613,0
576620,300000
576641,595000
576649,0
576687,0
576716,220000
576727,771700
576745,599000
576793,1029700
576824,159700
576829,135000
576835,2250000
576836,290000
576855,2197800
576889,474700
576894,602000
576909,150000
576938,550000
576942,3331700
576974,1000000
576985,1101800
576989,286000
576990,612500
576991,494500
576998,2636400
577006,0
577032,422000
577039,1150000
577040,870900
577054,0
577062,575000
577072,150000
577079,0
577099,595000
577141,164100
577142,400000
577158,650000
577169,4996600
577172,789900
577184,0
577186,250000
577195,600000
577215,726000
577218,1040000
577228,300000
577249,408600
577280,400000
577300,359000
577324,300000
577349,189000
577358,229000
577373,0
577383,450000
577423,100000
577440,400000
577455,250000
577497,604900
577550,500000
577578,350000
577599,125500
577624,0
577625,0
577650,400000
577676,155500
577693,0
577737,250000
577744,434200
577863,229200
577880,625500
577927,195000
577998,544000
578006,350000
578016,352000
578029,375000
578044,293000
578072,1020000
578093,742200
578190,0
578217,746500
578259,350000
578286,160000
578293,0
578305,0
578309,258000
578339,312700
578363,711000
578386,970000
578390,232500
578403,0
578407,610500
578420,432500
578422,1133000
578428,450000
578431,444900
578436,7568000
578440,593600
578460,847000
578545,250000
578556,691000
578558,660800
578573,460800
578585,391300
578611,878300
578632,287700
578633,1750000
578636,14981700
578637,300000
578642,309000
578643,337000
578644,428000
578658,0
578683,0
578704,0
578713,450000
578714,0
578726,312800
578736,469000
578765,0
578798,1674900
578801,468900
578802,284000
578823,1135400
578832,0
578878,550000
578890,150000
578897,550000
578909,0
578929,400000
578932,200000
578938,0
578951,162000
578958,1149800
579006,200000
579013,579000
579028,0
579054,18856200
579061,350000
579085,400000
579090,889000
579091,706300
579107,1687900
579112,459000
579114,327000
579117,375000
579119,315100
579121,495000
579136,999600
579140,375000
579155,150000
579157,250000
579158,679000
579170,495000
579246,2787600
579256,779500
579301,98000
579335,150000
579355,550000
579366,592000
579422,625700
579433,277800
579439,711500
579447,380000
579491,0
579499,150000
579500,0
579519,350000
579526,463000
579555,59700
579587,614900
579596,1091800
579631,168000
579669,150000
579673,0
579679,832700
579687,456800
579701,825800
579702,807200
579757,4149100
579762,0
579764,200000
579777,738000
579811,0
579844,380000
579850,450000
579897,193000
579907,490400
579910,0
579917,150000
579922,350000
579942,306000
579944,0
579948,0
579967,454000
579984,1152700
580012,200000
580031,471500
580034,370200
580041,923000
580054,1380500
580061,500000
580066,375000
580090,140000
580118,367000
580128,488500
580167,0
580207,0
580210,479200
580250,580000
580255,417800
580261,310200
580277,150000
580322,350000
580338,150000
580340,150000
580400,0
580435,289000
580464,73000
580474,803000
580540,284700
580579,450000
580601,2021000
580618,150000
580664,432200
580701,650000
580811,250000
580825,0
580853,340000
580907,528000
580942,150000
581042,3082000
581068,129500
581072,252000
581101,290500
581105,627300
581121,95000
581204,380000
581235,1269700
581261,4841300
581279,520000
581289,390200
581292,300000
581297,150000
581299,520000
581302,550000
581322,170200
581346,413600
581353,0
581404,1163000
581406,656200
581423,200000
581451,669600
581458,400000
581470,250000
581511,1537800
581513,0
581525,3205900
581546,199500
581554,450000
581573,186000
581606,349900
581629,241500
581632,1048000
581655,382000
581669,180000
581686,450000
581691,150000
581701,3221500
581711,100000
581728,150000
581753,521800
581767,296900
581769,860500
581785,587600
581793,268700
581795,1397000
581801,432600
581804,864200
581821,0
581867,1054000
581913,574300
581918,548000
581920,457000
581932,375200
581950,550000
581957,0
582001,1047000
582015,0
582021,250000
582040,800000
582072,581500
582115,130000
582134,500000
582171,350000
582180,0
582186,400000
582191,213100
582228,0
582239,0
582320,312000
582328,593000
582335,181200
582336,1376100
582340,362200
582343,0
582368,1030000
582379,0
582394,580400
582442,400000
582444,0
582455,0
582457,137000
582460,195000
582475,1200500
582496,555700
582519,0
582521,0
582530,1305000
582536,597400
582625,0
582637,150000
582641,0
582642,3769800
582658,150000
582670,200000
582704,673500
582707,517600
582739,533500
582742,150000
582747,377000
582750,607500
582795,209700
582806,320000
582811,876700
582852,1623800
582855,300000
582886,0
582888,400000
582917,0
582927,110000
582931,650000
582937,25000
582996,962000
582997,0
583025,400000
583035,350000
583042,1906200
583076,500000
583091,255000
583095,0
583102,161200
583116,450000
583117,0
583167,3054800
583170,1200000
583184,365500
583201,1795500
583232,300000
583234,0
583237,0
583245,40000
583249,6130800
583260,0
583264,457600
583279,110800
583294,562700
583296,1035500
583300,0
583301,350000
583373,328600
583389,289000
583406,0
583408,749200
583450,400000
583462,212000
583480,400000
583482,635000
583485,3550000
583492,0
583514,2799400
583541,383300
583554,35000
583592,601200
583612,878200
583624,400000
583632,242000
583638,412900
583650,200000
583664,137000
583693,350000
583714,7789700
583725,0
583745,350000
583748,521500
583753,140000
583754,201500
583798,418500
583837,300000
583838,1254400
583841,405000
583845,140000
583856,250000
583872,463500
583902,200000
583923,1169500
583930,400000
583948,550000
583953,165000
583959,250000
583961,300000
583962,0
583970,747400
583971,747500
583983,284000
583993,700000
584009,140000
584017,0
584022,349900
584046,253800
584051,0
584054,270000
584065,689000
584075,365000
584111,220000
584114,108000
584116,2187300
584154,458500
584157,140000
584160,139800
584161,121500
584167,0
584169,350000
584192,685700
584212,503900
584219,310000
584250,10112500
584267,973200
584283,108000
584288,1769500
584298,0
584307,150000
584316,722200
584317,1150900
584330,606400
584342,1499900
584345,0
584355,699500
584390,590000
584397,255000
584404,1762500
584446,663000
584452,0
584468,315000
584512,975600
584582,1804300
584583,150000
584591,1469000
584605,0
584612,431600
584616,565800
584638,0
584658,150000
584687,204000
584701,1499100
584741,0
584756,450000
584777,292000
584779,1262600
584797,507100
584823,150000
584834,400000
584899,7540100
584908,367000
584915,0
584925,0
584930,815000
584934,297500
584981,0
584984,300000
585021,4547600
585049,502000
585069,250000
585070,7951100
585080,417600
585087,327600
585090,0
585106,0
585115,150000
585121,730000
585151,178000
585182,958400
585209,640000
585224,744700
585241,740000
585264,111000
585318,669600
585337,42000
585346,0
585351,165200
585352,150000
585371,642500
585392,0
585428,3361700
585431,13765400
585434,422500
585436,120000
585446,0
585462,0
585470,500000
585487,684500
585508,150000
585511,313500
585551,1618000
585558,512500
585561,312500
585580,527300
585583,350000
585603,9600
585606,535000
585612,257000
585620,300000
585626,0
585643,5647200
585669,0
585683,350000
585685,697000
585690,232000
585698,270300
585714,150000
585728,105000
585735,729400
585745,101000
585746,0
585756,415000
585793,507000
585814,0
585829,843900
585864,383200
585897,0
585924,0
585933,349300
585985,640000
586006,380000
586009,3914400
586023,0
586057,0
586058,198000
586100,442000
586130,0
586157,99000
586170,500000
586185,473700
586233,0
586239,0
586272,250000
586276,750000
586297,450000
586327,10168400
586383,28300
586404,100000
586423,477400
586430,790000
586455,1648700
586479,161700
586484,316500
586490,0
586502,300000
586536,240000
586539,76000
586543,297500
586544,0
586602,456800
586606,650000
586608,171200
586612,300000
586629,399000
586634,623400
586650,559000
586655,3601000
586660,400000
586680,3020500
586696,416500
586726,0
586781,475900
586827,150000
586868,1874200
586898,469800
586973,350000
586988,69400
586989,0
586994,589400
586995,570800
586997,70000
587004,250000
587065,100800
587082,200000
587083,951200
587088,526800
587093,403900
587125,400000
587126,0
587137,1682200
587182,489000
587222,300000
587224,413000
587256,0
587265,303500
587284,442000
587298,165800
587313,225000
587330,649200
587335,350000
587344,317600
587348,450000
587355,250000
587357,450000
587360,296000
587380,0
587381,1084900
587412,574000
587413,470200
587530,654600
587538,0
587550,1313900
587554,1560000
587569,437500
587603,340000
587613,550900
587620,470000
587632,300000
587642,8327600
587656,0
587657,0
587665,301000
587666,0
587673,345400
587680,111000
587696,861000
587697,357500
587721,250000
587748,150000
587752,2046700
587759,494600
587764,736500
587802,4124700
587879,1002000
587931,150000
587955,344000
587972,1912100
587974,200000
588031,749000
588038,5454500
588052,200000
588063,250000
588094,0
588109,200000
588117,431000
588152,0
588161,1000000
588168,294000
588178,0
588184,414000
588215,2730800
588221,362400
588227,4231800
588252,390000
588265,4146500
588273,0
588283,143500
588289,404200
588303,822000
588328,250000
588335,150000
588353,0
588395,250000
588406,110000
588410,0
588483,811000
588486,190000
588490,450000
588499,0
588523,3141200
588538,958400
588541,582300
588554,1732600
588566,713600
588580,0
588581,92500
588606,300000
588630,150000
588633,322200
588634,0
588672,675000
588686,0
588688,400000
588689,8860700
588742,1225000
588745,78000
588746,648500
588747,1609400
588762,0
588779,4203000
588780,0
588800,0
588803,0
588821,0
588827,556800
588872,292800
588885,244100
588886,450000
588887,180000
588897,417600
588923,466900
588926,2496300
588938,150000
588951,191000
588991,2128700
589028,0
589067,150000
589073,12302200
589127,0
589136,350000
589138,450000
589148,1476800
589165,450000
589212,336100
589217,650000
589227,405000
589257,250000
589272,60000
589275,460500
589300,359700
589320,65700
589352,15000
589407,401900
589410,387000
589491,946700
589493,27671600
589497,24000
589500,0
589506,621400
589511,1823000
589526,1081700
589531,778000
589557,350000
589570,781000
589572,0
589575,999500
589614,250000
589628,8441300
589632,462400
589644,210000
589651,601300
589657,984100
589673,563000
589688,0
589696,788900
589725,396700
589728,450000
589743,0
589749,456300
589754,463000
589807,3518800
589827,332500
589867,540000
589880,2568100
589902,785000
589925,0
589946,500600
589949,131000
589967,16950500
589970,386500
589982,0
590001,1000000
590035,650000
590042,0
590044,709100
590076,350000
590077,428000
590080,204000
590089,185500
590097,1585800
590114,294000
590160,90000
590188,444500
590189,0
590196,565000
590201,315100
590255,53000
590262,0
590264,577100
590282,837500
590316,466000
590323,577500
590336,280000
590339,0
590348,696200
590350,250000
590404,984100
590405,140000
590471,30000
590472,363000
590497,991200
590505,346100
590521,0
590531,0
590534,728500
590555,1163000
590577,185700
590591,5687000
590611,1124000
590639,0
590640,0
590695,3921700
590700,349300
590708,350000
590715,0
590736,513000
590744,400000
590754,2550400
590755,579000
590760,431700
590777,8309400
590797,0
590822,116000
590835,200000
590854,300000
590884,0
590887,2708100
590890,176800
590904,350000
590908,0
590938,542000
590960,240000
590964,775000
590968,9446600
590973,220000
590991,644600
590995,650000
591047,0
591054,220000
591086,266000
591097,445000
591119,466500
591128,200000
591157,450000
591165,0
591186,426500
591190,0
591215,417500
591230,500000
591267,216500
591272,450000
591294,507500
591296,660800
591301,4964500
591303,1086300
591315,490000
591325,0
591331,0
591336,497500
591351,0
591352,395000
591362,144600
591363,1372000
591370,4003000
591375,1007000
591383,702500
591386,250000
591398,435000
591403,150000
591404,145000
591417,140000
591432,0
591457,469500
591461,136000
591464,410500
591472,689000
591473,150000
591494,0
591512,912500
591518,1550000
591520,700000
591526,285000
591527,510000
591540,300000
591556,3081100
591560,150000
591570,530000
591581,550000
591596,542200
591614,620000
591619,510000
591620,440000
591644,456000
591660,329700
591674,431100
591688,412000
591691,60000
591695,400000
591696,165000
591710,307600
591718,1092800
591751,0
591765,0
591774,385400
591783,75000
591785,0
591793,1769500
591806,150000
591811,0
591813,7673100
591828,0
591832,810400
591869,250000
591875,0
591892,0
591900,56300
591902,444800
591912,600000
591915,435400
591930,400000
591941,0
591943,0
591947,450000
591956,150000
591972,250000
591982,166000
591998,308700
592010,3215000
592038,665000
592051,700000
592074,350000
592077,150000
592085,392400
592113,63000
592138,1064000
592150,150000
592192,99300
592202,9894100
592217,495000
592225,633500
592243,1153300
592284,0
592317,4676000
592335,999400
592342,245300
592347,0
592352,0
592374,0
592375,350000
592376,0
592403,700000
592408,2379200
592416,2171600
592436,1395400
592440,126400
592447,12000
592449,262800
592455,351000
592457,106000
592557,618000
592577,2251800
592583,1149200
592587,0
592590,0
592604,1035500
592606,1161500
592609,400000
592647,350000
592656,1841800
592668,227800
592672,330000
592694,3642000
592701,500000
592704,0
592706,1503500
592731,1138200
592735,988700
592747,169700
592749,250000
592769,300000
592794,4147500
592811,150000
592818,1953600
592819,250000
592844,0
592860,258000
592870,300000
592899,132000
592901,400400
592913,0
592950,339000
592954,443000
592956,1076000
592989,223000
593021,215000
593036,651400
593059,385000
593062,250000
593080,650000
593087,832500
593093,580000
593122,0
593125,485200
593134,150000
593145,300000
593148,376500
593149,289500
593157,434300
593162,314200
593168,0
593185,0
593193,550000
593202,310000
593257,70000
593260,353000
593261,599800
593271,450000
593276,7186000
593289,250000
593306,520000
593331,746500
593365,200000
593371,300000
593380,356300
593396,455900
593423,190000
593428,602500
593457,52500
593515,426200
593525,0
593532,660000
593534,0
593537,350000
593579,471500
593600,0
593604,465000
593619,663500
593623,467500
593625,1377800
593628,143000
593651,1784200
593696,383600
593707,500000
593726,447200
593747,250600
593770,484500
593771,0
593773,490200
593778,1170200
593783,150000
593807,364500
593808,510000
593821,802500
593833,0
593842,0
593847,0
593858,500000
593866,0
593867,558400
593881,813000
593891,7966700
593913,160000
593920,1445000
593926,0
593933,150000
593971,2377200
593999,400000
594001,328800
594024,172500
594045,340000
594067,180000
594079,0
594126,519500
594139,0
594140,100000
594141,231000
594151,0
594155,235000
594191,618000
594193,0
594203,200000
594205,130000
594218,150000
594219,767500
594241,0
594242,450000
594246,150000
594280,150000
594284,0
594289,278000
594293,0
594295,348200
594303,1250300
594351,181800
594352,1327900
594371,250000
594384,180000
594385,187000
594394,399500
594400,300000
594414,743900
594421,0
594448,250000
594465,208500
594486,0
594499,1030000
594500,1455400
594528,721000
594570,127500
594596,44000
594614,224600
594623,8902400
594659,969100
594668,0
594682,350000
594684,400000
594736,350000
594743,1011700
594751,3713500
594762,1170000
594764,0
594771,546700
594776,0
594785,228000
594816,300000
594822,0
594874,95000
594875,142000
594877,2101700
594878,1069700
594886,0
594903,964900
594905,1177000
594918,222700
594925,578900
594959,474500
594967,470200
594982,431000
594988,581000
594989,144000
594990,450000
595000,2051000
595007,0
595018,331000
595033,309200
595074,565800
595125,0
595131,200000
595151,650000
595202,443400
595210,2216600
595239,150000
595256,549500
595263,0
595272,0
595277,1390500
595280,418600
595291,0
595317,0
595324,500000
595341,0
595353,300000
595399,250000
595410,130000
595411,695000
595419,0
595429,250000
595430,350000
595435,302500
595436,6089800
595437,200000
595445,0
595451,1351000
595467,312000
595468,298000
595501,300000
595538,178000
595557,768000
595593,590600
595595,0
595600,150000
595602,140000
595611,400000
595617,894000
595635,470000
595651,442000
595657,452000
595669,189500
595674,0
595691,2222600
595705,350000
595720,0
595733,150000
595741,1250000
595747,732700
595757,834100
595768,109000
595771,456900
595778,0
595841,462000
595883,1101300
595896,0
595919,2689300
595934,150000
595949,711600
596000,451800
596001,170000
596006,650000
596017,0
596046,323000
596048,401000
596059,626500
596075,200500
596079,310000
596091,1058700
596113,525000
596120,968800
596163,25800
596167,536800
596180,762800
596202,300000
596228,3301600
596230,0
596231,0
596235,482700
596251,688000
596258,381600
596287,881000
596290,127500
596315,0
596324,3350600
596326,400000
596333,292000
596348,1569800
596356,177000
596363,400000
596376,0
596395,0
596397,3677200
596408,0
596411,0
596418,570000
596456,779600
596482,337500
596502,112000
596506,645700
596509,100000
596531,450000
596544,150000
596554,0
596575,300000
596581,350000
596639,322500
596652,1179700
596671,385000
596727,974000
596735,350000
596744,4146500
596752,1084900
596758,601800
596782,1895000
596800,530400
596816,879000
596828,160000
596833,3715000
596838,423200
596850,972000
596885,242000
596890,200000
596900,70000
596903,30000
596943,89000
596958,947000
596992,1881300
597028,0
597036,0
597039,350000
597053,2725100
597060,90000
597103,800000
597115,1547500
597117,3241700
597184,300000
597198,5427900
597200,0
597210,529900
597235,33600
597241,0
597259,191000
597260,317500
597262,463000
597280,343500
597304,0
597323,562800
597336,4425500
597345,250000
597384,150000
597397,896500
597410,244000
597411,3005500
597416,0
597444,396700
597448,440500
597458,911000
597462,450000
597473,150000
597475,0
597498,0
597499,52000
597501,400000
597503,96400
597539,383000
597563,355500
597564,300000
597571,200000
597600,2449500
597604,0
597610,866500
597657,356000
597663,134000
597664,205000
597674,229500
597679,202000
597690,0
597691,627300
597692,1381800
597703,544000
597706,0
597709,150000
597715,533500
597750,703300
597770,59900
597776,655000
597778,1200000
597829,635500
597877,550000
597883,0
597889,245000
597896,121100
597908,580000
597912,391700
597913,165000
597919,0
597943,0
597965,2538000
597985,650000
597989,408000
598097,5674800
598122,54900
598133,0
598143,0
598144,240000
598163,1148300
598235,320000
598238,0
598288,1189100
598292,633000
598293,500000
598296,0
598326,147000
598361,437000
598374,1721500
598393,471500
598406,448000
598415,0
598417,200000
598430,0
598436,556700
598454,432500
598475,150000
598482,21888000
598488,400000
598490,467500
598527,200000
598530,150000
598541,1000000
598552,1362000
598568,469800
598597,420000
598631,67500
598689,7278200
598692,226000
598701,485500
598703,598900
598717,200000
598722,0
598723,727200
598736,835000
598743,495800
598755,1100000
598770,683000
598779,150000
598784,0
598797,546900
598817,600000
598833,264000
598846,106500
598860,0
598861,360800
598894,2157000
598905,724700
598942,240000
598963,4800
599015,475000
599031,72400
599052,400000
599055,638200
599079,0
599097,318000
599146,555900
599150,0
599154,596800
599179,693000
599181,350000
599191,112000
599201,500000
599219,979500
599268,243100
599284,250000
599306,0
599307,602300
599309,500000
599323,337000
599341,0
599345,425000
599383,413000
599403,1350000
599409,0
599421,981000
599431,1032200
599441,559000
599488,793000
599491,332600
599516,187500
599518,262000
599522,280000
599543,270000
599548,200000
599553,0
599574,0
599594,262600
599595,269300
599602,215200
599615,78000
599646,814700
599651,0
599665,200000
599697,515000
599703,200000
599711,0
599715,772000
599719,0
599766,180000
599772,220000
599775,1026600
599818,457600
599822,1162000
599836,2458000
599871,150000
599876,178000
599888,328500
599897,4286600
599911,200000
599923,1315500
599925,1236000
599931,92100
599937,297000
599939,0
599961,400000
599966,1914100
599972,290000
599987,164500
599990,6500
599992,0
599994,405000
600015,123600
600032,1382500
600035,150000
600039,50000
600082,1146700
600085,0
600108,150000
600120,325800
600131,1182600
600156,350000
600170,1160000
600192,150000
600198,150000
600201,549300
600211,490000
600224,115000
600237,0
600238,292000
600258,560600
600261,21000
600284,927000
600288,689200
600305,347400
600338,151000
600341,500000
600348,10697500
600369,200000
600373,1138400
600375,0
600379,0
600415,290000
600428,300000
600437,496000
600442,0
600454,273000
600490,579600
600493,600000
600502,218700
600514,150000
600549,1088000
600570,0
600574,0
600595,0
600619,38500
600658,350000
600679,295000
600717,335700
600739,2996600
600752,0
600783,2962800
600822,1489900
600835,95000
600857,0
600866,398000
600873,298000
600891,493600
600893,0
600902,0
600910,110000
600912,0
600915,500000
600925,402800
600927,400000
600930,227300
600933,250000
600960,0
600981,0
601037,269300
601052,417500
601061,10763500
601071,300000
601082,150000
601101,0
601105,184500
601112,270000
601122,127500
601173,563800
601200,400000
601234,445300
601262,832500
601285,670000
601308,2568600
601316,640500
601327,395000
601337,0
601350,0
601364,849000
601373,300000
601380,308400
601395,150000
601417,1418500
601432,307000
601436,448500
601438,369000
601462,566500
601476,769700
601489,577500
601523,595000
601525,364000
601539,303000
601613,17500
601634,150000
601667,912000
601671,597500
601689,724300
601718,30847500
601738,400000
601774,250000
601787,407400
601791,750000
601803,481500
601821,400000
601849,350000
601855,1047500
601883,150000
601884,162300
601886,0
601888,446400
601900,279000
601901,472500
601913,0
601930,470000
601936,350000
601950,180000
601951,0
601963,150000
601970,2424000
601974,300000
601977,58500
601981,130000
601984,150000
601989,25500
601991,0
602035,703700
602069,0
602079,150000
602088,320000
602130,450000
602138,859000
602139,0
602154,0
602180,700000
602196,180000
602207,190000
602216,0
602233,0
602248,1213300
602250,200000
602262,0
602277,319600
602286,186800
602302,0
602321,1500
602324,741500
602331,4796800
602384,76800
602388,300000
602393,443900
602404,1180600
602405,350000
602416,440000
602422,913100
602424,215000
602441,340500
602475,77600
602481,500000
602484,0
602492,410800
602497,233000
602582,2487400
602615,362300
602628,5661200
602638,350000
602641,3555600
602684,150000
602690,1398000
602725,541000
602734,0
602745,400000
602757,400000
602784,0
602787,0
602795,0
602811,0
602817,2425400
602841,817000
602858,0
602859,300000
602867,613400
602871,749200
602880,220000
602882,5524000
602899,437200
602903,386200
602930,0
602935,150000
602943,0
602948,300000
602973,412000
602974,0
602979,700000
603001,430000
603028,0
603033,0
603079,512400
603108,0
603151,1599500
603159,326400
603160,213000
603165,390000
603209,1800600
603237,487800
603238,642300
603259,300000
603265,57600
603270,386200
603285,0
603308,44000
603315,145000
603331,145000
603338,400000
603344,145000
603359,33800
603386,551200
603402,0
603451,1621000
603463,392000
603486,0
603676,701200
603693,0
603713,965800
603718,750000
603726,400000
603738,200000
603757,11525300
603798,492000
603823,1132700
603837,450000
603846,541000
603882,800000
603933,85000
603937,0
603944,102900
603958,153000
603983,237500
604027,346000
604041,2814900
604054,90000
604088,24000
604090,0
604106,725200
604130,250000
604154,149800
604163,973000
604175,400000
604182,963000
604186,424900
604199,625000
604200,450000
604205,71200
604242,384000
604245,960100
604269,2181000
604273,1995000
604290,0
604298,200000
604305,771500
604306,370500
604347,500000
604375,350000
604390,350000
604394,714000
604415,0
604449,0
604463,531700
604473,596500
604483,100000
604505,0
604509,0
604540,0
604586,996600
604590,305000
604591,350000
604595,5369500
604621,211500
604624,943400
604630,250000
604638,200000
604661,150000
604666,0
604675,500000
604688,0
604731,149800
604732,1606300
604736,642400
604737,215000
604742,891000
604765,724400
604772,99000
604773,512600
604774,8543500
604798,0
604810,0
604812,918200
604854,563000
604870,0
604876,440000
604884,250000
604900,464200
604925,541200
604946,0
604971,399000
604974,464500
604977,0
604984,48300
605017,400000
605099,350000
605131,390100
605154,239600
605163,544000
605166,250000
605175,1462700
605208,500000
605222,200000
605228,436000
605235,0
605249,400000
605255,681000
605264,269500
605299,0
605325,300000
605340,352000
605345,2486600
605367,212000
605376,3943000
605385,0
605390,754400
605419,315000
605506,350000
605521,391900
605522,802000
605556,132400
605575,150000
605580,706000
605598,956500
605602,0
605610,490000
605636,327600
605645,385500
605677,250200
605686,467200
605690,85000
605736,0
605742,400000
605746,450000
605750,530000
605771,308600
605811,0
605814,1803100
605819,402000
605823,475000
605829,20000
605834,0
605851,370000
605870,350000
605878,175000
605891,0
605901,417200
605911,250000
605916,471800
605918,281000
605949,42500
605966,449500
605977,300000
605983,723500
605988,0
606000,22000
606093,250000
606108,350000
606116,1965400
606158,1160700
606177,354300
606207,779500
606215,2217300
606216,937200
606241,2323900
606261,150000
606295,1952000
606345,0
606354,350000
606383,660500
606402,35000
606420,0
606440,361300
606449,2830800
606453,454800
606472,182000
606488,535000
606510,359500
606519,360700
606541,551500
606552,1102500
606596,200000
606599,400000
606604,450000
606633,0
606684,150000
606693,600000
606707,433500
606717,0
606741,380200
606813,330000
606815,2612400
606820,0
606832,400000
606853,2847400
606864,400000
606906,150000
606908,635400
606944,92500
606979,440100
606989,0
607008,60000
607015,949000
607030,350000
607041,817000
607048,640000
607050,268000
607051,78000
607058,220000
607074,638000
607082,321000
607087,158800
607114,628000
607167,0
607170,494500
607171,250000
607173,244000
607186,0
607192,500000
607198,979300
607204,462100
607233,150000
607236,605100
607262,382000
607271,78300
607278,523000
607298,0
607320,530000
607358,1344500
607384,214000
607387,450000
607394,294000
607401,263000
607402,192200
607459,2466700
607474,300000
607477,552000
607480,100400
607490,477500
607494,0
607501,2498500
607505,294000
607506,231200
607551,0
607569,0
607606,7190600
607618,813100
607619,150000
607638,0
607675,280000
607678,190000
607696,0
607700,494500
607706,650000
607742,200000
607746,250000
607771,450000
607776,0
607779,416000
607801,450000
607831,336600
607846,500000
607878,200000
607884,450000
607899,0
607907,0
607909,12952900
607923,573800
607925,1688500
607930,325000
607933,226000
607941,232300
607950,530000
607959,84000
607963,137100
607966,140000
607988,795000
608000,632400
608001,260400
608002,694900
608004,150000
608018,400000
608019,998000
608033,321800
608059,350000
608084,3016700
608099,0
608106,579700
608118,450000
608129,0
608140,403200
608146,260000
608148,392000
608162,0
608189,400000
608224,741000
608251,0
608315,0
608330,400000
608333,590600
608337,537000
608341,2012000
608355,366000
608369,609900
608370,150000
608379,340300
608384,349300
608404,583600
608412,0
608417,285000
608425,190000
608471,426000
608482,145000
608490,600000
608494,140000
608501,461800
608502,115100
608525,769000
608538,150000
608564,344900
608573,275000
608576,191900
608592,200000
608594,130000
608595,0
608607,353600
608619,530300
608627,150000
608637,5533000
608660,325000
608668,400000
608676,186000
608686,382000
608705,246900
608716,0
608718,168000
608735,200000
608749,728800
608775,150000
608813,404300
608822,1098000
608832,342900
608850,839900
608860,1553600
608864,1268700
608865,544800
608870,400000
608884,400000
608942,112000
608958,0
609003,2423300
609021,548000
609033,400000
609039,400000
609064,170000
609105,0
609113,600000
609125,0
609131,550000
609149,1859300
609178,493600
609235,600000
609272,0
609288,0
609290,0
609298,385000
609299,495400
609303,4731500
609305,1735000
609319,687900
609321,619500
609326,1134500
609336,0
609404,400000
609418,1331000
609435,1200000
609452,350000
609456,371300
609480,337100
609511,0
609522,130000
609545,0
609577,382700
609595,3001800
609601,150000
609605,0
609643,455100
609647,343500
609656,250000
609713,4174200
609749,2639700
609770,110000
609771,0
609784,1722500
609788,550000
609796,450000
609797,0
609799,168000
609808,1176600
609811,0
609815,299500
609830,193500
609851,1160000
609888,1770800
609896,3595900
609932,0
609966,0
609969,604900
610000,1145000
610008,265600
610071,1895900
610087,445000
610138,150000
610139,0
610142,470000
610178,0
610189,150000
610198,73900
610203,125000
610205,500000
610254,0
610257,0
610262,562000
610282,520000
610288,0
610330,0
610342,400000
610369,165000
610392,200000
610401,142000
610411,530000
610454,70000
610458,0
610461,2153300
610486,377500
610489,400000
610496,349300
610505,150000
610521,145400
610544,250000
610549,249500
610576,0
610589,99500
610598,0
610621,1356400
610646,300000
610651,0
610655,400000
610666,475000
610695,155000
610699,876000
610703,377000
610715,400000
610724,682000
610736,760500
610770,579600
610777,704000
610788,235000
610795,364400
610806,500000
610809,409500
610824,3018700
610825,227900
610826,614800
610840,500000
610844,870800
610922,200000
610931,1530500
610937,503000
610946,184100
610948,150000
610949,0
610979,5230800
611014,1421400
611021,190000
611036,0
611060,608000
611083,476000
611087,390000
611099,350000
611103,0
611117,550000
611131,0
611145,0
611156,0
611160,700000
611173,150000
611177,0
611229,440000
611236,1093000
611239,822000
611275,514500
611284,1460300
611289,0
611293,528400
611310,300000
611311,0
611323,747000
611344,223300
611349,5313300
611358,551800
611370,70000
611381,400000
611393,539400
611397,58000
611422,1115700
611423,250000
611437,0
611484,169600
611493,350000
611500,271100
611531,350000
611532,21000
611539,357600
611542,332200
611544,250000
611561,500000
611565,0
611582,0
611591,394500
611615,231500
611618,115000
611641,3628500
611753,463000
611774,285000
611778,1264000
611872,350400
611885,2800500
611901,267000
611913,0
611915,352500
611987,492000
611999,0
612007,29700
612009,3221900
612035,230000
612081,0
612182,700000
612184,150000
612193,7395800
612196,0
612221,578200
612226,235600
612228,400000
612240,500500
612246,41400
612323,1025100
612330,0
612385,5203500
612404,203500
612432,0
612433,1375100
612440,200000
612466,911600
612475,924400
612479,150000
612535,0
612550,530100
612567,226500
612568,0
612610,2006900
612620,150000
612668,525000
612721,232800
612729,1852000
612736,218400
612748,650000
612768,0
612771,150000
612790,450000
612817,0
612824,255000
612844,200000
612856,350000
612862,382500
612864,0
612866,0
612875,0
612939,367900
612944,17100
612950,348000
612992,315000
612996,634000
612997,1152000
613000,300000
613004,528000
613019,0
613020,2517700
613056,108000
613065,411900
613070,500000
613095,92000
613099,135000
613106,150000
613139,192600
613147,514500
613164,150000
613200,200000
613237,202600
613274,34000
613299,150000
613303,96000
613314,3240200
613338,5600
613347,185000
613359,30000
613388,501600
613444,777700
613445,2448200
613494,550000
613498,5085000
613523,458500
613532,150000
613543,550000
613545,250000
613570,0
613607,500000
613618,295500
613653,100000
613655,100800
613661,611200
613669,5054600
613672,1632100
613676,0
613682,0
613727,337500
613774,140000
613781,510000
613790,5050700
613800,0
613808,239600
613809,300000
613826,443200
613844,837700
613845,0
613846,1165700
613851,150000
613859,550000
613866,378000
613880,572200
613887,459100
613924,462300
613926,1521000
613970,143200
614012,484000
614047,298000
614052,486000
614060,843500
614089,150000
614091,615800
614092,1015900
614116,400000
614134,1270400
614137,403200
614162,1076000
614188,0
614193,356000
614207,1132000
614215,836000
614218,250000
614225,150000
614241,150000
614255,881500
614278,145000
614294,0
614312,1890800
614319,598700
614320,225500
614345,320100
614384,0
614401,1178400
614418,268100
614424,5420000
614450,150000
614451,1308900
614453,188400
614465,0
614467,2586000
614481,0
614504,0
614506,0
614522,250000
614541,207500
614561,0
614582,0
614610,124000
614616,150000
614619,150000
614643,200000
614650,350000
614664,557200
614679,395000
614682,0
614683,673200
614693,0
614708,0
614719,300000
614739,519200
614752,454700
614756,0
614765,590000
614773,0
614780,114400
614786,381900
614840,786800
614865,346500
614871,235600
614882,4178600
614887,344500
614892,668700
614909,300000
614911,1674500
614912,1050000
614922,0
614967,285000
614974,255000
614977,357000
615003,4763500
615054,500000
615059,0
615072,0
615081,190000
615088,76300
615093,0
615118,1028600
615140,375000
615147,858000
615153,49900
615177,150000
615197,681400
615201,200000
615235,6025200
615240,470200
615249,550000
615262,300000
615269,350000
615270,150000
615315,150000
615331,0
615335,313200
615367,150000
615383,197700
615387,550000
615390,0
615396,1080500
615411,130000
615425,500000
615459,1740500
615481,197000
615503,241500
615549,0
615574,471000
615587,0
615592,0
615607,500000
615630,0
615641,1000000
615650,115000
615661,408500
615673,232500
615718,208300
615746,104700
615750,150000
615752,0
615757,100000
615759,152500
615772,481000
615780,350000
615790,171500
615804,0
615808,393500
615816,19657600
615823,0
615843,500000
615848,300000
615854,950000
615856,372000
615873,400000
615879,150000
615889,743700
615905,2204900
615923,591000
615998,0
616013,140000
616022,250000
616029,150000
616038,1250000
616042,1187000
616052,4369000
616073,376000
616082,361000
616083,184400
616087,250000
616107,9331500
616130,1704100
616131,536000
616134,0
616140,988000
616166,147000
616182,473500
616190,100000
616201,0
616213,1419600
616241,500000
616272,1616500
616346,0
616353,707300
616363,239000
616389,940900
616391,95500
616403,652500
616405,1125500
616408,585000
616420,2145800
616464,490000
616486,279000
616520,140000
616543,1090700
616584,550000
616603,60000
616620,0
616628,2157000
616633,450000
616646,186400
616676,0
616690,12000
616698,355000
616702,513000
616707,424900
616725,345000
616730,891600
616732,0
616740,672200
616759,286600
616772,2000000
616776,0
616793,0
616845,16000
616852,0
616897,150000
616932,315200
616941,340000
616947,250000
616953,313000
616960,150000
616963,560800
616966,343100
616976,566800
617046,103900
617065,150000
617075,1024000
617121,7113500
617124,28419300
617156,110700
617170,408000
617174,1300000
617198,250000
617207,150000
617216,381500
617229,640000
617259,2755400
617262,150000
617267,126000
617272,700000
617273,1206700
617274,689900
617292,222000
617299,541000
617307,0
617319,497500
617354,0
617397,3324500
617408,406500
617421,2888200
617459,640500
617475,0
617492,565300
617496,700000
617503,52500
617516,0
617533,348000
617539,91500
617545,30000
617552,474900
617556,259600
617560,300000
617580,851500
617607,239500
617609,535000
617611,150000
617614,409900
617646,599900
617649,0
617657,314000
617660,292000
617661,0
617702,135000
617728,2875200
617782,0
617783,0
617785,400000
617802,519300
617821,200000
617822,360500
617831,190700
617837,467500
617848,150000
617860,150000
617898,50000
617900,771800
617917,0
617928,0
617935,128000
617938,750000
617955,1103000
617961,6069500
617972,1884500
617977,471000
617985,468000
617988,450000
618000,400000
618013,5642100
618030,42500
618063,602500
618073,484600
618101,1688400
618107,650000
618109,38400
618123,0
618127,400000
618132,450000
618133,0
618134,450000
618144,632500
618181,315000
618207,325000
618251,0
618278,350500
618336,94500
618340,4372700
618366,100000
618369,624000
618370,457300
618381,0
618389,0
618394,450000
618423,0
618436,0
618449,145000
618476,350000
618502,143400
618503,82500
618526,4041400
618563,590900
618579,429000
618582,400000
618599,70000
618601,247000
618620,509000
618629,0
618631,620700
618637,200000
618639,321800
618649,70000
618652,500000
618658,3577400
618662,373200
618683,950000
618687,1115000
618702,150000
618711,0
618714,864500
618715,0
618741,0
618760,500000
618763,546400
618774,509000
618785,1460900
618802,215900
618806,530000
618815,825700
618824,205000
618829,3367000
618841,450000
618893,130000
618911,350000
618921,160000
618924,489500
618962,77500
618965,900000
618973,208300
618986,819300
619018,150000
619026,600000
619049,329500
619052,0
619069,345500
619080,1013900
619081,100000
619086,297000
619100,400000
619126,164600
619131,1042200
619144,0
619156,958200
619167,350000
619170,148000
619175,517000
619186,0
619220,295000
619241,0
619270,1152000
619278,522000
619290,236500
619302,209000
619303,450000
619305,6201100
619317,100000
619319,0
619334,0
619335,440000
619344,1203400
619348,578000
619352,3425800
619377,292700
619388,0
619398,0
619408,467200
619431,350000
619436,400000
619441,300000
619445,200000
619462,580600
619487,350000
619510,0
619514,54200
619523,1066000
619536,3121800
619538,867600
619542,5386100
619555,392400
619571,1096600
619586,250000
619624,400000
619644,369200
619664,150000
619692,529000
619694,1166800
619707,0
619717,300000
619718,3097800
619719,451000
619723,370000
619733,582000
619738,450000
619758,290000
619775,1100600
619787,1376300
619797,2151000
619811,210000
619816,658000
619828,1174500
619831,3317600
619866,126200
619867,620000
619912,3988200
619926,600000
619932,0
619936,242400
619939,400000
619953,0
619960,2182500
619961,300000
619973,0
619977,335000
619983,146000
619996,0
620033,3633000
620040,0
620048,803800
620056,20904300
620057,455400
620061,220000
620069,540000
620093,1103600
620106,0
620126,0
620130,162000
620133,1030000
620198,0
620199,600000
620208,322500
620227,150000
620254,682500
620258,150000
620290,300000
620327,250000
620347,279700
620361,1269000
620379,150000
620390,400000
620391,719100
620428,750000
620444,480000
620455,0
620464,40000
620470,0
620509,644300
620520,154000
620529,544400
620548,3105600
620561,827000
620569,450000
620590,1364700
620630,0
620635,150000
620637,0
620678,1964700
620694,0
620698,1200000
620713,3202000
620729,1101600
620736,550000
620762,300000
620770,0
620808,1373500
620811,150000
620826,800000
620829,267700
620841,450000
620882,1111200
620893,400000
620909,358500
620957,250000
620997,150000
621030,965000
621039,500000
621049,523400
621056,1714400
621067,0
621088,250000
621098,902800
621120,102900
621126,250000
621133,222500
621141,932800
621159,210000
621161,346500
621185,450000
621231,100000
621234,150000
621239,0
621272,373500
621283,265000
621290,0
621320,353600
621360,353000
621365,907100
621373,428400
621376,0
621380,0
621393,0
621398,0
621416,550000
621454,182000
621458,844500
621465,371700
621488,1345000
621495,150000
621545,58400
621554,542400
621614,2287000
621616,120000
621621,978000
621624,668500
621625,200000
621646,2735100
621694,350000
621721,250000
621742,400000
621773,0
621808,100000
621819,400000
621832,33000
621842,0
621856,396300
621858,106500
621865,225000
621869,607300
621876,0
621923,495000
621947,286900
621950,434300
621956,0
621973,1152000
621977,149000
621987,500000
621991,0
622048,424500
622111,0
622121,150000
622158,400000
622172,340000
622176,183500
622191,501000
622200,147000
622216,615400
622217,0
622240,300000
622261,300000
622268,445000
622272,400000
622289,0
622296,0
622306,282000
622311,477000
622314,846000
622329,0
622340,0
622354,540000
622374,1231000
622377,650000
622390,0
622392,435000
622407,0
622418,1451100
622419,248500
622427,1087700
622443,758200
622444,1018800
622452,536800
622478,0
622491,175500
622492,66600
622500,600000
622502,1400400
622505,0
622507,353200
622513,0
622517,746300
622532,0
622535,3271000
622542,164500
622551,172200
622555,0
622564,150000
622588,242800
622593,3504300
622604,56400
622607,0
622609,135000
622653,0
622657,450000
622659,445000
622663,395900
622664,0
622670,215000
622679,0
622686,0
622697,417000
622739,330000
622747,0
622752,341300
622773,625500
622782,352400
622792,0
622804,977800
622814,583000
622816,0
622818,150000
622826,0
622828,448500
622840,0
622850,632500
622852,392500
622858,323500
622871,0
622887,31200
622892,400000
622915,11900
622925,0
622926,261800
622965,450000
622967,472500
622991,0
622993,1321500
623002,669000
623006,200000
623008,710000
623014,350000
623026,1695200
623031,46400
623046,180000
623058,630000
623096,220000
623174,0
623176,920000
623195,274400
623206,70000
623220,585000
623227,450000
623287,420000
623298,0
623321,693200
623324,0
623329,119700
623356,634600
623365,150000
623367,560000
623386,1515100
623436,400000
623455,400000
623469,0
623505,1890200
623536,0
623550,987400
623573,232500
623575,250000
623667,300000
623712,430000
623729,940000
623741,423000
623749,995000
623777,14339300
623784,0
623828,532300
623833,275100
623857,2021500
623892,319800
623950,336800
624011,441000
624067,568000
624068,0
624090,320000
624120,257500
624146,534000
624151,302500
624172,325000
624199,350000
624201,1078300
624246,115200
624249,300000
624253,150000
624255,530500
624256,600000
624264,0
624271,140000
624272,0
624302,2100000
624318,0
624381,0
624391,631000
624393,239500
624400,117400
624444,0
624450,0
624467,450000
624473,93500
624484,500000
624489,0
624528,335400
624542,1619000
624554,0
624588,330000
624613,200000
624618,667000
624626,615100
624685,200000
624688,0
624768,1216500
624794,0
624806,628000
624829,250000
624846,788000
624852,148300
624879,33400
624880,0
624881,4150900
624888,1117000
624891,0
624906,273600
624913,698700
624920,400400
624957,782000
624989,300000
624994,400000
625032,484000
625037,0
625043,878600
625111,0
625118,265000
625137,184500
625146,174000
625187,0
625200,247500
625214,169500
625220,197600
625241,17195100
625272,0
625281,250000
625294,1027600
625334,200000
625335,0
625359,542700
625367,707500
625408,515500
625411,300000
625482,0
625483,9860800
625501,404300
625506,332500
625509,45000
625510,668000
625535,75000
625557,200000
625573,124900
625577,313400
625640,967100
625712,300000
625716,313400
625730,347900
625762,382000
625780,125800
625790,250000
625792,284800
625806,165000
625836,700000
625841,426000
625850,276400
625907,1662000
625949,419000
625950,530000
625971,1075900
626035,878000
626117,172500
626133,112000
626140,0
626147,236300
626166,0
626181,231100
626195,530000
626226,393400
626237,422000
626244,140000
626339,415400
626348,150000
626357,150000
626364,189000
626378,465000
626441,825500
626466,317300
626471,450000
626486,747200
626529,400000
626537,140000
626541,319500
626544,289500
626577,150000
626588,249500
626594,6922900
626604,490000
626610,950000
626642,465000
626682,2315000
626691,741600
626700,150000
626734,140000
626738,303800
626741,457000
626779,1064600
626817,696700
626829,23310300
626852,280000
626870,140000
626910,590500
626935,380000
626961,1265800
626974,264100
626991,0
626995,1417500
627012,1807500
627021,0
627030,0
627058,214900
627081,0
627127,370000
627157,800000
627164,150000
627199,400000
627201,0
627229,640000
627286,366000
627352,0
627418,364400
627474,2115000
627510,425300
627511,1629300
627512,449200
627522,150000
627523,300000
627551,450000
627556,400000
627570,300000
627617,400000
627646,650000
627654,0
627659,3261000
627672,947000
627715,4345000
627758,880000
627792,269100
627800,782800
627815,429000
627844,830000
627859,63000
627870,0
627937,0
627950,1926700
627952,141800
627974,350000
627977,400000
628000,1230500
628004,0
628011,546000
628038,154200
628083,0
628093,1846400
628129,0
628136,450000
628168,429000
628171,217600
628217,5426700
628264,150000
628283,402500
628303,150000
628328,105000
628330,345000
628351,313000
628352,150000
628385,2834300
628386,469000
628399,248000
628403,430000
628441,307600
628442,0
628450,250000
628452,150000
628474,0
628478,0
628497,250000
628521,498300
628538,0
628547,1076000
628552,0
628553,364000
628569,0
628603,417000
628611,0
628659,400000
628668,275500
628685,450000
628739,268500
628746,386300
628764,1350000
628769,281400
628770,150000
628781,458500
628793,388000
628801,0
628808,800000
628852,499500
628864,520300
628884,350000
628901,862400
628922,0
628923,0
628954,150000
628958,1140500
628964,417500
628980,347000
629059,0
629074,119800
629075,1495000
629082,170000
629085,17503200
629099,200000
629149,804000
629154,346600
629160,265700
629216,17100
629232,73900
629234,343000
629246,580000
629261,504000
629293,537000
629328,436100
629337,0
629376,999500
629380,450000
629411,400000
629448,80000
629471,400000
629473,1646000
629492,0
629495,0
629496,0
629502,360000
629538,366200
629556,1165800
629574,357000
629575,0
629614,54000
629625,410800
629633,400000
629719,250000
629722,820400
629729,381900
629739,2402600
629744,499000
629752,600000
629755,0
629775,0
629830,170000
629836,8976900
629839,0
629840,488000
629847,300000
629851,300000
629865,550000
629878,0
629883,150000
629894,1014000
629895,270000
629949,0
629969,350000
629981,150000
630002,0
630017,450000
630037,130000
630045,426400
630049,0
630056,2328400
630069,0
630078,746700
630079,240000
630125,0
630132,394800
630138,358400
630179,380200
630180,0
630184,620000
630211,250000
630213,560400
630214,0
630219,310000
630226,441000
630241,0
630247,486000
630287,914500
630292,150000
630367,274000
630368,1777500
630415,150000
630478,3990700
630499,298800
630500,1797000
630518,2426000
630546,0
630550,309000
630556,301500
630559,8000500
630570,816300
630576,545500
630581,133500
630584,617500
630596,435000
630616,463000
630630,0
630641,245300
630660,150000
630669,350000
630678,1769900
630702,400000
630711,566000
630731,610500
630745,476000
630773,3098000
630812,319000
630836,200000
630841,0
630861,0
630885,200500
630894,2134500
630907,0
630934,0
630943,1707600
630946,447300
630976,195300
631008,197900
631023,0
631033,150000
631036,1084500
631038,450000
631048,252000
631070,386000
631080,819000
631088,0
631092,350000
631104,600000
631138,955000
631142,407000
631144,0
631155,0
631171,430000
631179,0
631186,400000
631228,0
631237,128000
631261,310500
631265,0
631271,291000
631282,108000
631284,380000
631296,616000
631311,417000
631322,0
631324,716000
631339,190000
631344,500000
631378,0
631401,0
631407,678500
631426,142700
631451,350000
631466,8813400
631467,1030700
631468,200000
631500,0
631584,697500
631593,150000
631596,1029500
631625,450000
631627,730000
631636,520000
631660,350000
631665,325100
631670,249800
631692,152000
631695,517200
631732,150000
631750,1660400
631771,2633400
631812,260000
631814,120000
631820,260100
631830,767900
631838,84000
631863,461200
631878,89000
631887,0
631906,485000
631908,417000
631912,0
631913,500000
631918,0
631922,300000
631961,232800
631964,0
631966,479200
631974,694600
631982,290000
632033,0
632043,500000
632050,292400
632066,390000
632073,500000
632089,485500
632091,375000
632104,0
632125,448500
632147,0
632148,150000
632163,0
632177,0
632182,400000
632202,90000
632203,213500
632211,0
632222,220000
632225,392000
632226,400000
632233,0
632256,0
632275,390500
632287,352000
632304,216000
632306,380000
632314,120000
632318,1118600
632379,950000
632380,957000
632381,1474100
632400,192600
632429,7729900
632438,870000
632443,0
632478,204900
632496,679600
632499,0
632515,219000
632519,150000
632523,1635200
632539,73500
632564,300000
632593,390000
632594,897600
632602,587000
632606,308800
632608,400000
632623,964200
632635,1150000
632636,600000
632663,417500
632710,0
632713,237500
632795,250000
632796,1350000
632802,1266600
632834,650000
632851,621000
632863,319000
632918,462900
632923,325000
632931,400000
632934,187700
632939,538400
632971,1373500
632979,3839300
632983,347900
632988,136000
632999,400000
633020,250000
633031,0
633067,1540800
633073,3239500
633097,216300
633174,270000
633179,0
633234,1414500
633247,400000
633257,330000
633258,165300
633317,366500
633333,231600
633384,150000
633390,160700
633408,150000
633416,303000
633421,1585000
633422,413000
633437,1169000
633453,250000
633456,434500
633470,0
633496,250000
633508,400400
633523,350000
633560,1500500
633566,0
633599,0
633615,402000
633637,39000
633644,1059400
633662,0
633684,304000
633693,966700
633716,549000
633718,482000
633725,900000
633733,200000
633737,577200
633753,674200
633766,355000
633784,300000
633791,0
633824,0
633845,525000
633847,366500
633850,0
633900,280000
633921,187500
633931,1697500
633941,375000
633945,115000
633954,1242600
633961,290000
633990,350000
634001,400000
634009,0
634041,415000
634061,300000
634075,500000
634078,397500
634088,0
634156,435100
634165,1765300
634206,260000
634212,92000
634253,204500
634263,451500
634276,4803400
634286,2109000
634305,1495300
634347,0
634372,270000
634391,1386300
634397,11102800
634405,465200
634407,130000
634414,584500
634441,431300
634472,7373700
634475,1748800
634479,750000
634488,550000
634498,1391800
634517,400000
634520,0
634522,165000
634525,0
634528,88000
634559,850400
634571,380000
634620,0
634621,412500
634638,0
634664,350000
634680,417000
634685,183000
634697,0
634748,1545500
634767,336100
634779,0
634786,0
634790,683500
634801,943500
634804,0
634818,417500
634825,0
634841,1920800
634859,485000
634869,1174000
634893,267000
634903,1310200
634921,0
634922,0
634966,693600
634979,1051000
634988,350300
634994,0
635054,650000
635074,140000
635100,63200
635104,390100
635112,400000
635124,864000
635127,126000
635170,200000
635171,177400
635172,0
635191,1823500
635225,82500
635245,0
635269,327700
635285,819500
635296,2151300
635300,495000
635304,0
635311,0
635331,543000
635382,460500
635385,1192000
635395,857800
635408,0
635434,750000
635479,297600
635501,1005000
635536,5150200
635545,436000
635556,490000
635561,3772700
635576,381500
635577,976600
635583,319000
635585,53266200
635613,2957700
635616,603800
635621,0
635645,10928000
635693,0
635715,496400
635728,1677500
635734,350000
635736,152000
635745,119300
635764,150000
635795,899900
635802,200000
635827,375500
635835,2374100
635856,2009700
635866,351700
635873,559100
635876,435600
635881,257000
635894,399000
635902,450000
635912,7073700
635913,1193500
635926,1499100
635987,150000
635990,350000
635995,2666000
636013,337400
636024,665000
636052,191000
636069,5742800
636075,335000
636078,0
636093,994600
636106,0
636125,0
636130,543400
636158,325000
636159,16984200
636178,450000
636184,2051200
636210,405100
636212,1748500
636214,290000
636225,397300
636277,0
636278,899300
636296,250000
636328,3412000
636346,423000
636353,441800
636375,896000
636400,150000
636413,1208400
636422,4363500
636442,0
636458,395000
636487,2608300
636505,350000
636550,302500
636561,0
636576,5095000
636581,268000
636602,490000
636603,300000
636640,150000
636649,240200
636669,150000
636686,1067200
636709,150000
636720,200000
636731,199000
636767,421600
636793,350000
636823,657600
636838,442500
636845,653000
636862,408900
636863,850000
636869,1192400
636893,550000
636895,200000
636947,432500
636958,2366900
636987,5629100
636992,150000
636993,291100
637009,500000
637011,810000
637033,450000
637035,0
637041,250000
637060,656400
637072,150000
637088,1104900
637095,156000
637132,400000
637141,365000
637174,2062500
637180,3383900
637194,450000
637197,618000
637198,568500
637213,1027500
637218,710900
637269,491800
637277,0
637278,400000
637285,350000
637308,150000
637317,350000
637326,70000
637345,750000
637355,5256300
637426,537000
637429,329500
637445,0
637473,300000
637496,150000
637502,201500
637526,0
637535,0
637541,460000
637567,240400
637569,459000
637578,49400
637582,870000
637602,588800
637620,1490000
637659,220000
637670,110000
637681,487000
637688,11774600
637701,250600
637717,400000
637726,1426100
637736,0
637751,694300
637777,0
637799,300000
637820,1719400
637822,331900
637823,0
637855,2208000
637882,1112400
637915,100000
637925,0
637940,234000
637975,722000
637976,600000
637992,350000
638033,1887000
638036,0
638051,416000
638061,150000
638068,1464300
638107,810000
638125,300000
638132,2449000
638134,1205000
638136,0
638139,402200
638152,0
638154,314700
638171,1675300
638198,870500
638219,500000
638251,0
638257,95000
638261,2389000
638277,555000
638283,236600
638403,250000
638430,150000
638437,500000
638447,497400
638459,250000
638485,250000
638502,630200
638509,1391000
638523,597300
638539,0
638543,350000
638544,6087200
638556,183000
638558,350000
638612,137000
638639,523500
638666,474300
638677,400000
638692,350000
638701,850400
638706,2585600
638713,100000
638732,20900
638734,519600
638772,505500
638794,650000
638846,1865500
638853,422500
638885,400000
638895,4310400
638931,0
638981,350000
639013,816200
639020,0
639069,508000
639072,0
639079,300000
639130,713000
639159,0
639166,83300
639179,0
639186,429000
639196,300000
639206,402400
639253,439100
639260,4879700
639280,503900
639286,450000
639297,1596200
639304,0
639308,833500
639309,477400
639325,101000
639327,1031000
639332,280000
639365,420000
639376,0
639385,363500
639387,269800
639450,205300
639529,800000
639535,650000
639550,1046800
639563,197800
639564,930200
639565,668500
639576,470000
639608,0
639639,1199400
639672,165000
639701,300000
639720,700000
639783,0
639794,0
639816,350000
639823,0
639874,2107000
639882,0
639888,740000
639909,332500
639933,250000
639934,550000
639945,3215700
639959,956000
639978,609600
639990,300000
639992,460000
640007,150000
640017,15000
640035,519000
640048,2255900
640060,815400
640128,0
640145,692000
640219,0
640230,200000
640239,250000
640288,1312100
640324,2601000
640391,350000
640397,0
640402,311500
640418,570000
640419,1165100
640453,297500
640495,300000
640504,400000
640512,367200
640514,400000
640540,211000
640550,334500
640583,350000
640630,897700
640634,476100
640638,3436800
640639,1305400
640653,134500
640665,0
640680,400000
640687,0
640692,175000
640702,431800
640704,0
640706,200000
640749,150000
640755,310000
640772,0
640775,250000
640799,315000
640805,355100
640810,582400
640827,0
640890,182000
640916,0
640919,918000
640961,4571400
640970,300000
640981,200000
640987,0
640989,750000
641011,0
641031,425000
641039,400000
641050,439000
641061,954300
641091,0
641114,150000
641174,140000
641177,150000
641191,0
641199,450000
641247,60000
641292,237400
641304,135000
641393,149000
641411,0
641425,448500
641447,696300
641553,409900
641565,4316400
641569,0
641609,400000
641642,0
641655,400000
641662,450000
641668,631000
641680,451200
641700,400000
641702,450000
641721,446900
641722,0
641747,603900
641751,518400
641767,150000
641769,5949300
641782,3408400
641792,951400
641796,449000
641811,457200
641824,150000
641825,215000
641859,322700
641866,0
641887,0
641906,150000
641909,152000
641914,4363500
641917,1863400
641926,0
641930,347600
641943,401000
641946,428400
641948,500000
641952,0
641957,865000
641964,0
641976,0
642006,350000
642014,0
642030,605800
642077,417500
642108,180000
642110,150000
642146,239900
642174,670000
642189,0
642254,444000
642258,200000
642260,0
642280,255000
642286,55000
642302,178000
642308,417500
642319,350000
642335,500000
642339,150000
642351,1100300
642360,200000
642363,452500
642366,1541600
642420,130100
642422,229200
642462,210000
642490,617800
642491,575000
642493,600000
642511,0
642532,0
642551,0
642561,200000
642568,0
642569,150000
642570,1577900
642577,0
642583,289800
642590,0
642620,250000
642625,300000
642667,520000
642686,0
642695,1609000
642716,160000
642721,450000
642728,559800
642736,437000
642772,0
642787,513300
642797,0
642801,400000
642804,0
642806,838400
642879,589400
642934,71100
642935,150000
642970,367000
642972,143900
642992,1941600
643004,350000
643008,517500
643037,200000
643039,365900
643050,1595400
643058,797000
643062,250000
643073,487200
643090,457600
643106,440000
643107,690000
643116,554500
643124,136000
643156,350000
643200,868000
643213,530000
643240,150000
643257,1366600
643264,268800
643266,171600
643274,0
643276,150000
643283,450000
643307,0
643330,193000
643366,421000
643385,552500
643394,0
643402,2440000
643421,180000
643434,404400
643436,0
643440,3161600
643442,0
643450,150000
643452,622000
643460,0
643465,902000
643466,441000
643467,200000
643474,869000
643480,150000
643502,150000
643505,0
643508,1014200
643512,558500
643547,140000
643552,495000
643553,3462600
643568,212500
643599,296000
643601,147000
643627,195000
643635,1144800
643663,750000
643695,350000
643703,0
643740,2111500
643748,0
643768,400000
643772,450000
643773,5012400
643780,0
643793,255000
643794,0
643816,242000
643881,0
643896,5101600
643922,252000
643926,0
643943,200000
643970,145000
643974,1050000
643984,854000
644015,1258000
644032,283200
644033,0
644047,0
644048,200000
644056,170600
644060,664500
644064,0
644073,200000
644089,675200
644096,530000
644097,0
644136,50000
644151,250000
644161,405000
644164,1190000
644174,0
644195,171000
644200,250000
644218,147100
644268,0
644308,1254800
644309,0
644312,0
644336,203000
644360,550000
644373,0
644393,2717600
644422,3650000
644425,0
644427,2742500
644428,119000
644431,200000
644435,2650000
644443,449000
644452,4270400
644484,215300
644538,261100
644560,427500
644576,531300
644580,919500
644615,569700
644620,150000
644631,326100
644639,0
644648,189300
644681,465800
644700,1392500
644711,397500
644718,142000
644745,350000
644754,0
644763,479400
644781,1677000
644786,277000
644789,196300
644808,603600
644812,140000
644813,910200
644818,378000
644859,100000
644925,150000
644946,250000
644949,150000
644958,0
644961,6955300
644963,684700
644967,0
644985,500000
645041,0
645071,2557000
645072,400000
645077,1019000
645086,996900
645100,550000
645106,0
645110,415200
645120,642000
645129,2242500
645135,360600
645165,460800
645178,394000
645220,0
645247,0
645252,0
645262,1106000
645281,700600
645298,218000
645332,184000
645334,200000
645364,400000
645379,0
645384,200000
645400,372000
645420,840000
645425,0
645442,116400
645461,425500
645479,0
645537,396000
645573,1914200
645626,0
645657,0
645659,250000
645662,948500
645663,731500
645668,450000
645669,848600
645698,179500
645705,164500
645764,350000
645767,150000
645812,635000
645817,440000
645842,1040000
645850,152000
645886,7146100
645890,180000
645893,427000
645895,0
645898,286700
645904,0
645914,0
645922,450000
645938,400000
645945,530000
645970,6507200
646002,0
646016,1042500
646022,514800
646023,445500
646027,1867500
646050,0
646060,206400
646068,423800
646084,520000
646114,497000
646153,0
646158,233500
646165,400000
646183,2563000
646184,479000
646210,350000
646212,324000
646220,4034200
646241,0
646255,0
646270,630400
646301,350800
646309,485200
646316,0
646317,872500
646331,200000
646332,660300
646363,1153000
646419,350000
646430,250000
646444,278800
646459,383000
646501,450000
646504,353500
646513,0
646541,0
646566,927800
646597,0
646662,60000
646672,3346700
646714,0
646733,0
646765,150000
646798,150000
646811,620000
646840,607500
646876,880000
646906,0
646907,340000
646927,950000
646939,260000
646940,1115000
646944,505000
646946,700000
646963,150000
646999,300000
647014,300000
647034,150000
647062,650000
647065,0
647075,336000
647093,685000
647129,659700
647130,309000
647139,650000
647161,150000
647168,150000
647175,167500
647218,315000
647223,200000
647238,400000
647272,6866500
647273,1204200
647274,223500
647304,150000
647312,149800
647315,350000
647320,219400
647323,794000
647340,130000
647349,250000
647359,0
647403,381000
647416,39600
647420,200000
647422,400000
647455,2546400
647465,0
647496,250000
647514,300000
647544,92500
647583,450000
647590,2431900
647601,395000
647630,617500
647636,392500
647638,915700
647662,344500
647669,153800
647723,271500
647748,105000
647819,733000
647831,1036100
647844,130000
647854,500000
647855,450000
647877,390000
647900,0
647938,170000
647983,394400
647985,261900
647990,0
647996,384000
648010,455200
648023,610000
648032,680000
648038,187500
648055,150000
648121,682300
648126,3821900
648167,459200
648173,2314500
648181,0
648219,60000
648237,179500
648252,479200
648286,484000
648340,0
648343,200000
648350,67000
648373,2476100
648377,150000
648378,1241900
648390,250000
648400,300000
648402,0
648405,390800
648420,333500
648429,29694500
648452,487200
648476,1471000
648494,176800
648499,0
648506,980000
648508,546000
648529,0
648559,0
648574,468000
648607,1602000
648615,0
648691,250000
648731,0
648744,0
648770,450000
648785,0
648813,500000
648844,1135600
648868,343500
648906,100000
648922,0
648931,70000
648981,150000
648982,473000
648987,766000
648990,75000
649017,696000
649020,0
649024,874000
649029,0
649034,412000
649039,0
649050,136500
649082,0
649087,152500
649146,199100
649164,0
649187,400000
649194,3809000
649208,350000
649211,59900
649242,0
649244,350000
649249,0
649252,5618500
649266,0
649273,250000
649290,174000
649298,104000
649300,322500
649311,406900
649348,600000
649365,0
649370,498000
649408,0
649432,965500
649439,866000
649443,600000
649448,0
649455,428800
649456,500000
649464,200000
649485,502900
649486,200000
649488,150000
649516,175600
649524,550000
649539,135000
649540,624800
649579,298400
649589,247500
649591,0
649596,61800
649597,301600
649608,0
649609,0
649615,700000
649628,250000
649634,0
649655,446500
649669,0
649673,713000
649676,135000
649677,660000
649680,1428000
649681,246000
649685,387600
649694,600000
649728,247500
649738,485000
649748,1000000
649755,0
649768,0
649774,702500
649804,0
649827,89100
649844,590000
649887,150000
649902,243600
649915,150000
649940,500000
649946,150000
649947,159200
649950,340000
649954,100800
649958,1000000
649961,257000
649965,17500
649976,7830300
649987,0
649991,350000
649996,0
650001,10800
650049,44000
650058,219300
650067,550000
650077,200000
650079,238800
650090,550000
650104,0
650106,379000
650107,250000
650114,250000
650117,250000
650136,250000
650155,167600
650156,0
650163,0
650165,350000
650167,217500
650171,650000
650175,346100
650177,0
650179,250000
650185,0
650192,622600
650196,250000
650200,550000
650212,557400
650226,151500
650230,164500
650235,0
650240,0
650249,0
650259,179500
650263,915500
650266,200000
650273,250000
650276,250000
650280,15100
650287,491400
650290,0
650294,0
650305,150000
650309,372000
650310,1398600
650322,200000
650330,0
650331,1585500
650346,0
650359,399000
650369,0
650381,0
650386,0
650397,372000
650405,0
650417,0
650421,514000
650447,150000
650460,572000
650485,600000
650486,0
650488,10400
650491,0
650500,886600
650503,0
650510,1460000
650529,1154600
650532,664600
650536,153900
650558,164500
650564,150000
650579,150000
650587,337500
650591,210000
650597,169900
650605,6632000
650607,0
650653,600000
650665,137500
650678,63000
650681,259000
650697,138000
650707,350000
650708,593500
650713,1105500
650720,0
650724,1927500
650732,530000
650753,237500
650763,417500
650794,16088100
650798,438000
650801,0
650812,390000
650818,0
650822,1000000
650827,616000
650828,990000
650837,450000
650864,7000
650881,468300
650889,3283900
650890,119000
650895,0
650896,465300
650905,192800
650914,74500
650931,439500
650942,492300
650945,89600
650958,140000
650969,162700
651019,950000
651032,350000
651075,0
651078,150000
651088,162000
651092,514000
651102,450000
651120,618000
651130,0
651131,732000
651145,470000
651146,600000
651155,314000
651173,441000
651177,490000
651187,500400
651191,150000
651192,0
651201,422200
651202,598700
651262,247500
651270,291000
651278,500000
651294,0
651296,0
651302,2356600
651303,449000
651319,0
651325,245000
651328,150000
651340,156000
651349,565000
651358,359500
651363,308500
651375,725000
651376,506000
651408,516100
651438,206000
651440,617000
651452,400000
651465,100000
651477,240000
651480,662000
651486,225000
651505,1411100
651518,200000
651539,1216300
651571,288000
651618,699900
651629,217000
651630,620000
651642,0
651653,686000
651654,23245900
651664,500000
651668,712800
651684,0
651690,1163500
651699,350000
651704,0
651705,600000
651716,88200
651719,514800
651730,165000
651747,445000
651752,400000
651767,70000
651768,0
651774,367500
651775,574000
651776,105000
651779,583000
651793,0
651813,0
651814,0
651820,0
651823,200000
651843,150000
651862,350000
651884,0
651885,150000
651906,0
651911,644100
651924,500000
651933,690000
651957,798000
651963,289500
651967,250000
651998,1215000
652002,1169000
652005,348800
652007,455000
652010,300000
652019,450000
652020,138000
652023,1582900
652032,300000
652035,0
652043,0
652044,300000
652050,84000
652052,323500
652071,600000
652072,267700
652073,234000
652083,464700
652090,17500
652096,250000
652099,150000
652109,549600
652123,247000
652127,350000
652128,666600
652130,15402300
652139,277000
652148,247500
652168,250000
652170,594000
652181,588000
652183,5021000
652201,0
652202,325600
652207,309500
652209,150000
652224,2265000
652227,1661000
652230,0
652241,705700
652249,367800
652257,0
652260,252200
652262,420000
652266,495000
652302,390000
652312,345700
652315,320100
652316,150000
652320,0
652336,285000
652347,334600
652350,0
652351,0
652352,600000
652366,251200
652375,0
652377,299500
652387,250000
652397,210000
652400,2144000
652405,174900
652412,308000
652416,239500
652417,734500
652418,250000
652422,654900
652423,22000
652428,964700
652438,150000
652445,0
652448,450000
652452,518000
652453,550000
652464,450000
652473,0
652484,0
652488,150000
652489,150000
652502,370000
652504,294500
652507,347000
652524,478000
652536,456000
652554,215000
652561,150000
652563,3801100
652568,350000
652570,0
652589,300000
652603,135000
652611,308000
652612,150000
652631,400000
652638,662800
652641,1055200
652650,446600
652710,400000
652714,150000
652727,417500
652730,830000
652738,149000
652744,400000
652756,0
652776,650200
652779,167900
652780,0
652781,0
652787,205300
652804,0
652805,738500
652857,213200
652867,0
652877,3855700
652878,156000
652881,393800
652885,600000
652888,418900
652903,1084000
652912,425000
652921,2330000
652926,584000
652944,1006300
653033,985000
653087,0
653089,0
653096,0
653148,904000
653157,2140000
653182,0
653183,0
653216,171500
653223,21713500
653244,1232000
653249,424000
653259,2658900
653264,157000
653269,375100
653272,360000
653286,420000
653297,1395700
653317,3609600
653325,269400
653342,2778100
653395,400000
653406,0
653467,790000
653478,881400
653511,590000
653531,300000
653547,745000
653554,300000
653588,383500
653592,535000
653599,400000
653605,850000
653617,407500
653644,600000
653684,150000
653688,150000
653716,106000
653720,545500
653722,42000
653725,495000
653732,794400
653747,550000
653751,0
653755,0
653782,4000000
653784,350000
653792,454000
653807,900000
653810,0
653830,839500
653838,66000
653839,788300
653842,199000
653851,330000
653856,500000
653861,0
653892,400000
653896,200000
653897,450000
653903,540000
653926,112000
653932,0
653934,250000
653947,137500
653997,222000
654003,122500
654008,118500
654012,315000
654014,0
654015,1272000
654023,200000
654026,490000
654053,0
654054,1250000
654055,2345000
654056,1457500
654103,430000
654116,0
654129,193300
654149,400000
654171,76000
654189,727500
654197,140000
654207,513000
654211,0
654216,2400000
654256,357600
654257,585000
654275,56000
654310,532000
654328,100000
654329,503200
654331,400000
654335,1438800
654341,540000
654346,0
654359,250000
654380,250000
654407,0
654430,439900
654436,400000
654457,455800
654460,57600
654463,335000
654468,0
654479,150000
654490,808400
654497,1152800
654505,424500
654506,0
654525,858600
654554,250000
654565,2584100
654615,250000
654623,200000
654631,0
654649,150000
654650,150000
654667,439600
654678,540000
654680,350000
654706,0
654743,200000
654749,149000
654769,0
654778,467500
654784,201600
654793,150000
654808,1400000
654834,1454300
654876,150000
654879,1211200
654912,2424000
654917,124000
654931,316000
654936,173500
654960,354200
654967,1391900
654972,719000
654985,0
655002,142000
655017,533000
655022,650000
655031,165000
655096,450000
655104,557400
655108,0
655145,1669400
655175,400000
655176,350000
655180,389600
655193,910500
655213,450000
655232,520000
655252,200000
655269,553300
655272,200000
655288,595000
655290,0
655314,1076400
655319,250000
655323,3234300
655327,280500
655335,775900
655351,514800
655438,358000
655441,400000
655447,0
655452,959900
655455,377600
655473,90000
655481,634200
655501,1617000
655516,0
655518,0
655541,200000
655542,400000
655543,636800
655544,450300
655570,200000
655577,65000
655591,360000
655597,1459500
655606,10793300
655615,212600
655618,224700
655700,514500
655714,150000
655716,0
655749,460000
655763,498600
655774,445000
655793,150000
655799,426000
655803,503400
655807,917300
655817,543600
655831,150000
655865,427500
655868,0
655873,0
655912,250000
655917,0
655950,431000
655970,224300
656005,79500
656037,764800
656063,400000
656066,135000
656070,790300
656072,0
656074,500000
656082,0
656086,555000
656116,850800
656134,0
656140,579000
656143,0
656157,0
656184,272500
656215,75600
656217,1969200
656255,250000
656266,350000
656268,395000
656335,0
656348,591200
656373,0
656378,52500
656384,150000
656424,1010900
656431,397200
656433,591000
656455,216800
656464,894500
656468,396900
656471,340000
656487,646900
656490,4935700
656499,0
656521,450000
656524,446200
656531,500000
656537,0
656541,495700
656580,1097900
656594,322500
656599,415000
656601,0
656610,306100
656624,300000
656625,685000
656644,373900
656661,8106700
656672,0
656680,0
656692,5540900
656699,295000
656706,1291200
656707,0
656713,931700
656723,141000
656726,748000
656731,304200
656732,860000
656760,450000
656779,618000
656792,400000
656823,0
656830,1397500
656855,704000
656870,130000
656886,250000
656896,300000
656957,2313200
656962,0
656965,450000
656998,681000
656999,0
657000,907900
657011,0
657039,0
657047,528000
657052,0
657070,331000
657075,265000
657082,145000
657094,368300
657119,0
657120,0
657121,400000
657127,385000
657136,450000
657153,400600
657156,400000
657173,150000
657189,640000
657190,850000
657213,713000
657236,200000
657246,463000
657270,550000
657312,992500
657314,870000
657344,1498100
657351,0
657433,437500
657473,1436400
657489,300000
657491,902900
657497,840000
657521,350000
657522,0
657558,1554500
657561,0
657568,553400
657573,383500
657574,283800
657578,0
657579,2577900
657661,467500
657672,641500
657729,250000
657789,1000000
657821,350000
657878,666000
657882,983000
657917,0
657922,664500
657925,2804300
657969,1100000
657992,780100
658005,292000
658009,4018400
658015,685200
658018,1297000
658023,0
658046,70000
658065,800000
658095,9922400
658142,0
658146,250000
658149,378500
658172,0
658173,466600
658191,1108600
658192,357600
658194,1047000
658200,0
658218,0
658224,0
658238,1571000
658249,600000
658264,38500
658265,0
658269,250000
658270,0
658279,410000
658308,350000
658313,180000
658318,250000
658328,0
658329,541000
658388,666000
658395,1061400
658396,0
658408,74000
658452,565000
658455,216000
658456,534900
658465,550400
658467,0
658474,0
658483,483000
658496,284500
658502,0
658517,6939800
658528,2784100
658539,350000
658589,600000
658592,483300
658595,350000
658608,500000
658626,640000
658635,2058400
658650,857000
658694,0
658703,400000
658704,0
658722,0
658736,172500
658737,346000
658757,600000
658765,724800
658771,331200
658774,393800
658782,771600
658784,890600
658795,99800
658827,350000
658848,450000
658851,1064000
658862,172500
658874,0
658878,0
658879,457200
658911,150000
658935,0
658953,0
658963,10632200
658966,356500
658968,105700
659015,300000
659022,280000
659043,357200
659044,232500
659049,450000
659051,991400
659117,0
659118,0
659158,2855000
659160,195000
659212,0
659215,50000
659229,222000
659233,1222600
659252,14186700
659259,1000000
659263,185300
659292,566200
659297,167500
659309,315000
659324,504000
659333,350000
659336,150000
659337,0
659364,10823000
659390,595000
659392,400000
659401,509000
659441,3145000
659448,360000
659449,300000
659453,400000
659454,0
659468,630000
659477,130000
659485,202000
659490,171300
659492,380000
659521,17160000
659543,150000
659551,333000
659639,330200
659733,0
659735,921800
659763,0
659764,0
659770,400000
659788,394200
659795,150000
659799,0
659803,1576500
659822,1252800
659840,40000
659851,0
659890,495000
659900,632000
659908,405200
659951,6752900
659972,251900
659980,450000
659995,128000
659998,375200
659999,150000
660021,1077000
660046,1102400
660058,1000000
660071,485200
660088,420000
660108,150000
660113,33400
660153,170000
660159,0
660175,1029900
660178,650400
660180,130900
660195,2734400
660196,332400
660209,104000
660223,350000
660243,786600
660244,130000
660252,70000
660271,3130000
660277,120000
660333,950000
660346,408000
660354,30000
660371,172900
660399,212800
660408,1342000
660417,835300
660433,12286200
660435,3762400
660445,10076900
660501,0
660504,79200
660534,150000
660567,0
660605,150000
660614,0
660628,0
660644,598800
660700,350000
660703,0
660720,455400
660752,0
660757,150000
660764,157000
660766,600000
660768,400000
660779,247500
660814,1606100
660837,600000
660844,475000
660858,0
660862,70000
660863,0
660864,70000
660872,661200
660895,21300
660937,340900
660945,200000
660974,0
660977,435500
660995,150000
660999,1100500
661015,399100
661016,538500
661024,349000
661029,3403000
661044,0
661064,692700
661071,198000
661076,740000
661105,332800
661108,249900
661119,450000
661140,360500
661156,0
661169,400000
661179,175000
661181,537900
661205,428000
661207,90000
661208,690400
661221,2119200
661226,672000
661248,0
661250,284000
661251,477500
661254,1176800
661261,150000
661262,214000
661283,268500
661292,249600
661313,350000
661353,300000
661354,350000
661379,701500
661408,670000
661411,150000
661415,149400
661417,115000
661488,2019700
661502,495100
661525,366500
661560,525000
661568,555300
661577,227000
661578,602800
661605,400000
661607,170700
661638,0
661642,590000
661650,232500
661653,584800
661662,780000
661679,250000
661709,463900
661722,200000
661724,1356100
661741,624800
661748,650000
661765,1951000
661828,400000
661831,422500
661876,250000
661935,0
661941,0
661961,970500
661966,0
661981,150000
661999,150000
662002,150000
662034,1211600
662036,806000
662051,0
662055,250000
662061,402700
662068,0
662120,435900
662124,139000
662146,400000
662157,547000
662159,170000
662162,450000
662182,688900
662210,286000
662230,1058600
662253,150000
662258,4089500
662263,150000
662265,150000
662270,500000
662272,1420000
662277,0
662309,0
662321,0
662330,0
662335,0
662359,0
662383,156000
662389,184200
662392,0
662393,362300
662419,0
662426,526000
662434,797000
662457,436000
662488,2017300
662491,572000
662501,345000
662502,0
662514,239000
662542,444800
662556,0
662558,0
662560,1984000
662564,250000
662576,876400
662589,453400
662600,295000
662603,353600
662610,213000
662641,150000
662643,2000000
662675,0
662677,450000
662681,532000
662685,214700
662698,150000
662710,385800
662724,0
662771,400000
662783,1075900
662784,11081200
662811,1346400
662813,3000000
662836,80400
662851,1330400
662863,1235000
662870,450000
662875,1373900
662908,150000
662909,245500
662937,1224900
662947,400000
662948,465700
662959,282500
662994,0
663005,250000
663016,1559300
663018,150000
663020,400000
663023,12200
663031,2227500
663063,152800
663084,77000
663100,1687100
663108,2000000
663161,0
663186,31400
663191,372000
663200,600000
663215,163000
663240,489000
663289,3642300
663299,450000
663306,300000
663324,3165200
663337,957500
663358,865000
663424,306000
663443,0
663462,204000
663490,400000
663501,2690300
663520,87500
663527,477000
663533,413000
663541,850000
663564,5690000
663568,0
663576,266500
663595,200000
663644,0
663680,422500
663716,685000
663719,409500
663742,900000
663747,250600
663750,1180000
663786,475000
663801,704000
663806,249500
663829,105800
663839,270000
663841,345300
663854,750000
663858,442000
663877,342500
663885,0
663888,782900
663904,0
663905,470000
663914,250000
663929,150000
663952,145000
663961,577500
663988,400000
664026,746400
664036,479500
664052,300000
664065,445000
664080,21587600
664093,300000
664103,54000
664118,1013300
664126,0
664141,612300
664179,1915000
664189,250000
664195,0
664201,1653600
664217,8000
664239,250000
664250,730000
664275,793800
664292,927000
664294,274600
664300,4359700
664309,171500
664317,343200
664320,450000
664345,200000
664360,402800
664381,831000
664395,855000
664411,520000
664416,1106600
664459,467200
664460,418000
664471,0
664483,323000
664490,629600
664504,492800
664535,0
664554,0
664611,692500
664640,150000
664646,1697000
664676,347500
664702,300000
664706,250000
664712,150000
664718,350000
664734,315600
664764,436500
664767,494500
664830,1576700
664858,50100
664862,695500
664866,0
664878,351100
664898,390000
664901,905000
664917,400000
664935,474400
664952,800600
664957,650000
664962,300000
664969,926500
664981,400000
664982,105000
664998,318500
665004,623400
665012,1779600
665018,400000
665024,340000
665032,342000
665034,550000
665055,0
665058,1111200
665081,3063100
665095,1640000
665098,712200
665105,2380000
665115,250000
665124,422000
665132,792800
665138,700000
665142,0
665196,958800
665223,0
665231,206200
665233,291000
665243,0
665256,127500
665270,3686500
665283,350000
665290,0
665304,0
665316,200000
665320,206000
665331,49500
665346,393000
665352,388600
665354,0
665366,445000
665370,489000
665373,247500
665400,872900
665425,450000
665440,476500
665449,142000
665457,561000
665469,150000
665487,294000
665488,3627400
665510,0
665520,150000
665558,408000
665561,0
665590,150000
665602,177000
665632,0
665652,735000
665677,2393200
665687,150000
665691,3189500
665706,588000
665716,214700
665739,8340000
665761,2376900
665769,2359300
665778,200000
665781,485000
665783,640100
665789,150000
665806,806000
665820,0
665822,100000
665839,400000
665845,195000
665887,262300
665894,631900
665901,150000
665906,495000
665920,308400
665924,354000
665980,253800
665981,115800
665988,1157900
666051,3074600
666066,0
666124,377500
666137,400000
666144,0
666151,0
666169,1197900
666225,405000
666232,454400
666241,874200
666249,649500
666271,0
666298,1248000
666318,672000
666327,0
666353,590000
666409,0
666429,200000
666438,522800
666455,230000
666469,200000
666520,76000
666560,2929500
666575,634500
666605,1650000
666648,2693500
666670,500000
666671,107500
666674,394900
666683,359800
666696,350000
666797,2585000
666845,700000
666916,0
666926,0
666943,248400
666949,1322000
666977,0
666984,400000
667002,598500
667084,131000
667104,203800
667126,350000
667141,300000
667151,0
667155,400000
667158,531500
667186,477000
667201,285000
667224,0
667275,0
667278,414200
667291,250000
667301,364500
667305,0
667311,225000
667353,203400
667382,0
667388,0
667394,1774000
667400,267000
667406,286000
667410,378000
667412,433000
667439,309000
667474,1347200
667503,188800
667506,300000
667529,0
667533,0
667541,150000
667553,140000
667554,848400
667557,450000
667568,350000
667579,88000
667585,0
667600,0
667621,0
667622,430000
667629,350000
667649,372200
667669,1068000
667728,2367200
667730,250000
667732,0
667764,535100
667795,334500
667812,1150000
667835,302400
667837,403500
667841,415000
667854,150000
667863,473800
667886,2289800
667906,0
667925,939000
667926,175000
667935,1867500
667990,133000
667991,0
667994,0
668042,1242000
668065,473400
668120,709600
668128,2582500
668157,150000
668166,200000
668168,0
668181,599000
668185,354700
668226,0
668284,267800
668318,333800
668325,70000
668343,1000000
668353,0
668356,150000
668371,874000
668411,300000
668428,41300
668444,250000
668447,150000
668472,7320300
668475,100000
668507,0
668565,307000
668584,0
668588,150000
668633,186800
668686,2064000
668693,0
668694,108000
668719,297300
668723,286700
668738,150000
668753,150000
668792,129000
668802,131600
668826,459000
668829,94800
668838,550000
668843,474800
668857,0
668859,250000
668861,400000
668879,500000
668902,231000
668906,381500
668923,0
668967,336000
668991,296200
669012,0
669121,405000
669135,476500
669136,2066700
669139,450000
669154,140000
669173,570400
669191,2907000
669199,150000
669205,546100
669209,295000
669212,150000
669213,1412500
669243,169100
669245,304800
669282,505800
669298,2403800
669299,110000
669328,0
669329,352400
669359,241700
669377,0
669391,300000
669411,300000
669480,1058500
669485,1889100
669498,106000
669549,450000
669551,1121100
669599,0
669621,600000
669640,672800
669659,1127000
669661,681500
669674,130000
669676,832500
669689,0
669692,1041000
669704,848100
669715,0
669753,750000
669782,0
669792,1233000
669797,247500
669821,185600
669832,150000
669849,0
669858,297300
669874,833300
669876,500000
669879,350000
669884,0
669889,1784100
669891,0
669913,977800
669921,1357500
669922,1553000
669925,0
669947,670400
669952,207300
669957,673400
669963,150000
669965,1588200
669991,0
670023,0
670046,306000
670067,429000
670079,450400
670089,162700
670107,0
670112,125000
670120,0
670129,0
670150,462100
670171,0
670173,338800
670180,0
670198,615000
670200,0
670204,150000
670206,383800
670212,300000
670213,522000
670274,670000
670297,0
670312,0
670321,350000
670323,150000
670340,736000
670351,142300
670358,200000
670391,130000
670401,345800
670425,400000
670466,150000
670475,200000
670479,0
670480,251000
670504,0
670505,3017500
670509,0
670521,0
670535,400000
670569,0
670586,500000
670599,0
670608,864300
670618,298900
670638,0
670641,177800
670674,583400
670686,240000
670688,440000
670695,0
670728,427800
670735,434200
670736,2094000
670746,549700
670755,591600
670760,0
670781,150000
670792,0
670800,370000
670807,295800
670821,1247100
670836,0
670838,0
670854,0
670894,350000
670898,20100
670905,750000
670911,0
670934,2668500
670942,260000
671004,447500
671068,2843300
671087,0
671089,1113600
671118,424300
671166,390000
671192,405000
671235,400000
671242,43200
671260,615300
671261,256300
671285,0
671309,372200
671317,152500
671356,400000
671417,0
671451,150000
671454,745500
671472,0
671474,0
671481,0
671513,420000
671525,473000
671535,438200
671542,4846100
671556,267700
671567,1000000
671572,0
671584,470800
671604,0
671607,450000
671609,439200
671636,0
671638,990500
671647,0
671678,0
671680,567500
671681,141800
671689,1150000
671699,322000
671704,469700
671755,408000
671775,150000
671789,130000
671836,771000
671858,400000
671863,0
671880,0
671905,224300
671908,697000
671979,252000
671980,150000
671994,315700
672012,0
672013,800000
672018,377900
672019,504300
672029,500000
672056,155000
672081,3702800
672123,5500000
672132,0
672165,150000
672210,400000
672224,150000
672245,0
672247,249500
672257,0
672262,300000
672273,1698500
672279,239300
672317,0
672319,350000
672328,508000
672336,304000
672374,315000
672416,7721200
672419,0
672449,500000
672487,219600
672498,586000
672503,357000
672531,697900
672535,600000
672539,1043800
672544,405000
672552,4350000
672564,0
672589,1172000
672619,260500
672639,489000
672642,0
672645,159000
672659,150000
672679,250000
672718,0
672719,105000
672732,335400
672741,442000
672744,150000
672748,300000
672766,0
672768,4781800
672797,296100
672799,447300
672829,1241500
672832,891600
672851,400000
672858,750000
672872,382500
672898,0
672901,0
672915,612000
672919,300000
672924,150000
672927,150000
672931,141900
672933,400200
672957,2339200
672958,0
672992,0
672998,176800
673037,885000
673050,215200
673051,130000
673060,532400
673065,782000
673067,1150500
673093,1035300
673127,350000
673152,250000
673153,0
673172,150000
673209,82500
673233,70000
673250,844000
673263,914500
673269,0
673278,427800
673320,0
673325,1050000
673389,900000
673409,252000
673420,0
673446,0
673502,200000
673586,354800
673589,150000
673631,0
673642,823500
673643,230000
673666,150000
673703,100000
673747,978600
673755,150000
673780,563800
673802,0
673826,913900
673847,464400
673853,1635500
673876,267500
673877,370000
673890,738000
673894,0
673900,1579300
673902,274500
673903,400000
673944,16710000
673948,246000
673965,325000
673992,450000
673999,0
674007,250000
674049,586400
674051,400000
674065,433200
674086,555000
674088,45000
674128,230000
674179,500000
674188,512000
674221,496500
674227,699500
674232,434000
674262,456400
674268,0
674269,0
674313,125000
674320,150000
674335,400000
674343,360000
674426,1062500
674430,297000
674474,218200
674475,0
674509,677500
674527,0
674529,809300
674570,198800
674588,250000
674595,1148700
674613,513400
674617,1900500
674618,120000
674622,0
674628,99400
674644,240000
674656,300000
674666,400000
674671,2247300
674676,337000
674678,347000
674691,287500
674700,396000
674716,200000
674737,2395000
674752,0
674760,2099500
674767,836800
674774,1477600
674781,398700
674798,516200
674802,418600
674810,290000
674821,1272200
674832,489700
674834,702900
674850,0
674862,190200
674873,1403500
674895,142100
674965,2504000
675000,0
675003,1760000
675007,472000
675015,250000
675017,300000
675031,203400
675081,415000
675083,0
675084,150000
675101,500000
675117,350000
675183,2084600
675199,792900
675230,0
675293,496000
675308,294400
675315,2461400
675346,118500
675353,363900
675366,145500
675389,622800
675458,316000
675461,640600
675464,2758500
675465,248000
675467,200500
675477,0
675483,150000
675491,0
675543,1200000
675626,144000
675640,212500
675641,400000
675650,150000
675661,872000
675692,0
675731,350000
675736,300000
675757,589800
675834,444000
675873,965100
675917,361600
675947,0
676012,350000
676023,0
676027,250000
676044,112000
676053,0
676070,250000
676168,70000
676199,350000
676204,685000
676246,70000
676251,0
676255,450400
676280,4744400
676293,300000
676327,0
676385,350000
676405,0
676416,225000
676419,81400
676437,224000
676457,0
676497,150000
676547,371800
676586,1138000
676588,0
676589,0
676666,421000
676672,0
676674,215000
676730,196500
676742,0
676748,470000
676781,0
676790,650000
676795,217200
676847,2646200
676865,1018500
676882,300000
676884,150000
676896,372000
676934,415000
676956,0
676971,424300
676992,142000
677029,650600
677035,400000
677087,422800
677106,950000
677130,0
677160,512300
677177,0
677213,350000
677228,484000
677253,200000
677258,892000
677276,2134100
677288,471900
677301,578000
677421,0
677446,0
677465,461000
677494,599000
677506,0
677513,348000
677620,0
677707,0
677741,531500
677753,199500
677759,471100
677764,195400
677765,1010000
677820,404000
677822,0
677830,117500
677850,330000
677858,0
677859,0
677882,350000
677886,1887000
677900,0
677904,1066400
677924,0
677963,0
677972,180000
677973,300000
677983,250000
678020,0
678027,0
678032,500000
678063,200000
678077,389400
678080,348500
678090,704200
678106,450000
678121,0
678124,209600
678152,0
678175,419500
678186,450000
678198,425500
678205,0
678245,200000
678293,170000
678300,400000
678317,0
678344,500000
678352,0
678390,0
678408,301000
678418,387500
678482,250000
678522,64500
678530,547200
678560,150000
678588,33000
678607,0
678627,117000
678801,521100
678819,392000
678825,650000
678850,120700
678854,418500
678885,276100
678940,300000
678966,0
678970,1139400
679013,303500
679018,0
679093,356000
679101,545000
679107,0
679129,200000
679180,764000
679186,1894300
679258,290800
679265,360000
679268,366100
679273,3963600
679289,450000
679310,150000
679329,471300
679352,277000
679357,658100
679361,352000
679387,802500
679410,337500
679432,280000
679435,0
679454,400000
679470,150000
679474,450000
679509,457500
679571,0
679584,0
679602,1443400
679611,450000
679661,499600
679680,460000
679711,0
679721,250000
679724,517900
679770,0
679847,603000
679860,95000
679865,395000
679870,629000
679876,0
679879,299000
679932,150000
679943,4530500
679950,250000
679961,529000
679989,0
679994,0
679996,510000
680034,220000
680058,497800
680091,144000
680101,1369700
680203,690000
680212,0
680233,250000
680247,0
680251,0
680259,307000
680294,196000
680312,150000
680335,212500
680391,0
680398,1716500
680444,150000
680456,150000
680495,200000
680533,573800
680562,143000
680577,328200
680607,0
680615,209000
680625,175000
680639,350000
680652,2163800
680668,168600
680673,441000
680685,0
680708,0
680736,595000
680776,646300
680814,350000
680887,440000
680889,0
680899,500000
680932,0
680935,400000
680963,300000
681004,784100
681033,100000
681076,438300
681079,165600
681126,0
681144,150000
681156,125000
681184,352800
681229,0
681245,500000
681248,458000
681252,280000
681273,490000
681284,0
681307,288000
681314,500000
681344,0
681355,400000
681356,0
681414,33600
681418,610000
681459,2571400
681468,350000
681473,904600
681486,876500
681501,0
681522,1053000
681531,460000
681569,150000
681586,357800
681602,150000
681624,150000
681654,299000
681686,135000
681701,643100
681726,446500
681748,350000
681753,150000
681791,35000
681800,1192000
681852,0
681864,481900
681893,600000
681911,0
681929,140000
681940,496800
681975,338000
681983,370000
682017,400000
682034,659500
682045,250000
682063,0
682104,1055700
682108,250000
682115,439600
682127,600000
682141,8232200
682180,237000
682193,852800
682220,204600
682274,575600
682285,675000
682311,199300
682343,150000
682347,400000
682354,155300
682442,749600
682464,250000
682491,340200
682502,398900
682526,501200
682530,150000
682531,372000
682534,0
682536,1142200
682575,290000
682581,2096500
682587,0
682615,500000
682618,200000
682643,441200
682662,0
682675,447500
682771,0
682772,3165700
682791,400000
682803,118000
682815,562000
682838,417500
682842,3109700
682850,350000
682855,279500
682879,0
682884,149000
682905,968900
682964,332300
682983,190000
683003,0
683051,379100
683067,1974800
683069,2172700
683100,0
683101,1168200
683103,98000
683124,0
683133,150000
683188,150000
683190,150000
683218,0
683221,981400
683227,0
683241,0
683262,514500
683312,0
683315,0
683372,400000
683393,1000000
683398,305000
683418,440000
683449,0
683451,95000
683464,1516200
683466,350000
683467,0
683487,250000
683491,1671700
683492,10000
683507,732900
683522,730000
683529,0
683608,1546200
683609,75000
683652,1069000
683691,3444600
683701,400000
683705,150000
683725,417500
683726,0
683756,0
683761,642000
683762,450000
683768,0
683790,405000
683808,150000
683818,0
683827,400000
683855,535000
683866,212300
683920,420000
683959,430500
683980,0
683996,400000
683999,60000
684121,0
684127,244000
684153,200000
684156,304900
684179,385000
684207,138000
684220,604100
684270,420000
684350,150000
684377,0
684385,89500
684394,300000
684402,0
684412,70000
684440,396000
684469,558000
684505,465600
684513,0
684539,70000
684543,150000
684555,2300100
684565,240000
684575,311600
684580,0
684587,511000
684613,3295400
684624,850000
684635,500000
684655,0
684663,941700
684682,314100
684690,200000
684744,150000
684757,400000
684761,0
684786,166800
684804,0
684809,2901100
684819,350000
684898,180000
684965,449400
684974,1634200
685022,64000
685026,1053300
685055,115000
685056,0
685120,442700
685126,550000
685142,158000
685168,616800
685188,0
685216,0
685258,0
685264,250000
685266,354000
685270,519000
685285,300000
685287,0
685297,117300
685312,213000
685336,155000
685340,470900
685352,400000
685391,240000
685394,373500
685440,150000
685452,0
685462,450000
685479,1006500
685496,0
685518,551000
685523,300000
685534,715600
685540,439000
685612,550000
685679,1213500
685694,565800
685703,0
685727,1582400
685750,0
685752,0
685798,461700
685843,526200
685865,418200
685872,309300
685889,885000
685937,150000
685946,350000
685957,826900
685959,0
685987,400000
685997,0
686003,2860800
686012,74500
686045,200000
686109,1000000
686113,130000
686147,450000
686149,655200
686227,297500
686233,2211900
686243,450000
686253,550000
686288,428800
686320,447700
686330,350000
686345,400000
686370,150000
686400,352700
686524,0
686555,0
686566,212500
686592,372800
686597,1887500
686603,16610400
686604,499000
686627,500000
686630,329500
686642,465000
686667,350000
686668,665500
686673,0
686674,2190000
686675,0
686688,2634100
686710,0
686715,146900
686727,0
686732,634500
686756,1602000
686765,705800
686805,400000
686912,482800
686921,152900
686923,460800
686931,0
686934,0
686952,1463500
686960,562400
687005,0
687012,247500
687019,457000
687021,0
687032,0
687056,1260100
687068,99600
687078,740400
687110,960000
687148,1000600
687152,370000
687158,555000
687191,1997400
687193,0
687195,348300
687200,450000
687238,0
687253,400000
687293,450000
687311,622900
687314,709000
687329,90400
687349,500000
687363,508000
687372,161500
687376,0
687399,378900
687405,200000
687409,9996100
687431,267600
687432,200000
687448,1755200
687460,0
687483,350000
687534,350000
687535,0
687595,0
687629,400000
687639,0
687657,400000
687670,100000
687676,0
687685,0
687704,300000
687731,0
687735,1500
687746,386000
687751,300000
687757,800000
687768,250000
687798,7613000
687812,330000
687826,377100
687830,0
687842,0
687855,680000
687877,1555400
687913,0
687917,350000
687939,620600
687962,0
687963,350000
688037,606000
688048,430200
688077,492500
688130,1500300
688135,0
688223,0
688255,422400
688303,2697600
688362,457000
688387,0
688397,350000
688400,467500
688429,350000
688435,1227100
688499,0
688562,2201000
688570,0
688588,150000
688647,400800
688663,0
688664,341000
688723,475000
688778,150000
688808,550000
688830,380000
688853,207000
688872,150000
688899,0
688907,750000
688921,1489900
688923,600800
688930,350000
688938,0
688984,430000
688988,0
689009,0
689020,230000
689072,726500
689082,362100
689090,750000
689124,0
689213,350000
689232,600000
689356,1741500
689390,120000
689394,365000
689414,204000
689429,0
689434,0
689453,453200
689457,543300
689486,905500
689527,0
689550,0
689566,250000
689579,501800
689581,200000
689678,170000
689691,100000
689714,633600
689727,0
689728,649700
689754,502500
689757,165400
689766,150000
689781,120000
689799,382000
689811,350000
689877,239000
689908,120000
689910,400000
689914,12550600
689961,331000
689970,289700
689988,685500
690057,450000
690066,350000
690088,0
690092,400000
690094,590000
690104,139500
690116,430200
690133,358000
690163,750000
690198,0
690201,150000
690244,0
690245,224400
690248,345500
690263,5145300
690266,67500
690272,1068600
690273,276000
690285,480000
690328,1050000
690332,500000
690348,1339300
690400,360000
690403,972500
690414,142000
690437,350000
690444,1408000
690446,367200
690468,300000
690490,0
690589,344000
690593,1651200
690599,579700
690684,400000
690691,612000
690759,525000
690763,177400
690768,2619200
690776,1505500
690805,451700
690827,512400
690868,319900
690877,680000
690885,417300
690926,92800
691087,350000
691110,381500
691125,0
691137,120000
691210,450000
691216,0
691236,400000
691252,210000
691272,0
691301,248800
691409,0
691430,0
691472,93400
691475,1006000
691507,456000
691530,274000
691531,1104000
691588,574500
691643,5733400
691723,207500
691727,212000
691733,1796200
691748,207500
691771,445000
691799,250000
691803,557500
691862,1015900
691882,367500
691917,0
691962,806200
691966,150000
691973,753000
691989,0
692020,0
692175,440000
692178,1381900
692188,1269000
692249,125200
692254,250000
692267,400000
692323,0
692331,0
692342,282000
692347,450000
692357,634000
692371,350000
692382,7780400
692431,812000
692433,4163100
692448,0
692452,0
692479,218400
692494,6339900
692496,350000
692520,7515300
692536,900000
692565,450000
692574,1925900
692604,652000
692640,0
692647,0
692650,1346400
692659,0
692660,85000
692677,804700
692680,400000
692702,304800
692707,318000
692715,240000
692748,430300
692771,527800
692859,750000
692881,0
692893,75000
692916,0
692947,770700
692987,250000
692990,490000
692994,125000
693058,990000
693067,0
693079,400000
693080,150000
693101,80000
693104,0
693105,565300
693133,0
693166,145000
693207,0
693240,1828300
693265,350000
693317,162600
693319,0
693336,100000
693357,360700
693369,0
693429,409600
693448,205000
693492,568000
693556,350000
693570,350000
693581,70000
693586,435500
693640,150000
693654,604500
693675,781300
693724,200000
693837,72000
693872,792000
693900,775200
693904,400000
693913,488200
693924,6505600
693941,0
693958,1000000
693972,288800
693981,0
693995,74800
694023,1040800
694029,2466200
694087,440200
694099,495000
694110,515800
694199,0
694200,466600
694205,474300
694220,450000
694240,450000
694257,840900
694315,0
694327,0
694338,297000
694352,1000000
694376,0
694377,1875000
694457,3181600
694458,937000
694460,673000
694471,350000
694472,0
694488,871500
694530,269000
694562,350000
694585,592800
694603,275000
694605,0
694655,150000
694657,442800
694662,53000
694669,4308300
694697,315000
694722,200000
694759,985000
694807,579000
694809,561400
694827,350000
694871,368400
694918,1160800
694962,497500
695002,374500
695019,5125200
695035,400000
695058,1647200
695079,1254400
695089,0
695099,590000
695137,125000
695161,1201200
695241,0
695256,250000
695282,0
695312,9333000
695341,400000
695359,150000
695362,0
695365,0
695379,593600
695394,686400
695406,888000
695475,0
695514,135000
695525,0
695622,500000
695632,858000
695647,748000
695740,85000
695767,523000
695796,0
695842,364000
695848,399500
695864,150000
695902,279500
695905,200000
695948,209800
695976,9296200
696005,450000
696040,399000
696084,441000
696098,185500
696111,200000
696142,1029000
696210,0
696222,150000
696267,438000
696326,987700
696391,34300
696398,708900
696489,0
696513,523500
696552,150000
696559,394000
696573,472200
696628,0
696647,350000
696698,322500
696709,300000
696746,199600
696747,607500
696770,3367400
696772,500000
696776,2516500
696786,1189900
696794,0
696830,0
696883,640000
696904,0
696906,2552100
696960,0
696978,0
697009,366000
697013,80000
697028,0
697041,148000
697052,1610200
697069,600000
697085,0
697102,535000
697111,292000
697135,241400
697144,200000
697163,1496200
697169,956400
697211,1838000
697241,150000
697265,0
697299,333500
697333,350000
697338,92500
697383,0
697446,600000
697465,558400
697518,2475900
697524,0
697537,600000
697550,120000
697572,0
697590,482000
697591,1260000
697608,800000
697638,0
697640,0
697643,0
697649,4089000
697655,350000
697679,0
697696,1001700
697709,1361000
697725,148000
697769,832800
697823,2752500
697825,535500
697833,88000
697836,766500
697850,450000
697894,350000
697933,250000
697938,140400
697949,199500
697966,200000
697968,0
698006,0
698012,404900
698026,250000
698042,0
698067,686000
698095,207000
698119,641900
698145,0
698234,267000
698266,1515400
698269,415000
698288,673100
698334,720700
698343,450000
698355,0
698404,354000
698411,400000
698419,804500
698429,739000
698455,147300
698464,445000
698465,143400
698502,0
698507,0
698539,499200
698638,0
698643,300000
698651,958200
698666,0
698683,150000
698700,0
698755,0
698771,389900
698772,881000
698829,150000
698840,150000
698846,744100
698879,300000
698910,120000
698926,332500
698929,500000
698973,161700
699050,523700
699059,108000
699068,624900
699110,1587600
699183,350000
699187,0
699239,504900
699249,114000
699361,109500
699395,398600
699414,150000
699441,150000
699460,1306200
699518,1303100
699571,0
699583,300000
699598,0
699599,150000
699625,1387300
699647,350000
699666,0
699722,150000
699739,6000
699766,350000
699773,0
699782,0
699784,5344900
699809,426900
699820,0
699846,255400
699861,0
699866,0
699867,2645000
699903,0
699905,450000
699916,0
699931,262000
699933,1052000
699935,0
699946,0
699954,700000
700008,150000
700018,287800
700041,495000
700064,1306500
700074,402500
700075,222000
700114,0
700116,385500
700131,0
700136,350000
700149,160000
700164,504000
700179,350000
700185,300000
700226,200000
700248,190000
700250,250000
700268,150000
700292,0
700305,411400
700320,304000
700325,150000
700353,954600
700366,1180800
700427,150000
700442,0
700458,1065200
700502,621500
700516,445000
700533,344000
700541,1082400
700573,220000
700583,256900
700589,75000
700609,500000
700613,1169000
700617,191300
700619,315500
700626,1651400
700660,291000
700667,0
700702,2905400
700772,435500
700782,125000
700790,236000
700815,0
700830,135000
700856,0
700869,4715700
700916,489000
700971,450000
700977,0
701062,763000
701068,500000
701086,1641000
701112,346000
701120,2150000
701129,552000
701154,397400
701176,150000
701179,4612500
701196,2688500
701215,600000
701245,482400
701270,850000
701294,0
701325,0
701328,370200
701331,445100
701345,216000
701378,0
701431,0
701451,277000
701505,108000
701513,0
701545,60000
701607,320200
701652,487400
701681,600000
701731,564300
701858,0
701871,312000
701913,249500
701953,0
701964,350000
701991,7335200
702025,424900
702032,297500
702033,352000
702044,537900
702085,400000
702095,186700
702098,190500
702117,0
702121,150000
702145,570000
702170,80000
702243,571200
702312,1289500
702343,155000
702353,400000
702358,450000
702369,5446100
702416,0
702521,300000
702537,3709900
702539,4985900
702556,291500
702586,0
702603,0
702604,300000
702648,126500
702650,480800
702655,250000
702689,638000
702762,200000
702769,1000000
702797,182900
702815,350000
702823,150000
702824,1028000
702879,52400
702892,270100
702908,0
702924,432000
702929,345600
702972,1618000
702985,454000
702988,0
702989,418500
703005,17500
703036,300000
703041,400000
703048,413900
703066,1077400
703118,217000
703158,0
703178,400000
703200,400000
703215,70000
703226,599300
703255,0
703261,189000
703297,0
703355,650000
703358,589000
703384,602100
703508,172000
703510,0
703528,295000
703532,566000
703602,1364000
703617,415000
703634,2882800
703637,420000
703644,437300
703647,300000
703656,0
703661,150000
703682,0
703684,243200
703687,0
703688,0
703699,637000
703703,1716600
703707,70000
703713,150000
703720,305400
703731,250000
703742,0
703755,250000
703764,294000
703777,360000
703790,0
703793,2421200
703825,456000
703838,7498500
703851,150000
703876,1208700
703896,743100
703911,1192400
703920,267000
703981,341800
704038,350000
704047,1342000
704077,510800
704081,0
704153,450000
704199,0
704219,1160800
704271,90000
704313,150000
704347,0
704355,350000
704367,693000
704432,280600
704486,0
704494,545000
704512,546500
704518,0
704525,250000
704575,0
704583,107200
704592,315000
704606,150000
704648,300000
704649,140000
704667,0
704678,157500
704684,1590700
704689,8800
704695,0
704741,450000
704752,0
704777,231000
704786,450000
704795,0
704808,719800
704827,300000
704838,0
704865,229000
704893,250000
704902,450000
704942,411600
704970,0
704973,1894300
704978,165500
704985,516000
705036,650000
705089,430000
705103,400000
705137,0
705161,70000
705219,305000
705228,296200
705245,0
705250,0
705252,0
705253,907500
705265,400000
705269,0
705312,1755000
705326,295200
705328,0
705354,350000
705386,200000
705394,400000
705424,720000
705485,150000
705495,200000
705497,150000
705508,0
705515,0
705540,416800
705560,500000
705561,350000
705579,0
705583,0
705608,342000
705626,350000
705669,130000
705673,0
705699,269700
705766,235900
705777,778800
705780,513200
705781,435000
705784,0
705791,300000
705799,365000
705801,140000
705803,472000
705828,494100
705976,517800
705984,35000
705990,0
706004,109200
706013,668800
706022,489000
706025,112500
706067,738900
706070,0
706106,1537200
706157,150000
706173,200000
706202,229900
706211,400000
706245,150000
706262,0
706276,197000
706314,3353000
706316,316100
706386,643500
706409,93000
706410,0
706485,3151400
706494,3018200
706642,1590400
706751,0
706756,200000
706766,508900
706790,0
706794,7000900
706796,345500
706817,434000
706898,0
706907,52500
706930,190300
706950,992000
706990,0
706995,0
706999,450000
707019,384000
707021,150000
707022,146300
707056,0
707080,300000
707087,420000
707093,430400
707106,374600
707129,747900
707140,150000
707151,345000
707175,578000
707196,250000
707217,3765900
707254,2004000
707324,175000
707342,0
707348,261500
707351,0
707353,300000
707369,517300
707381,987400
707413,2450100
707415,10095000
707470,450000
707494,0
707500,916200
707510,679700
707515,0
707525,382000
707546,200000
707601,1188700
707627,262500
707676,400400
707686,0
707688,42000
707692,2100700
707695,244000
707703,690000
707752,150000
707760,350000
707762,1389800
707772,400000
707781,600000
707792,0
707805,1636400
707815,582000
707830,360000
707851,650000
707855,318500
707862,250000
707864,93000
707872,310000
707883,432500
707923,562000
707936,200000
707937,0
707945,0
707961,1136800
707966,150000
707971,945500
707974,382500
707997,1718100
708010,340200
708018,433500
708035,876000
708052,0
708106,336600
708114,400000
708116,1100400
708151,0
708153,39200
708178,0
708251,0
708296,0
708304,472000
708324,286700
708343,400000
708355,0
708372,2424800
708373,700000
708398,762300
708426,0
708442,175000
708475,579600
708496,600000
708502,1235300
708507,402500
708524,445000
708564,500000
708640,120000
708679,49400
708680,0
708684,0
708764,0
708781,396700
708786,150000
708819,300000
708834,0
708842,300000
708862,107800
708886,310500
708966,0
708979,1623000
709019,1000000
709032,759500
709034,344800
709070,0
709102,413200
709104,0
709106,0
709113,1123000
709116,70000
709120,350000
709145,520000
709154,546000
709201,0
709217,384000
709224,309500
709258,150000
709261,0
709268,0
709270,1993600
709307,157000
709320,323100
709344,328900
709365,500000
709383,436400
709394,621300
709400,515800
709411,450000
709437,0
709448,204500
709450,300000
709469,210400
709476,705300
709479,194100
709480,119000
709490,7056000
709494,1056800
709500,650000
709503,404900
709516,499000
709524,470000
709529,768000
709555,462300
709572,424300
709574,400000
709619,337200
709642,0
709655,350000
709656,403800
709675,700000
709707,520000
709719,0
709785,532100
709837,847900
709840,2062500
709858,0
709896,250000
709897,197500
709915,1410000
709948,250000
710003,2101000
710030,1165400
710063,250000
710084,3496900
710095,3721200
710097,290000
710114,350000
710124,0
710133,0
710134,500000
710155,354800
710173,400000
710185,478800
710188,450000
710194,0
710198,0
710213,1381000
710225,880000
710235,304000
710267,245000
710282,100000
710308,350000
710319,188000
710326,658100
710358,772500
710385,200000
710388,0
710400,326000
710407,910000
710421,400000
710443,530000
710444,107500
710453,3700000
710471,0
710500,321400
710511,81000
710519,300000
710532,418500
710539,0
710575,0
710586,427900
710592,500000
710647,178600
710659,396500
710662,752400
710671,0
710703,0
710714,250000
710716,0
710749,0
710821,642300
710837,539700
710848,378900
710852,833400
710860,0
710918,500000
710984,384000
710989,0
710992,150000
710995,0
711022,3821000
711140,0
711166,0
711176,2041000
711194,2657800
711224,1241300
711325,150000
711350,250000
711388,420200
711436,1402100
711452,418500
711483,227000
711511,0
711540,590000
711545,200000
711558,145500
711566,1412800
711581,1096900
711593,150000
711603,0
711655,0
711672,0
711692,586000
711758,450000
711774,253700
711793,0
711804,450000
711821,538400
711825,449000
711857,350000
711868,0
711875,5076200
711903,400000
711921,178000
711936,312900
711949,145000
711968,1228200
712003,463000
712019,0
712037,0
712055,3806000
712131,472000
712178,197000
712186,350000
712262,1300000
712274,0
712294,917100
712301,430000
712305,108800
712318,125700
712323,391800
712337,64000
712396,300000
712405,0
712406,0
712417,480000
712429,0
712444,0
712499,10225800
712500,0
712505,636000
712509,677700
712527,342100
712549,500000
712571,350000
712583,2335100
712600,0
712618,1501200
712655,297500
712659,515900
712695,330000
712734,0
712740,400000
712768,150000
712811,377600
712815,180000
712840,188800
712847,0
712853,4025400
712860,400000
712929,400000
712961,9278100
712979,0
712996,0
713049,6081100
713082,0
713101,0
713109,1303500
713135,362000
713149,500000
713153,2142000
713198,0
713206,0
713208,237500
713211,350000
713251,0
713285,0
713289,336000
713294,150000
713305,283900
713310,0
713354,450000
713412,350000
713422,1289400
713459,640000
713478,1596800
713537,213800
713577,300000
713586,150000
713625,0
713638,325000
713653,1505000
713688,680500
713694,4633400
713711,448000
713737,0
713738,3057700
713777,405000
713781,322700
713822,163000
713824,136300
713907,350000
713924,170000
713969,400000
714000,118000
714026,200000
714043,528600
714050,0
714083,600000
714085,47200
714088,190000
714109,0
714150,0
714170,761200
714184,360000
714190,1430000
714193,450000
714231,0
714253,1761000
714266,0
714267,200000
714268,713100
714358,150000
714364,467500
714375,140000
714383,150000
714385,500000
714387,1102500
714441,350000
714454,391000
714479,302500
714492,731000
714497,0
714505,656600
714528,167000
714595,351500
714619,431000
714626,264000
714628,612000
714681,250000
714691,428500
714708,0
714716,300000
714745,600000
714767,3884600
714775,520000
714813,150000
714845,70000
714863,650000
714867,372200
714876,142000
714916,0
714988,436500
714995,3807700
715010,390500
715022,480300
715026,200000
715033,450000
715039,352900
715045,0
715056,150000
715073,0
715077,0
715095,397000
715103,397300
715112,0
715157,70000
715168,357900
715174,3004800
715188,250000
715206,0
715209,650000
715348,420900
715367,1958000
715383,300000
715408,5034500
715455,0
715475,150000
715491,300000
715540,0
715561,734600
715583,879900
715606,150000
715642,490600
715653,0
715662,317000
715670,0
715678,200000
715702,5308000
715720,0
715746,770200
715750,565600
715758,463900
715765,0
715787,250000
715791,353000
715798,0
715807,198000
715812,330400
715830,423000
715866,1342400
715877,600000
715895,1313200
715928,192800
715936,300000
715939,1360800
715947,268000
715952,1049800
715966,390000
715970,1212000
715990,350000
715994,0
716003,534300
716016,0
716018,0
716026,0
716034,1720600
716035,166000
716037,109400
716053,0
716071,145000
716096,1064000
716149,446200
716151,488100
716155,0
716159,195000
716169,474000
716174,0
716207,0
716243,211500
716250,424000
716287,78500
716292,0
716337,0
716342,300000
716349,0
716353,381600
716365,939500
716376,0
716381,1145400
716407,518800
716409,8895300
716441,408800
716449,231000
716457,70000
716459,65700
716468,186900
716470,142000
716472,3708200
716498,0
716517,110000
716525,200000
716565,478700
716573,0
716576,0
716578,197000
716589,387000
716609,0
716615,0
716624,4540000
716625,0
716627,5989700
716629,450000
716645,283500
716680,0
716696,0
716719,627000
716723,550000
716731,0
716755,261800
716758,278500
716774,120000
716776,213000
716778,150000
716797,174300
716807,400000
716813,756000
716814,0
716817,450000
716849,0
716868,0
716871,0
716883,2040000
716892,1005500
716896,0
716914,830000
716924,724300
716932,1086800
716957,450000
717002,286100
717023,0
717045,1484200
717052,450400
717068,1393100
717070,0
717086,492000
717087,400000
717104,853500
717113,0
717116,844000
717126,600000
717149,450000
717172,474800
717177,933600
717201,300000
717218,250000
717228,0
717234,800000
717264,7696900
717290,370000
717322,0
717326,261900
717346,0
717355,0
717365,663000
717367,324000
717373,550000
717384,0
717436,0
717494,288000
717502,1338000
717522,490000
717563,3548500
717585,500000
717598,0
717609,150000
717610,616700
717651,381500
717698,639100
717722,150000
717735,1258500
717740,495000
717753,250000
717763,0
717764,187200
717787,411500
717789,300000
717790,905100
717796,0
717825,525000
717826,0
717838,206400
717839,0
717856,824500
717863,150000
717877,0
717888,0
717893,184600
717929,400000
717947,1105600
717979,0
717996,0
718019,450000
718032,570800
718037,1084000
718064,150000
718105,200000
718141,200000
718152,317500
718161,0
718183,0
718201,403500
718253,521100
718287,856800
718294,303400
718344,350000
718362,295000
718365,3332500
718366,3467500
718369,400000
718389,0
718404,100000
718422,127400
718424,7200000
718429,0
718439,1586400
718454,500000
718476,0
718504,0
718505,167900
718590,714000
718612,3593600
718620,261000
718648,300000
718693,674500
718695,343100
718735,434000
718741,350000
718746,650000
718758,272000
718779,150000
718793,163000
718827,963600
718843,767900
718860,0
718880,0
718885,150000
718887,742200
718901,400000
718911,1291300
718965,709500
718971,407000
718995,325000
719011,0
719050,256700
719081,281600
719083,1138800
719088,250000
719092,97000
719125,643100
719145,0
719146,525000
719157,0
719220,150000
719230,1476000
719258,720000
719264,0
719293,157300
719298,300000
719309,450000
719315,400000
719322,0
719326,530000
719331,0
719349,1175000
719353,177900
719356,9957500
719378,1132800
719388,2969600
719401,3080500
719407,467500
719453,400000
719464,300000
719531,550000
719547,798000
719567,4151900
719572,0
719582,0
719585,350000
719596,300000
719612,296900
719622,1492400
719640,12340400
719646,1106400
719662,0
719683,330400
719684,969000
719687,67500
719700,0
719703,2176300
719715,7029200
719721,0
719745,600000
719779,3182500
719786,0
719793,350000
719821,240000
719828,585600
719839,246000
719886,236500
719911,5211400
719927,801700
719972,820000
719982,543800
720022,262500
720038,0
720059,140000
720079,782300
720088,1705200
720091,350000
720114,410000
720165,0
720172,520500
720187,0
720208,368500
720210,665400
720214,150000
720218,707800
720225,150000
720233,280000
720248,1276000
720253,1502000
720263,335000
720290,129600
720294,455000
720343,0
720388,1379500
720392,160000
720416,0
720497,863000
720509,445500
720513,15000
720515,435000
720538,360000
720568,295200
720596,0
720622,300000
720643,320000
720646,120000
720680,1495500
720687,300000
720718,0
720728,0
720731,30000
720732,400000
720754,365000
720756,471600
720757,1175000
720761,350000
720765,472000
720771,784000
720775,400000
720783,0
720799,332000
720809,329000
720816,400000
720822,0
720832,400000
720841,0
720847,176000
720855,250000
720866,435200
720875,0
720916,0
720928,180000
720933,240000
720936,2006400
720956,48300
720957,45000
720973,1078500
721027,150000
721032,150000
721044,1371000
721054,247000
721123,150000
721147,1693800
721155,1484800
721167,1188000
721191,238800
721275,0
721388,5123700
721390,734600
721393,800000
721400,600000
721411,500000
721430,901000
721444,148000
721466,0
721479,0
721506,5135100
721517,400000
721553,0
721587,346000
721608,0
721610,4676800
721626,750000
721660,0
721663,573000
721668,539100
721669,350000
721679,315000
721702,350000
721714,350000
721725,1068200
721727,740200
721736,1271800
721766,350000
721797,410000
721815,2761000
721849,450000
721910,0
721937,445000
721949,250000
721955,506000
721969,4100700
721979,0
721981,500000
721986,1129500
722013,210400
722014,211500
722022,221000
722042,667300
722052,492000
722057,777500
722067,0
722086,0
722097,1220200
722142,0
722172,435000
722181,332500
722190,402800
722193,0
722269,206500
722282,250000
722297,1457200
722302,315000
722304,0
722312,367000
722313,250000
722391,350000
722399,350000
722421,152900
722444,450000
722447,130000
722468,549000
722474,500000
722491,0
722494,450000
722502,0
722503,155000
722527,0
722533,0
722546,200000
722556,1450000
722560,300000
722579,400000
722591,809000
722602,0
722605,36642800
722620,484200
722624,0
722626,0
722633,522500
722640,436100
722647,6662300
722649,1872400
722659,600000
722674,1347200
722693,165000
722714,350000
722716,200000
722721,350000
722740,350000
722749,332500
722751,286200
722764,350000
722778,350000
722789,178000
722790,480500
722795,290000
722802,0
722855,795500
722869,434200
722870,1730000
722881,0
722890,150000
722900,550000
722927,265200
722928,305600
722945,599700
722968,500000
722974,350000
722976,500000
722980,500000
722983,500000
722994,500000
723020,581400
723025,608800
723048,0
723065,0
723085,0
723089,600000
723093,2999400
723138,350000
723148,204000
723149,350000
723218,312200
723229,469800
723235,46900
723243,480000
723248,0
723249,514500
723250,209600
723295,0
723314,260800
723330,739000
723336,141300
723344,398000
723394,0
723433,500000
723448,374800
723471,1386000
723478,500000
723479,392300
723522,0
723546,350000
723548,628000
723551,0
723560,70000
723600,450000
723615,170000
723620,350000
723621,2854900
723643,0
723661,4575500
723663,1337900
723713,1979100
723727,222000
723728,3965800
723783,0
723796,1575000
723803,800000
723822,3576000
723848,4084000
723850,400000
723884,0
723910,295000
723913,4200
723918,1678000
723931,0
723934,46005500
723955,471000
723970,212200
723973,0
723978,181200
723981,350000
723984,403600
724009,0
724019,520400
724053,477700
724061,795000
724072,171400
724073,850000
724074,209900
724085,600000
724095,0
724137,505000
724148,1053400
724189,0
724192,916900
724211,413000
724226,120000
724259,892000
724276,709200
724292,1086000
724293,0
724295,432000
724298,490000
724305,285000
724331,284500
724340,62500
724344,450000
724345,350000
724350,168000
724379,0
724396,1929000
724402,262500
724405,322400
724411,0
724436,400000
724471,209600
724497,2843200
724520,1678600
724521,200000
724547,242500
724559,500000
724566,150000
724569,142000
724645,295000
724651,350000
724669,320000
724671,434400
724677,5485400
724686,500000
724689,500000
724703,600000
724706,347800
724721,1007600
724728,514500
724803,341400
724807,4362500
724820,142500
724855,15000
724865,0
724882,165900
724885,514700
724898,180000
724919,0
724933,315000
724960,1050000
724974,0
724980,436500
724993,195000
725001,0
725065,741100
725073,0
725083,70000
725084,521500
725088,450000
725095,150000
725098,0
725127,556500
725132,292500
725172,250000
725202,202300
725227,450000
725237,0
725243,117000
725254,0
725264,400000
725273,350000
725289,0
725298,400000
725301,268000
725362,250000
725395,59500
725438,0
725448,353900
725455,0
725478,3298500
725486,0
725513,346400
725533,399500
725541,240900
725545,0
725551,0
725552,145000
725567,136000
725590,0
725617,280000
725620,0
725639,177400
725651,544400
725657,240000
725661,0
725663,200000
725693,650000
725719,328200
725740,272000
725742,0
725764,994000
725769,200000
725771,495000
725777,120000
725779,0
725782,1671100
725805,508100
725862,550000
725877,0
725881,140000
725885,0
725925,0
725989,400000
726005,0
726006,470800
726016,418000
726020,600000
726032,200000
726041,290000
726046,152500
726070,213200
726078,250000
726090,350000
726104,350000
726121,546100
726139,550000
726210,930000
726226,150000
726236,450000
726296,250000
726334,70400
726369,250000
726373,0
726375,0
726383,225000
726388,624000
726393,1078000
726404,24103400
726408,196000
726421,350000
726445,927200
726475,364500
726516,1092300
726521,62400
726523,400000
726539,0
726545,289000
726576,470000
726592,0
726594,350000
726595,150000
726599,150000
726628,340000
726647,0
726652,420400
726666,1212000
726755,288400
726767,1692000
726772,0
726850,565300
726869,754500
726889,151000
726897,247500
726899,0
726913,0
726921,350000
726925,1936500
726946,682500
726979,288600
726991,510000
727000,80000
727015,900600
727021,243500
727027,367900
727037,802300
727062,150000
727075,0
727085,439600
727091,400000
727105,150000
727130,0
727133,367200
727141,505000
727153,1057000
727170,0
727179,0
727197,483400
727214,200000
727226,636000
727236,400000
727237,0
727240,263000
727241,370000
727255,260000
727257,376500
727277,14362300
727288,197000
727292,120000
727304,400000
727309,556200
727329,770000
727330,871000
727331,500000
727337,750900
727355,835200
727375,150000
727380,1000000
727387,250000
727403,196000
727407,0
727427,0
727438,0
727451,300000
727453,1557200
727456,1321200
727459,0
727474,370500
727485,150000
727490,650000
727492,590000
727501,661800
727503,420000
727510,300000
727567,280000
727614,716200
727624,1045000
727625,172500
727632,0
727634,150000
727643,575200
727675,550000
727686,0
727689,0
727702,1457900
727705,0
727715,441700
727726,94800
727733,207500
727749,1268200
727754,239500
727763,873100
727780,453600
727800,1500000
727836,2893600
727889,514000
727891,400000
727982,315000
728001,306500
728018,325000
728032,0
728039,1045600
728075,150000
728097,500000
728104,18815800
728127,1258000
728133,1377000
728179,513800
728181,1036900
728195,266000
728229,0
728230,350000
728232,1272000
728264,0
728275,147600
728282,400000
728291,0
728298,452000
728304,200000
728331,175000
728341,0
728354,450000
728388,472900
728412,689500
728417,233900
728443,290000
728470,782800
728471,1139200
728494,352800
728505,402500
728515,1895300
728542,0
728576,6102000
728581,1140800
728592,7407700
728604,278700
728606,182500
728641,200000
728655,1719600
728672,200000
728747,350000
728751,1571600
728795,0
728822,150000
728838,250000
728886,860000
728918,450000
728932,821800
728933,0
728938,542000
728960,640900
728963,247000
728967,225000
728990,373500
729014,450000
729015,400000
729018,400000
729030,842900
729039,0
729060,570000
729081,861600
729106,523800
729113,450000
729119,148000
729138,800000
729194,400000
729197,160000
729198,150000
729199,469300
729227,150000
729241,0
729277,699500
729289,1285500
729294,1309100
729307,125000
729312,530400
729323,326000
729331,360000
729362,274200
729426,633500
729460,0
729491,1497300
729520,295000
729527,3742500
729564,526200
729568,250000
729599,0
729665,101000
729698,462000
729744,532500
729765,350000
729771,0
729788,8217500
729791,329200
729793,1328500
729819,371300
729848,350000
729856,0
729869,604000
729877,650000
729883,843800
729887,0
729911,433700
729925,523000
729942,0
729945,840000
730013,340000
730018,212600
730023,1210600
730029,273100
730046,1183600
730061,494500
730062,529300
730115,229900
730154,0
730157,980000
730158,300000
730173,887700
730184,1350000
730220,60000
730231,0
730248,273000
730260,897200
730261,497800
730263,269000
730278,0
730279,634900
730294,0
730308,350000
730312,0
730360,452500
730377,460800
730382,850000
730407,150000
730431,548100
730484,450000
730486,6596300
730498,150000
730506,380600
730575,546800
730600,0
730603,4174300
730604,2123000
730611,350000
730635,150000
730704,520000
730733,884900
730745,306000
730750,1065000
730796,0
730797,931000
730801,0
730845,0
730857,180000
730899,1000000
730901,275000
730905,472000
730921,150000
730949,8522400
730966,160000
730974,450000
730976,1591000
730981,1341500
730987,1308600
731033,0
731063,0
731074,0
731086,1464200
731107,300000
731120,358500
731134,450000
731142,63000
731162,1464000
731163,0
731174,250000
731179,140000
731226,70000
731241,905300
731256,0
731286,2300000
731297,2272500
731302,323500
731307,0
731311,150000
731353,350000
731365,0
731385,0
731390,284000
731391,539500
731398,0
731415,70000
731425,0
731435,341000
731437,500100
731457,385000
731485,357800
731486,499300
731488,417500
731494,145000
731512,665100
731515,694400
731529,229200
731549,350000
731586,0
731619,365000
731624,0
731633,641900
731645,1614800
731658,0
731662,994200
731670,0
731677,793900
731680,0
731690,1099600
731729,813000
731734,450000
731786,267600
731806,360500
731815,684000
731820,289900
731821,475000
731832,450000
731836,0
731838,412000
731877,150000
731884,142000
731890,0
731905,1178100
731917,272200
731922,600000
731938,272000
731939,10277200
731941,302500
731954,255000
732017,397500
732028,430000
732069,369000
732083,2375900
732102,565300
732112,0
732115,0
732131,250000
732140,446000
732145,140000
732149,0
732174,279400
732181,150000
732187,0
732203,779800
732231,450000
732238,0
732254,225000
732278,0
732285,1406000
732287,0
732315,0
732318,300300
732325,500000
732329,0
732331,92000
732339,128600
732348,450000
732353,350000
732354,523500
732355,220000
732402,450000
732409,0
732418,234800
732421,497000
732437,650000
732459,58000
732522,320000
732532,5604500
732550,564700
732565,629200
732581,0
732628,526800
732636,222800
732653,1493000
732661,0
732770,380000
732820,57600
732834,1177400
732851,779000
732861,750000
732872,671000
732878,124500
732934,0
732936,300000
732940,140000
732954,0
732981,0
732985,55500
732998,0
733022,400000
733034,0
733056,8240300
733101,450000
733114,600000
733129,832000
733149,313100
733155,485000
733208,350000
733230,350000
733231,350000
733263,0
733264,0
733276,0
733286,222500
733295,0
733297,680000
733306,495900
733320,1659500
733336,0
733370,372000
733384,450000
733395,359400
733396,441000
733399,0
733429,1488100
733474,339500
733476,300000
733499,580100
733570,2045600
733583,208000
733590,461200
733654,163000
733711,172500
733727,0
733758,114800
733764,300000
733779,350000
733791,1080000
733803,0
733818,1079100
733916,433600
733987,0
734015,400000
734033,100000
734049,250000
734058,0
734077,180000
734080,237500
734082,0
734093,0
734137,159000
734186,910000
734197,664000
734205,350000
734228,163000
734326,150000
734559,2946200
734564,306500
734570,477600
734576,453200
734582,150000
734584,0
734599,520000
734620,100500
734622,0
734640,73800
734658,0
734677,250000
734694,50000
734729,40388200
734736,640000
734760,779400
734770,0
734791,0
734792,441000
734795,150000
734802,400000
734807,400000
734833,1919000
734858,150000
734941,400000
734947,574200
734957,450000
734965,0
734992,300000
734994,0
735000,200000
735029,1838100
735035,387600
735038,0
735053,0
735063,0
735087,550000
735107,72000
735119,465300
735120,27300
735137,103000
735138,192000
735142,469500
735153,638200
735161,31900
735176,1831000
735185,150000
735190,104500
735223,136500
735229,525600
735233,240700
735238,450000
735264,315000
735268,555000
735288,0
735309,713900
735417,327500
735432,672000
735446,58400
735559,0
735569,1168400
735600,600000
735669,450000
735684,330000
735688,75600
735777,70000
735783,350000
735791,0
735796,493500
735823,0
735840,280000
735841,500000
735853,800000
735864,486000
735869,500000
735902,469200
735947,1258200
735949,0
735959,450000
735987,95000
736006,1209900
736032,1350000
736044,588600
736079,1180000
736101,928800
736104,520000
736135,0
736205,300000
736238,350000
736242,450000
736280,19000
736285,250000
736303,360000
736305,452500
736331,395000
736379,0
736384,0
736386,357000
736392,0
736411,0
736450,390000
736528,0
736529,700000
736541,450000
736547,0
736575,455000
736579,450000
736648,2414300
736670,365000
736675,50400
736678,499000
736710,1776700
736742,945700
736743,0
736744,400000
736771,400000
736792,677500
736824,120000
736869,76800
736879,0
736881,1200000
736893,10131000
736901,350000
736920,450000
736992,150000
737004,42000
737009,733700
737021,2382800
737031,150000
737032,390000
737089,1119000
737105,550000
737123,200000
737124,0
737179,4728500
737198,360000
737200,450000
737241,266400
737243,750000
737256,559400
737264,0
737269,3207800
737278,10259600
737291,340000
737306,1397000
737319,235000
737329,150000
737350,1395800
737355,694000
737359,931000
737362,150000
737397,0
737431,105000
737444,120000
737449,272000
737453,150000
737454,295000
737457,179700
737486,362000
737512,5615500
737533,344000
737543,407600
737550,650000
737552,188000
737583,590900
737602,0
737622,649600
737633,2016400
737645,0
737646,604400
737693,0
737697,540000
737736,1036800
737762,0
737768,0
737782,195000
737799,0
737800,507100
737874,0
737892,292000
737910,323800
737927,450000
737931,445000
737940,250000
737953,300000
737967,500000
737972,0
738033,0
738047,650000
738052,400000
738064,431100
738067,0
738102,119700
738108,411200
738109,300000
738127,334800
738181,0
738197,369000
738206,448700
738208,320000
738278,196000
738357,239000
738359,973000
738386,0
738426,150000
738452,871000
738496,286700
738511,0
738515,70000
738521,0
738522,618300
738553,757500
738566,0
738609,0
738612,200000
738625,0
738628,290600
738637,283200
738676,450000
738693,592000
738696,92400
738720,228000
738760,522300
738771,150000
738783,300000
738856,150000
738878,753000
738913,0
738914,507000
738960,0
738963,580000
738970,302500
738994,289800
739001,0
739077,430000
739087,88200
739093,150000
739104,500000
739120,615000
739163,400000
739165,77500
739172,500000
739194,0
739198,0
739246,1304900
739266,222400
739312,0
739326,474000
739365,0
739424,0
739427,31200
739448,3542300
739455,475000
739458,350000
739459,1503500
739460,535000
739468,1361900
739539,550000
739541,142600
739553,1050000
739558,4957200
739565,250400
739592,148500
739595,500000
739597,7515900
739608,490500
739629,0
739657,2104100
739664,0
739695,445000
739702,0
739757,200000
739783,450000
739793,533000
739799,1087500
739801,1599000
739827,1066000
739833,200000
739853,820000
739857,250000
739868,0
739879,1139500
739910,428800
739912,0
739915,550000
739920,150000
739934,0
739936,348500
740004,600000
740031,0
740041,461200
740044,327000
740098,640000
740159,400000
740167,250000
740224,450000
740250,0
740257,350000
740297,363900
740311,300000
740341,400000
740344,483300
740356,1783400
740366,0
740380,98000
740416,0
740458,306000
740502,538600
740527,350000
740565,450000
740574,400000
740601,0
740653,0
740694,1993900
740697,360500
740701,8390100
740721,0
740736,400000
740746,367500
740750,721200
740760,0
740761,516000
740771,0
740809,450000
740825,430000
740834,443000
740851,378000
740853,0
740860,722000
740878,200000
740946,600000
740951,382900
740976,0
740999,726100
741004,1800000
741059,523000
741079,3421200
741138,165000
741194,550000
741196,875200
741205,0
741207,485000
741219,360000
741263,744600
741276,1667000
741277,243600
741281,24000
741299,716400
741314,392000
741341,0
741416,1184000
741424,350000
741438,0
741440,0
741444,579800
741446,150000
741452,499000
741487,1075000
741509,499000
741517,450000
741539,1363000
741557,0
741558,62600
741569,300000
741570,250000
741586,449300
741594,0
741631,400000
741658,87000
741660,529000
741690,97500
741725,0
741769,401400
741787,461000
741794,2350000
741798,2241900
741801,220000
741827,0
741831,0
741838,2200100
741843,142000
741844,245800
741850,350000
741876,1156500
741877,465700
741883,127000
741889,0
741892,450000
741898,0
741900,400000
741903,0
741946,350000
741968,0
741971,450000
741983,237600
742005,570000
742006,417500
742060,0
742132,296400
742141,0
742181,587200
742205,919000
742218,0
742227,110900
742270,0
742282,517900
742289,995900
742313,0
742315,300000
742320,1149800
742321,0
742348,91600
742370,950000
742371,140000
742378,745000
742383,430000
742401,262000
742423,0
742431,145000
742434,450000
742438,380000
742509,513500
742513,0
742548,1783000
742551,0
742572,3163300
742575,0
742580,350000
742584,0
742589,150000
742611,765300
742667,400000
742707,450000
742724,0
742735,0
742740,490000
742754,707500
742827,43000
742883,350000
742886,0
742893,1192000
742955,70000
742977,600000
742984,220000
742990,765000
743025,469000
743037,628300
743042,150000
743043,394200
743059,1264200
743078,146000
743096,0
743103,643000
743117,0
743122,282000
743143,1000000
743156,300000
743162,1040500
743238,486500
743252,195000
743324,363500
743359,5167100
743379,390000
743380,545000
743395,577000
743401,411600
743413,0
743426,0
743471,0
743474,366300
743478,328000
743482,166500
743488,675000
743513,369000
743519,554500
743521,163800
743530,0
743532,424200
743546,22500
743553,100000
743559,1383800
743570,250000
743576,400000
743583,0
743586,333800
743658,732000
743663,333000
743679,854000
743698,1235200
743705,0
743731,0
743738,0
743759,595800
743771,765000
743796,901300
743825,350000
743827,208900
743828,140000
743843,130000
743851,0
743852,329000
743870,150000
743872,0
743875,400000
743912,534000
743941,0
743956,406800
743960,180000
743961,16000
743997,0
744034,1070900
744054,652000
744059,70000
744067,400000
744083,339200
744108,0
744200,0
744228,999500
744234,450000
744267,331600
744294,1096900
744300,998200
744331,0
744394,0
744399,250000
744403,600000
744411,172100
744418,248500
744420,243500
744453,0
744455,0
744497,500000
744528,0
744531,450800
744544,300000
744558,346000
744599,544500
744605,514900
744617,276000
744620,546400
744644,0
744649,366600
744662,350000
744670,0
744690,125000
744694,1510000
744697,132000
744710,607200
744737,450000
744738,450100
744758,450000
744759,213000
744774,0
744784,410500
744804,0
744828,0
744849,629100
744856,400000
744862,578800
744874,1070200
744903,300000
744944,759800
744972,124000
744975,335000
744982,0
744993,470000
745001,0
745008,224000
745009,750000
745013,150000
745044,264000
745045,0
745058,272500
745062,1880300
745079,436000
745089,807500
745099,331500
745132,962000
745155,989200
745161,150000
745171,0
745193,1863900
745206,340000
745212,360000
745234,250000
745235,555600
745239,200000
745255,1339800
745274,140000
745275,300000
745276,0
745346,1618400
745354,138700
745384,213500
745391,150000
745397,171000
745398,330000
745426,0
745441,276800
745451,600000
745476,197500
745478,0
745487,715000
745495,150000
745508,9881700
745515,0
745527,0
745549,205000
745565,450000
745603,1282900
745610,1080000
745617,1100000
745632,350000
745636,124400
745641,370000
745647,321400
745653,0
745666,0
745679,0
745728,0
745737,0
745744,414000
745745,366000
745749,650000
745780,0
745806,150000
745807,647600
745850,0
745858,481000
745884,0
745887,0
745968,0
746056,0
746067,1362400
746078,0
746084,1202500
746102,1242300
746104,450000
746112,210000
746120,346200
746125,542000
746134,0
746143,450000
746169,620000
746188,0
746198,150000
746203,1822300
746257,400000
746274,513600
746275,163000
746293,0
746302,0
746355,2916000
746356,603000
746381,0
746387,857800
746438,400000
746467,8967600
746527,373700
746547,0
746572,0
746601,150000
746634,62300
746661,0
746663,292000
746665,0
746675,992000
746701,3121500
746730,300000
746770,0
746772,600000
746796,450000
746835,1027000
746877,350000
746921,1584800
746972,0
746995,371600
747015,412500
747039,562000
747060,756900
747072,70000
747089,653400
747091,252000
747094,250000
747106,1143300
747115,2220700
747123,861000
747127,204500
747128,100000
747139,580200
747145,650000
747183,70000
747187,300000
747212,408000
747226,340000
747246,1416500
747255,150000
747261,449000
747284,478200
747302,260300
747318,392700
747327,379000
747340,613600
747347,150000
747359,134400
747394,300000
747413,150000
747433,309900
747434,0
747444,705200
747452,0
747453,297000
747482,1024300
747493,269000
747529,170000
747530,305000
747535,690000
747554,1004500
747563,250000
747571,610000
747576,372800
747601,809800
747610,130000
747615,3346300
747697,0
747715,350000
747728,0
747736,744300
747751,350000
747766,0
747771,400000
747781,3107000
747798,180000
747825,443800
747831,350000
747860,714100
747873,0
747896,664000
747933,0
747958,1594900
747996,1138100
748016,200000
748036,385600
748056,148000
748066,306000
748089,590000
748105,350000
748109,322000
748115,200000
748131,0
748154,228300
748199,2000600
748222,70000
748234,442000
748272,716200
748305,0
748380,400000
748398,0
748403,0
748429,720000
748445,570200
748468,138600
748499,378600
748524,1266000
748534,2799900
748537,0
748544,381200
748550,0
748567,285000
748570,803100
748571,379400
748589,728300
748605,400000
748609,2083400
748618,149200
748630,0
748650,833000
748655,94500
748659,887000
748664,650800
748665,69500
748674,120000
748678,440000
748695,479000
748698,228000
748712,751500
748716,0
748737,490000
748752,828000
748770,728800
748803,150000
748804,0
748806,984300
748822,0
748838,0
748847,458600
748849,1822300
748854,0
748875,486400
748878,0
748883,13360500
748884,400000
748898,420000
748920,270000
748921,500000
748931,1016400
748944,0
748964,84000
748981,644000
748993,140000
749008,1896000
749009,0
749012,150000
749018,356000
749034,250000
749039,300000
749046,0
749048,150000
749049,69500
749062,150000
749069,0
749078,890000
749079,100700
749089,350000
749114,450000
749125,1515800
749132,0
749133,0
749144,125000
749154,450000
749182,375400
749184,500000
749201,310200
749214,315000
749228,300000
749241,252700
749245,350000
749258,460600
749265,1742700
749266,409300
749270,113100
749275,484000
749280,150000
749284,694000
749307,250000
749342,0
749343,0
749358,350000
749363,906900
749364,0
749371,0
749381,500000
749385,500000
749389,226600
749399,432000
749402,379600
749407,1661100
749482,0
749488,0
749492,981900
749539,0
749549,0
749550,0
749572,255000
749577,0
749619,1093500
749635,4465300
749640,0
749674,250000
749679,0
749680,350000
749681,490000
749683,142000
749690,750000
749695,0
749701,0
749704,0
749713,147000
749719,400000
749724,213000
749752,0
749753,350000
749761,350000
749777,477900
749782,0
749784,266400
749790,400000
749822,150000
749827,3495000
749843,405400
749844,726500
749845,0
749848,573300
749851,1613000
749859,200000
749863,0
749881,221200
749891,495000
749896,0
749914,136300
749950,333400
749974,235000
749976,4283700
749999,796000
750027,643600
750032,0
750033,350000
750034,342600
750063,0
750072,374300
750085,0
750092,0
750096,350000
750128,0
750174,350000
750179,0
750195,220700
750198,479700
750216,350000
750218,232000
750249,181600
750258,471000
750261,370500
750269,390500
750270,0
750272,623600
750285,0
750321,0
750336,288000
750338,150000
750365,150000
750412,362000
750419,400000
750448,190000
750449,0
750471,10800
750477,350000
750489,507000
750490,407000
750508,709600
750546,366400
750581,1304500
750614,0
750638,240000
750651,300000
750652,300000
750657,194000
750659,883200
750698,405000
750708,250000
750709,350000
750745,0
750756,477400
750773,1443900
750780,400000
750784,740500
750789,400000
750811,350000
750821,0
750823,300000
750830,1556400
750834,0
750835,287000
750845,220000
750854,0
750865,1978900
750866,876600
750880,2355400
750903,347000
750936,1051100
750938,532500
750959,501000
750965,2781800
750974,170000
750975,1606700
750990,500000
751007,84500
751030,300000
751031,0
751050,0
751053,3391100
751083,589400
751086,300000
751090,0
751101,771500
751109,300000
751113,304800
751121,0
751122,220000
751126,1798600
751137,0
751159,440000
751161,105000
751182,405400
751201,652700
751203,472000
751209,0
751210,100000
751219,0
751240,416600
751250,500000
751262,0
751265,0
751267,445000
751269,1798900
751282,3167800
751286,0
751318,190800
751319,841000
751322,700000
751331,0
751347,0
751351,4911700
751363,350000
751367,161000
751373,628900
751381,1258400
751382,155000
751388,1000000
751399,0
751412,805200
751451,196000
751458,0
751461,1092500
751466,163200
751471,485000
751482,250000
751490,0
751492,350000
751502,207900
751507,0
751508,159600
751514,1222500
751517,414000
751518,0
751526,662000
751532,767500
751551,1687300
751558,45000
751559,300000
751561,400000
751564,500000
751566,0
751576,0
751585,0
751589,0
751590,475000
751594,239000
751596,391500
751611,185000
751636,350000
751641,0
751645,450000
751646,140000
751662,1628300
751704,3974000
751714,392700
751723,144000
751729,400000
751739,2131700
751746,431000
751747,0
751753,460000
751764,0
751771,1223300
751827,479400
751872,0
751885,0
751900,200000
751930,634000
751947,1299700
751974,0
751987,0
752010,405500
752023,385300
752037,250000
752061,501000
752069,501900
752139,0
752148,0
752162,4576400
752172,336500
752177,150000
752182,371000
752227,0
752232,150000
752263,0
752281,498000
752311,0
752325,0
752329,668000
752344,0
752351,1093600
752377,200000
752379,203000
752418,300000
752435,390000
752438,759400
752457,624000
752467,1807000
752481,277000
752486,350000
752492,400000
752540,243200
752569,580600
752593,389200
752605,350000
752614,450000
752615,350000
752631,1057800
752642,100000
752680,452000
752685,713000
752689,400000
752692,0
752735,418000
752760,2045200
752782,350000
752787,0
752809,0
752814,200000
752817,653200
752825,250000
752832,14695100
752842,0
752848,175200
752859,357600
752884,2259000
752895,201500
752914,0
752919,1163300
752920,232000
752926,0
752945,70100
752951,0
752960,1897100
752968,1240000
752977,600000
752982,368000
752985,541200
752988,0
753001,150000
753002,404500
753006,150000
753013,685500
753022,0
753024,1150000
753035,203900
753043,350000
753078,5757400
753109,409200
753110,385800
753128,465900
753144,0
753146,5167800
753157,400000
753194,1074500
753212,0
753268,530000
753281,472600
753284,1730000
753288,549100
753296,8552800
753301,0
753319,0
753329,0
753332,365000
753344,150000
753353,0
753405,273500
753424,300000
753470,149500
753489,398400
753533,400000
753542,1522900
753549,650000
753559,550000
753571,231000
753592,500600
753594,222900
753601,535800
753605,784800
753610,1015300
753611,333500
753619,250000
753625,300000
753639,416500
753644,429200
753645,210000
753657,0
753676,145000
753696,2005000
753700,580100
753729,768500
753730,503500
753734,400300
753753,1788900
753755,968000
753765,60000
753768,258000
753769,584000
753778,0
753779,765600
753781,373500
753783,350000
753804,0
753809,0
753819,350000
753829,0
753844,610200
753869,150000
753874,197000
753875,317000
753878,0
753879,670000
753887,710000
753904,800000
753921,500000
753929,3016100
753930,650000
753947,142000
753961,450000
753974,250000
753996,1804700
754001,0
754007,147700
754012,115000
754021,2522100
754025,320000
754027,87000
754061,400000
754063,483000
754072,597400
754074,0
754081,190000
754100,150000
754108,1101200
754112,0
754124,477000
754129,1308200
754132,290200
754160,310000
754169,1201500
754185,0
754187,400000
754191,572500
754210,270900
754216,650000
754256,2597000
754268,150000
754272,0
754287,400000
754295,878100
754300,417600
754315,250000
754335,150000
754337,6147100
754339,450000
754347,150000
754362,250000
754363,350000
754375,355000
754393,700000
754397,350000
754404,689300
754432,300000
754439,258500
754446,650000
754454,1103100
754460,389400
754472,1186800
754475,3473600
754496,0
754497,350000
754517,206200
754520,400500
754522,46000
754530,400000
754535,494000
754548,450000
754559,0
754564,0
754565,0
754576,0
754591,350000
754593,100000
754596,0
754657,540000
754674,350000
754730,0
754735,384000
754738,150000
754758,0
754773,150000
754842,350000
754853,410300
754854,472900
754867,370700
754887,718800
754897,12800
754915,4046200
754918,359100
754928,150000
754929,300000
754938,294000
754954,150000
754960,150000
755011,7465000
755027,464800
755033,450000
755068,47500
755070,2046000
755081,848300
755093,84000
755104,418000
755108,254000
755125,190000
755138,376000
755158,1246200
755172,34000
755179,391000
755188,715300
755211,0
755227,150000
755246,723000
755255,423000
755264,0
755306,47600
755329,412600
755338,250000
755344,323600
755347,1745000
755357,350000
755362,0
755364,700000
755394,384000
755400,1284300
755405,0
755414,150000
755431,2840000
755451,1054400
755461,194400
755505,1381000
755533,70000
755537,0
755539,245000
755558,413000
755578,288000
755579,150000
755606,1436700
755615,590000
755636,486400
755652,0
755653,300000
755657,270000
755660,830700
755663,350000
755670,1449500
755673,140000
755679,350000
755685,0
755686,396900
755689,247500
755713,437000
755717,0
755729,145000
755759,0
755760,250000
755763,0
755764,250000
755773,432200
755779,1750000
755780,56000
755797,240000
755819,0
755830,241100
755835,640800
755839,400000
755867,600000
755869,240000
755891,1258800
755924,0
755926,1489300
755950,497500
755970,310900
756000,70000
756020,531100
756028,0
756032,200000
756041,0
756054,1085000
756063,671000
756088,250000
756094,140000
756125,3000000
756168,250000
756187,135000
756193,0
756208,892000
756209,716200
756221,340000
756228,444500
756244,300000
756249,465900
756274,448600
756280,400000
756320,3731500
756371,1916500
756372,390000
756402,82500
756413,800000
756419,390000
756445,346500
756457,0
756463,30000
756469,240100
756470,400000
756471,327400
756479,191400
756499,0
756518,450000
756521,168100
756535,702100
756536,1655600
756567,0
756568,73200
756586,402300
756602,1000000
756608,350000
756611,150000
756645,0
756668,557200
756674,0
756684,450000
756692,150000
756697,1060300
756716,675000
756720,1157100
756736,869300
756749,5339200
756801,580000
756808,348000
756823,0
756835,0
756838,686500
756854,150000
756857,717000
756862,228000
756881,247500
756891,500000
756893,480300
756916,2697800
756929,927100
756935,450000
756938,342900
756947,0
756985,701000
756995,0
756999,370000
757009,400000
757011,800000
757021,150000
757031,0
757055,360000
757058,749000
757062,565700
757065,732000
757068,17950700
757069,302500
757072,400000
757075,516600
757097,117000
757109,0
757119,412000
757121,829300
757137,436500
757145,349300
757147,381000
757179,718500
757188,0
757192,349500
757196,142000
757197,0
757205,590000
757213,150000
757244,80000
757254,204100
757261,0
757263,546900
757265,122000
757278,1950000
757281,433500
757285,437000
757288,0
757326,169500
757388,0
757452,0
757456,131200
757461,339500
757463,181000
757480,102600
757487,1700000
757489,358000
757509,560000
757519,5609700
757521,0
757525,150000
757529,0
757539,1284600
757541,3577200
757551,478700
757557,450000
757566,153000
757576,197500
757582,400000
757592,260000
757602,1044000
757612,1032500
757618,0
757634,668000
757679,0
757715,395000
757773,400000
757793,150000
757806,450000
757830,0
757849,400000
757856,450000
757897,575100
757929,385400
757943,608000
757960,200000
757982,400000
757991,0
757999,448500
758035,4706100
758055,380000
758065,418000
758067,0
758075,0
758105,0
758117,358000
758122,1530700
758168,0
758170,150000
758181,422500
758185,923800
758186,350000
758191,0
758227,0
758233,0
758238,1632500
758248,190500
758255,0
758257,854700
758279,1252900
758287,1997200
758301,620000
758322,385400
758346,300000
758363,431500
758368,1990600
758375,0
758383,250000
758399,472500
758401,0
758403,129000
758413,273600
758418,795000
758426,102000
758436,850000
758444,466200
758459,150000
758466,650000
758476,977500
758479,50000
758484,650000
758489,417500
758490,101000
758492,7315000
758498,362000
758505,1027000
758507,6886400
758509,1070000
758539,0
758540,542500
758554,1419400
758568,0
758593,5600000
758598,474300
758607,2335100
758616,3476400
758619,431000
758635,0
758639,300000
758646,30100
758650,602700
758658,150000
758669,0
758675,0
758684,1190000
758686,751300
758691,700000
758708,1697000
758709,1314400
758711,443900
758721,500000
758726,332000
758744,0
758745,150000
758761,438000
758766,219000
758785,2864700
758798,194000
758830,400000
758836,0
758839,6784000
758844,495500
758865,300000
758867,0
758868,217500
758921,2182200
758926,500000
758928,400000
758931,400000
758949,0
758956,400000
759007,805000
759010,400000
759025,517700
759056,150000
759073,150000
759079,0
759172,5802000
759204,695500
759209,0
759220,622400
759252,918500
759260,0
759271,569800
759273,2104200
759275,463700
759279,130000
759295,100000
759298,0
759335,600000
759337,400000
759341,214500
759343,8548900
759345,0
759359,0
759364,228400
759374,0
759379,528000
759399,183200
759411,318900
759427,432500
759443,426000
759467,300000
759478,0
759480,790000
759497,0
759521,742500
759553,612400
759555,150000
759600,332500
759608,1111000
759620,0
759640,172000
759647,0
759648,70000
759655,20000
759664,456300
759668,442200
759683,315000
759689,431000
759694,4240400
759706,465000
759711,0
759717,0
759725,3541600
759759,2276900
759770,387300
759780,200000
759785,293200
759796,150000
759815,0
759817,415000
759839,0
759842,0
759847,249000
759880,357500
759885,0
759888,508600
759893,350000
759897,70800
759919,188200
759920,860800
759931,337100
759942,150000
759960,0
759966,760900
759980,1951500
759982,498000
759991,0
759995,3300000
760026,26600
760038,453600
760052,0
760053,0
760054,0
760069,942600
760087,325000
760096,992000
760106,427100
760115,458500
760117,1572000
760125,365000
760181,397300
760198,765000
760213,289500
760216,500000
760250,247200
760282,947600
760293,655500
760295,450000
760304,4430100
760310,330600
760312,0
760344,418700
760372,350000
760377,265300
760395,400000
760401,920200
760406,677000
760408,261000
760433,434000
760434,500000
760445,0
760448,976300
760455,250000
760458,110300
760459,684200
760494,950000
760498,20384000
760516,0
760520,670800
760566,0
760577,600000
760613,0
760654,562800
760658,450000
760706,100000
760708,500000
760746,200000
760776,140000
760777,2483100
760781,495500
760783,328000
760785,0
760801,957400
760824,995200
760825,1213500
760836,770900
760863,0
760870,78400
760883,553400
760892,383600
760902,0
760908,404000
760911,243000
760942,642400
760958,458900
760961,300000
760965,280900
760979,916800
760981,350000
760984,375000
760989,849500
760993,0
761001,300000
761012,1092600
761019,350000
761025,437100
761026,510700
761044,901600
761053,550000
761055,0
761059,500000
761080,304000
761097,932200
761100,370000
761110,3129100
761114,347400
761132,486500
761135,1588200
761137,536900
761143,400000
761148,0
761163,460000
761165,6809700
761190,0
761198,725000
761218,80400
761270,200000
761299,150000
761329,0
761347,95000
761365,0
761384,400000
761387,530000
761389,325000
761396,150000
761418,47200
761427,97100
761435,435000
761440,392000
761462,1597600
761474,400000
761481,1256700
761485,0
761497,1080000
761561,200000
761574,2322000
761575,845000
761594,41400
761641,763000
761643,2635900
761657,0
761658,453800
761662,0
761702,0
761758,340000
761766,0
761771,8496200
761790,400000
761794,2453600
761810,1982300
761824,2170000
761837,426600
761838,350000
761855,0
761876,662800
761881,450000
761888,1298000
761891,0
761900,406300
761918,639800
761926,500000
761928,5199200
761935,0
761942,3222500
761956,350000
761963,350000
761971,150000
761986,400000
761998,0
762015,250000
762056,710000
762061,300000
762089,150000
762100,229800
762110,456300
762120,300000
762133,350000
762146,1150000
762161,1901500
762197,400000
762198,500000
762203,550000
762213,0
762224,5944000
762237,300000
762244,150000
762253,9425600
762277,3205800
762283,694800
762286,13159100
762287,350000
762293,150000
762315,350000
762322,300000
762323,0
762334,0
762350,0
762367,450000
762392,8231000
762423,200000
762429,0
762445,632000
762465,383400
762483,500000
762496,2442000
762513,0
762526,0
762617,210000
762620,304200
762622,535000
762626,0
762664,310300
762667,261300
762674,504900
762676,0
762682,45000
762683,150000
762685,986800
762700,872000
762750,900000
762751,250000
762797,551100
762802,237800
762804,450000
762812,386700
762814,0
762831,0
762844,650000
762845,0
762859,460500
762862,805600
762863,0
762880,300000
762882,445000
762892,476300
762914,505500
762922,250000
762933,0
762947,250000
762959,500000
762972,350000
762979,150000
762994,519300
763002,227500
763005,592800
763006,250000
763028,500000
763035,417800
763044,567400
763051,0
763063,6048500
763084,512100
763102,333400
763116,429700
763120,0
763121,135500
763141,524300
763144,280000
763151,351100
763156,292000
763167,1079400
763177,150000
763179,250000
763185,0
763207,600000
763231,790300
763232,0
763272,600000
763281,797500
763287,0
763321,400000
763332,350000
763359,150000
763360,0
763364,731200
763367,435500
763368,608500
763377,518000
763395,1913500
763416,500000
763417,297000
763499,354900
763529,390000
763530,327000
763531,378000
763570,0
763580,557400
763591,2323200
763608,639600
763624,400000
763652,0
763665,40000
763687,1441700
763693,467500
763697,450000
763701,482500
763705,954800
763742,0
763754,400000
763796,240600
763806,0
763826,535000
763836,620200
763868,379000
763924,720000
763951,735000
763984,1352200
763987,363000
763996,450000
764019,423000
764022,110000
764030,0
764041,28000
764059,0
764061,0
764078,484100
764084,209300
764095,350000
764101,479900
764110,1291300
764156,332500
764174,150000
764178,150000
764180,572000
764203,2070100
764213,350000
764223,863800
764242,1647200
764261,270000
764264,250000
764270,500000
764275,85000
764286,12000
764290,218000
764299,250000
764340,750000
764343,530000
764345,6851600
764357,150000
764359,1029500
764360,252600
764362,0
764363,0
764365,300000
764376,450000
764394,104600
764401,0
764416,200000
764419,1119000
764422,130000
764457,440000
764484,130000
764511,500000
764512,371700
764523,2960000
764534,645800
764541,660500
764548,1958500
764567,292900
764571,543200
764577,0
764582,578800
764590,580200
764604,0
764610,1891300
764616,1156800
764623,705000
764626,0
764652,450000
764666,528800
764668,817000
764689,0
764711,150000
764716,1098800
764718,1608100
764721,1226500
764755,4623500
764767,0
764779,800000
764781,145000
764784,150000
764785,96900
764800,150000
764813,0
764832,350000
764841,150000
764859,0
764864,2193900
764884,350000
764890,707000
764897,0
764907,666700
764926,350000
764930,180000
764949,0
764956,1173500
765019,329700
765048,426500
765058,400000
765082,500000
765083,606000
765093,0
765107,707200
765133,0
765141,417500
765160,400000
765198,0
765200,0
765212,600000
765233,228400
765244,250000
765262,150000
765294,0
765298,150000
765318,403500
765339,155600
765358,0
765377,150000
765381,509800
765384,440100
765389,0
765394,0
765398,1419800
765402,502500
765410,580000
765414,15704400
765418,450400
765425,450000
765426,350000
765427,0
765447,228000
765452,0
765462,0
765463,76200
765473,5352600
765499,0
765506,675000
765522,1075300
765535,0
765548,0
765554,0
765564,250000
765579,2347200
765594,350000
765613,3083600
765625,600000
765626,400000
765644,150000
765650,778500
765668,216600
765682,0
765685,0
765693,3705300
765695,3384500
765707,510000
765730,1815500
765747,0
765760,0
765762,90000
765777,441800
765785,0
765789,465000
765801,0
765811,600000
765831,0
765832,518300
765849,440000
765864,1171600
765876,205000
765877,1067500
765879,180000
765882,0
765888,1015200
765891,200000
765910,401000
765911,405000
765921,817000
765926,485000
765945,438000
765978,0
765989,732400
765995,2121400
765996,400000
766000,842200
766001,353500
766004,208400
766017,250000
766023,0
766040,0
766045,0
766079,0
766080,0
766086,150000
766088,0
766094,300000
766102,443000
766112,732000
766119,0
766120,363000
766124,1340000
766128,0
766129,1081800
766172,0
766198,515100
766205,300000
766232,465000
766245,150000
766251,366000
766258,568000
766259,400000
766276,0
766279,728600
766281,813800
766283,2102500
766285,400000
766294,434100
766298,400000
766302,0
766331,400000
766333,229500
766336,148300
766337,550000
766341,130000
766343,350000
766350,516000
766354,1552100
766368,2048500
766376,1948000
766381,1991200
766391,725000
766394,455000
766408,485500
766412,0
766425,0
766428,0
766433,0
766437,450000
766440,200000
766449,120000
766459,526400
766462,250000
766472,390000
766475,206100
766481,800000
766489,524000
766494,715000
766519,882300
766527,296800
766551,607000
766562,410400
766575,350600
766580,523500
766581,463500
766602,150000
766614,350000
766623,450000
766628,425000
766640,150000
766648,400000
766670,0
766677,507800
766699,931800
766755,372000
766758,200000
766769,539100
766786,462100
766797,1026400
766839,362300
766849,1139100
766867,0
766886,150000
766897,450000
766901,341500
766934,280000
766937,0
766948,0
766952,0
766955,170000
766971,500000
766987,29558400
766992,286700
767009,0
767043,625600
767051,0
767063,307300
767076,220000
767094,0
767117,0
767129,0
767135,250000
767149,0
767161,190000
767178,529100
767179,400000
767180,1408100
767192,200000
767205,719300
767213,0
767216,0
767218,286000
767230,700000
767259,1103900
767262,577300
767268,1079300
767274,288100
767297,0
767303,400000
767325,749100
767333,1679200
767344,150000
767352,270000
767354,0
767398,0
767406,0
767433,638500
767436,844200
767452,421800
767455,1312500
767463,676800
767467,0
767468,658100
767472,66600
767486,250000
767491,554000
767495,0
767503,0
767520,150000
767523,635500
767527,350000
767531,341600
767533,706700
767541,97200
767543,5001700
767550,774000
767562,0
767563,312000
767565,647000
767567,150000
767582,467200
767601,150000
767638,200000
767659,200000
767685,218800
767693,240000
767696,420000
767704,404000
767719,679500
767723,0
767742,333000
767752,572300
767761,100000
767770,468000
767771,120000
767786,395000
767793,869500
767806,500000
767810,156000
767817,250000
767849,632600
767859,450000
767862,300000
767868,557500
767871,385400
767872,400000
767876,200000
767886,314600
767891,410500
767901,350000
767933,0
767944,0
767946,1276700
767982,0
767995,250000
768007,480000
768033,0
768034,300000
768035,243500
768050,0
768074,350000
768081,545000
768091,0
768093,1100000
768094,0
768098,536000
768137,150000
768200,396000
768213,445000
768237,150000
768252,520500
768265,431800
768267,150000
768306,450000
768330,0
768342,0
768350,150000
768366,361000
768440,433100
768441,500000
768453,0
768456,250000
768460,400000
768487,3095600
768519,0
768533,0
768535,500000
768538,185900
768565,0
768599,1033600
768627,1760800
768631,607100
768641,208000
768686,539500
768701,378400
768714,280000
768726,1249200
768750,848600
768758,494500
768759,0
768774,400000
768786,450000
768790,200000
768793,0
768801,2246400
768803,0
768811,118500
768840,12800
768845,250000
768848,731600
768858,0
768883,1117200
768894,1004500
768896,450000
768905,400000
768907,327100
768914,0
768948,150000
768950,400000
768953,1150000
768962,80000
768965,419400
768966,178500
768979,500000
768984,200000
768991,680000
769003,0
769022,801500
769033,232900
769038,416500
769040,44000
769049,0
769065,494500
769096,1200000
769108,1013500
769111,518000
769112,0
769115,550000
769116,563000
769119,618600
769123,400000
769124,0
769134,0
769135,150000
769137,1299800
769141,373000
769149,250000
769168,477400
769173,1167800
769181,150000
769187,700000
769206,249800
769207,2400000
769211,315000
769213,1189400
769217,342400
769219,700000
769234,0
769243,653300
769248,228900
769249,890500
769254,895400
769257,220000
769258,450000
769262,1807100
769264,465000
769265,2710900
769270,0
769271,200600
769278,378000
769282,210000
769283,0
769299,300000
769304,350000
769336,0
769343,1667500
769357,0
769359,450000
769369,502000
769370,390000
769401,350000
769408,1927000
769411,0
769413,70000
769415,476800
769428,0
769437,456200
769455,704100
769462,1573800
769478,0
769489,400000
769495,0
769505,150000
769509,0
769516,984000
769522,250000
769525,613300
769526,1270000
769529,970700
769532,0
769540,0
769557,100000
769575,150000
769612,1419200
769619,1772100
769633,0
769636,489300
769645,450000
769686,200000
769695,450000
769700,150000
769701,0
769712,410000
769747,250000
769756,1006200
769767,693600
769787,0
769804,488900
769809,200000
769813,0
769820,0
769832,400000
769839,3512700
769847,887000
769858,70000
769871,432900
769872,0
769881,471400
769883,200000
769892,591900
769950,0
769963,377400
769967,300000
769970,0
769975,0
769983,231000
770003,537000
770006,1365000
770013,260000
770020,3490000
770036,464500
770038,150000
770071,5313400
770081,665400
770101,400000
770131,346500
770144,16000
770145,150000
770149,250000
770152,351500
770153,301800
770161,604000
770170,307700
770173,150000
770193,0
770248,504000
770275,250000
770303,150000
770318,0
770327,1253000
770348,0
770362,150000
770364,0
770391,1369000
770397,450000
770404,450000
770405,300000
770433,448000
770435,1000000
770457,350000
770460,1714700
770468,0
770496,2107800
770497,350000
770498,253500
770500,412500
770503,276000
770551,0
770565,0
770586,0
770588,350000
770590,200000
770603,0
770608,0
770623,234000
770654,0
770681,0
770684,234000
770685,0
770688,458500
770689,178000
770710,496400
770720,598000
770774,450000
770793,311000
770795,1303800
770800,157600
770810,564600
770832,520000
770863,206900
770867,596000
770870,700000
770880,560000
770899,0
770948,6271600
770972,0
771022,1053800
771023,571900
771025,150000
771034,600000
771043,2938700
771081,0
771086,0
771089,2050900
771102,645400
771104,345000
771152,780000
771157,206100
771176,515800
771178,846300
771192,150000
771202,0
771215,403500
771235,0
771251,78400
771256,0
771273,502000
771292,350000
771306,459500
771312,0
771322,0
771351,347500
771354,575000
771371,340500
771382,200000
771392,0
771401,698800
771429,91000
771444,0
771447,680000
771457,1370700
771486,150000
771493,0
771496,689000
771514,1168700
771515,109600
771517,2222500
771518,200000
771519,400000
771522,526000
771526,350000
771545,590000
771546,300000
771564,2108100
771582,150000
771585,0
771620,936000
771628,242800
771631,0
771650,0
771653,95000
771654,2364000
771673,1130100
771683,0
771686,533700
771693,600400
771705,453000
771716,570000
771733,672400
771734,0
771741,300000
771747,384900
771758,368200
771761,0
771771,0
771780,150000
771784,450000
771806,379000
771812,150000
771824,920800
771845,590000
771849,548000
771853,391000
771884,3598800
771887,398000
771889,2664300
771903,3722300
771911,0
771918,2658300
771928,550000
771932,0
771934,343000
771940,330100
771941,19900
771944,0
771953,241000
771954,0
771958,1000000
771971,1110000
771974,115000
771989,0
772000,0
772003,90500
772031,475000
772040,525000
772061,0
772063,488700
772097,0
772101,490000
772111,371000
772123,695100
772125,300000
772245,330000
772247,0
772252,545000
772255,0
772272,0
772285,825400
772316,350000
772333,774600
772341,961100
772343,241000
772352,0
772356,0
772364,0
772374,0
772377,130000
772378,215000
772409,118000
772412,855000
772417,909000
772421,368600
772439,400000
772462,0
772468,90500
772473,150000
772476,0
772482,125000
772522,200000
772539,518000
772569,0
772573,327000
772582,0
772590,30000
772600,493500
772604,0
772607,56000
772614,194000
772616,480000
772638,103000
772651,449000
772664,619500
772670,866300
772671,1907500
772697,0
772699,399000
772710,627000
772715,316600
772716,235500
772718,0
772720,94000
772745,200000
772751,1707200
772756,587100
772765,497200
772801,420000
772826,200000
772861,0
772867,0
772884,1050000
772886,440500
772914,0
772922,200000
772959,72000
772966,461300
772968,0
772984,427600
772987,692000
772994,526000
772996,252400
772997,0
772999,0
773012,0
773013,360000
773016,800000
773024,105000
773029,200000
773031,271800
773043,320000
773047,300200
773067,0
773107,0
773119,458000
773121,300000
773130,150000
773140,0
773149,1427000
773157,522600
773167,700000
773177,0
773179,499000
773196,631800
773203,481000
773214,0
773226,5067900
773229,0
773241,535000
773252,375300
773258,100000
773265,0
773273,1813000
773274,428500
773297,265400
773323,959000
773339,400000
773351,389800
773357,150000
773378,350000
773386,0
773390,1217700
773391,108500
773399,659900
773410,0
773428,1352000
773429,0
773434,0
773451,600000
773452,514000
773465,208000
773471,329400
773476,150000
773488,0
773496,0
773512,363000
773521,225000
773529,70000
773533,139000
773538,0
773557,520000
773562,44000
773566,750000
773596,150000
773607,1138200
773631,84000
773654,150500
773683,208100
773691,1531800
773692,340000
773696,1040300
773699,2780300
773712,433500
773720,471000
773725,0
773738,500000
773740,1120500
773757,300500
773786,500000
773789,476500
773810,476900
773813,350000
773837,0
773843,0
773844,298000
773849,2229000
773881,150000
773890,400000
773908,658500
773927,254700
773929,0
773952,954000
773960,454000
773989,458000
774001,854800
774009,150000
774033,0
774034,150000
774091,0
774100,0
774128,303000
774130,150000
774144,390000
774153,489500
774185,0
774186,500000
774197,0
774209,150000
774210,547900
774238,0
774253,115000
774259,0
774268,500000
774289,0
774296,300000
774317,751800
774320,350000
774331,30700
774369,207000
774370,0
774371,943600
774377,0
774403,0
774407,2962700
774415,0
774423,390000
774432,300000
774444,259600
774447,713000
774450,0
774455,400000
774462,2003000
774470,2265000
774476,487400
774492,683800
774505,150000
774510,1558000
774512,0
774533,1146000
774549,523000
774557,389700
774561,610800
774566,674100
774575,440000
774577,0
774581,139900
774591,0
774615,150000
774629,0
774631,836500
774644,0
774645,103500
774656,1016500
774664,0
774674,135000
774692,240000
774695,0
774698,316000
774707,222500
774709,320800
774714,150000
774735,250000
774747,150000
774748,204000
774749,1285600
774750,531400
774757,497300
774765,495400
774766,960000
774778,0
774786,400000
774798,330000
774804,0
774808,213500
774811,0
774815,1772500
774821,527200
774838,250000
774854,204000
774867,4966100
774874,0
774887,0
774895,430000
774907,150000
774915,763400
774934,2958000
774947,0
774962,450000
774964,332000
774982,349500
774996,3011000
774998,806600
775001,0
775002,242500
775040,0
775046,0
775048,480000
775050,2363400
775070,0
775082,7091000
775117,843800
775174,150000
775175,150000
775183,1394500
775187,161200
775197,200000
775203,0
775217,428200
775230,350000
775250,500000
775275,391000
775286,300000
775288,964200
775299,884500
775327,744400
775328,988000
775334,200000
775335,0
775342,0
775343,0
775358,0
775373,1348700
775386,711000
775401,0
775402,450000
775411,229000
775432,300000
775442,450000
775448,0
775460,1681000
775470,1334000
775482,373500
775487,0
775490,492000
775495,0
775498,1984700
775501,0
775519,169000
775522,500000
775538,188600
775541,0
775543,300000
775553,296300
775565,1803900
775570,205600
775580,250000
775596,160000
775603,0
775624,0
775628,350000
775649,2975600
775677,1169300
775679,0
775680,200000
775694,750000
775738,300000
775740,210000
775754,0
775779,0
775810,0
775836,460000
775859,300000
775862,405900
775866,359700
775867,150000
775877,525200
775890,2408900
775891,750000
775893,220000
775915,385000
775922,0
775951,383800
775955,2695100
775958,150000
775966,906400
775983,54200
775989,600000
775994,795600
775996,31900
775999,1267000
776016,1728800
776022,711500
776033,126000
776041,450000
776058,50000
776059,0
776070,478000
776077,228600
776082,1878000
776086,0
776094,500000
776102,0
776113,325000
776114,400000
776118,662500
776119,0
776129,0
776132,385000
776154,400000
776156,885000
776172,339000
776183,750000
776185,421100
776194,735000
776206,0
776207,1130000
776210,0
776211,992400
776223,1669700
776225,149000
776228,120000
776230,0
776257,650000
776258,150000
776275,350000
776280,5036800
776284,0
776291,350000
776300,0
776302,748500
776304,150000
776309,460100
776313,0
776315,16000
776318,559500
776321,1491200
776330,889300
776333,500000
776335,9230000
776339,300000
776342,1079200
776346,300000
776352,691300
776377,1347800
776380,773500
776422,516800
776438,164100
776441,0
776471,500000
776477,259100
776488,299400
776502,0
776514,130000
776532,210000
776534,200000
776539,0
776569,420000
776575,360000
776613,0
776632,468500
776650,590500
776680,1342000
776698,1521100
776707,1475600
776726,284800
776738,250000
776756,300000
776768,360000
776778,574500
776780,750000
776784,0
776787,600000
776806,250000
776811,450000
776815,0
776820,0
776855,262000
776873,300000
776885,792000
776886,1252800
776914,170000
776933,223500
776934,115800
776947,500000
776966,623800
776979,0
776985,229400
777009,89100
777016,0
777017,1396600
777039,777000
777063,0
777077,0
777086,136100
777091,443400
777112,400000
777122,135000
777144,0
777151,0
777162,468900
777180,450000
777195,0
777204,0
777206,400000
777225,945000
777229,0
777243,112500
777247,292000
777251,460000
777252,3607300
777253,14183500
777254,150000
777271,0
777273,150000
777293,195000
777296,2234500
777320,554000
777324,0
777337,1192200
777340,989600
777343,2935400
777353,424500
777360,700000
777367,242500
777382,1250000
777412,1243700
777418,0
777423,150000
777426,361800
777432,485900
777434,388500
777437,607300
777452,600000
777456,360000
777465,0
777470,250000
777480,437400
777488,0
777504,607700
777509,720000
777519,389300
777532,609700
777537,250000
777546,0
777547,0
777552,0
777555,720000
777568,0
777577,490000
777583,1536400
777585,342000
777589,177400
777602,0
777606,1400000
777607,110000
777628,0
777631,0
777642,307500
777649,372000
777660,345000
777692,220000
777703,1498600
777709,1373000
777714,150000
777715,150000
777719,300000
777723,150000
777728,0
777729,400000
777748,650700
777755,739900
777757,630900
777772,150000
777773,659000
777780,1308000
777799,472000
777803,690000
777810,2349300
777816,0
777817,456000
777822,378300
777828,2020100
777833,614400
777864,0
777865,0
777881,260000
777916,0
777927,860000
777937,300000
777939,200000
777943,279000
777945,43400
777954,0
777961,595000
777974,316000
777975,318300
777982,39200
777983,1520300
778013,4290700
778014,250000
778015,640600
778028,606000
778045,223000
778058,4631300
778068,225000
778105,600000
778129,678800
778134,0
778144,310000
778163,0
778173,450000
778175,2725300
778185,400000
778234,1419600
778238,0
778263,2693800
778317,66100
778347,150000
778354,566500
778365,396000
778366,0
778379,350000
778393,546500
778396,518500
778397,200000
778398,127000
778400,418800
778420,0
778430,0
778443,0
778456,0
778468,437300
778469,0
778470,1013200
778483,1008500
778484,317400
778503,2922100
778505,561500
778506,250000
778516,0
778530,0
778533,370000
778534,555000
778549,400000
778557,300000
778603,111000
778609,0
778620,280000
778624,572500
778631,0
778658,171500
778659,200000
778680,26530200
778696,342000
778698,726200
778702,150000
778715,65000
778732,964600
778739,400000
778741,1795400
778755,876400
778772,450000
778791,1704200
778793,9181700
778798,1648000
778799,2601000
778801,150000
778807,0
778819,0
778843,0
778878,959000
778907,0
778918,1102000
778925,251100
778932,0
778938,6366300
778961,0
778971,190500
778985,150000
779001,2774100
779009,215000
779012,0
779013,624500
779019,430600
779021,0
779023,250000
779033,150000
779042,0
779045,0
779056,294000
779081,0
779095,0
779097,784100
779122,404000
779125,0
779130,184800
779131,802000
779134,1277500
779137,199800
779140,272700
779141,0
779149,0
779154,0
779155,150000
779159,220000
779160,3200000
779164,200000
779168,140000
779179,0
779181,350000
779185,550800
779192,400000
779200,200000
779202,150000
779215,0
779218,0
779229,1028400
779248,600000
779257,793300
779265,150000
779275,263000
779278,0
779300,150000
779317,215000
779347,633400
779364,698600
779378,150000
779385,300000
779388,559000
779402,448500
779407,350000
779412,344000
779415,165400
779417,613000
779420,396000
779423,711500
779434,506300
779446,34000
779451,450400
779478,290000
779479,0
779489,142500
779502,0
779505,150000
779518,150000
779535,164800
779537,767700
779563,500000
779592,759600
779630,762000
779657,0
779659,456000
779660,644400
779689,288000
779709,150000
779710,72000
779734,300000
779759,0
779760,200000
779767,0
779769,277000
779792,45800
779795,0
779814,450000
779821,100000
779822,500000
779825,245000
779828,1222200
779830,785000
779841,150000
779847,180000
779870,2960300
779882,395000
779911,450000
779951,450000
779952,964500
779959,0
779967,185000
779980,435100
779981,10500
780003,1347400
780005,372000
780010,0
780012,639000
780030,4481200
780045,340800
780047,150000
780048,85000
780055,500000
780082,150000
780086,200000
780098,390000
780100,1218900
780102,1456100
780103,908000
780123,972900
780137,745000
780153,390000
780154,729400
780162,179500
780183,487000
780187,1434600
780198,410800
780210,150000
780213,607000
780242,0
780258,250000
780263,0
780281,0
780288,1403200
780295,30000
780320,0
780321,1092000
780327,0
780359,683000
780377,280000
780392,400000
780409,567000
780446,150000
780451,1627500
780453,447000
780460,563000
780462,2146000
780464,0
780466,538200
780469,195000
780481,450000
780487,870500
780490,0
780494,0
780507,661500
780515,1047600
780521,0
780527,250000
780547,81500
780550,0
780578,600000
780582,250000
780584,650000
780629,0
780647,1700000
780653,550000
780666,400000
780691,22776500
780705,0
780706,200000
780708,27500
780711,517400
780725,350400
780727,0
780728,350000
780736,210600
780741,585000
780743,556000
780760,0
780789,0
780795,376000
780808,3886700
780821,400000
780850,493600
780852,0
780853,168000
780858,300000
780874,0
780909,0
780934,350000
780937,150000
780939,745900
780966,0
780970,341000
780979,0
780989,124500
780996,0
780999,439200
781039,4140200
781055,4479300
781073,1657500
781075,350000
781076,0
781084,0
781097,599500
781101,350000
781105,96000
781107,170000
781131,630000
781142,1343400
781157,0
781172,179800
781173,76800
781176,350000
781181,0
781184,350000
781201,128500
781227,22465400
781231,160000
781233,2150400
781251,345200
781324,65200
781325,625000
781327,350000
781334,850800
781365,52000
781368,150000
781371,811500
781373,2958300
781404,8039400
781410,250000
781411,10964500
781417,655000
781430,350000
781432,350000
781433,421200
781434,211000
781436,366500
781439,1231100
781456,685000
781458,0
781459,0
781463,0
781467,0
781478,350000
781483,650000
781497,578400
781507,4369000
781519,0
781521,48800
781533,1006400
781545,242000
781559,400000
781567,256000
781569,0
781601,195900
781602,334500
781605,432000
781606,639900
781614,0
781644,476200
781645,895000
781662,1110400
781674,346000
781677,1370700
781681,700000
781684,0
781686,602000
781689,3851700
781701,446500
781731,531000
781733,450000
781736,0
781738,737500
781753,157900
781770,442000
781786,500000
781810,312200
781822,613000
781836,216000
781845,409000
781856,0
781868,328400
781871,0
781887,466000
781899,444200
781903,755100
781917,716200
781922,400000
781929,443000
781935,500000
781951,0
781992,130000
782003,2257500
782004,0
782006,497300
782017,1647700
782021,0
782024,22400
782033,212500
782042,238500
782047,484000
782061,1113000
782111,0
782114,0
782139,704500
782148,130000
782153,200000
782160,425000
782161,565000
782182,0
782202,560000
782220,395600
782238,110000
782240,0
782259,450000
782261,200000
782266,540000
782267,208500
782270,2266500
782284,742600
782285,1965100
782290,465800
782328,639400
782342,145000
782343,350000
782345,404000
782347,1659000
782354,613400
782358,0
782361,1756300
782377,494500
782381,400000
782393,595000
782396,350000
782406,0
782450,663000
782485,422500
782489,542600
782492,378000
782493,0
782506,577300
782517,0
782527,2836500
782538,0
782547,0
782564,200000
782569,520700
782570,220000
782589,250000
782612,384000
782617,357000
782622,205000
782653,479800
782654,0
782671,390000
782678,425000
782681,18800
782699,80000
782705,0
782706,0
782731,417500
782741,0
782745,472800
782776,0
782786,415600
782812,150000
782814,0
782816,180000
782857,0
782865,606000
782872,2526400
782884,740000
782890,0
782897,302600
782902,181000
782915,150000
782917,216000
782919,600000
782920,495200
782925,2390500
782954,350000
782963,825000
782965,400000
782967,355000
782992,440000
782994,577600
782995,250000
783003,427000
783027,648000
783032,360000
783044,1066400
783047,150000
783050,0
783093,1117800
783112,19171700
783146,200000
783154,746800
783171,205900
783173,439500
783177,0
783204,410000
783208,266500
783222,150000
783234,587000
783252,1542800
783291,509000
783313,0
783320,146000
783327,167500
783328,255000
783362,0
783370,1459300
783375,300000
783378,224500
783382,310000
783383,0
783411,697000
783418,400000
783424,0
783428,726400
783431,256200
783435,833000
783436,407000
783438,120000
783453,350000
783459,159400
783461,2773500
783462,0
783465,450000
783468,145000
783475,559500
783478,0
783487,0
783494,1048500
783501,0
783517,212500
783527,150000
783533,881100
783553,540000
783573,415500
783580,550000
783587,500000
783598,630000
783608,0
783614,667200
783617,39200
783659,11194700
783675,80000
783685,578000
783686,1448000
783687,0
783706,0
783715,400000
783717,731000
783720,482000
783722,728600
783724,894200
783740,0
783748,115000
783751,112500
783756,1391000
783797,69300
783813,350000
783819,427000
783837,0
783844,0
783861,150000
783868,250000
783885,200000
783913,330000
783918,389500
783919,108200
783922,0
783924,300000
783930,421500
783933,0
783955,559000
783964,0
783966,200000
783969,1567600
783979,0
783987,500000
784004,1213600
784027,242800
784073,150000
784093,300000
784096,1300000
784098,0
784099,287000
784110,1400700
784126,361700
784132,0
784149,0
784173,0
784174,0
784178,417200
784223,160000
784227,0
784229,0
784235,350000
784253,250000
784260,623500
784264,5247500
784273,448800
784277,250000
784311,370000
784316,477700
784328,0
784364,0
784387,0
784403,0
784407,500000
784420,1163500
784430,920300
784473,450000
784478,1764500
784485,1162300
784508,0
784510,2626300
784529,1080000
784557,375000
784572,0
784582,179000
784586,270800
784593,476800
784617,3353000
784633,0
784648,499200
784675,0
784684,350000
784686,535400
784692,160500
784714,514500
784723,330500
784724,573400
784728,350000
784751,0
784770,0
784780,150000
784784,221900
784794,500000
784799,218800
784817,498600
784836,950000
784851,373500
784854,400300
784864,349000
784879,6550900
784883,246000
784884,513200
784886,1316700
784889,0
784918,554100
784949,1436400
785001,283100
785027,400000
785032,409100
785033,0
785039,0
785075,1065800
785078,234000
785091,981500
785100,4306200
785103,439000
785104,643000
785127,150000
785162,202000
785175,1559900
785182,573000
785219,96000
785225,0
785228,208000
785230,538800
785234,437400
785249,0
785257,88400
785290,293500
785291,230000
785352,150000
785362,450000
785368,680000
785372,1037000
785380,780000
785407,355000
785413,400000
785422,2622300
785424,725000
785429,706000
785444,0
785450,467500
785455,0
785460,0
785463,150000
785466,295000
785472,0
785498,544200
785517,329900
785519,0
785526,353000
785530,370000
785533,70000
785544,753000
785566,0
785578,350000
785588,1637200
785611,130000
785666,0
785670,1215900
785689,140000
785705,1186000
785729,445800
785745,388800
785762,0
785770,300000
785777,1324500
785786,0
785789,5075600
785811,255000
785818,3781900
785827,350000
785842,107500
785862,275000
785872,0
785886,2306000
785889,0
785897,1547300
785903,150000
785905,595000
785918,0
785921,0
785970,250000
785977,1000000
786010,0
786013,400000
786018,450000
786022,489000
786028,17500
786040,0
786051,0
786070,0
786071,539100
786074,350000
786084,0
786097,300
786134,233400
786151,371000
786160,307000
786164,267500
786165,0
786176,519300
786216,959000
786220,150000
786226,130800
786252,677500
786287,335000
786290,682500
786297,149500
786300,150000
786314,400000
786335,0
786344,85500
786349,0
786363,0
786434,426000
786441,1628000
786445,1810200
786458,558500
786460,350000
786475,430000
786483,0
786495,400000
786505,1199500
786512,551600
786540,2205300
786569,0
786570,400000
786572,928000
786575,34200
786582,1237500
786610,2693700
786632,234000
786634,567000
786636,520000
786640,350000
786657,650000
786658,104000
786659,109200
786670,450000
786674,0
786679,4435000
786695,0
786698,471000
786700,1968900
786703,523600
786708,0
786718,5281300
786731,240400
786735,637500
786751,1505500
786752,86000
786769,0
786782,226500
786788,1416500
786791,0
786799,536300
786809,1373400
786817,0
786819,453600
786829,90000
786831,3050000
786861,250000
786862,318200
786865,164000
786874,0
786877,450100
786898,300000
786907,1816000
786915,295000
786921,630000
786923,500000
786927,47400
786929,300000
786930,0
786934,0
786935,0
786942,154000
786960,890900
786968,0
786971,0
786990,1011600
786996,198000
787008,0
787009,450000
787012,1144000
787022,0
787023,0
787040,75000
787041,70000
787052,3325400
787061,135000
787074,492300
787082,503200
787085,0
787090,350000
787108,88000
787170,572500
787191,0
787201,656600
787203,284000
787214,301000
787217,229000
787233,0
787236,654600
787242,70000
787244,990800
787248,160000
787259,514100
787260,807000
787264,0
787275,1098000
787282,906000
787305,1252400
787313,112500
787320,3435800
787323,0
787325,500000
787340,1600000
787388,0
787414,150000
787419,1034300
787435,450500
787448,1132700
787453,290700
787460,0
787464,149000
787486,261500
787493,0
787504,405200
787509,0
787514,159400
787528,105000
787540,7122000
787553,2700000
787557,550000
787558,1900000
787573,555000
787575,500000
787580,0
787581,500000
787591,150000
787594,0
787598,650000
787599,500000
787605,650000
787609,135000
787615,0
787617,180000
787619,0
787626,126000
787629,195800
787646,0
787663,0
787675,372000
787678,639000
787681,118000
787691,150000
787714,162600
787726,456800
787734,150000
787737,0
787738,445500
787746,578000
787750,907400
787751,0
787755,3960500
787757,500000
787777,0
787801,416000
787803,0
787812,0
787821,318500
787839,0
787841,529000
787853,929000
787860,1256000
787862,140000
787882,105000
787885,4004600
787886,0
787894,176500
787896,261000
787898,786600
787910,1868400
787922,0
787935,2197700
787936,2405000
787938,105000
787952,1138600
787977,1827800
787983,472000
787987,354600
787992,255000
788000,466800
788010,150000
788028,0
788036,525000
788046,0
788058,446800
788068,2178600
788073,2150000
788079,380500
788085,350000
788096,1749800
788100,106000
788101,100000
788108,0
788112,278000
788121,60000
788128,335000
788154,240300
788169,400000
788170,0
788176,850000
788179,400000
788182,1473300
788184,140000
788191,3182800
788213,450000
788214,350000
788217,2506600
788224,266000
788249,0
788264,250000
788297,500000
788302,150000
788304,350000
788309,0
788324,559000
788330,0
788335,100000
788347,0
788356,138500
788372,247500
788381,692500
788382,22000
788383,400000
788397,70000
788399,800000
788423,385000
788471,196000
788476,9183900
788477,207000
788478,300000
788492,0
788497,300000
788506,55200
788514,1301900
788519,150000
788523,1150000
788533,526000
788542,135000
788551,430000
788554,764000
788579,400000
788580,490100
788603,525000
788620,400000
788621,2438000
788624,362800
788627,389300
788629,200000
788632,450900
788638,300000
788641,150000
788644,1083700
788662,150000
788665,1406500
788671,200000
788682,132000
788685,604000
788693,245000
788696,400000
788698,150000
788700,13492000
788720,241100
788723,0
788735,670000
788759,100000
788760,529800
788763,933900
788766,150000
788774,552500
788777,476700
788782,250000
788786,1089800
788789,8473300
788796,652600
788797,105000
788799,300000
788815,105000
788827,592400
788828,464800
788835,127500
788836,459000
788840,3369900
788847,0
788851,121000
788853,0
788857,397500
788863,1130000
788911,250000
788946,508000
788947,399500
788964,0
788965,452000
788967,0
788972,250000
788974,500000
788975,0
788978,1424200
788980,417500
789000,541500
789013,0
789024,500000
789031,358500
789050,350000
789083,400000
789090,0
789091,600000
789093,180000
789109,704000
789111,0
789121,440000
789130,0
789131,0
789133,0
789150,873000
789158,250000
789163,844300
789174,893500
789180,450000
789181,0
789186,0
789209,1210000
789218,441000
789232,600000
789241,964000
789244,545000
789250,309600
789274,1016100
789281,435000
789313,956100
789321,125000
789329,687000
789333,191800
789341,205000
789349,472500
789360,440000
789377,450000
789378,300000
789379,0
789432,375500
789435,150000
789449,36000
789454,557000
789458,0
789464,0
789465,340000
789468,45000
789494,125000
789519,0
789525,500000
789535,180000
789551,905000
789553,735400
789558,1336600
789564,350000
789565,235000
789597,515200
789607,405000
789612,1313300
789613,873500
789628,0
789641,657000
789643,150000
789644,450000
789662,161600
789683,150000
789685,0
789687,0
789694,130000
789705,0
789720,105000
789757,400000
789768,600000
789782,558000
789794,400000
789806,0
789815,200000
789817,207500
789840,1904800
789843,150000
789856,1188000
789863,2453000
789878,1230700
789888,1135000
789889,1077000
789894,112000
789908,0
789911,0
789912,1726500
789920,24000
789934,843400
789940,400000
789945,877000
789965,1326700
789973,1100000
789976,0
790002,440500
790007,223500
790012,250000
790024,0
790053,231700
790070,350000
790072,329000
790077,250000
790079,360000
790088,200000
790096,150000
790098,0
790105,0
790119,500000
790123,500000
790130,245000
790132,600000
790144,160500
790159,301000
790164,4172700
790165,273000
790173,200000
790188,389700
790191,397000
790192,0
790198,0
790206,856600
790212,0
790218,74500
790248,239500
790283,0
790284,0
790293,250000
790308,688500
790314,0
790328,400000
790341,220200
790359,250000
790379,734700
790389,0
790429,510000
790446,2071000
790447,349000
790451,340300
790453,0
790458,0
790481,425300
790495,120000
790501,555000
790525,140000
790535,0
790552,600000
790556,412200
790571,0
790573,680000
790574,550000
790575,430000
790585,307500
790589,274000
790590,0
790596,1052500
790607,400000
790611,0
790621,500000
790634,0
790636,355400
790645,0
790650,640000
790653,0
790655,482300
790658,1054000
790663,800000
790669,62000
790671,0
790706,275000
790712,0
790730,150000
790739,599500
790740,350000
790749,0
790771,275000
790785,0
790788,385000
790797,0
790805,450000
790806,2464300
790809,150000
790825,0
790829,630000
790832,0
790836,250000
790873,2623400
790893,999200
790900,206500
790908,481000
790933,6667600
790937,585000
790966,1841000
790988,44400
791006,150000
791031,741700
791033,0
791042,0
791055,149000
791072,0
791085,593700
791090,0
791092,200000
791098,380400
791116,802000
791133,375400
791139,242000
791160,1620500
791174,2177900
791176,398000
791179,0
791186,1470000
791188,500000
791200,489600
791210,436000
791212,0
791219,1325400
791247,6356200
791255,373000
791264,400000
791276,548000
791283,216500
791303,0
791305,0
791351,552800
791364,146600
791379,0
791380,250900
791395,0
791424,225000
791425,150000
791426,150000
791452,0
791455,21600
791460,410000
791488,1211200
791507,400000
791509,325000
791515,250000
791522,306800
791528,404100
791533,2628000
791542,0
791556,660000
791558,1250000
791588,3082300
791593,350000
791616,381600
791618,486000
791624,150000
791639,315000
791647,500000
791650,1506200
791654,0
791666,303600
791683,0
791688,0
791697,150000
791714,857100
791723,1470800
791731,0
791736,150000
791746,762400
791759,0
791761,250000
791786,0
791788,250000
791800,0
791805,350000
791816,443500
791817,150000
791820,168700
791861,150500
791886,1188000
791890,1788100
791909,677000
791914,150000
791915,250000
791924,32353000
791938,0
791940,0
791941,180400
791943,150000
791951,150000
791954,400000
791955,401000
791956,350000
791961,345200
791967,0
791981,0
791992,1647100
791997,475200
792001,435000
792006,383000
792017,0
792023,150000
792041,1163600
792050,70000
792053,264000
792068,324000
792080,95000
792094,340000
792098,150000
792109,184800
792112,483300
792124,879900
792127,300300
792135,589500
792149,0
792156,833600
792176,0
792180,0
792204,382500
792211,600000
792222,1209200
792234,0
792237,202000
792253,150000
792258,350000
792265,200000
792271,485100
792279,300000
792307,387000
792332,0
792341,550000
792386,717400
792411,0
792431,2113200
792449,250000
792459,0
792461,225000
792462,477800
792477,486500
792484,0
792499,483700
792507,0
792511,150000
792512,913000
792531,0
792536,320100
792557,450000
792565,992000
792568,0
792591,991000
792598,1083200
792613,264300
792632,496200
792636,0
792638,465800
792686,0
792695,925400
792715,1859000
792719,0
792721,0
792740,1401000
792771,212000
792791,170000
792828,450000
792860,1620900
792891,300000
792896,420000
792920,68800
792946,490000
792949,0
792952,500400
792953,81900
792962,612800
792964,150000
793011,357000
793027,2116500
793048,149600
793063,0
793078,449500
793087,4448300
793088,0
793092,452200
793116,58500
793120,0
793126,203000
793152,63000
793163,0
793224,0
793236,70000
793239,444000
793263,582900
793295,200000
793304,421400
793308,914100
793325,0
793334,0
793351,0
793383,855000
793401,598000
793407,276000
793434,2801600
793435,250000
793436,130000
793457,664600
793458,75000
793465,495000
793500,175600
793504,1170400
793537,299000
793551,3153600
793570,938000
793581,0
793587,500000
793593,900000
793607,250000
793614,332500
793624,659200
793627,0
793629,7026700
793640,362800
793699,109500
793720,600000
793729,0
793731,350000
793733,367500
793740,384000
793768,167500
793783,85000
793804,0
793809,0
793836,804100
793856,45000
793865,0
793868,0
793869,0
793890,200000
793892,150000
793895,318000
793896,0
793903,19395800
793909,4558000
793925,450100
793932,0
793955,0
793972,0
793981,151200
793984,1108300
793994,0
794009,0
794014,371800
794035,504000
794046,75000
794048,200000
794053,499000
794057,356400
794058,450000
794066,350000
794068,335700
794103,381500
794117,140000
794122,965300
794143,182900
794149,0
794157,68700
794164,205000
794201,1099900
794204,120000
794210,200000
794234,450000
794300,350000
794313,2750800
794353,250000
794366,473000
794379,0
794403,381800
794404,320000
794431,4430600
794439,499300
794445,400000
794477,0
794485,450000
794527,350000
794533,0
794543,2740500
794561,0
794617,350000
794630,500000
794634,0
794650,600000
794660,589000
794668,150000
794686,331400
794694,200000
794725,2494500
794745,560300
794755,0
794797,2150100
794813,603000
794822,1756200
794827,500000
794843,346500
794860,100000
794872,81100
794873,900000
794891,0
794950,0
794957,350000
794959,400000
794963,1663000
794982,150000
794987,130000
795000,847000
795017,254700
795039,196000
795054,292500
795068,234800
795074,150000
795080,2843500
795099,200000
795132,394500
795139,400000
795156,300000
795157,335000
795189,647500
795220,291100
795224,150000
795237,610000
795238,240000
795254,247100
795258,0
795263,0
795276,1127200
795289,422000
795300,286500
795305,235400
795311,150000
795321,101000
795343,0
795350,447200
795358,1441900
795370,0
795371,0
795411,413900
795433,0
795443,825000
795446,599800
795461,0
795473,545000
795487,217500
795490,625000
795496,665000
795536,0
795550,116000
795569,0
795602,439000
795609,211600
795612,346500
795632,2158000
795633,350000
795663,1423000
795715,0
795764,169300
795778,1711500
795790,150000
795800,680000
795834,207000
795837,0
795860,0
795871,400000
795886,70000
795888,179500
795905,400000
795929,1207600
795941,440000
795955,0
795959,0
795963,0
796014,0
796018,355000
796037,782800
796063,399500
796073,4454300
796076,633700
796077,165100
796101,550000
796114,245500
796150,609300
796163,400000
796166,585200
796173,1095800
796204,650000
796216,0
796223,0
796257,150000
796304,200000
796319,545200
796320,0
796322,0
796330,0
796359,440000
796385,0
796396,74900
796403,400000
796427,52500
796439,332800
796477,0
796498,62000
796510,409500
796528,350000
796540,0
796570,308000
796577,1713500
796588,200000
796622,300000
796627,0
796634,500000
796689,0
796690,0
796701,5533100
796712,493500
796726,565000
796740,900000
796742,971000
796765,378800
796799,130000
796803,200000
796813,450000
796814,0
796821,350000
796822,276000
796854,19800
796865,1398500
796867,0
796903,619300
796904,0
796911,0
796912,300000
796931,1644700
796944,450000
796959,1150200
796960,274000
796987,460000
797018,302400
797043,200000
797050,0
797075,464000
797087,150000
797097,159000
797098,1540000
797106,826800
797132,307400
797173,0
797197,450000
797227,250000
797229,5268700
797248,0
797260,0
797270,224000
797283,500000
797292,925700
797310,600000
797328,350000
797337,400000
797338,0
797346,466700
797349,250000
797356,5705100
797395,450000
797423,400000
797427,628000
797440,826500
797449,270000
797457,252000
797461,44000
797471,634000
797506,400000
797516,0
797520,197600
797544,570300
797546,0
797564,142500
797589,396400
797595,447700
797602,499500
797606,508000
797615,510000
797616,365000
797625,450000
797639,0
797654,693300
797661,400000
797662,575300
797669,0
797677,500000
797692,0
797718,0
797747,395500
797755,387500
797757,0
797804,250000
797861,482400
797869,1054100
797876,0
797885,1229100
797905,2347900
797916,75000
797929,1227200
797932,150000
797943,16390800
797953,647000
797979,577500
797995,2306100
798020,300000
798021,331100
798022,0
798024,1894500
798035,1220000
798036,966500
798047,450000
798049,150000
798054,317200
798070,350000
798080,225000
798085,419000
798091,400000
798095,473900
798116,0
798117,169200
798118,0
798128,142500
798143,375000
798146,613000
798148,395000
798159,0
798163,703000
798165,500000
798182,540000
798187,650000
798192,499300
798196,200000
798201,290000
798203,0
798210,0
798232,150000
798239,598500
798243,400000
798265,625000
798270,238000
798273,4408400
798279,645600
798280,250000
798309,373300
798329,250000
798342,250000
798353,60000
798365,831300
798385,808800
798404,469600
798409,520000
798425,0
798439,440000
798442,450000
798446,345000
798448,1099000
798451,1895500
798453,1500400
798458,0
798461,2717500
798482,485500
798488,250000
798491,400000
798493,1487900
798498,372000
798504,350000
798529,479300
798541,662000
798544,400000
798580,108000
798586,97000
798591,0
798596,470200
798612,0
798622,0
798626,3325000
798627,150000
798642,551500
798647,250000
798661,0
798681,350000
798687,230000
798696,2139500
798699,250000
798712,257000
798717,0
798727,0
798737,337900
798814,0
798819,484600
798830,135500
798848,650000
798871,400000
798900,0
798908,0
798916,250000
798961,200000
798979,442500
799012,250000
799017,277000
799057,400000
799059,0
799072,0
799103,350000
799118,325000
799127,500000
799133,350000
799143,0
799155,41800
799180,400000
799205,381000
799220,400000
799234,351000
799240,909900
799243,470100
799244,254000
799255,0
799256,54500
799265,400400
799280,124000
799282,0
799287,476400
799290,272000
799306,350000
799317,350000
799333,1020000
799339,300000
799347,88800
799363,350000
799364,2406800
799365,482500
799379,1488400
799392,0
799393,140000
799412,580000
799424,0
799449,0
799453,0
799479,330800
799509,2614300
799516,882600
799564,0
799673,0
799681,320000
799711,95600
799722,600000
799734,332500
799746,1820700
799760,0
799763,0
799798,99000
799825,0
799866,82000
799867,0
799876,377300
799881,0
799898,929000
799906,304000
799914,264000
799922,70000
799937,0
799955,150000
799965,200000
799985,3731400
800034,970000
800045,300000
800094,1257500
800108,150000
800116,375000
800177,153800
800183,481900
800233,670000
800259,453000
800263,755500
800285,2365800
800321,0
800326,145000
800350,2467300
800384,519000
800442,148100
800445,1077600
800451,300000
800459,100000
800463,0
800488,20000
800492,210500
800515,2258700
800544,200000
800548,803200
800549,0
800590,385000
800615,102000
800621,741000
800626,800000
800642,350000
800643,136000
800650,600000
800655,3179400
800662,150000
800666,500000
800669,150000
800685,3416700
800696,250000
800705,450000
800717,520000
800726,450000
800805,395500
800839,0
800852,145000
800862,2021500
800869,7339000
800880,466700
800886,622500
800890,0
800891,0
800906,974000
800907,150000
800909,442800
800922,1210600
800936,0
800939,325000
800946,400000
800950,200000
800962,447000
800975,520000
800988,1013000
800989,416500
800997,590300
801021,0
801022,0
801040,521100
801046,665000
801063,200000
801065,390000
801068,681000
801072,446000
801080,366000
801083,0
801094,115500
801126,0
801128,768000
801129,0
801144,410500
801181,0
801227,407400
801234,992000
801282,400000
801305,1009000
801310,762500
801322,0
801343,650000
801362,300000
801365,0
801391,30000
801420,152200
801444,0
801451,373500
801464,693000
801475,622500
801486,307500
801518,700000
801538,1030000
801556,200000
801578,532500
801581,290000
801587,0
801656,400000
801665,520000
801704,320300
801726,287500
801734,0
801744,728000
801767,349300
801778,719200
801784,400000
801797,0
801802,728400
801809,1028000
801818,140000
801825,2979300
801853,900000
801863,800000
801874,808000
801895,505500
801938,863800
801962,250000
801984,17167300
802004,39000
802038,3413900
802080,601300
802091,191000
802098,130900
802248,1179000
802265,70000
802266,226000
802281,0
802286,159900
802292,331500
802331,441300
802336,0
802345,0
802350,193500
802355,500000
802367,0
802386,415000
802403,350000
802407,400000
802411,661800
802442,150000
802457,300000
802483,0
802523,0
802533,0
802538,246100
802540,275000
802548,0
802553,1953300
802555,344000
802573,150000
802587,414400
802592,473800
802616,288000
802620,138000
802629,484000
802651,0
802757,294400
802780,520000
802824,0
802869,1026000
802873,344000
802885,750000
802903,0
802906,0
802939,350000
802940,1509200
802965,150000
802996,150000
802998,241300
803004,624700
803066,0
803099,150000
803116,350000
803127,20868400
803130,402000
803135,475000
803145,680000
803168,135000
803171,300000
803178,383000
803184,0
803194,0
803196,400000
803205,635200
803212,471600
803214,888300
803234,1733500
803257,350000
803266,324000
803269,3858400
803282,0
803291,601700
803295,0
803310,520000
803326,167600
803345,400000
803353,150000
803356,563400
803362,550000
803375,0
803391,1170500
803412,0
803413,400000
803442,0
803448,1825200
803455,0
803504,1901800
803509,487800
803528,0
803549,150000
803557,150000
803559,449000
803562,0
803564,0
803569,485500
803578,0
803579,357600
803664,965000
803674,610700
803677,350000
803678,400000
803705,0
803709,749300
803712,565300
803716,123000
803734,350000
803752,150000
803780,150000
803781,80000
803796,350000
803804,322300
803824,278000
803861,350000
803864,0
803890,0
803900,450000
803913,0
803954,0
803958,150000
803967,390100
803999,508000
804011,1331300
804033,0
804079,571000
804107,150000
804122,0
804133,350000
804135,250000
804163,0
804201,187500
804209,330000
804216,380000
804218,125000
804225,495000
804232,157500
804251,0
804308,0
804316,0
804350,350000
804375,1287300
804383,1270500
804403,150000
804407,3200900
804410,150000
804432,0
804450,80000
804457,123000
804461,81000
804468,992500
804481,250000
804485,0
804538,367600
804542,410000
804563,180000
804566,177500
804577,867600
804604,222100
804607,0
804615,1741200
804624,420000
804629,0
804632,11081000
804649,396800
804654,270000
804658,285000
804691,0
804703,0
804709,428000
804715,0
804719,1664100
804728,336000
804757,400000
804758,0
804765,0
804786,500000
804794,193900
804819,200000
804824,100000
804866,0
804922,1019900
804926,5039800
804927,357000
804950,400000
804973,29000
804994,151200
805013,0
805045,2124600
805051,3397100
805080,0
805094,318000
805096,0
805100,707000
805116,639900
805140,481000
805219,200000
805228,432300
805259,948000
805264,78000
805273,504600
805290,1807900
805333,0
805337,10766300
805345,940000
805379,200000
805406,118000
805418,0
805458,515100
805499,392000
805502,250000
805507,462000
805511,0
805526,0
805574,400000
805577,350000
805611,0
805626,1964300
805649,300000
805683,367300
805737,349900
805741,350800
805779,300000
805852,60000
805876,596800
805880,2368300
805888,1097600
805890,612300
805905,1040000
805914,0
805962,0
806006,0
806019,566200
806042,239500
806103,0
806104,1310400
806122,2013200
806136,400000
806140,459000
806148,200000
806169,0
806198,550000
806230,0
806234,358200
806253,590000
806254,0
806274,200000
806275,1441000
806287,675000
806304,150000
806316,0
806324,385000
806336,200000
806343,864000
806344,267500
806361,1036000
806366,0
806371,1228500
806386,0
806389,368400
806390,327000
806392,481400
806399,357500
806405,350000
806406,350000
806420,350000
806423,273000
806464,454000
806466,567500
806467,586800
806495,490000
806506,456300
806546,150000
806571,0
806592,179700
806594,300000
806600,3962900
806611,937000
806619,315000
806625,400000
806626,724000
806627,398600
806651,150000
806714,405900
806723,400000
806730,449000
806769,120000
806791,400000
806803,267500
806807,200000
806854,0
806894,989000
806916,250000
806924,306000
806932,0
806957,0
806960,330000
806961,0
806976,250000
806978,374200
806993,447300
807004,200000
807007,317000
807010,5113200
807025,0
807039,450000
807078,2445000
807083,1104300
807139,0
807178,2458000
807201,1650000
807208,150000
807233,1375900
807246,5625800
807252,450000
807276,3072100
807308,2921200
807334,207000
807346,340300
807353,0
807354,440000
807361,157000
807391,305500
807393,400000
807402,0
807412,595000
807428,400000
807452,440000
807464,450000
807471,400000
807483,0
807509,300000
807512,300000
807514,3025000
807515,0
807524,0
807545,659200
807557,0
807560,1057800
807582,135000
807586,280000
807594,4813600
807598,0
807606,267500
807624,2913400
807625,391000
807645,467500
807653,125000
807658,416800
807678,481400
807688,150000
807701,0
807702,297000
807707,358500
807712,4643100
807718,391100
807742,1750000
807754,70000
807758,350000
807768,800000
807773,390000
807795,515000
807802,135000
807806,2466100
807809,0
807821,0
807840,514600
807855,350000
807900,0
807902,250000
807909,150000
807923,250000
807926,53000
807945,40000
807946,727900
807951,0
807976,350000
807987,250000
807997,350000
808001,478000
808014,1705000
808028,0
808032,0
808041,63000
808058,356300
808064,0
808097,0
808099,321300
808118,150000
808137,785800
808147,350000
808157,939600
808165,300000
808169,0
808177,300000
808187,865300
808245,5533500
808246,437600
808247,590500
808249,200000
808250,150000
808263,668200
808274,807100
808278,547500
808288,450000
808293,0
808303,0
808313,110000
808330,458000
808341,269000
808373,447300
808385,0
808398,2000000
808400,400000
808414,0
808451,406000
808474,0
808538,2358900
808546,0
808581,0
808594,1561200
808618,1817000
808626,399000
808627,0
808632,0
808655,390600
808657,150000
808663,4338600
808670,260000
808693,530000
808715,550800
808731,600800
808737,707500
808755,679300
808769,0
808793,0
808797,350000
808803,450000
808813,1322000
808836,0
808849,550400
808859,400000
808877,531200
808884,0
808890,382700
808891,356800
808898,0
808900,0
808905,170000
808910,150000
808913,367000
808921,0
808934,715000
808954,1924100
808955,1271700
808972,1922400
808980,0
808992,0
809009,821500
809073,0
809108,0
809121,350000
809125,350000
809134,247000
809155,355200
809161,501000
809172,367200
809182,250000
809186,350000
809189,336000
809214,291400
809218,0
809235,950000
809254,0
809262,25000
809282,477500
809311,0
809321,644100
809324,0
809327,250000
809331,200000
809349,407300
809365,450000
809376,150000
809383,363200
809411,0
809421,2212000
809423,200000
809447,0
809448,453000
809449,450000
809496,398400
809497,174000
809519,580500
809533,0
809538,110000
809540,469800
809543,1777500
809551,507500
809556,200000
809566,0
809573,322000
809577,0
809595,128000
809605,450000
809624,350000
809631,437000
809639,0
809660,0
809661,160000
809678,1470500
809684,220000
809718,362000
809725,150000
809733,290000
809768,350000
809778,0
809795,0
809797,1296100
809808,400000
809816,636100
809817,1117600
809835,1588000
809836,0
809871,754000
809902,250000
809907,300000
809910,200000
809934,300000
809940,1082400
809951,672900
809961,584800
809973,0
809980,0
809990,1240100
810012,376000
810024,1228400
810054,0
810066,195000
810083,1337200
810101,0
810102,412200
810105,477500
810185,490000
810199,149500
810220,300000
810225,470000
810233,414000
810307,209000
810310,200000
810319,290000
810342,300000
810344,892300
810376,450000
810396,150000
810410,388000
810423,675000
810437,0
810440,200000
810443,0
810446,0
810466,99000
810471,0
810474,680000
810475,1017500
810510,363500
810518,0
810530,747000
810532,1053700
810541,150000
810549,357700
810554,610000
810575,127000
810584,512500
810596,0
810599,0
810620,2893400
810630,2072300
810647,398000
810654,0
810657,466000
810673,450000
810675,950000
810677,472000
810687,754900
810697,199500
810698,130000
810716,8736200
810725,0
810734,0
810761,250000
810771,150000
810784,143700
810804,510500
810815,400000
810834,3059800
810849,150000
810852,2811400
810871,1870700
810890,752000
810913,550000
810916,250000
810923,350000
810926,556800
810934,420000
810974,1200000
811005,649000
811016,198000
811018,350000
811074,200000
811080,0
811127,517000
811128,1301400
811149,66000
811153,150000
811186,150000
811208,75000
811210,0
811217,4133600
811242,10001200
811269,0
811339,350000
811340,350000
811344,400000
811359,273000
811370,0
811375,0
811389,1806600
811448,0
811475,400000
811478,550000
811485,3446900
811503,207000
811535,1085200
811539,100000
811544,0
811555,2320200
811564,476500
811565,0
811586,150000
811601,831800
811616,600000
811640,0
811642,400000
811651,400000
811653,0
811691,0
811696,358000
811734,0
811747,200000
811759,0
811765,886000
811829,0
811864,250000
811883,2431500
811901,359000
811934,425600
811961,498100
811981,312800
811994,150000
811996,144000
812000,139000
812008,600000
812011,127700
812035,0
812072,6260600
812079,0
812096,250000
812110,130000
812132,130000
812153,450000
812190,200000
812201,150000
812218,0
812220,708000
812231,0
812249,550000
812252,450000
812254,0
812255,68000
812258,378000
812262,1364200
812279,831000
812283,600000
812299,600000
812332,476300
812336,150000
812340,0
812359,172500
812366,0
812407,300000
812411,99000
812430,0
812433,1020700
812447,708000
812450,239900
812453,5355700
812468,0
812472,550000
812489,0
812523,142000
812541,0
812543,0
812556,659000
812558,0
812561,0
812569,400000
812607,470000
812613,150000
812636,818000
812677,325000
812693,12747800
812732,122000
812744,399000
812761,0
812769,594100
812782,3162800
812795,0
812802,0
812813,650000
812842,385000
812845,1120000
812850,754500
812862,300000
812869,422500
812877,524800
812881,1271900
812884,0
812891,2152400
812900,410800
812909,438000
812911,130000
812931,150000
812947,467200
812963,3650000
812969,3475000
812987,258600
812999,467000
813014,0
813038,250000
813045,346500
813047,62000
813072,0
813077,0
813102,0
813125,0
813130,162500
813165,430800
813169,520000
813170,462600
813197,459900
813214,0
813249,750000
813251,0
813256,0
813279,0
813299,0
813303,0
813315,0
813317,450000
813339,0
813391,5542800
813398,0
813406,0
813424,689400
813425,0
813429,4275700
813446,334500
813465,150000
813489,0
813508,1275600
813552,0
813565,0
813575,0
813577,0
813595,135000
813615,1097900
813620,1060400
813631,725000
813642,883300
813656,991200
813661,92000
813687,0
813708,609800
813709,584400
813716,650500
813802,0
813804,0
813809,365000
813816,27500
813834,105000
813837,562000
813839,105000
813866,1474000
813941,784200
813973,670700
813989,295000
813997,354000
814005,0
814031,199000
814100,150000
814102,2592300
814132,523000
814155,395500
814198,0
814200,440000
814214,200000
814264,0
814268,150000
814270,0
814294,350000
814326,115000
814341,0
814350,1259400
814361,481000
814394,951000
814402,0
814406,382400
814410,462500
814421,400000
814446,150000
814449,1027100
814479,90000
814498,126000
814504,150000
814507,4221600
814511,600000
814555,581100
814556,540000
814577,555800
814585,0
814602,3146700
814607,592300
814615,465000
814628,0
814629,453000
814643,339500
814651,0
814654,150000
814665,320000
814727,780000
814728,0
814745,709000
814753,0
814755,566000
814758,400000
814764,400000
814789,150000
814801,200000
814817,412500
814829,383100
814833,392000
814834,550000
814835,330000
814839,0
814840,150000
814874,0
814894,0
814898,456000
814901,1567000
814910,200000
814958,955000
814960,297000
814966,471600
814970,60000
814989,0
814995,0
814996,467500
815039,0
815041,159000
815053,400000
815056,200000
815076,260100
815077,0
815089,314400
815097,0
815098,0
815104,860000
815114,0
815119,729300
815127,222800
815139,65000
815145,350000
815150,157800
815154,0
815169,300000
815173,0
815180,940600
815204,350000
815221,1047500
815236,892000
815249,500000
815250,300000
815256,784400
815257,150000
815261,333000
815265,737000
815281,0
815310,568000
815328,0
815333,260000
815342,3189600
815355,400000
815371,1000000
815379,1132400
815405,0
815406,477000
815414,0
815415,444500
815425,400000
815440,1200000
815444,505000
815448,0
815452,200000
815454,285200
815458,481000
815484,689900
815487,319600
815488,515000
815496,500000
815503,306800
815509,200000
815541,2226500
815546,0
815552,2326600
815564,500000
815571,0
815583,0
815592,0
815600,2045300
815603,200000
815608,150000
815617,500000
815668,220500
815704,289200
815727,0
815743,1007100
815746,427500
815752,150000
815760,640900
815767,19351100
815772,0
815797,0
815828,130000
815839,0
815850,600000
815861,590900
815890,0
815894,0
815903,9604500
815916,195000
815923,478800
815938,510900
815953,753900
815957,330600
815963,105500
816009,705600
816010,575700
816017,633300
816018,444300
816023,1374000
816024,301800
816035,85000
816078,2045600
816088,840000
816098,537000
816111,0
816125,0
816146,67500
816185,0
816187,38400
816191,530000
816210,605000
816230,662400
816239,750000
816251,297300
816255,423100
816260,644500
816264,310000
816274,156000
816292,413000
816294,156800
816318,450000
816320,668500
816353,119000
816386,142800
816453,330000
816457,750000
816461,0
816510,373900
816514,600200
816542,250000
816551,250000
816583,100000
816618,494500
816641,280000
816662,692000
816666,1128400
816667,843000
816675,0
816679,756500
816680,450000
816685,30400
816707,150000
816716,200000
816739,627000
816751,0
816765,0
816775,200000
816791,285000
816804,600000
816805,195000
816813,0
816815,4066500
816821,0
816826,445200
816832,0
816834,828000
816835,359100
816848,0
816850,350000
816871,450000
816899,348000
816910,328800
816923,300000
816925,436000
816969,414000
816972,311600
816986,325000
817032,150000
817034,0
817047,470200
817060,450000
817063,350000
817096,900000
817107,2366100
817110,725000
817111,129600
817116,182000
817137,815600
817168,150000
817180,1504500
817202,400000
817206,612500
817207,0
817211,208500
817233,65000
817236,125000
817238,824400
817248,4102300
817252,1135000
817262,202000
817268,2380000
817283,400000
817286,13679800
817329,785900
817336,80000
817345,1855900
817347,71900
817348,2499400
817354,0
817435,450000
817439,981200
817446,264000
817447,0
817467,193000
817470,0
817477,351000
817496,5727200
817507,0
817512,317500
817515,0
817534,0
817538,446300
817564,1601700
817570,0
817584,0
817597,1319500
817600,150000
817604,0
817610,2536500
817614,800000
817615,300000
817633,300000
817636,0
817637,0
817639,49000
817640,0
817643,0
817648,640000
817651,358500
817659,307500
817660,0
817693,0
817708,713800
817714,350000
817715,715800
817725,285000
817736,260000
817740,1042000
817750,235200
817761,508000
817762,1059000
817777,610000
817786,0
817824,142000
817832,477000
817836,1111200
817858,790000
817918,325000
817938,5706900
817956,921000
817958,706900
817971,0
817975,1000000
817993,244500
818008,189000
818020,0
818024,182900
818045,1329500
818047,706500
818052,310000
818053,2198300
818060,0
818081,210000
818084,426700
818111,539000
818114,0
818122,292000
818124,0
818128,361500
818137,650000
818141,373000
818153,0
818167,1308000
818169,250000
818176,174000
818180,737500
818187,0
818204,150000
818205,0
818216,553000
818229,7876700
818238,378000
818246,0
818247,0
818251,2709900
818258,0
818266,523500
818298,172000
818311,5892300
818326,0
818331,480000
818377,400000
818390,0
818423,177600
818434,3052700
818454,1145000
818470,591100
818491,0
818493,0
818510,0
818532,1210800
818559,0
818567,471900
818582,580000
818597,300000
818608,250000
818609,650000
818616,0
818621,300000
818623,0
818633,0
818634,600000
818636,3646000
818643,0
818655,164000
818665,350000
818702,0
818760,1787400
818790,645000
818800,1052500
818811,556000
818814,150000
818827,633000
818851,150000
818876,497500
818890,690500
818899,399000
818928,1291000
818940,1032500
818950,424300
818951,615000
818952,150000
818953,300000
819023,25107000
819030,375600
819031,0
819038,0
819061,473800
819065,0
819066,250000
819083,440200
819108,1554600
819111,150000
819112,398000
819125,979000
819129,2175600
819133,1456200
819139,0
819146,361400
819158,351500
819164,134700
819176,279000
819184,545000
819186,2411100
819194,20000
819202,4823100
819216,0
819220,382600
819226,1079000
819229,0
819234,834800
819244,150000
819247,257800
819251,431500
819265,2460400
819266,348800
819274,200000
819282,130000
819285,300000
819290,0
819291,0
819296,0
819314,517500
819333,409400
819348,2567100
819359,0
819365,725000
819370,500000
819400,0
819404,0
819411,3246200
819414,0
819417,439400
819448,0
819455,450000
819457,0
819471,400000
819491,387500
819508,949200
819510,714200
819531,350000
819541,1956600
819557,824800
819565,129000
819569,200000
819612,0
819618,700000
819623,299500
819632,286500
819642,687500
819648,520000
819655,450000
819659,150000
819662,1150000
819682,282000
819691,0
819694,578000
819707,200000
819716,0
819724,7025400
819742,5036700
819745,558400
819748,869400
819761,400000
819767,332100
819789,449900
819806,505000
819822,380000
819844,868300
819850,450000
819855,656800
819857,582500
819871,0
819883,388400
819886,150000
819893,0
819895,3122300
819896,0
819909,25200
819950,416000
819952,5606600
819953,0
819962,1656600
819970,165000
819994,0
820000,0
820014,0
820020,567200
820038,500000
820055,170000
820065,397000
820067,0
820082,300000
820086,1728200
820098,519000
820102,0
820115,400000
820128,0
820131,0
820146,1034000
820174,650000
820185,686900
820200,350000
820202,223500
820209,150000
820214,308000
820234,199000
820249,0
820251,0
820252,5305000
820274,0
820283,0
820292,0
820293,0
820335,0
820342,760000
820350,2221900
820405,1470000
820407,142000
820408,203000
820420,204800
820472,650000
820474,540000
820495,0
820500,724800
820502,700000
820503,150000
820514,1170100
820516,174500
820532,0
820544,1226100
820553,300000
820570,327000
820585,0
820595,348500
820614,200000
820626,260900
820649,450000
820650,130000
820660,558400
820662,0
820667,169400
820677,300000
820688,252000
820696,0
820705,350000
820723,1681800
820735,268900
820768,53200
820770,449400
820804,2140000
820839,140000
820851,273500
820873,3005700
820881,300000
820887,211000
820890,0
820892,397000
820893,0
820895,500000
820922,380000
820923,356000
820928,54800
820944,1013200
820964,197500
820966,140000
820974,350000
820979,0
820988,1140900
820990,430000
821011,257500
821041,782700
821057,90000
821059,1621000
821085,250000
821087,310100
821104,862000
821109,474500
821140,0
821145,802000
821151,0
821157,0
821163,0
821189,35500
821200,732800
821207,360000
821214,250000
821215,5402000
821224,2124200
821230,190000
821233,0
821256,100000
821266,0
821290,400000
821309,0
821312,0
821317,0
821328,0
821346,2822500
821352,0
821355,0
821364,0
821402,126000
821421,0
821425,0
821433,400000
821447,371900
821463,100000
821466,865000
821478,0
821481,0
821483,530000
821491,582500
821499,831000
821509,462000
821525,190000
821545,250000
821548,0
821550,0
821579,774000
821581,677700
821588,450000
821592,475000
821594,1241000
821620,608000
821622,539800
821631,0
821652,500000
821656,22600
821657,128000
821667,0
821685,150000
821686,150000
821696,663600
821702,350000
821706,209800
821723,418800
821724,1000000
821733,2267000
821744,913600
821769,0
821770,128000
821783,681100
821785,440000
821794,0
821809,343000
821817,549100
821833,300000
821862,70000
821877,0
821885,0
821886,492000
821888,0
821892,286000
821893,54800
821917,3791500
821926,540600
821937,382000
821939,763500
821942,390000
821945,258000
821949,0
821959,150000
821966,27000
821970,152000
821976,310000
821977,300000
821978,333000
821984,240000
821986,577300
821992,316000
821997,170000
822023,2431800
822026,900000
822042,1042500
822046,740000
822052,280000
822055,590800
822078,0
822095,605400
822107,303000
822112,51000
822114,520000
822150,806500
822163,14439800
822168,5660000
822170,300000
822186,1182800
822196,832000
822205,0
822206,680000
822223,626500
822242,533600
822276,410500
822295,605000
822296,510000
822297,0
822342,0
822361,71600
822369,688900
822388,896000
822405,0
822408,699200
822414,0
822415,183500
822425,0
822431,0
822449,387000
822458,563500
822459,0
822461,330000
822478,148000
822483,1665000
822498,183300
822501,200000
822510,50000
822511,561600
822524,540000
822528,1298200
822529,1334600
822539,625100
822559,0
822575,150000
822588,2548700
822608,474300
822619,0
822629,280000
822638,150000
822642,1196500
822651,1012000
822658,1170500
822665,60000
822667,585100
822685,200000
822698,200000
822723,0
822749,150000
822753,3206300
822849,0
822877,94500
822886,440000
822901,450000
822915,350000
822916,1308900
822921,0
822932,499300
822936,861600
822982,1562400
823001,1583000
823021,0
823035,0
823045,0
823046,0
823090,1215900
823102,800000
823122,0
823137,200000
823155,0
823177,0
823212,469000
823222,367000
823232,9031000
823323,270000
823330,0
823395,150000
823412,0
823427,0
823433,0
823447,250000
823457,150000
823473,0
823507,312500
823519,0
823520,550000
823527,284800
823533,0
823554,219000
823570,250000
823588,338000
823589,0
823605,454000
823606,540000
823609,976000
823635,0
823653,1007000
823679,412400
823693,1720000
823694,740000
823700,330100
823704,350000
823729,160000
823740,150000
823741,20000
823747,316600
823749,620000
823753,234000
823778,0
823781,1383300
823837,607000
823856,0
823861,550000
823891,0
823907,190000
823918,742500
823925,0
823933,252000
823946,649700
823999,250000
824059,250000
824065,0
824096,300000
824122,450000
824134,250000
824142,998100
824143,280000
824149,350000
824160,0
824175,0
824218,536000
824239,0
824240,411000
824244,1091600
824246,417500
824257,422000
824260,558000
824266,703600
824276,494500
824326,150000
824337,879500
824341,102500
824359,85000
824362,700000
824364,150000
824372,0
824375,0
824379,254500
824395,400000
824399,250000
824411,400000
824413,647300
824414,0
824418,213000
824432,750000
824437,432100
824451,0
824461,259500
824474,375000
824486,200000
824501,500000
824524,294600
824543,0
824544,0
824549,0
824558,187000
824565,428000
824570,319500
824593,200000
824618,744500
824619,169500
824625,3871000
824629,501700
824630,450000
824631,7253400
824637,200000
824668,6297700
824682,4102300
824684,84500
824737,0
824748,0
824758,0
824760,0
824764,4773200
824782,0
824789,0
824790,787100
824804,297000
824811,245000
824813,0
824823,300000
824831,803500
824834,416000
824847,400000
824851,0
824864,399000
824871,319000
824878,540200
824891,0
824896,412500
824899,0
824905,30000
824924,970400
824933,250000
824938,394000
824947,200000
824963,387500
824973,0
824987,0
824991,168000
825017,392000
825022,290100
825028,1048300
825030,0
825034,226100
825037,2055300
825048,6200200
825065,190000
825072,233000
825075,227800
825077,150000
825081,268000
825084,0
825090,900000
825098,0
825100,691500
825104,128000
825118,700000
825130,280000
825149,0
825154,150000
825158,0
825159,0
825160,600000
825175,420000
825178,1035400
825180,330000
825196,0
825204,0
825206,300000
825209,465300
825230,250000
825249,450000
825271,1458300
825279,26400
825288,1174000
825333,380500
825350,0
825356,0
825361,0
825369,708400
825370,0
825371,521400
825373,1184400
825389,78400
825390,469200
825395,4180000
825398,150000
825405,0
825416,0
825421,1073300
825430,360000
825447,1522500
825454,0
825481,1977000
825489,540000
825499,0
825504,3390300
825550,0
825555,179400
825559,635500
825563,140000
825564,250000
825586,240600
825602,330500
825624,2464200
825634,756600
825639,200000
825646,300000
825648,0
825673,286500
825679,176000
825707,350000
825716,0
825759,818000
825767,0
825773,282000
825803,715100
825869,477700
825914,861300
825918,450000
825930,350000
825957,0
825966,515000
826004,150000
826012,0
826062,300000
826063,150000
826072,929500
826118,400000
826134,0
826162,70000
826163,500000
826191,150000
826194,0
826224,360000
826232,0
826286,0
826300,596000
826301,6192800
826312,1440000
826315,0
826330,500000
826340,450000
826349,0
826354,200000
826355,530000
826371,53600
826381,1590600
826382,475000
826385,2945000
826419,589000
826453,0
826475,0
826500,1373200
826520,0
826522,306300
826529,246900
826532,127000
826534,515500
826537,410100
826554,485000
826555,210000
826566,434600
826592,0
826596,0
826609,200000
826642,0
826651,1276200
826655,280000
826659,422500
826661,526200
826663,0
826669,549800
826672,400100
826679,410800
826687,0
826693,0
826705,183800
826708,735000
826713,0
826714,170000
826719,0
826729,0
826743,3012900
826745,150000
826762,308000
826772,3809400
826775,200000
826779,320100
826785,668400
826793,200000
826800,400000
826807,0
826814,114000
826816,170000
826833,250000
826847,0
826849,336000
826851,0
826914,0
826927,674800
826968,250000
826977,520000
826979,405000
827004,5013700
827013,659000
827014,350000
827023,0
827026,315000
827040,400000
827056,400000
827065,845300
827077,0
827085,0
827105,150000
827110,10000
827160,264900
827161,450000
827172,0
827178,654500
827188,518000
827224,495400
827239,0
827265,0
827275,290000
827283,8620400
827289,385200
827292,200000
827293,240000
827305,0
827314,289800
827316,200000
827330,1002100
827332,250000
827335,0
827337,0
827346,711200
827349,1944800
827355,200000
827366,0
827375,0
827376,629300
827420,0
827422,0
827427,0
827430,150000
827434,0
827454,310000
827465,1340000
827471,280000
827513,146800
827535,0
827538,6537700
827543,0
827552,369900
827573,0
827589,411000
827593,0
827594,0
827608,0
827609,366000
827617,150000
827618,429000
827631,398000
827637,384000
827639,75400
827656,870000
827674,404800
827683,430000
827688,309000
827719,1055000
827725,250000
827727,887000
827732,0
827740,200000
827741,250000
827748,458100
827750,200000
827754,300000
827760,200000
827762,150000
827773,0
827774,200000
827786,400000
827794,150000
827796,816300
827815,718200
827816,142000
827817,655500
827821,200000
827830,0
827834,105000
827837,650000
827838,0
827843,450000
827846,1249200
827862,130000
827867,110000
827871,0
827883,580200
827889,496000
827891,298800
827894,862500
827905,0
827909,732500
827920,194800
827924,32800
827934,200000
827937,1000000
827942,1738600
827944,0
827956,1116000
827963,236400
827973,384000
827980,200000
827984,547500
827993,1032800
828000,880000
828003,536500
828008,775000
828011,308000
828023,400000
828034,520700
828052,144100
828053,0
828063,332300
828138,340000
828161,350000
828187,1259200
828201,0
828209,350000
828223,1149000
828235,3751300
828237,529600
828257,269000
828282,170000
828287,854000
828291,0
828324,150000
828333,0
828362,1210800
828364,483800
828372,200000
828404,350000
828408,493000
828411,250000
828418,1309200
828438,978000
828446,450000
828460,1289200
828489,350000
828492,554000
828507,1968800
828509,200000
828512,400000
828517,150000
828518,0
828520,170000
828521,500800
828533,450000
828537,0
828546,450000
828554,340000
828572,150000
828579,200000
828589,250000
828612,419600
828640,2063300
828641,461600
828667,0
828680,965500
828689,1350000
828690,250000
828692,1062500
828710,0
828719,150000
828748,0
828759,0
828762,740400
828767,1074000
828776,450000
828778,174800
828782,472900
828787,0
828808,0
828812,940000
828821,597000
828852,0
828857,0
828870,1372000
828880,1103700
828883,200000
828901,413900
828914,6164700
828932,750000
828940,1492800
828941,30000
828949,788200
828951,0
828955,667200
828961,450000
828970,328500
829005,1585200
829019,1358500
829030,0
829035,0
829096,232600
829098,125000
829124,150000
829141,836300
829147,596000
829168,180000
829181,0
829183,914000
829193,199600
829219,176000
829225,313200
829227,0
829244,570900
829250,307900
829306,100000
829320,200000
829333,228000
829338,3818200
829346,0
829357,490000
829367,350000
829385,0
829387,300000
829394,818500
829420,98000
829435,199000
829457,971800
829466,0
829489,1600000
829495,500000
829521,0
829523,813600
829538,450000
829549,0
829570,350000
829592,0
829596,350000
829601,779500
829602,200000
829603,290000
829610,0
829619,3197400
829623,450000
829631,258000
829636,431900
829686,525900
829689,450000
829701,317300
829707,81000
829708,216000
829715,434000
829721,1000000
829722,230000
829726,0
829730,307500
829733,144700
829748,569000
829767,1000000
829775,205900
829832,186400
829843,505600
829845,663600
829854,0
829869,3738200
829871,0
829878,0
829927,706000
829980,0
829991,0
829994,527000
830022,142000
830024,435000
830047,412500
830051,250000
830093,1884500
830105,0
830107,150000
830108,0
830160,0
830183,250000
830216,360000
830247,380000
830250,350000
830281,150000
830286,328000
830311,888000
830317,379900
830318,435500
830321,0
830324,0
830340,479200
830354,0
830357,135000
830370,350000
830388,744500
830398,220000
830408,400000
830435,610000
830453,444400
830454,150000
830459,1703500
830475,550000
830483,590200
830484,386000
830487,867000
830514,0
830533,0
830535,0
830539,437500
830542,900000
830555,452200
830560,423500
830571,828500
830582,440500
830584,240600
830606,520000
830608,1691600
830614,244000
830622,0
830640,400000
830643,0
830645,199500
830647,0
830648,1848200
830658,650000
830666,458500
830701,6088800
830702,1170200
830704,165000
830714,289000
830718,0
830723,4037200
830729,0
830744,400000
830746,580000
830750,1064100
830765,17800
830803,150000
830807,200000
830830,350000
830841,448500
830845,165000
830856,451300
830862,116000
830863,0
830874,319500
830879,346500
830880,150000
830891,400000
830892,486000
830898,70000
830908,3465000
830915,350000
830918,505300
830920,250000
830931,0
830966,265800
830969,652400
830981,0
830993,559000
831009,0
831016,191400
831026,618000
831033,550000
831036,364000
831038,650000
831045,0
831052,686800
831075,743200
831099,217200
831111,1204000
831135,200000
831162,150000
831172,0
831182,85000
831193,130000
831196,186000
831197,200000
831202,0
831203,150000
831259,0
831260,0
831262,830000
831271,502400
831279,557400
831292,448000
831314,300000
831318,455300
831352,708000
831377,0
831403,0
831408,650000
831430,545000
831441,2900000
831448,0
831453,366000
831514,5081400
831530,95000
831531,250000
831538,300000
831552,646000
831556,7471500
831558,652400
831614,1197800
831633,694400
831635,0
831648,385500
831662,599000
831671,1442300
831682,265000
831743,117500
831745,0
831751,400000
831773,1433000
831775,1190000
831782,3613500
831797,70000
831811,450000
831820,305000
831821,0
831830,238400
831843,1632000
831850,1286000
831855,765000
831876,0
831884,248000
831892,858700
831922,440500
831992,0
832005,488000
832033,394500
832055,8798100
832072,0
832080,142000
832108,0
832118,850000
832119,580000
832128,750000
832132,600000
832142,75000
832146,1546800
832161,250000
832201,84000
832205,4554800
832208,1134700
832212,150000
832216,582000
832238,0
832255,0
832287,500000
832306,1643200
832324,0
832329,250000
832331,0
832336,307000
832384,542300
832425,350000
832451,1077500
832453,300000
832471,703000
832476,140000
832487,600000
832491,169500
832527,1000100
832552,203900
832554,0
832559,71700
832567,200000
832571,145800
832584,250000
832597,77000
832616,246200
832620,951500
832635,1860000
832662,0
832681,1710000
832690,250000
832697,0
832718,821000
832720,150000
832746,156400
832752,235600
832756,390000
832757,0
832770,875500
832792,147000
832794,474300
832806,0
832821,0
832822,150000
832823,205000
832833,0
832853,150000
832864,2047200
832877,180000
832880,0
832886,150000
832899,400000
832905,0
832909,499300
832913,540000
832934,228500
832936,150000
832963,0
832976,0
832980,1397500
832991,179900
832992,310500
833024,490000
833030,640000
833035,200000
833040,0
833047,350400
833069,0
833072,812000
833085,3871800
833119,0
833143,643400
833168,0
833174,250000
833181,650000
833237,250000
833252,225000
833270,240000
833273,0
833322,0
833329,830000
833338,1529800
833363,0
833376,0
833385,658000
833392,0
833407,201400
833415,0
833438,977400
833441,350000
833451,179500
833455,150000
833484,233000
833487,186000
833521,235000
833564,100000
833579,0
833597,0
833611,1012400
833622,250000
833630,0
833639,277600
833647,0
833661,195500
833665,0
833671,240000
833730,0
833745,524300
833746,550000
833756,700000
833767,0
833775,350000
833802,600000
833838,1359500
833851,0
833858,237500
833862,650000
833867,0
833868,0
833891,456000
833897,550000
833903,250000
833927,1058200
833946,0
833959,200000
833974,300000
833979,100000
833987,0
833995,477600
833998,0
834006,250000
834017,321800
834019,1711500
834032,0
834040,140000
834068,0
834070,400000
834088,963200
834103,0
834104,200000
834135,350000
834137,2391400
834139,297600
834157,150000
834158,0
834179,204000
834182,0
834185,0
834200,0
834226,1178700
834244,427400
834254,0
834300,0
834317,245900
834318,0
834321,0
834323,0
834328,0
834331,0
834333,0
834341,0
834349,1910600
834353,0
834362,270000
834367,0
834369,0
834425,524800
834428,600000
834429,0
834484,234000
834486,0
834500,244500
834517,600000
834541,310500
834564,0
834589,0
834640,456000
834671,0
834676,190000
834677,322500
834683,570000
834692,4063800
834708,170000
834731,612500
834755,0
834810,108500
834820,0
834833,822000
834842,0
834854,809500
834859,0
834862,450900
834881,0
834886,2570800
834900,3901800
834960,200000
834966,156000
834973,0
834977,0
835010,0
835015,450000
835017,210000
835036,610400
835049,210000
835055,60000
835056,226800
835058,350000
835074,0
835081,285000
835091,350000
835104,496000
835113,355200
835116,390000
835126,0
835141,320900
835144,0
835147,0
835181,0
835182,0
835246,5606600
835255,7041100
835271,0
835286,234000
835292,300000
835296,0
835301,400000
835335,0
835349,154500
835350,598600
835351,400000
835352,200000
835361,283000
835418,0
835452,176700
835473,300000
835482,300000
835486,150000
835487,0
835494,2088500
835495,0
835498,678200
835499,0
835515,150000
835523,150000
835528,701800
835534,649000
835544,9932400
835549,550000
835600,200000
835603,0
835605,500000
835642,0
835650,150000
835657,0
835660,973100
835666,383000
835675,150000
835676,1042900
835698,389100
835721,400000
835727,542500
835735,720000
835761,243200
835766,452300
835768,120000
835770,204000
835776,0
835779,0
835781,0
835782,4070000
835784,120000
835790,536100
835793,120000
835796,395500
835797,0
835801,0
835808,250000
835810,300000
835820,1218000
835851,694000
835852,652000
835865,0
835915,555000
835918,500000
835939,958100
835947,0
835949,86600
835954,337500
835978,0
835980,0
835986,550000
835993,0
835994,105500
836014,0
836015,450000
836044,0
836045,717000
836055,0
836070,140000
836084,571400
836087,478000
836091,200000
836102,0
836106,3464500
836115,1764500
836116,916900
836124,195500
836149,1744400
836153,353000
836158,3421000
836168,163200
836180,202500
836193,54400
836207,1174800
836209,968500
836211,195000
836212,450000
836226,250000
836229,0
836234,374500
836241,185000
836244,229000
836248,0
836257,500000
836266,2696400
836272,0
836273,250000
836275,150000
836286,373200
836288,0
836290,227200
836295,1293300
836306,0
836323,0
836336,150000
836366,2660900
836373,0
836379,1036400
836382,615000
836388,89000
836391,629700
836422,1396000
836426,1503000
836429,0
836434,350000
836460,700000
836461,0
836472,0
836492,300000
836512,350000
836514,33600
836519,400000
836523,0
836529,0
836533,434200
836536,420000
836539,0
836602,68000
836605,0
836618,124300
836621,413500
836623,0
836629,465500
836639,0
836640,1576800
836644,93000
836665,956500
836666,400000
836695,400000
836696,367500
836697,1962300
836704,941500
836731,103200
836740,300000
836761,925000
836763,450000
836764,4933600
836777,800000
836781,447600
836798,556800
836801,402000
836820,0
836830,385400
836842,178300
836857,2933900
836862,285600
836867,150000
836868,0
836882,200000
836909,2251000
836916,352700
836924,84500
836930,0
836936,629900
836941,388500
836990,0
836991,0
837007,570000
837017,304500
837051,450000
837058,0
837063,0
837066,340200
837069,0
837070,150000
837073,860300
837086,0
837096,0
837109,305600
837111,563500
837155,369000
837174,525800
837189,0
837192,250000
837193,0
837234,6000000
837255,350000
837258,329800
837281,288000
837309,0
837314,641000
837320,0
837343,120000
837349,367500
837354,5719200
837358,436900
837362,788200
837376,310000
837420,952900
837423,1718000
837443,0
837455,400000
837464,676600
837480,843900
837489,0
837503,0
837514,668600
837517,0
837518,250000
837531,350000
837583,0
837587,99900
837605,164000
837612,128000
837616,350000
837623,490000
837628,497000
837639,433400
837643,0
837670,360000
837672,500000
837680,324800
837685,150000
837687,718000
837692,162400
837706,0
837707,497000
837721,0
837722,1000000
837731,0
837777,542600
837787,300100
837789,0
837798,1974900
837802,350000
837805,500000
837808,295300
837814,0
837818,368400
837833,284900
837836,0
837837,998000
837842,0
837843,150000
837883,200000
837899,0
837902,127000
837904,500000
837948,140000
837949,17300
837977,451600
837978,399900
837991,0
837992,1036800
838015,355500
838022,686600
838030,1117100
838031,172000
838033,417500
838041,250000
838044,300000
838071,0
838072,634000
838077,465000
838080,0
838089,0
838101,0
838107,0
838125,347000
838160,784500
838163,200000
838170,200000
838174,258900
838176,446100
838182,122500
838191,226800
838216,150000
838225,700000
838235,11624900
838249,0
838270,602800
838273,2137500
838286,408900
838289,0
838293,0
838300,0
838301,0
838305,357000
838330,150000
838355,87000
838358,2350000
838359,47000
838370,150000
838381,296000
838387,500000
838423,982000
838438,868000
838477,684000
838478,1490400
838479,583300
838480,150000
838514,0
838523,0
838535,0
838545,0
838557,450400
838565,0
838569,0
838578,0
838586,0
838601,200000
838631,0
838649,0
838676,440000
838682,500000
838689,899300
838701,0
838705,0
838710,332000
838729,500000
838754,400000
838765,286500
838768,711800
838817,0
838836,135000
838838,475000
838840,606000
838854,0
838869,450000
838881,33700
838893,8528800
838896,965000
838942,850000
838957,450000
838962,95000
839003,1026100
839015,325000
839018,171000
839026,277000
839029,0
839032,223500
839051,187000
839057,225000
839061,0
839073,499000
839100,1408600
839104,452500
839142,700000
839152,2784700
839176,0
839185,450000
839223,679000
839247,300000
839261,300000
839282,725000
839285,0
839296,350000
839305,229500
839309,312400
839351,450000
839356,472800
839361,0
839364,96000
839392,1891300
839393,270000
839399,0
839411,200000
839416,400000
839426,1000000
839436,0
839448,0
839462,500000
839464,134500
839472,241600
839482,0
839503,140000
839512,300000
839514,363800
839522,300000
839524,0
839535,1539300
839556,350000
839557,0
839560,140000
839573,450000
839576,0
839582,290000
839585,0
839586,500000
839604,300000
839608,450000
839610,900000
839653,432000
839661,663100
839671,0
839676,308700
839678,550000
839711,549600
839714,150000
839721,0
839733,635000
839752,288000
839794,400000
839803,0
839805,79500
839809,35000
839833,200000
839851,320000
839863,180000
839878,690500
839885,280000
839896,650000
839907,630000
839910,0
839911,427000
839922,150000
839930,150000
839931,5957200
839933,338200
839945,428000
839963,0
839974,1403200
840008,8774400
840022,848700
840029,150000
840038,450000
840067,1320500
840076,0
840099,450000
840109,200000
840115,1033300
840145,0
840146,260000
840151,525900
840152,204400
840175,895000
840185,175000
840190,108000
840224,175000
840247,575200
840260,0
840272,0
840283,603100
840284,613800
840304,2359500
840308,300000
840388,0
840416,1112400
840425,2037300
840428,0
840434,330000
840435,237000
840437,320000
840441,300000
840449,0
840461,0
840485,0
840496,0
840512,300000
840515,378300
840516,0
840522,200000
840533,0
840534,1987400
840535,200000
840538,200000
840542,1035000
840557,520000
840558,87500
840559,0
840570,150000
840584,280000
840605,0
840614,442000
840630,150000
840642,300000
840643,793500
840700,558900
840701,300000
840705,59000
840707,580000
840710,400000
840714,2154200
840717,600000
840721,632000
840728,150000
840730,548000
840749,0
840752,0
840771,130000
840800,250000
840811,151000
840817,494800
840827,311500
840855,311800
840856,0
840871,300000
840885,663500
840890,555000
840891,0
840895,400000
840904,650000
840911,0
840919,0
840930,355200
840938,443500
840939,0
840942,477400
840943,578500
840952,150000
840954,540300
840967,400000
840968,831900
840978,400000
840995,3490000
841007,350000
841024,431000
841047,150000
841068,300000
841070,95000
841072,1018100
841084,850000
841108,0
841111,465000
841130,0
841152,0
841160,484000
841169,150000
841200,350000
841201,150000
841224,0
841244,496500
841255,500000
841261,360000
841267,400000
841286,0
841289,0
841292,60000
841315,0
841329,0
841354,0
841364,568000
841368,0
841398,89600
841404,435200
841408,911700
841413,0
841418,795000
841423,150000
841429,164500
841444,1496000
841453,0
841454,170000
841469,187000
841497,5566500
841507,0
841522,400000
841549,0
841550,240000
841553,300000
841570,159600
841586,300000
841599,290000
841605,0
841626,29000
841627,350000
841642,720000
841644,1216700
841646,850000
841654,0
841674,349000
841694,2054100
841695,360000
841703,1074000
841706,0
841707,600000
841719,715100
841738,200000
841760,0
841777,385000
841792,0
841819,250000
841820,250000
841826,580000
841838,150000
841853,342500
841860,1026900
841864,239600
841877,366000
841878,1321500
841882,1144000
841889,122000
841921,0
841925,982000
841936,294500
841939,0
841993,463500
842006,120000
842009,2497000
842012,0
842050,247500
842051,48000
842071,7000
842091,520000
842104,0
842113,276000
842135,200000
842151,101300
842166,410400
842230,0
842232,4793400
842249,0
842279,0
842284,0
842306,191300
842307,1411300
842326,1460000
842334,600000
842354,400000
842378,0
842384,580700
842437,253200
842440,455500
842444,300000
842451,300000
842456,1057100
842464,400000
842467,467500
842469,830200
842473,200000
842476,0
842498,594500
842504,1070000
842548,431500
842594,1734700
842596,632700
842598,0
842605,0
842606,400000
842663,400000
842664,515700
842691,364500
842695,62000
842730,571000
842789,228000
842800,306000
842804,250000
842812,0
842839,281000
842850,0
842858,332500
842873,0
842874,0
842882,559900
842902,0
842916,116000
842943,387000
842947,250000
842959,761000
842966,607600
842971,521600
842987,27500
843018,87000
843023,402000
843037,0
843042,320400
843046,0
843068,576500
843072,611000
843088,143800
843099,304000
843128,0
843132,0
843149,0
843166,121500
843200,0
843206,841400
843217,0
843219,120000
843240,403000
843248,250000
843278,1125000
843284,200000
843312,580000
843314,7879600
843322,127500
843323,256000
843331,0
843337,150000
843437,384200
843471,250000
843499,0
843506,433700
843507,955800
843524,191400
843532,320000
843560,640300
843562,400000
843563,0
843565,350000
843583,893700
843630,334400
843638,0
843642,322000
843643,513500
843671,350000
843678,150000
843695,534000
843719,795700
843728,728800
843730,369000
843731,345000
843742,0
843780,0
843788,443900
843791,348300
843802,50000
843803,0
843807,0
843814,610000
843817,429200
843818,189000
843827,374000
843880,0
843886,496500
843896,947100
843901,330000
843919,3466100
843925,0
843928,491700
843943,583800
843954,309000
843955,401000
843959,0
843969,500000
843974,530000
843989,450000
843990,0
843993,150000
844003,250000
844020,0
844029,420000
844035,150000
844062,0
844073,0
844075,150000
844083,250000
844085,200000
844089,0
844095,475000
844134,0
844137,370000
844140,150000
844148,159200
844164,0
844171,0
844188,400000
844192,350000
844204,247500
844217,200000
844240,550000
844241,0
844243,5443200
844249,619900
844251,546300
844258,342000
844267,250000
844292,0
844300,1251100
844324,250000
844325,0
844344,0
844352,0
844359,944700
844372,0
844374,130000
844376,0
844414,350000
844418,314600
844437,650000
844459,370500
844473,0
844487,1041300
844518,402000
844547,321200
844553,830400
844592,844000
844603,0
844607,700000
844628,973000
844637,49000
844644,8051600
844657,0
844671,282000
844690,608000
844695,800000
844763,700000
844770,0
844809,0
844818,1146900
844834,0
844877,2286000
844881,0
844901,400000
844924,650000
844930,0
844976,250000
844983,0
844985,286000
845013,52500
845021,0
845027,150000
845032,0
845037,1968900
845055,300000
845065,652700
845066,3375000
845078,800000
845086,4415600
845089,450000
845096,182000
845100,0
845110,217500
845119,0
845130,87500
845133,350000
845148,1152500
845154,0
845156,457900
845176,1589600
845193,342400
845210,150000
845236,585100
845247,627900
845252,150000
845263,0
845264,140000
845267,600000
845279,0
845282,0
845300,250000
845304,94600
845309,0
845329,721500
845334,635000
845339,0
845347,490000
845358,470200
845409,167200
845412,0
845430,1096700
845438,1705500
845440,0
845474,0
845477,1865800
845482,1149400
845511,73000
845519,130000
845525,0
845537,289000
845551,0
845554,1495000
845555,0
845563,0
845565,450000
845574,2253800
845590,0
845592,17300
845640,1360000
845646,398000
845662,378000
845666,2914700
845681,683800
845693,200000
845706,0
845711,344500
845727,0
845728,399500
845732,0
845739,0
845745,89900
845749,0
845759,450000
845764,0
845768,0
845772,0
845793,0
845809,324600
845810,0
845817,1207600
845818,0
845821,0
845822,0
845835,0
845843,500000
845848,0
845858,0
845863,0
845867,350000
845871,0
845885,0
845889,300000
845892,0
845904,500000
845909,91500
845910,0
845921,0
845931,250000
845949,250000
845988,0
845996,0
845999,1364000
846012,300000
846021,0
846040,113800
846050,590000
846057,531100
846075,448000
846092,688000
846105,568000
846107,0
846121,0
846132,590500
846138,0
846146,302500
846156,150000
846169,1417400
846172,489600
846176,250000
846187,500000
846189,427800
846196,1323400
846197,836200
846200,259800
846204,699000
846205,160200
846221,0
846228,0
846238,600000
846253,0
846262,493500
846278,377700
846283,142000
846290,200000
846335,0
846349,1083000
846356,269300
846358,0
846364,1099600
846399,370000
846412,0
846424,0
846425,128500
846452,150000
846462,1630300
846497,450000
846500,1397000
846501,150000
846503,314700
846505,0
846507,0
846514,1103900
846539,0
846541,1014800
846542,150000
846553,489500
846612,384000
846617,284000
846629,249000
846638,0
846680,438400
846701,161600
846708,0
846712,0
846721,0
846739,0
846744,0
846748,406100
846768,300000
846788,457600
846790,358200
846795,0
846801,150000
846803,0
846817,1802700
846830,218600
846887,628000
846893,450000
846897,450000
846906,46800
846911,490500
846913,519500
846917,1314300
846961,423200
846983,564100
846984,0
846986,436900
846992,90300
847005,470000
847008,139500
847016,529000
847020,0
847022,202600
847027,300000
847030,228000
847050,0
847053,584000
847061,0
847104,400000
847106,0
847107,221500
847109,532000
847116,0
847157,0
847174,415800
847191,0
847206,0
847207,862400
847235,938000
847247,666000
847276,78000
847289,203200
847310,0
847314,499700
847319,0
847335,1505300
847342,405000
847344,189000
847360,129000
847364,0
847368,0
847378,0
847395,1729400
847399,429000
847403,1265800
847405,0
847414,4403100
847422,0
847426,300000
847430,0
847432,1963000
847442,199100
847447,188000
847474,60000
847477,0
847479,0
847483,0
847497,100000
847500,212000
847510,72500
847512,0
847515,142000
847547,0
847591,690000
847595,200000
847616,0
847618,248000
847627,350000
847649,283000
847676,0
847677,319300
847688,0
847691,322500
847706,0
847719,110000
847723,0
847729,0
847742,656000
847743,354400
847758,0
847771,350000
847776,0
847789,0
847790,300000
847813,2956800
847829,0
847831,576000
847835,150000
847841,880000
847851,565000
847853,0
847871,0
847877,0
847899,200200
847918,383300
847927,108000
847943,414800
847946,1930700
847952,568500
847972,220000
848005,0
848007,234000
848008,450000
848009,0
848011,0
848055,0
848064,1029900
848069,250000
848085,0
848089,752200
848101,251600
848112,150000
848126,400000
848128,350000
848132,446600
848140,0
848145,570800
848153,0
848162,261400
848166,3965400
848175,350000
848186,0
848189,0
848213,0
848218,200000
848224,0
848240,0
848255,0
848265,702000
848269,150000
848276,507500
848290,208800
848302,500000
848319,150000
848326,0
848329,2960400
848387,150000
848391,118000
848397,250000
848425,410800
848453,250000
848476,0
848489,250000
848503,0
848507,3348200
848542,0
848554,0
848559,144000
848570,0
848596,369500
848603,0
848611,223500
848632,1692800
848636,241000
848646,0
848683,0
848684,150000
848688,0
848728,0
848746,162000
848757,950000
848763,570000
848779,150000
848791,597000
848801,145000
848808,650000
848817,0
848825,0
848828,1072000
848834,1007000
848835,0
848864,250000
848874,60000
848891,0
848892,440000
848922,201100
848931,325200
848942,313300
848951,655000
848963,400000
848998,204000
849020,400000
849028,0
849029,675500
849036,734000
849038,150000
849040,4818900
849052,0
849053,280300
849066,243400
849069,1515200
849090,150000
849106,488100
849110,2039200
849113,801300
849120,0
849128,144800
849130,150000
849132,89000
849136,135000
849139,0
849141,493600
849143,0
849157,192000
849164,242800
849184,385500
849185,0
849219,892500
849223,200000
849224,0
849227,0
849231,1503300
849270,399500
849286,0
849290,109600
849302,150000
849308,0
849310,0
849338,174900
849350,534800
849352,0
849353,485200
849354,649300
849373,0
849376,75000
849387,306000
849390,0
849426,0
849456,790000
849460,0
849461,0
849462,291700
849482,200000
849483,500000
849489,300000
849490,1193000
849504,450700
849508,200000
849511,500000
849523,255000
849527,350000
849528,100000
849529,367500
849538,150000
849549,857300
849554,467500
849561,0
849576,0
849600,70000
849606,0
849611,0
849617,946000
849620,150000
849624,2441000
849626,0
849633,200000
849636,0
849642,0
849653,100000
849656,0
849667,718000
849675,0
849682,0
849689,200000
849719,0
849737,0
849743,185000
849748,70000
849751,407500
849768,233900
849778,200000
849780,235000
849795,0
849803,70000
849806,450000
849809,720000
849812,300000
849815,0
849823,0
849849,0
849851,0
849860,0
849863,0
849865,0
849878,0
849884,150000
849895,150000
849898,130000
849905,400000
849907,0
849913,0
849914,223500
849920,0
849921,150000
849925,150000
849935,615900
849940,1031000
849952,548400
849960,107000
849985,337500
849990,0
849996,222000
849998,460000
850005,0
850009,400000
850027,800000
850035,294000
850041,0
850047,429000
850053,976800
850056,754700
850062,0
850072,0
850083,0
850097,668000
850107,0
850109,629100
850110,0
850113,0
850121,0
850123,418000
850124,0
850128,150000
850130,0
850132,582000
850134,0
850138,250000
850139,70000
850145,0
850158,0
850163,0
850167,450000
850171,382500
850176,0
850194,0
850195,0
850197,0
850206,250000
850207,0
850208,0
850211,0
850214,0
850221,0
850223,453200
850232,0
850235,0
850238,0
850240,0
850243,0
850251,0
850255,324000
850256,0
850263,910000
850264,0
850266,400000
850269,0
850270,1670000
850277,0
850287,0
850289,250000
850290,0
850291,140000
850301,350000
850304,70000
850308,0
850311,1961500
850312,539600
850317,0
850320,150000
850321,1418700
850327,0
850337,0
850338,0
850341,215000
850346,200000
850351,300000
850352,210000
850353,400000
850375,304000
850376,0
850377,0
850383,200000
850384,231700
850393,0
850394,198000
850395,0
850399,0
850400,0
850409,70000
850415,648000
850421,150000
850423,150000
850425,0
850428,0
850431,400000
850437,200000
850442,150000
850449,162000
850450,0
850458,0
850469,0
850472,0
850475,0
850476,70000
850477,0
850499,250000
850502,0
850503,0
850504,360000
850505,0
850506,95000
850524,0
850531,1604900
850537,107500
850539,70000
850543,340000
850550,0
850551,0
850569,200000
850571,0
850575,0
850578,537000
850579,530000
850580,0
850589,0
850599,429000
850610,0
850618,0
850625,200000
850634,278500
850635,200000
850640,0
850641,0
850642,300000
850646,200000
850656,0
850665,0
850667,70000
850668,0
850685,0
850691,550000
850695,290000
850697,0
850707,0
850716,4581600
850728,25200
850730,409600
850733,0
850741,0
850749,500200
850753,482000
850756,0
850761,0
850772,0
850776,0
850778,2183900
850784,0
850792,0
850796,150000
850799,0
850801,505700
850805,0
850806,0
850825,0
850828,619000
850840,741000
850842,0
850854,500000
850859,0
850867,212500
850887,0
850896,150000
850897,1402500
850898,524700
850901,0
850902,17500
850903,935200
850909,0
850913,6856200
850915,360000
850921,150000
850933,6937500
850938,0
850945,139500
850950,0
850952,0
850954,0
850955,1375000
850964,0
850968,0
850978,0
850982,94500
850983,0
850991,360000
851003,419900
851007,400000
851016,1200000
851017,0
851023,200000
851024,45000
851026,211600
851029,0
851032,708400
851038,84000
851052,0
851054,400000
851060,700000
851073,264000
851077,283000
851083,0
851093,150000
851096,294000
851098,150000
851100,70000
851105,400000
851109,0
851110,0
851123,320800
851126,200000
851143,0
851154,0
851155,400000
851162,0
851166,0
851167,0
851177,0
851178,0
851180,332500
851185,0
851190,70000
851201,0
851205,550500
851212,450000
851221,174500
851222,0
851225,0
851227,650000
851229,185000
851235,0
851236,463200
851239,152500
851241,0
851258,350000
851262,500000
851266,2008500
851276,400000
851284,966500
851287,270000
851288,0
851289,70000
851291,0
851296,288000
851298,0
851310,70000
851315,200000
851319,0
851337,1284000
851338,0
851348,0
851351,0
851358,150000
851368,715000
851369,0
851372,277000
851377,0
851378,150000
851379,280000
851383,0
851391,0
851398,0
851405,0
851406,0
851409,1284300
851415,0
851429,384000
851433,282000
851436,0
851444,808000
851446,350000
851449,100000
851458,495900
851466,0
851468,0
851473,782000
851484,314700
851488,150000
851491,0
851492,0
851494,312500
851497,475000
851500,150000
851502,225000
851515,0
851529,748500
851532,249000
851533,1055500
851546,0
851548,0
851553,150000
851558,0
851559,200000
851566,443400
851570,0
851573,0
851574,0
851575,0
851576,500000
851578,0
851580,239200
851582,0
851585,485500
851586,0
851587,145000
851591,0
851594,150000
851604,0
851610,509000
851611,0
851614,400000
851617,247100
851618,70000
851621,0
851626,0
851628,150000
851629,100000
851632,0
851640,0
851641,727500
851642,350000
851643,150000
851649,0
851657,150000
851659,317300
851661,0
851698,0
851702,5537000
851703,0
851714,32500
851718,334800
851720,0
851722,0
851730,350000
851735,600000
851740,190000
851742,540500
851745,2190200
851751,150000
851752,350000
851755,442000
851756,400000
851762,660800
851764,130000
851766,350000
851767,568300
851768,228800
851770,0
851773,433200
851791,1562500
851802,0
851804,13600
851807,0
851811,0
851812,0
851814,0
851816,2295600
851817,0
851835,0
851838,0
851844,98000
851845,0
851861,610800
851875,590000
851885,0
851895,10188500
851896,0
851897,0
851903,356000
851904,320000
851909,388800
851912,0
851918,500000
851922,0
851925,300000
851934,502000
851936,494000
851938,590100
851947,392000
851955,0
851965,0
851987,0
851993,317000
851999,0
852004,0
852006,0
852018,0
852020,150000
852022,260100
852023,0
852028,828600
852029,500000
852041,0
852043,419000
852049,0
852062,400000
852067,0
852069,200000
852071,661400
852072,671600
852073,0
852080,135000
852089,0
852096,200000
852104,125000
852105,0
852114,0
852117,0
852120,200000
852128,0
852135,995400
852140,200000
852148,425600
852150,0
852152,0
852157,1029700
852162,0
852168,0
852170,200000
852175,0
852177,129000
852178,550000
852181,250000
852182,750000
852186,0
852190,0
852196,0
852197,0
852203,524800
852206,0
852207,1270300
852212,0
852214,1450000
852224,0
852235,0
852241,358000
852247,0
852249,0
852253,0
852260,200000
852267,0
852274,0
852277,1100400
852285,0
852288,0
852296,0
852298,417500
852307,400000
852308,400000
852319,350000
852324,0
852325,0
852344,0
852352,450000
852353,70000
852362,2342500
852363,172500
852364,0
852377,398600
852378,150000
852385,528000
852387,405800
852392,0
852393,350000
852401,114000
852405,0
852409,289500
852416,0
852423,0
852427,334000
852431,404000
852433,0
852434,0
852436,0
852443,0
852446,155000
852460,73000
852463,296000
852466,103000
852470,0
852471,587500
852479,4680600
852482,0
852486,0
852493,0
852497,0
852517,0
852522,0
852554,407100
852569,0
852571,0
852599,0
852605,70000
852615,70000
852620,155000
852630,150000
852636,827000
852643,0
852648,0
852657,0
852662,150000
852666,0
852670,200000
852691,0
852702,0
852705,70000
852728,0
852736,0
852740,8607100
852741,759000
852742,579800
852752,1685200
852754,0
852756,150000
852759,0
852768,27100
852775,777300
852779,271700
852780,586500
852781,596000
852788,200000
852796,400000
852803,450000
852805,0
852813,0
852814,410000
852816,400000
852822,706500
852826,149000
852832,150000
852834,60000
852836,142000
852840,589900
852841,0
852845,450000
852847,0
852849,629500
852853,427300
852858,290000
852860,0
852862,180000
852863,300000
852865,0
852870,390000
852873,0
852878,0
852880,70000
852884,949300
852888,200000
852889,0
852894,280800
852903,1002200
852912,150000
852921,200000
852927,0
852930,0
852935,0
852936,177000
852944,0
852945,497000
852948,403600
852950,0
852952,150000
852959,275000
852974,300000
852984,419000
852990,130000
852991,250000
853000,172000
853019,150000
853023,134400
853029,498000
853035,301100
853041,321000
853049,60000
853057,442500
853061,554000
853064,487100
853073,0
853083,0
853090,0
853093,0
853102,447500
853109,0
853119,1164500
853132,72500
853137,70000
853148,0
853159,200000
853162,0
853171,0
853176,0
853188,232500
853200,250000
853206,15000
853209,803900
853210,3268000
853220,0
853243,140000
853246,250000
853249,140000
853253,400000
853262,572500
853265,400000
853270,150000
853278,0
853279,0
853281,823500
853283,0
853289,483000
853290,821100
853292,275400
853296,474300
853303,225000
853306,130000
853317,200000
853326,121500
853327,0
853348,3887600
853350,49500
853355,0
853357,0
853364,0
853367,0
853370,266000
853376,70000
853377,0
853395,0
853401,0
853404,312000
853406,300000
853413,0
853415,60000
853418,1161900
853425,779600
853427,150000
853430,150000
853432,105000
853435,0
853439,380000
853449,70000
853453,70000
853460,0
853463,0
853468,150000
853480,150000
853481,1005000
853486,400000
853490,0
853500,102000
853501,400000
853503,0
853511,150000
853536,0
853539,1300000
853540,0
853549,0
853557,120000
853564,0
853567,102000
853571,110000
853579,0
853587,426700
853591,350000
853595,0
853597,0
853600,0
853609,0
853610,0
853612,317200
853617,0
853618,670000
853619,142500
853623,300000
853624,314800
853627,150000
853632,580000
853636,322100
853643,70000
853649,0
853655,568800
853656,324600
853659,478400
853661,150000
853669,292500
853672,1099500
853675,0
853677,0
853680,210000
853690,250000
853691,0
853693,5398600
853699,0
853701,808800
853703,667500
853713,0
853714,0
853716,140400
853718,0
853719,400000
853724,134500
853727,368900
853730,0
853735,473100
853738,274000
853740,0
853742,400000
853745,0
853747,0
853753,675000
853754,143000
853757,0
853764,0
853774,416700
853778,0
853782,379800
853787,0
853789,0
853791,400000
853793,0
853795,0
853801,207000
853803,0
853805,3025400
853819,0
853822,400000
853825,0
853827,0
853829,250000
853838,70000
853840,0
853847,0
853854,400000
853855,0
853856,0
853866,0
853875,0
853877,0
853880,2298000
853883,450000
853889,0
853897,0
853898,0
853899,472100
853902,239700
853907,0
853913,484500
853914,0
853916,313900
853919,730400
853925,254000
853928,150000
853933,0
853938,340000
853941,0
853943,400000
853947,2026200
853949,200000
853953,400000
853954,0
853961,326600
853964,0
853969,0
853971,0
853974,0
853979,400000
853986,708000
853988,293000
853997,405300
854001,518000
854004,350000
854005,14820200
854008,0
854013,312000
854025,0
854027,0
854036,0
854039,0
854040,0
854047,0
854050,119000
854056,0
854059,0
854063,600000
854067,468000
854074,4897300
854076,2033200
854088,550000
854099,774900
854107,0
854113,468000
854115,0
854120,70000
854123,0
854126,0
854130,0
854136,70000
854142,0
854145,0
854151,250000
854152,250000
854159,259500
854160,387800
854161,0
854163,0
854177,150000
854179,0
854188,3079700
854191,229000
854192,319500
854193,93600
854197,0
854198,270000
854199,156000
854202,662500
854204,70000
854210,400000
854213,0
854217,146700
854218,387800
854221,0
854222,644200
854225,782000
854240,790000
854242,2167500
854248,400000
854254,193000
854255,0
854264,0
854266,0
854273,0
854276,400000
854283,67000
854284,647000
854285,0
854289,698800
854291,0
854295,409000
854300,0
854304,456000
854311,0
854316,0
854317,258000
854324,0
854328,897000
854336,649000
854337,440000
854340,0
854345,0
854346,0
854347,0
854352,0
854359,817500
854367,420000
854377,7300
854379,219000
854380,1135000
854381,356900
854387,663000
854395,140000
854398,400000
854401,0
854405,0
854406,0
854416,1500900
854418,297000
854421,0
854428,0
854429,0
854430,0
854435,0
854440,1956500
854443,0
854446,0
854447,0
854448,135000
854453,452000
854457,0
854468,0
854469,0
854470,500000
854474,0
854476,92300
854477,59500
854478,276000
854479,0
854487,150000
854490,140000
854491,0
854492,30000
854505,0
854511,0
854512,70000
854532,0
854534,0
854540,180000
854543,164000
854546,450000
854548,300000
854550,0
854554,2214500
854561,147000
854562,0
854564,1437200
854566,139800
854571,1007500
854572,200000
854574,0
854577,0
854578,250000
854581,0
854582,2993900
854585,0
854587,0
854590,767500
854592,70000
854594,0
854599,0
854609,140000
854614,202800
854615,234000
854617,135000
854618,0
854619,0
854623,0
854624,150000
854628,0
854631,240000
854638,0
854643,1122400
854644,0
854647,460000
854649,0
854651,13500
854652,0
854660,300000
854661,0
854662,97500
854665,0
854667,0
854668,833000
854671,0
854672,2454800
854673,200000
854679,0
854683,400000
854684,0
854691,105000
854693,0
854698,0
854699,0
854703,0
854705,250000
854706,0
854718,498500
854723,0
854734,1425900
854738,0
854744,0
854745,150000
854749,0
854753,1212800
854754,145000
854760,0
854765,400000
854773,0
854776,500000
854784,298800
854796,4981800
854798,514000
854799,250000
854800,930000
854801,0
854802,0
854807,1957300
854810,630000
854813,1761900
854829,0
854843,250000
854851,0
854852,300000
854858,0
854859,329800
854860,1403500
854870,135000
854875,0
854878,350000
854889,0
854892,652500
854893,0
854894,0
854895,0
854901,0
854904,290000
854906,0
854913,0
854919,0
854920,0
854921,0
854924,393600
854929,70000
854934,570700
854935,507500
854936,150000
854938,0
854946,0
854953,70000
854958,0
854960,0
854965,144000
854968,702500
854972,0
854977,0
854978,599600
854979,0
854981,0
854986,0
854988,200000
854989,0
854996,523100
854998,0
855009,254800
855010,0
855011,0
855015,0
855017,0
855024,0
855026,771200
855027,0
855038,0
855042,0
855051,0
855055,288500
855060,0
855061,0
855070,0
855071,0
855074,596800
855075,0
855079,0
855086,0
855091,503500
855093,0
855096,0
855098,0
855099,8602800
855107,0
855121,354000
855122,0
855125,140000
855126,200000
855131,0
855134,150000
855151,0
855155,0
855159,0
855161,0
855166,240000
855167,0
855168,400000
855173,0
855178,0
855187,0
855188,25000
855192,0
855199,0
855205,0
855210,0
855212,200000
855214,712400
855217,0
855221,250000
855223,0
855224,0
855225,0
855226,0
855230,0
855240,0
855243,427900
855244,0
855247,576800
855250,0
855254,180000
855256,0
855262,0
855264,0
855267,0
855269,0
855271,313400
855274,0
855275,400000
855277,0
855286,988000
855289,0
855296,0
855298,0
855301,0
855303,0
855305,0
855312,0
855315,0
855317,0
855318,0
855324,0
855335,0
855336,0
855338,0
855343,370000
855344,0
855352,0
855354,450000
855358,0
855365,0
855375,0
855378,0
855379,417000
855380,0
855386,0
855387,168000
855390,670000
855395,0
855400,17500
855404,0
855409,0
855413,0
855422,0
855444,116000
855446,0
855454,531500
855461,131400
855462,0
855474,0
855475,1085100
855476,269000
855479,0
855482,12500
855483,150000
855487,0
855490,424200
855491,0
855497,0
855499,136400
855503,340000
855507,0
855518,0
855525,0
855526,500000
855530,0
855532,0
855533,0
855534,0
855542,0
855547,335000
855555,900000
855556,0
855560,249000
855566,369500
855570,0
855575,1126000
855576,270000
855589,0
855595,135000
855611,0
855621,0
855629,280000
855632,0
855633,9346600
855638,0
855639,0
855640,350000
855643,0
855660,477400
855670,0
855674,0
855679,450000
855684,0
855686,0
855687,0
855689,102000
855698,818500
855701,34000
855703,1040800
855705,528000
855717,0
855724,70000
855726,135000
855727,0
855729,1275000
855733,0
855740,0
855746,135000
855747,0
855749,0
855750,0
855752,2990200
855754,475000
855756,0
855767,4635000
855769,0
855777,682300
855778,135000
855784,605000
855792,0
855793,806900
855797,0
855799,3022000
855802,135000
855812,250000
855813,0
855819,0
855824,0
855836,0
855837,0
855838,458500
855841,939000
855844,885000
855845,150000
855850,0
855853,0
855858,0
855865,0
855868,150000
855869,319200
855877,2043000
855882,0
855895,200000
855897,0
855902,150000
855909,114600
855918,150000
855920,550400
855924,600000
855925,400000
855926,296000
855940,0
855941,0
855942,0
855949,0
855952,456900
855953,0
855955,0
855961,200000
855966,0
855975,0
855977,224700
855978,0
855979,135000
855982,1519500
855988,0
855996,0
856009,0
856015,1056500
856026,250000
856039,520000
856043,213400
856048,0
856049,0
856052,0
856064,0
856069,129500
856076,712700
856079,0
856080,0
856082,2288000
856090,0
856093,660400
856098,0
856115,0
856135,0
856138,0
856142,70000
856144,17200
856145,0
856147,0
856167,102000
856181,1048300
856200,0
856217,0
856221,1200000
856224,70000
856230,70000
856236,0
856241,315800
856244,0
856249,0
856258,604500
856261,0
856263,300000
856266,0
856270,0
856291,478400
856294,504000
856300,450000
856303,0
856305,0
856312,150000
856315,0
856321,200000
856338,0
856339,300000
856340,0
856341,400000
856347,0
856351,0
856358,0
856360,400000
856361,0
856366,129000
856372,392500
856377,0
856378,511800
856381,150000
856383,0
856388,0
856397,500000
856399,430000
856401,0
856402,0
856403,0
856404,528000
856417,300000
856425,0
856429,0
856432,0
856436,200000
856437,0
856441,0
856446,0
856452,1535000
856460,0
856471,338000
856478,0
856479,450000
856482,1475000
856494,52500
856497,0
856499,90000
856509,0
856512,0
856514,70000
856520,0
856522,12729000
856530,0
856533,0
856536,573000
856540,112000
856541,0
856543,0
856547,0
856549,8600
856563,0
856566,340500
856567,450000
856578,0
856580,66000
856587,0
856590,180000
856592,0
856601,350000
856602,0
856603,0
856608,0
856611,0
856618,102000
856619,0
856624,0
856625,0
856629,200000
856630,100500
856632,0
856635,103000
856639,103000
856646,0
856651,0
856653,103000
856658,103000
856661,103000
856672,374500
856678,103000
856681,0
856690,0
856691,0
856697,1860800
856705,400000
856715,0
856721,7652400
856729,0
856734,0
856735,0
856745,0
856760,0
856766,120000
856768,600000
856770,0
856780,0
856783,374400
856784,0
856796,120000
856804,0
856806,0
856807,0
856810,0
856815,250000
856819,200000
856824,150000
856830,675700
856831,735500
856839,200000
856840,115000
856848,150000
856855,135000
856856,360000
856866,0
856880,499000
856881,0
856882,487800
856886,0
856888,872100
856892,1419900
856894,0
856901,0
856906,555000
856918,0
856919,150000
856922,510000
856923,0
856931,142000
856932,0
856938,300000
856939,1837800
856947,0
856953,340400
856957,0
856963,0
856975,5700000
856978,0
856980,508500
856981,0
856987,135000
856993,349300
856999,0
857015,423200
857018,0
857022,0
857031,0
857036,0
857039,0
857042,1574000
857046,350000
857049,200000
857051,150000
857054,314800
857064,532700
857067,0
857070,70000
857073,541000
857080,390700
857081,3100000
857083,433700
857096,0
857100,1382900
857102,449000
857107,439000
857109,216800
857112,520000
857114,150000
857120,39500
857123,250000
857128,400000
857132,1800700
857134,0
857144,1246500
857145,0
857150,70000
857152,1039000
857155,614900
857156,185600
857160,328300
857173,450000
857184,0
857186,0
857196,30000
857198,500000
857200,610400
857209,484600
857214,445000
857218,0
857223,0
857226,324000
857232,280000
857246,280000
857251,150000
857256,0
857257,300000
857259,791600
857263,1127000
857269,70000
857271,0
857273,0
857276,0
857283,0
857289,150000
857291,121000
857298,165000
857303,0
857310,0
857312,0
857331,0
857332,0
857339,0
857346,0
857352,375800
857358,1963300
857361,0
857364,210000
857368,0
857376,2601000
857381,400000
857391,250000
857398,0
857399,0
857401,150000
857403,530000
857405,185000
857408,358800
857417,150000
857423,0
857428,89100
857429,0
857433,0
857435,400000
857437,0
857444,70000
857446,0
857460,651600
857462,0
857464,147500
857468,120000
857471,0
857473,24000
857479,550000
857500,150000
857503,0
857505,0
857508,828700
857512,0
857516,345000
857523,5557700
857529,0
857532,0
857541,500000
857544,800000
857547,270000
857548,0
857558,78000
857565,0
857571,0
857572,6493500
857574,0
857583,0
857585,70000
857592,0
857596,360600
857598,570800
857601,0
857605,150000
857611,218600
857617,3279200
857619,112000
857628,160000
857631,225500
857632,184100
857642,0
857654,400600
857657,300000
857663,0
857670,0
857672,0
857683,0
857684,340000
857690,0
857694,331900
857706,400000
857714,0
857722,0
857734,0
857738,0
857748,570000
857750,70000
857752,290500
857754,384800
857763,0
857768,522500
857779,3320300
857780,802000
857788,350000
857790,0
857791,70000
857801,0
857808,810000
857824,0
857825,0
857826,0
857831,750800
857845,512500
857852,150000
857870,0
857873,0
857882,600000
857883,350000
857888,200000
857892,559000
857904,0
857922,375000
857924,400000
857927,0
857930,180000
857935,150000
857968,0
857992,475000
858005,200000
858012,692500
858020,251200
858022,226200
858029,500000
858030,1400500
858038,0
858050,200000
858078,0
858083,65000
858086,0
858088,423000
858090,0
858101,174000
858109,435000
858114,303500
858121,70000
858123,520000
858124,350000
858134,0
858137,0
858139,722800
858143,200000
858144,200000
858146,70000
858154,0
858161,70000
858172,0
858178,381800
858188,0
858206,360800
858212,0
858214,200000
858230,0
858231,0
858232,643500
858234,0
858236,0
858237,0
858240,0
858244,0
858258,0
858261,598500
858264,0
858269,480800
858287,1097100
858299,0
858300,0
858303,0
858313,150000
858321,476500
858327,0
858330,418500
858348,0
858354,0
858356,0
858359,0
858363,250000
858366,0
858370,345000
858377,0
858379,0
858389,304000
858403,150000
858410,0
858418,500000
858426,150000
858429,600000
858431,0
858432,182500
858452,496000
858454,0
858455,70000
858467,0
858469,107000
858483,1916400
858490,350000
858491,0
858497,0
858498,0
858499,0
858510,0
858519,0
858533,0
858535,200000
858541,220000
858542,70000
858543,200000
858554,674700
858560,646000
858568,200000
858577,1117500
858594,0
858600,0
858603,245000
858610,1379300
858620,200000
858625,239500
858628,0
858638,0
858648,77500
858650,0
858654,120000
858660,0
858665,155500
858676,360000
858700,43500
858704,0
858706,0
858715,0
858721,15000
858722,70000
858727,674300
858740,0
858742,208000
858745,0
858759,1072000
858763,0
858768,0
858783,701700
858786,0
858787,213000
858793,4466000
858794,0
858799,0
858801,0
858818,0
858820,208500
858821,0
858822,0
858825,558000
858834,0
858843,2290600
858849,0
858852,500000
858867,1212200
858876,0
858877,961000
858878,0
858882,150000
858885,0
858886,0
858889,106400
858890,416000
858892,0
858893,0
858900,2040700
858910,0
858911,542200
858916,0
858922,0
858927,540000
858929,400000
858931,0
858938,0
858939,438000
858942,0
858944,0
858946,0
858952,0
858957,427400
858965,65000
858985,1024700
858990,0
858993,217500
858998,0
859009,0
859018,586000
859028,0
859034,0
859053,0
859064,0
859067,75000
859069,873200
859081,300000
859082,550000
859083,280000
859093,245000
859095,0
859103,300000
859105,0
859116,107500
859127,462000
859132,0
859137,0
859149,1585000
859150,0
859160,0
859166,665500
859167,707200
859173,687000
859174,14134500
859178,150000
859183,0
859191,0
859194,394000
859198,0
859201,0
859202,0
859204,100000
859211,360000
859215,0
859222,1673200
859237,129300
859241,850000
859251,150000
859254,381700
859262,300000
859268,1073900
859281,0
859288,0
859300,70000
859303,19500
859308,70000
859321,5050000
859328,0
859342,0
859343,150000
859344,2038600
859353,0
859357,353000
859373,880500
859388,0
859401,0
859412,0
859414,0
859420,0
859422,454000
859427,0
859433,0
859442,0
859443,31304000
859446,0
859447,0
859454,0
859466,457200
859467,0
859470,250000
859485,1230000
859496,0
859497,70000
859501,226800
859502,216900
859512,0
859514,0
859515,200000
859531,42000
859538,230600
859541,0
859543,0
859551,15000
859554,790000
859563,84000
859571,200000
859573,0
859585,38400
859593,0
859594,0
859606,0
859609,0
859610,462000
859615,480000
859618,12000
859619,0
859624,0
859631,658000
859638,0
859641,616800
859649,0
859651,100000
859652,0
859658,521800
859660,0
859664,200000
859666,0
859667,0
859671,298000
859685,330000
859690,250000
859692,519000
859700,850000
859712,0
859714,300000
859718,0
859719,0
859720,0
859728,332500
859729,0
859730,0
859731,449600
859732,600000
859739,158000
859749,1267300
859751,70000
859753,511000
859754,0
859761,70000
859762,1657500
859769,1291600
859773,107500
859774,546000
859775,0
859780,0
859781,300000
859784,70000
859785,0
859789,119900
859794,0
859795,49800
859812,70000
859813,389600
859818,140000
859819,0
859820,0
859826,200000
859830,470000
859834,0
859838,150000
859844,0
859847,450000
859855,0
859857,0
859869,231400
859876,0
859878,335900
859879,0
859881,0
859887,0
859889,610000
859891,150000
859892,0
859896,250000
859901,0
859907,0
859913,0
859914,0
859920,0
859922,0
859928,1763400
859931,0
859932,0
859936,0
859938,0
859939,489600
859942,961600
859943,487200
859946,0
859951,217000
859952,0
859954,0
859955,200000
859960,697500
859975,0
859978,0
859982,489600
859983,359300
859984,80000
859986,400000
859987,380000
859994,0
859996,386000
860001,150000
860002,0
860013,850000
860014,527500
860017,0
860018,288000
860025,0
860026,0
860030,0
860044,0
860046,15200
860048,110000
860050,0
860054,275000
860060,464700
860061,1294000
860066,0
860070,0
860072,0
860077,0
860082,835200
860087,0
860101,0
860102,0
860107,0
860109,0
860115,0
860131,0
860141,250000
860149,1090000
860155,0
860161,0
860171,0
860176,150000
860182,450000
860184,200000
860185,264400
860187,316000
860194,0
860203,0
860204,0
860224,0
860226,0
860232,150000
860235,0
860237,690000
860241,87000
860242,121000
860247,0
860253,1418900
860258,0
860268,401400
860271,0
860276,0
860277,400000
860279,0
860284,12000
860301,750000
860304,399800
860307,388200
860314,0
860315,0
860318,0
860320,0
860322,0
860342,557200
860347,782000
860352,40500
860354,0
860359,2250000
860366,0
860372,137500
860380,0
860384,0
860388,95000
860395,0
860397,250000
860404,0
860405,0
860407,0
860413,150000
860414,0
860417,0
860418,148000
860427,2481900
860433,0
860435,670000
860440,0
860442,70000
860445,0
860447,0
860449,1015000
860452,0
860458,0
860471,250000
860474,400000
860476,0
860478,149000
860482,99500
860484,0
860487,0
860495,0
860497,0
860501,0
860502,613500
860513,146000
860520,0
860527,0
860530,234800
860532,0
860541,0
860558,0
860565,0
860568,200000
860577,542000
860578,150000
860589,0
860590,541200
860591,0
860605,223200
860606,0
860612,150000
860628,0
860633,500000
860636,0
860639,0
860663,0
860669,450000
860677,888000
860680,0
860696,0
860719,0
860738,250000
860750,0
860755,437000
860757,0
860766,1240000
860772,175000
860776,200000
860781,0
860785,250000
860788,3062800
860789,185500
860796,141000
860804,0
860809,0
860810,0
860814,463000
860819,506000
860827,189600
860833,0
860838,150000
860858,650000
860859,0
860860,0
860862,691000
860866,2345800
860869,300000
860875,352000
860879,0
860910,0
860914,823700
860922,0
860925,5289300
860933,0
860936,0
860946,0
860953,0
860954,300000
860957,200000
860960,1150000
860965,250000
860973,0
860978,726400
860982,388000
861000,0
861020,250000
861039,0
861049,0
861059,390000
861063,250000
861066,350000
861089,0
861095,150000
861098,10602400
861101,150000
861113,697500
861122,150000
861123,590000
861133,110000
861151,150000
861156,1380900
861160,0
861163,0
861165,0
861166,650000
861167,0
861174,0
861177,1000000
861180,0
861192,510000
861202,0
861205,2194200
861212,0
861215,350000
861220,0
861221,0
861233,0
861234,0
861240,0
861248,220000
861249,177000
861250,393700
861251,550000
861252,0
861261,24000
861264,355400
861265,0
861270,0
861271,0
861274,0
861275,1711000
861276,0
861279,0
861283,0
861285,643500
861286,190000
861292,290000
861309,332000
861313,0
861315,1198000
861324,1256600
861327,250000
861330,500000
861333,0
861346,0
861348,70000
861351,400000
861353,0
861355,0
861368,0
861378,450000
861388,580000
861389,400000
861390,418500
861395,832000
861400,190900
861402,0
861404,0
861411,112000
861416,0
861419,0
861422,0
861427,0
861444,0
861446,0
861447,0
861452,0
861456,400000
861457,455000
861466,0
861473,0
861474,0
861487,0
861492,0
861496,0
861516,200000
861528,2173000
861542,0
861544,0
861549,0
861563,0
861587,0
861594,0
861600,308000
861603,70000
861615,200000
861622,98000
861624,667000
861638,0
861640,0
861642,400000
861661,500000
861673,173000
861680,0
861691,0
861692,444100
861701,0
861722,200000
861727,0
861735,79400
861741,0
861744,0
861745,768000
861750,629000
861758,120000
861764,0
861774,70000
861778,0
861781,0
861790,0
861791,400000
861810,350000
861812,0
861815,0
861820,0
861829,0
861830,0
861846,0
861847,63000
861852,70000
861853,0
861860,259000
861867,845000
861898,0
861915,0
861941,0
861945,241600
861946,0
861950,0
861954,70000
861955,16090300
861969,30000
861970,0
861972,0
861975,0
861979,600000
861988,234700
862004,250000
862008,0
862011,0
862019,490000
862029,0
862039,160000
862044,0
862050,0
862053,492000
862060,231000
862064,172000
862065,0
862074,0
862077,0
862081,0
862089,0
862100,904400
862102,0
862114,0
862116,207000
862132,0
862136,0
862139,0
862147,70000
862151,0
862159,341000
862165,0
862174,0
862183,167500
862191,0
862199,0
862200,70000
862214,1488500
862219,0
862220,300000
862239,0
862241,543900
862248,0
862258,0
862259,550000
862266,450000
862269,0
862272,0
862276,4662000
862278,0
862286,0
862294,926900
862313,0
862315,0
862322,450000
862326,170000
862333,0
862356,355200
862378,0
862383,0
862386,200000
862387,400000
862391,356700
862392,0
862401,0
862403,0
862405,0
862408,0
862413,70000
862425,2165100
862426,0
862434,500000
862458,0
862459,3859000
862465,690000
862466,0
862493,140000
862494,0
862498,0
862505,200000
862509,250000
862513,0
862517,600000
862519,600000
862521,630000
862535,0
862548,0
862552,400000
862564,305000
862574,400000
862576,70000
862578,0
862585,0
862588,400000
862590,150000
862592,70000
862601,0
862610,0
862611,0
862612,0
862613,475000
862615,1500000
862627,250000
862638,0
862644,343500
862647,192000
862652,420000
862654,859700
862665,200000
862674,487000
862680,150000
862681,453500
862693,405000
862702,249800
862706,450000
862721,773500
862722,5500000
862727,0
862729,150000
862738,1155000
862750,504900
862754,0
862756,150000
862757,500000
862762,381200
862766,500000
862771,0
862773,1140000
862774,70000
862778,0
862780,0
862781,0
862787,490000
862788,0
862789,683000
862797,0
862802,20000
862803,0
862805,98000
862812,450000
862831,227300
862832,0
862835,0
862836,900000
862847,348000
862850,0
862851,406000
862859,474800
862867,450000
862891,450000
862898,673000
862910,250000
862920,155500
862921,0
862929,60000
862933,0
862945,719200
862948,0
862956,0
862958,50000
862961,0
862969,1000000
862971,0
862977,200000
862991,550000
862992,0
862995,597500
863010,200000
863014,300000
863017,621100
863025,0
863035,0
863039,0
863042,0
863047,380000
863051,520300
863052,0
863056,150000
863059,0
863060,450000
863064,0
863065,513500
863077,418000
863085,576900
863087,250000
863091,0
863094,290000
863098,250000
863099,0
863112,0
863113,0
863125,545800
863127,0
863131,150000
863134,10085800
863141,1278400
863142,500000
863151,0
863152,937000
863168,705400
863170,72000
863175,0
863198,450000
863205,0
863218,370000
863219,378000
863223,0
863226,747200
863227,520000
863236,447200
863241,399000
863243,0
863255,0
863260,540000
863265,314000
863267,0
863268,187600
863272,0
863295,450000
863298,16800
863299,547000
863303,200000
863304,150000
863305,36000
863308,485000
863309,117500
863310,0
863318,124800
863326,0
863340,250000
863342,392000
863347,560000
863356,70000
863365,0
863370,937300
863372,0
863373,250000
863375,0
863376,0
863382,1395000
863389,150000
863400,0
863402,704000
863404,142000
863410,250000
863421,0
863442,0
863446,0
863451,1066800
863456,150000
863459,0
863460,70000
863473,198200
863475,0
863479,200000
863485,450000
863500,70000
863519,349500
863532,0
863537,396500
863540,150000
863541,0
863544,600000
863547,130000
863548,770000
863565,0
863567,327000
863574,250000
863577,250000
863581,0
863599,191900
863607,0
863610,0
863612,470200
863613,409200
863617,0
863622,207100
863632,140000
863633,400000
863637,0
863648,232000
863650,150000
863651,258500
863654,400000
863666,0
863668,0
863670,0
863685,0
863686,70000
863699,0
863701,0
863705,1762000
863714,506000
863735,0
863755,225000
863758,550000
863763,600000
863772,200000
863781,0
863787,390000
863788,70000
863789,300000
863792,186000
863803,0
863806,0
863807,250000
863809,0
863812,322500
863817,2551900
863820,0
863822,150000
863842,1571000
863845,0
863849,0
863850,0
863865,0
863875,4115500
863876,0
863877,250000
863881,0
863889,360300
863891,0
863896,70000
863899,0
863901,240000
863902,400000
863908,0
863920,400000
863925,0
863937,240000
863940,400000
863942,338000
863954,0
863957,216100
863959,0
863967,350000
863985,0
864004,977000
864018,1733800
864023,174500
864024,0
864025,350000
864028,0
864029,192000
864040,0
864069,0
864072,0
864082,0
864083,150000
864086,0
864102,310000
864111,494500
864112,200000
864113,400000
864115,1254200
864118,68000
864132,464500
864136,846500
864138,0
864144,400000
864159,0
864169,250000
864179,530000
864185,476500
864211,1124000
864212,450000
864217,0
864224,2183500
864242,70000
864252,70000
864258,247700
864261,0
864265,127000
864270,163000
864279,0
864293,120000
864309,0
864316,520000
864322,400000
864323,0
864338,2385000
864341,70000
864365,170000
864388,150000
864394,0
864401,0
864403,498000
864407,0
864408,576500
864411,750000
864420,0
864425,0
864440,0
864442,0
864445,70000
864451,0
864454,400000
864455,130000
864456,0
864463,659000
864472,450400
864473,144000
864476,0
864477,0
864481,0
864504,0
864509,0
864511,0
864514,150000
864518,0
864523,0
864536,731400
864544,70000
864549,0
864556,150000
864559,0
864561,350000
864566,250000
864571,250000
864576,650000
864580,0
864584,1152800
864593,0
864596,669300
864607,1865400
864616,0
864626,150000
864634,260000
864641,858900
864662,70000
864663,214800
864666,136000
864668,535000
864674,829500
864678,430900
864693,0
864698,0
864707,150000
864719,720000
864730,330000
864733,0
864738,410000
864742,0
864744,0
864756,550000
864764,400000
864781,200000
864784,2757200
864795,0
864797,0
864799,311000
864801,0
864803,0
864813,0
864818,150000
864822,7200
864829,220000
864831,204800
864834,69000
864842,175000
864862,173000
864868,70000
864877,370900
864892,120000
864903,1374700
864906,0
864908,750000
864911,0
864923,572800
864924,337900
864935,0
864967,250000
864975,635400
864980,296300
864986,0
864990,5207500
864997,0
865002,482300
865008,477400
865011,480000
865012,0
865014,0
865016,5430400
865018,362400
865027,0
865028,0
865029,136000
865032,0
865037,150000
865042,0
865043,0
865046,0
865060,150000
865062,117000
865066,250000
865069,0
865072,0
865076,0
865078,0
865084,0
865087,0
865089,200000
865091,984200
865097,300000
865104,250000
865105,125000
865117,0
865126,0
865134,0
865137,676000
865140,0
865163,0
865180,0
865182,413900
865184,150000
865188,0
865206,0
865210,0
865212,190000
865226,1688900
865228,198400
865234,150000
865237,0
865238,0
865241,0
865244,0
865246,0
865256,365000
865261,0
865264,301200
865269,0
865272,0
865283,0
865291,472600
865294,0
865305,0
865310,0
865313,0
865314,150000
865317,4140200
865321,236000
865323,0
865330,0
865337,554000
865348,0
865349,0
865355,0
865357,0
865360,0
865361,0
865365,0
865369,440000
865370,9906500
865372,300000
865377,0
865380,0
865388,0
865389,454000
865396,0
865399,150000
865400,2416700
865402,0
865403,0
865407,0
865408,400000
865412,0
865415,215000
865417,0
865419,0
865431,220000
865438,0
865446,0
865450,1806700
865463,0
865464,0
865470,0
865472,3954200
865477,0
865480,175000
865484,0
865487,0
865489,547000
865491,1814800
865497,0
865500,0
865503,0
865504,0
865507,547700
865514,0
865516,0
865519,140000
865523,250000
865525,0
865530,250000
865533,0
865542,0
865545,0
865550,2569600
865553,0
865554,0
865556,622000
865563,0
865574,0
865575,0
865578,0
865581,0
865583,0
865588,70000
865590,1128000
865592,450000
865593,239000
865595,0
865596,120000
865605,514800
865608,0
865612,77000
865624,0
865626,250000
865629,250000
865634,0
865635,0
865642,0
865645,0
865647,0
865649,582000
865655,0
865658,250000
865659,0
865680,237600
865683,0
865686,266700
865691,0
865695,0
865699,0
865711,0
865719,70000
865730,150000
865731,1600000
865733,0
865734,0
865736,0
865741,0
865742,0
865746,0
865747,0
865767,0
865770,0
865780,0
865783,360000
865793,1025000
865795,0
865797,0
865800,573500
865814,500000
865821,0
865824,250000
865826,0
865835,275200
865836,137500
865844,0
865851,0
865852,0
865855,243500
865858,309000
865860,150000
865865,0
865868,0
865873,0
865876,640000
865884,577000
865897,500000
865900,0
865901,120000
865908,300000
865909,0
865919,145000
865938,75000
865939,0
865943,400000
865945,0
865953,250000
865956,130000
865959,200000
865961,0
865967,0
865971,450000
865972,0
865973,0
865975,750000
865979,308500
865987,0
865989,119000
865995,0
865998,0
865999,41400
866000,1756700
866001,0
866004,0
866012,350000
866013,1735200
866031,521500
866033,250000
866036,1212500
866042,574500
866047,0
866051,0
866054,0
866055,250000
866057,0
866059,0
866068,43000
866074,0
866081,250000
866098,396000
866102,0
866116,250000
866117,250000
866125,0
866136,450000
866144,0
866145,0
866151,140000
866154,345800
866155,0
866165,467500
866168,220000
866182,0
866183,165000
866188,0
866196,196500
866198,309300
866201,400000
866203,200000
866209,0
866212,757100
866215,242600
866221,0
866224,0
866229,447200
866232,150000
866237,0
866242,0
866251,0
866252,0
866253,0
866269,0
866274,0
866277,415000
866279,0
866280,250000
866286,0
866288,0
866299,1673500
866309,150000
866327,201300
866333,0
866342,268000
866345,350000
866348,0
866351,0
866352,0
866353,268000
866354,1245400
866358,0
866364,308400
866373,1804600
866377,268000
866379,0
866380,140000
866381,0
866390,268000
866392,234000
866394,500000
866398,0
866402,250000
866405,125000
866409,250000
866417,426500
866418,224900
866420,300000
866427,0
866432,515000
866433,1200000
866434,150000
866435,0
866440,407600
866446,150000
866447,0
866452,332500
866457,350000
866469,0
866473,0
866474,0
866475,6160900
866478,0
866479,217000
866488,200000
866492,140000
866502,791500
866504,580000
866509,250000
866510,1440000
866513,0
866515,250000
866518,1247400
866524,0
866526,410500
866529,0
866537,720800
866552,642800
866555,142000
866559,437500
866563,255000
866570,0
866578,538000
866589,300500
866592,0
866599,0
866604,0
866608,500000
866619,250000
866622,0
866625,508600
866626,2043900
866634,229500
866635,0
866636,0
866639,250000
866640,79600
866648,70000
866660,0
866661,0
866663,3323000
866669,197600
866670,1070100
866672,1526500
866675,660000
866676,0
866681,0
866683,957100
866697,0
866699,434200
866701,675000
866709,0
866713,758500
866750,70000
866758,150000
866769,320000
866778,514600
866782,770600
866785,242600
866794,17500
866800,0
866808,450000
866809,650000
866826,128000
866836,0
866849,248000
866859,429100
866868,200000
866873,0
866882,0
866885,0
866888,71100
866889,0
866895,70000
866897,0
866900,0
866902,540000
866921,150000
866928,0
866931,0
866949,132500
866951,248000
866953,160000
866954,0
866961,216200
866974,359500
866977,0
867004,350000
867022,0
867046,152000
867057,0
867075,0
867079,350000
867095,886200
867103,48000
867113,454400
867115,250000
867124,922100
867138,0
867176,0
867184,0
867200,1078100
867204,822400
867205,230000
867208,250000
867221,250000
867223,0
867232,230000
867236,200000
867243,0
867258,0
867268,564500
867269,0
867277,0
867278,0
867282,0
867283,552000
867292,200000
867293,0
867301,0
867310,2285200
867313,0
867317,0
867332,0
867335,0
867340,0
867342,125200
867355,463000
867370,869900
867389,220000
867390,0
867398,0
867403,0
867404,140000
867414,346000
867420,390000
867421,108300
867422,0
867425,319900
867427,150000
867432,495000
867435,572500
867456,2296000
867469,205000
867470,200000
867473,0
867476,140000
867478,0
867486,0
867493,80000
867502,2400500
867503,12000
867504,200000
867510,250000
867513,0
867516,9600
867517,402000
867519,413000
867525,150000
867531,130000
867534,554800
867546,390000
867556,0
867565,250000
867589,279900
867592,48000
867599,490500
867607,0
867610,0
867616,520000
867619,0
867623,119000
867628,0
867632,0
867637,250000
867640,477400
867649,530000
867651,0
867658,0
867660,0
867673,150000
867684,0
867701,0
867702,2865900
867713,1518100
867731,702000
867734,250000
867735,387600
867736,478000
867744,591000
867754,0
867756,380000
867761,3423400
867765,279500
867767,0
867773,334000
867776,0
867787,0
867790,0
867796,0
867797,172000
867802,110000
867805,21000
867814,0
867818,330000
867824,0
867831,135000
867837,589300
867839,1537000
867841,113400
867846,40000
867847,70000
867849,0
867850,0
867870,250000
867872,0
867873,382500
867874,0
867880,0
867882,250000
867888,0
867896,250000
867901,360000
867918,250000
867923,0
867929,0
867936,0
867938,0
867939,438800
867940,3258900
867947,200000
867951,0
867952,252000
867958,0
867968,168000
867978,167000
867980,200000
867998,0
867999,159400
868009,0
868015,0
868030,400000
868039,168900
868041,180000
868052,0
868056,150000
868063,0
868066,0
868072,477600
868073,461200
868074,515700
868086,356000
868091,0
868098,0
868114,0
868117,0
868125,7200
868128,200000
868135,520000
868142,250000
868150,250000
868151,0
868153,0
868164,323700
868165,0
868169,222100
868175,0
868176,0
868181,70000
868183,0
868191,0
868194,70000
868224,0
868231,0
868238,250000
868239,180000
868244,200000
868247,1872500
868249,0
868255,0
868258,0
868259,0
868266,0
868268,0
868276,0
868278,496000
868282,0
868285,0
868286,150000
868290,300000
868294,1284000
868304,0
868306,321100
868313,70000
868322,1582100
868331,2980200
868345,308000
868347,0
868350,53400
868355,350000
868366,693000
868375,18000
868376,249000
868391,400000
868396,0
868404,0
868413,400000
868438,400000
868439,619700
868449,77400
868452,92000
868462,812000
868471,414800
868480,328400
868484,0
868499,0
868518,0
868521,0
868523,0
868524,0
868530,400000
868533,0
868539,609500
868550,1042800
868576,150000
868577,509500
868591,0
868592,280000
868605,208200
868607,298500
868609,0
868615,874900
868624,405000
868628,8964500
868632,298000
868643,300000
868647,0
868653,0
868655,550100
868657,2807700
868659,0
868672,0
868674,0
868675,116000
868679,0
868690,350000
868693,0
868695,118000
868700,250000
868715,2220000
868718,0
868727,351000
868737,0
868747,1000000
868757,0
868762,1465100
868767,0
868777,140000
868782,0
868783,0
868796,130000
868799,0
868828,1094800
868838,400000
868849,500000
868864,467200
868869,4000000
868874,200000
868877,0
868885,0
868888,150000
868890,1999000
868891,275000
868893,0
868904,1219900
868913,130000
868918,360000
868919,200000
868923,0
868925,547500
868928,763200
868932,0
868933,899700
868936,300000
868938,400000
868949,782000
868950,796100
868954,0
868958,0
868959,130000
868962,150000
868967,0
868969,350000
868977,0
868979,50000
868980,400000
868982,130000
868983,0
868989,0
868990,400000
868998,0
869004,0
869013,70000
869019,1377400
869027,130000
869029,1313400
869038,0
869044,923900
869050,512500
869051,0
869056,0
869065,70000
869076,102700
869077,400000
869080,130000
869088,0
869106,212500
869109,0
869112,0
869113,520000
869119,839200
869140,97000
869146,952500
869148,0
869149,0
869151,0
869155,175000
869165,0
869166,550000
869172,0
869176,450000
869180,923900
869185,0
869199,50000
869204,250000
869226,0
869227,178000
869244,70000
869245,0
869250,2000000
869252,0
869257,5000000
869262,0
869277,250000
869282,193900
869294,0
869305,2368200
869316,191000
869319,250000
869322,0
869328,0
869329,0
869338,250000
869342,2653400
869346,0
869348,1020000
869349,350000
869351,250000
869353,130000
869357,320000
869365,200000
869374,0
869387,574500
869416,0
869419,250000
869430,0
869437,250000
869443,0
869445,0
869455,670500
869468,4150100
869471,0
869483,0
869484,0
869489,763300
869511,2452500
869513,0
869524,320500
869525,400000
869526,1906700
869528,400000
869533,970000
869545,70000
869549,0
869550,535000
869551,188400
869559,0
869561,0
869570,70000
869572,1438900
869576,2055000
869577,586000
869580,0
869581,446100
869582,0
869595,250000
869598,600000
869599,480000
869622,2643200
869624,0
869626,870000
869631,17500
869637,449000
869642,63300
869663,926000
869672,22800
869674,0
869695,380000
869700,49500
869706,0
869713,145500
869722,0
869730,0
869737,265000
869738,0
869742,139500
869745,203000
869750,454400
869762,120000
869765,300000
869766,0
869785,0
869800,400000
869802,200000
869808,324500
869811,3423800
869813,0
869815,200000
869817,0
869837,0
869842,400000
869848,247500
869849,0
869857,363900
869858,0
869864,196000
869866,783100
869867,0
869870,245000
869874,0
869877,0
869886,476500
869889,458900
869890,140000
869893,0
869900,1384500
869904,0
869908,0
869913,0
869917,220000
869921,0
869923,0
869926,0
869940,150000
869944,300000
869951,200000
869955,196000
869959,60000
869965,0
869973,1021700
869974,0
869989,0
869992,0
869995,0
870004,0
870006,0
870013,0
870028,921100
870045,0
870048,0
870052,260000
870056,395000
870060,400000
870068,150000
870073,773700
870097,1000000
870102,599000
870105,0
870107,617500
870110,909300
870123,506000
870138,0
870155,250000
870156,130000
870165,0
870167,250000
870183,865000
870191,250000
870192,0
870205,102000
870210,200000
870230,1000000
870233,400000
870236,2395000
870240,200000
870248,0
870257,0
870268,416900
870272,2990500
870273,241200
870274,70000
870283,264000
870290,0
870293,1007700
870319,745000
870324,605400
870328,3800700
870333,8535200
870339,0
870348,2079000
870350,0
870355,326000
870362,0
870380,0
870381,0
870382,195000
870395,129500
870401,250000
870405,274000
870408,250000
870426,0
870431,140000
870439,0
870442,975000
870460,428000
870463,0
870467,445500
870474,130000
870492,0
870506,0
870528,700000
870543,0
870570,0
870575,400500
870586,0
870589,200000
870593,0
870597,250000
870618,908100
870636,6958400
870644,400000
870647,0
870650,0
870653,108500
870661,0
870673,500000
870681,0
870701,0
870702,715500
870715,530100
870722,180000
870751,150000
870772,450000
870790,1316500
870793,876200
870805,0
870808,370000
870813,0
870821,0
870822,0
870831,0
870834,247000
870841,350000
870842,80000
870855,0
870861,200000
870868,250000
870872,0
870881,100000
870883,400000
870899,2295400
870901,0
870906,0
870907,1327400
870927,787500
870930,0
870931,70000
870934,357900
870950,250000
870962,0
870966,673800
870974,0
870975,250000
870976,0
870980,200000
870984,250000
870986,179800
870988,1385600
870993,1571800
871008,634000
871009,1326100
871021,2280000
871022,700000
871026,0
871038,0
871045,2449300
871047,200000
871052,998800
871053,1312000
871054,70000
871060,470000
871066,0
871070,0
871072,300000
871077,1110000
871086,0
871090,0
871097,0
871102,512500
871109,0
871119,555500
871126,0
871129,0
871132,250000
871134,0
871137,2467000
871138,690000
871139,0
871144,750000
871146,0
871151,670600
871165,250000
871170,0
871176,0
871179,0
871215,330000
871224,350000
871236,380200
871238,1000000
871244,361800
871266,250000
871267,0
871268,150000
871276,350000
871280,106000
871295,300000
871298,200000
871299,0
871308,0
871320,700000
871323,79200
871325,70000
871327,560000
871331,387000
871332,0
871336,98100
871346,0
871353,172000
871365,400000
871380,12000
871392,0
871399,0
871403,1663900
871411,747500
871414,70000
871426,125900
871431,471200
871447,633000
871449,475800
871457,1288000
871458,130000
871477,243100
871496,400000
871497,660000
871502,308000
871515,150000
871518,674900
871524,70000
871525,41500
871550,130000
871551,430000
871564,1353000
871595,107000
871614,250000
871625,820000
871626,0
871662,243500
871672,0
871673,0
871677,479500
871688,0
871689,0
871708,0
871714,250000
871715,294000
871733,236000
871737,0
871740,0
871747,0
871767,599800
871780,150000
871792,0
871801,0
871809,1193300
871820,0
871855,453300
871863,200000
871881,0
871893,0
871895,0
871912,350000
871918,129000
871930,495000
871933,0
871935,0
871949,150000
871959,0
871960,200000
871973,250000
871986,400000
871989,250000
871992,0
871994,143100
871997,300300
872012,210000
872020,250000
872023,200000
872025,250000
872038,770000
872041,600000
872052,70000
872057,250000
872059,640000
872060,150000
872062,847200
872066,0
872085,388200
872091,130000
872104,0
872105,390000
872118,150000
872120,200000
872126,0
872137,0
872145,150000
872160,112000
872168,0
872169,70000
872174,350000
872181,0
872184,220000
872193,2242000
872203,200000
872208,829000
872227,0
872233,250000
872243,415000
872247,0
872248,535800
872250,973600
872258,400000
872263,0
872280,0
872286,3618700
872287,16000
872294,200000
872300,0
872303,1735100
872316,1297500
872321,230000
872332,130000
872342,0
872358,327000
872362,0
872364,520000
872368,686800
872375,400000
872387,450000
872400,397400
872402,130000
872405,466000
872410,1545500
872411,400000
872422,0
872430,0
872461,692000
872462,397300
872464,246500
872471,0
872479,1186100
872489,0
872495,0
872506,0
872508,200000
872509,0
872513,0
872515,0
872528,810000
872544,250000
872554,0
872567,600000
872569,400000
872594,150000
872596,330000
872598,150000
872615,1131500
872656,0
872670,0
872678,0
872694,0
872695,0
872705,0
872706,400000
872708,244000
872709,130000
872716,0
872720,0
872727,0
872740,140000
872742,250000
872743,0
872744,445700
872748,80000
872749,250000
872754,150000
872757,318800
872774,4086300
872781,250000
872784,1494000
872787,0
872788,400000
872792,0
872799,0
872803,0
872812,2327700
872820,0
872844,309500
872853,0
872856,0
872880,260000
872889,270000
872896,0
872902,535000
872906,711200
872907,170000
872918,0
872948,0
872960,70000
872974,0
872981,359600
872982,47500
872990,250000
872991,7913600
872993,0
873009,0
873012,0
873015,0
873016,0
873020,429000
873025,0
873027,0
873047,0
873050,867600
873053,400000
873055,250000
873058,0
873065,380000
873071,1896800
873073,285000
873086,150000
873096,350000
873102,510000
873104,261600
873105,116000
873114,200000
873124,0
873127,0
873130,150000
873132,150000
873141,0
873143,614000
873144,250000
873151,350000
873153,0
873175,70000
873179,450400
873187,200000
873199,10000
873200,487400
873208,2830000
873209,0
873218,350000
873225,0
873286,1579400
873309,0
873341,400000
873344,400000
873347,300000
873354,365000
873373,150000
873374,270000
873399,0
873418,250000
873422,0
873438,650200
873441,0
873448,600000
873456,350000
873458,0
873477,400000
873485,0
873488,400000
873489,196000
873493,580100
873498,910000
873499,225000
873505,575000
873508,512200
873514,400000
873519,400000
873530,0
873533,250000
873536,1536100
873537,831500
873540,70000
873547,250000
873553,313300
873564,0
873568,476500
873570,828000
873574,150000
873584,240000
873586,539600
873590,114800
873595,229200
873599,70000
873608,600000
873615,200000
873620,0
873623,0
873638,250000
873639,1088000
873646,0
873652,8664800
873653,0
873661,250000
873663,0
873665,0
873673,718000
873677,539000
873679,540000
873684,0
873687,93000
873694,150000
873696,1382500
873726,1504000
873733,537000
873738,0
873762,268000
873763,162000
873764,400000
873765,374000
873769,0
873775,452400
873791,770300
873799,525000
873807,0
873811,450000
873833,360800
873843,0
873845,400000
873846,250000
873856,0
873857,250000
873858,2854200
873862,373100
873869,717500
873872,0
873882,0
873884,750000
873889,0
873909,247500
873917,1127800
873920,0
873923,0
873945,0
873950,180000
873965,140000
873972,0
873973,175900
873980,232000
873983,1217000
874000,425000
874002,0
874008,1287800
874020,0
874023,0
874026,0
874027,70000
874028,892100
874029,200000
874037,0
874054,796700
874060,200000
874062,250000
874067,0
874073,0
874081,0
874082,63800
874083,558500
874092,600000
874093,980000
874097,150000
874112,0
874141,0
874146,200000
874151,0
874158,2062000
874169,0
874178,0
874184,672000
874194,0
874204,500000
874220,0
874228,618000
874240,666100
874251,1086500
874264,250000
874270,0
874279,1240600
874295,0
874297,245000
874300,0
874307,6764600
874325,0
874362,0
874377,7133200
874379,0
874397,400000
874401,198400
874415,0
874416,450400
874420,550000
874423,0
874425,70000
874437,0
874442,0
874448,0
874453,0
874473,0
874492,548000
874497,0
874511,0
874518,0
874520,0
874545,988500
874559,200000
874566,0
874594,0
874598,310000
874601,447800
874615,200000
874619,0
874620,150000
874624,646800
874630,0
874637,462000
874639,0
874643,0
874653,0
874680,1252500
874685,0
874691,0
874697,105300
874713,346000
874714,18000
874718,0
874738,0
874739,350000
874740,250000
874741,211600
874791,0
874802,530000
874804,300000
874822,212500
874834,649000
874835,2636200
874840,150000
874841,200000
874858,597500
874860,0
874863,250000
874864,567100
874866,509900
874882,250000
874890,0
874896,6771600
874899,431000
874908,250000
874973,0
874994,0
874995,3751000
875006,70000
875007,554400
875016,805000
875031,454400
875040,500500
875048,250000
875065,833900
875077,0
875082,650000
875083,454400
875097,0
875100,0
875106,0
875109,1240300
875114,0
875118,461300
875126,394000
875142,0
875145,149800
875152,150000
875153,250000
875176,0
875179,0
875185,250000
875193,150000
875199,400000
875210,250000
875229,100000
875244,642000
875249,522700
875255,0
875263,163000
875265,70000
875275,0
875276,150000
875278,0
875279,150000
875282,150000
875285,380000
875288,150000
875294,150000
875296,658000
875301,150000
875306,444000
875312,574800
875315,400000
875321,150000
875322,150000
875333,250000
875338,0
875354,289000
875361,0
875380,0
875385,400000
875401,405000
875403,0
875405,1818000
875407,0
875424,0
875429,163000
875448,100000
875450,750000
875452,0
875468,0
875474,670000
875509,150000
875514,0
875515,308400
875536,491000
875540,1717000
875541,0
875548,100000
875563,125000
875568,250000
875579,150000
875580,0
875581,0
875596,250000
875597,1294000
875601,0
875636,300000
875638,550000
875643,741000
875650,500000
875658,0
875674,0
875681,0
875683,393400
875686,0
875688,120000
875689,200000
875694,0
875702,245000
875705,550000
875714,0
875728,0
875734,0
875749,450000
875750,411000
875752,0
875765,0
875766,765600
875779,439200
875789,586000
875798,14000
875806,1000000
875814,0
875831,250000
875844,140000
875845,200000
875846,150000
875848,0
875851,0
875852,189600
875862,323100
875870,457000
875872,400000
875875,0
875896,385000
875897,300000
875906,0
875907,150000
875918,0
875919,0
875930,101000
875941,550000
875942,250000
875965,0
875974,0
875979,0
875983,70000
875994,250000
875995,0
875997,220000
876004,0
876006,0
876016,0
876023,150000
876030,350000
876037,150000
876038,250000
876056,0
876057,0
876068,2500300
876070,210000
876080,250000
876088,0
876090,172100
876094,0
876105,73400
876108,400000
876110,560000
876111,0
876126,250000
876133,250000
876141,823100
876144,205000
876146,150000
876150,0
876153,1704100
876166,199500
876169,195000
876170,360000
876173,0
876183,0
876189,70000
876191,418500
876197,408500
876202,250000
876207,0
876210,521000
876213,550000
876214,40500
876217,913000
876219,0
876221,0
876228,250000
876231,1099200
876244,298000
876249,300000
876255,0
876256,0
876260,534000
876264,250000
876265,550000
876267,222000
876274,428900
876278,907500
876285,250000
876289,680000
876296,1429300
876301,0
876302,750000
876305,5960800
876310,0
876313,0
876325,0
876345,150000
876355,0
876365,0
876373,150000
876380,1360100
876382,0
876383,0
876385,527500
876403,200000
876411,550000
876412,49000
876424,450000
876433,0
876453,272400
876470,70000
876471,70000
876476,0
876479,0
876486,150000
876489,576000
876490,550000
876501,0
876520,337200
876536,45000
876539,350000
876547,200300
876559,2884000
876560,45000
876564,130900
876580,0
876582,200000
876599,7000
876603,350000
876617,0
876623,4578300
876636,0
876651,159800
876663,300000
876666,100000
876669,250000
876680,325100
876684,250000
876693,0
876703,200000
876704,150000
876713,0
876729,350000
876742,175000
876749,305000
876750,8422100
876781,250000
876784,422000
876786,244500
876802,27000
876810,1343200
876815,158000
876820,0
876821,0
876829,0
876852,2667000
876858,4653500
876877,0
876883,0
876887,0
876896,617800
876898,174000
876903,307000
876909,0
876911,950000
876914,532000
876921,424800
876923,420000
876924,576300
876927,514000
876936,819000
876944,300000
876957,411400
876969,486000
876986,408000
876994,0
876996,504000
877004,250000
877013,540000
877015,87500
877044,321000
877057,0
877077,237500
877078,4678900
877089,0
877096,0
877099,0
877108,284100
877111,150000
877124,751400
877127,0
877128,925000
877138,0
877148,206500
877152,0
877160,890000
877161,0
877162,250000
877163,432000
877171,0
877178,0
877179,0
877180,1193500
877185,0
877186,0
877188,0
877197,0
877203,99400
877210,784700
877211,679700
877213,700000
877219,360000
877221,200000
877222,802800
877244,187000
877248,725500
877259,0
877295,250000
877302,644000
877314,426000
877342,70000
877343,150000
877354,250000
877357,0
877358,1050200
877366,943500
877374,600000
877375,250000
877378,2523300
877381,100000
877384,558200
877388,650000
877390,1736100
877397,500000
877402,0
877416,0
877423,350500
877434,1971800
877435,250000
877437,385000
877444,379800
877452,0
877464,822500
877471,0
877479,250000
877502,0
877506,150000
877509,0
877515,0
877519,0
877525,0
877526,0
877569,1006000
877572,1422400
877574,1312500
877576,0
877592,140000
877601,499000
877602,529800
877605,0
877616,250000
877624,3165500
877627,0
877635,0
877647,132500
877652,150000
877653,380000
877665,167000
877683,350000
877684,49500
877687,150000
877688,353000
877707,650500
877711,326100
877718,239400
877731,0
877734,558000
877735,302500
877749,0
877752,1302800
877753,0
877754,0
877758,0
877763,394200
877767,144000
877770,70000
877782,170000
877783,1275800
877786,40000
877789,250000
877809,878900
877810,998400
877830,0
877831,714000
877838,0
877853,200000
877859,0
877868,150000
877869,0
877871,0
877883,0
877890,12136600
877896,210000
877906,324000
877909,150000
877918,150000
877920,200000
877923,2385600
877931,0
877932,0
877933,400000
877935,250000
877939,70000
877960,0
877968,1327600
877970,0
877973,13057100
877975,232200
877978,392600
877989,250000
877990,0
877991,0
877999,518000
878003,150000
878014,0
878022,3276400
878038,0
878040,524500
878051,2710000
878086,800000
878096,0
878097,227000
878100,1231900
878101,0
878109,2927900
878111,394500
878112,0
878132,0
878136,0
878138,400000
878139,0
878155,0
878156,415700
878159,0
878171,0
878174,380000
878189,1164000
878207,0
878210,670000
878211,0
878217,305000
878224,458800
878233,0
878235,0
878250,196000
878251,0
878256,70000
878258,150000
878273,966000
878286,0
878287,0
878291,95000
878300,250000
878312,0
878321,0
878327,200000
878363,450000
878364,165700
878369,250000
878376,150000
878378,0
878385,0
878393,0
878396,0
878397,320000
878420,0
878424,707000
878427,1659000
878429,550000
878435,0
878440,489500
878449,400000
878461,0
878462,425100
878463,5501600
878477,200000
878481,488000
878491,250000
878497,250000
878501,0
878514,0
878519,60100
878525,733800
878535,0
878537,428300
878545,513000
878548,200000
878549,400000
878550,0
878556,0
878562,0
878568,1577800
878569,0
878573,250000
878574,137000
878593,55000
878599,782700
878604,0
878605,125000
878619,500000
878626,70000
878628,300000
878635,600000
878651,70000
878654,220000
878659,300000
878665,0
878671,0
878679,0
878723,84000
878736,0
878739,300000
878751,1119000
878775,382800
878793,691700
878795,484600
878801,405000
878813,362800
878814,620000
878821,1010000
878826,650000
878837,370000
878841,0
878894,332500
878895,550000
878901,0
878902,200000
878918,300000
878920,0
878930,350000
878938,3498100
878962,0
878972,0
878987,400000
879012,250000
879014,350000
879017,150000
879018,321000
879028,0
879032,70000
879069,469000
879091,300000
879094,2204000
879110,728500
879118,390000
879121,2593700
879137,116000
879138,213200
879145,59800
879165,0
879166,400000
879170,0
879171,0
879179,250000
879187,650000
879190,260000
879207,0
879208,0
879216,1226000
879217,0
879222,150000
879239,460000
879249,214800
879253,217500
879258,450000
879260,0
879279,329400
879282,790500
879284,485300
879294,0
879296,0
879329,200000
879337,1000000
879344,0
879346,0
879348,0
879349,350000
879354,0
879356,0
879364,200000
879367,422800
879373,250000
879377,0
879384,600000
879396,0
879403,760200
879408,287600
879430,595000
879439,427500
879440,0
879442,250000
879452,250000
879455,54000
879466,250000
879467,0
879469,297000
879479,24300
879484,813900
879488,977500
879499,79900
879503,0
879514,63000
879516,0
879519,72000
879526,499900
879537,0
879541,300000
879543,345800
879544,5657200
879552,1163500
879555,0
879565,195000
879568,411500
879603,300000
879605,0
879609,0
879629,0
879631,300000
879639,400000
879640,0
879648,4818600
879651,0
879654,60000
879656,1330300
879672,465500
879676,0
879685,5745200
879687,513500
879688,400000
879689,200000
879692,258000
879694,0
879696,150000
879703,0
879715,70000
879718,250000
879727,150000
879736,1617000
879742,139500
879746,0
879760,0
879761,400000
879765,300000
879772,621500
879773,400000
879781,250000
879782,234000
879785,150000
879798,49800
879799,500000
879802,303500
879805,0
879807,0
879812,234000
879817,205000
879818,450000
879821,210000
879822,2056700
879835,214700
879847,500000
879855,300000
879861,0
879865,0
879876,409300
879877,250000
879880,377000
879896,285000
879900,250000
879901,450000
879904,0
879908,0
879910,1185100
879913,145000
879915,250000
879917,686600
879918,250000
879931,500000
879934,104700
879936,250000
879937,250000
879941,211200
879947,0
879952,1438000
879954,484500
879955,0
879964,250000
879972,400000
879985,120000
879999,70000
880003,400000
880008,70000
880012,129600
880013,200000
880017,0
880030,1491100
880037,354100
880045,0
880053,3240800
880056,142000
880058,3774400
880061,350000
880063,330000
880079,0
880094,70000
880095,450000
880101,1063000
880105,0
880110,117000
880114,481000
880115,0
880129,281900
880145,250000
880157,921400
880165,0
880166,550000
880169,0
880174,875800
880196,200000
880197,300000
880200,0
880211,200000
880216,2327500
880225,237500
880227,400000
880233,70000
880249,200000
880253,0
880258,1376000
880267,2400500
880271,650000
880276,3248000
880278,0
880280,0
880283,1449000
880286,0
880300,450000
880304,2156000
880305,250000
880312,691000
880323,200000
880329,636500
880334,250000
880365,70000
880367,500000
880369,0
880371,350000
880372,228000
880382,115000
880399,0
880424,1630000
880425,649500
880432,450000
880433,250000
880437,21299000
880445,1510000
880450,226500
880454,213000
880462,940500
880465,0
880468,495000
880469,250000
880476,960300
880483,208100
880488,369500
880491,213000
880493,491000
880496,500000
880511,0
880518,521200
880536,250000
880543,675000
880546,227000
880548,105000
880551,300000
880553,0
880555,1016000
880559,250000
880563,250000
880565,250000
880581,888600
880584,1246000
880585,150000
880586,228500
880594,66900
880595,0
880596,237500
880600,1030000
880607,748000
880611,400000
880622,450000
880623,385000
880625,0
880633,0
880634,375000
880650,250000
880658,108500
880661,1489200
880671,7927600
880672,150000
880676,849600
880678,468400
880680,0
880682,480000
880684,740000
880686,226100
880687,344900
880694,301500
880695,250000
880697,400000
880700,1403300
880703,365000
880711,231000
880712,578800
880713,507000
880718,275000
880721,470000
880724,0
880728,52500
880735,175000
880746,300000
880747,250000
880750,665000
880751,0
880757,0
880765,5083500
880766,481000
880770,0
880773,0
880776,287200
880777,200000
880783,200000
880786,275000
880787,1216000
880790,291500
880803,1940000
880804,0
880808,150000
880817,399500
880819,150000
880820,0
880824,150000
880825,992000
880826,574300
880830,590000
880835,250000
880836,471000
880838,1264300
880842,1198800
880843,405600
880848,0
880867,150000
880868,250000
880869,857200
880870,0
880886,4685000
880898,105000
880901,776900
880904,0
880918,3919000
880921,250000
880938,250000
880942,450000
880946,0
880952,0
880960,250000
880965,373000
880966,100400
880974,180000
880980,0
880993,17851600
880997,226500
880999,509900
881002,326000
881010,248000
881037,4236000
881039,0
881040,385600
881044,150000
881046,159000
881059,150000
881071,150000
881078,200000
881090,0
881092,185000
881098,307500
881104,0
881109,457500
881110,248000
881112,1202500
881113,2009700
881115,493000
881116,0
881117,300000
881122,0
881127,0
881137,250000
881140,1009800
881141,70000
881144,1350000
881145,603500
881152,0
881155,217900
881158,372500
881168,554500
881169,210900
881174,237500
881176,0
881181,150000
881182,602000
881185,0
881186,450000
881191,544000
881204,323000
881206,2114000
881211,150000
881215,150000
881217,457000
881219,520000
881226,0
881232,298000
881240,759900
881245,300000
881246,199000
881248,290000
881253,530000
881255,185000
881257,1112400
881261,6833500
881264,841000
881269,421000
881270,6823900
881284,310500
881287,1294000
881290,673500
881293,497400
881295,405500
881309,226300
881319,0
881321,118000
881325,0
881328,450000
881329,290000
881330,250000
881332,150000
881334,3505300
881335,504400
881337,384000
881341,831400
881344,200000
881352,150000
881354,0
881363,539300
881373,2485600
881385,500000
881386,455900
881404,0
881409,250000
881413,250000
881421,140000
881425,990000
881429,0
881432,150000
881439,296800
881440,350000
881447,350000
881449,0
881452,215100
881460,0
881463,0
881464,400000
881478,600000
881481,98000
881486,0
881498,674000
881504,94500
881507,150000
881508,48900
881510,0
881511,136800
881514,0
881520,204000
881527,1413000
881530,250000
881533,35400
881538,150000
881542,250000
881544,200000
881546,0
881552,307800
881561,150000
881582,1506500
881586,0
881591,250000
881593,0
881595,638600
881596,458500
881599,0
881604,395500
881611,0
881613,520000
881617,300000
881630,0
881650,0
881652,0
881653,1459800
881656,0
881661,0
881666,250000
881676,1657000
881677,150000
881679,0
881686,0
881693,671000
881704,348000
881711,0
881715,0
881717,150000
881723,350000
881734,159000
881739,320000
881745,0
881749,1037300
881754,250000
881770,906000
881774,886000
881776,474300
881781,202400
881782,0
881784,550400
881788,182000
881795,472800
881796,0
881798,750000
881812,0
881820,0
881822,182500
881827,124000
881835,283500
881836,0
881843,275000
881847,0
881849,0
881852,400000
881858,811700
881863,968000
881867,3347900
881871,438300
881873,470000
881883,0
881884,200000
881888,563000
881894,388400
881901,231000
881906,0
881910,0
881914,304800
881917,1305000
881918,457000
881929,0
881931,0
881935,476300
881940,0
881948,153500
881951,0
881958,0
881961,0
881980,466000
881984,0
881997,0
882002,363600
882015,380000
882016,448000
882028,0
882033,250000
882035,0
882050,674400
882052,0
882073,2031800
882074,0
882088,422400
882090,500000
882095,112500
882096,1071600
882113,757000
882114,4223300
882115,250000
882119,250000
882126,0
882137,150000
882139,408400
882140,255000
882141,305000
882153,568000
882158,390000
882164,550000
882167,457100
882173,0
882184,250000
882186,642300
882189,0
882190,807900
882193,7722700
882198,200000
882208,3412700
882215,705000
882221,2433800
882222,0
882226,0
882231,799700
882234,0
882250,1589800
882257,496800
882265,2485600
882267,200000
882271,0
882272,70000
882273,150000
882281,137200
882283,495000
882291,0
882308,0
882319,200000
882326,701000
882337,0
882352,350000
882353,100000
882377,250000
882413,464800
882415,0
882419,400000
882426,427200
882440,213000
882446,0
882448,140000
882449,712500
882453,350000
882467,100000
882475,220000
882477,1050000
882480,0
882481,350000
882483,527500
882484,350000
882486,199000
882488,0
882506,200000
882521,747500
882527,242200
882529,234000
882539,0
882542,150000
882554,250000
882564,0
882578,268000
882583,260000
882594,380000
882595,430000
882597,300000
882632,200000
882642,429500
882669,0
882693,1444000
882694,838900
882697,1050000
882701,0
882702,700600
882706,450000
882714,150000
882715,749500
882751,0
882770,253000
882773,201100
882784,0
882790,0
882796,142000
882806,250000
882820,465000
882826,200000
882837,0
882843,1090000
882852,250000
882865,250000
882880,250000
882902,546000
882932,100000
882940,300000
882944,250000
882951,0
882954,552000
882957,982400
882958,343000
882967,487400
882970,200000
882972,0
882974,321000
882984,0
882990,212300
882993,525000
882995,0
882999,295000
883002,87000
883007,530000
883009,415000
883022,0
883026,350000
883033,250000
883048,150000
883051,360600
883053,250000
883054,150000
883058,388000
883059,29500
883062,450000
883065,555000
883069,0
883072,835500
883074,100000
883087,872000
883093,239500
883098,249500
883101,0
883115,220000
883121,135700
883141,2194000
883148,0
883150,80900
883153,393000
883163,233300
883167,400000
883182,209500
883186,161900
883194,234100
883203,212500
883204,246600
883205,234000
883228,140900
883230,180000
883232,200000
883244,0
883254,0
883256,0
883257,150000
883261,1361100
883271,429500
883274,0
883278,200000
883280,232600
883282,332500
883286,0
883301,0
883302,0
883320,250000
883341,300000
883345,436900
883381,563000
883383,234500
883388,150000
883401,250000
883402,196900
883413,0
883428,816000
883437,285000
883453,225000
883454,150000
883459,0
883469,350000
883470,116000
883473,607500
883477,450000
883482,1152000
883484,321000
883486,1387800
883487,140000
883502,0
883508,0
883510,215800
883511,517000
883525,109900
883531,500000
883532,550000
883547,718200
883555,562500
883557,170000
883559,152000
883581,159900
883582,1644100
883583,357300
883589,700000
883605,535000
883613,1022400
883615,855000
883630,0
883634,150000
883643,1801200
883646,220000
883650,138000
883657,400000
883659,150000
883660,1076000
883669,203000
883670,70000
883673,416300
883676,139000
883678,150000
883681,192700
883683,0
883698,0
883701,200000
883704,1294500
883706,0
883708,211600
883715,150000
883716,209500
883723,1196900
883724,250000
883728,0
883729,750000
883739,0
883745,440000
883758,150000
883759,150000
883766,234000
883771,100000
883777,245000
883781,408400
883786,200000
883799,389600
883803,1008100
883804,237600
883807,450000
883808,473000
883814,100000
883819,543800
883822,0
883823,1058500
883837,200000
883843,150000
883848,697400
883868,201000
883870,0
883874,0
883876,458000
883880,443000
883884,219000
883895,950800
883896,357900
883903,520000
883905,0
883912,70000
883913,250000
883915,797100
883917,0
883923,178000
883928,0
883936,200000
883937,255000
883943,198000
883956,0
883982,250000
883989,814100
883994,205000
883996,255000
883997,244500
884017,100000
884027,225000
884033,1120000
884044,135000
884046,150000
884050,0
884052,260300
884064,496900
884073,326600
884077,314000
884078,430000
884082,199000
884083,175000
884094,0
884097,5773000
884101,200000
884104,0
884111,250000
884113,1161300
884115,250000
884119,220000
884121,248000
884123,0
884132,250000
884133,250000
884152,248000
884163,420000
884165,1398800
884174,0
884191,0
884193,1071000
884196,204600
884210,760000
884212,3329200
884213,600000
884215,0
884224,132000
884225,364900
884231,250000
884235,400000
884236,1090400
884238,0
884241,134000
884246,699400
884254,470000
884257,250000
884260,0
884262,366800
884266,250000
884267,382000
884270,0
884272,368600
884279,200000
884280,234000
884287,60300
884288,181500
884290,150000
884293,1200000
884297,249400
884306,608500
884311,190700
884312,150000
884321,35000
884327,0
884331,321000
884332,234000
884335,251500
884336,330000
884340,216500
884349,0
884350,463000
884353,0
884358,150000
884373,414000
884380,500000
884381,0
884382,0
884385,234000
884390,3494400
884391,3278200
884399,250000
884407,248000
884421,313300
884425,150000
884428,285000
884434,0
884436,0
884438,0
884440,227000
884441,1100000
884444,0
884445,419800
884448,0
884450,0
884451,0
884453,515200
884456,190500
884458,0
884462,0
884465,473900
884466,248000
884467,250000
884472,447000
884482,0
884490,674000
884492,248000
884495,800000
884498,490000
884507,400000
884509,0
884510,250000
884515,747400
884523,290000
884529,350000
884532,463300
884534,393300
884538,227000
884539,1161000
884541,0
884547,0
884560,8427800
884564,228400
884565,566900
884573,216500
884574,290000
884575,248000
884577,300000
884581,385000
884586,467100
884591,351900
884597,900000
884599,1349000
884600,250000
884604,200000
884606,209500
884610,408500
884622,223500
884624,325000
884626,250000
884634,248000
884653,248000
884665,0
884679,100000
884682,448000
884684,352800
884693,2036900
884699,0
884701,694800
884716,0
884725,4298000
884727,250000
884731,130000
884737,244500
884748,1013000
884751,250000
884760,606800
884763,0
884765,0
884770,0
884776,195000
884778,250000
884782,539000
884788,244500
884790,196900
884794,250000
884796,0
884798,773400
884801,150000
884802,262900
884803,150000
884805,674200
884806,234000
884807,4174200
884808,105000
884811,577500
884817,244500
884827,1655000
884828,0
884829,2164000
884830,0
884832,1814500
884842,890600
884849,250000
884853,350000
884854,1197500
884858,150000
884863,105000
884870,0
884871,438400
884873,350000
884878,500000
884885,0
884886,206000
884900,943600
884923,136500
884937,150000
884938,250000
884939,312000
884947,308000
884967,177000
884969,108000
884992,190800
885001,440000
885009,7200
885012,300000
885014,500000
885026,250000
885047,450000
885050,0
885056,350400
885057,243500
885058,200000
885061,0
885063,380000
885073,130000
885081,470400
885084,394800
885086,1077400
885103,331600
885112,280000
885113,450000
885115,70000
885120,230500
885130,200000
885134,500000
885135,674000
885142,0
885145,350000
885148,519000
885149,200000
885152,0
885158,1021000
885160,80000
885165,0
885168,150000
885175,0
885179,280000
885183,5262100
885192,200000
885193,234000
885208,500000
885209,0
885211,250000
885212,0
885213,239000
885222,838000
885226,0
885228,280000
885234,400000
885235,867700
885236,584000
885237,553000
885242,400000
885243,70000
885244,378000
885249,234000
885254,300000
885257,150000
885260,150000
885262,250000
885270,1039500
885272,140000
885274,670600
885277,200000
885279,0
885288,450000
885293,264000
885294,0
885295,0
885306,0
885310,150000
885321,0
885327,345000
885332,215100
885334,458000
885335,0
885343,600000
885355,250000
885360,450000
885365,1118700
885366,0
885368,0
885371,0
885372,950800
885390,250000
885401,150000
885402,631000
885414,250000
885415,255000
885417,50000
885419,250000
885421,174500
885425,0
885427,300000
885434,0
885435,239000
885439,250000
885448,0
885454,440500
885462,0
885472,0
885474,350000
885477,400000
885481,185200
885485,357700
885489,667000
885491,9869000
885494,150000
885495,0
885502,0
885512,372000
885514,0
885520,1100000
885521,460000
885526,156000
885530,246000
885534,561500
885540,739000
885549,4544000
885559,200000
885560,12000
885562,400000
885571,0
885579,340000
885590,0
885592,722200
885595,803300
885597,600000
885598,0
885599,460600
885600,280000
885602,220000
885603,0
885607,84000
885611,573000
885613,0
885614,0
885628,267500
885632,539000
885648,0
885661,300000
885663,700000
885683,350000
885684,229800
885694,2690000
885697,250000
885704,0
885710,3705600
885711,939200
885713,172500
885718,14000
885719,0
885730,1730000
885740,400000
885742,197500
885745,10068200
885753,0
885772,0
885779,0
885790,235000
885795,50000
885799,382000
885800,898000
885802,600000
885803,28500
885807,200000
885808,2328000
885809,1623700
885810,206000
885812,0
885821,0
885825,312500
885827,432500
885829,600000
885830,248000
885837,600000
885840,2267500
885846,150000
885850,82500
885860,1749900
885882,283000
885889,748700
885894,200000
885895,150000
885897,200000
885915,1167700
885916,1296800
885923,300000
885952,0
885967,1122900
885969,20000
885972,200000
885981,0
885983,3038700
885990,248300
886006,433600
886011,390000
886031,370000
886034,500000
886035,0
886049,450000
886051,200000
886053,350000
886056,200000
886062,150000
886071,206000
886072,250000
886083,250000
886084,503500
886085,300000
886091,400000
886100,206000
886112,764100
886118,112000
886120,0
886129,200000
886141,0
886152,372500
886153,0
886177,150000
886184,140000
886190,0
886193,303100
886203,1421600
886208,0
886209,350000
886217,307200
886221,360000
886223,0
886241,979500
886247,229000
886272,201000
886274,0
886275,0
886276,674500
886282,150000
886285,0
886293,139000
886311,150000
886318,729100
886319,1081800
886329,2080700
886332,0
886338,640000
886342,4470400
886343,200000
886352,400000
886367,480000
886371,840000
886378,1022000
886384,850000
886385,0
886401,488000
886402,1605000
886404,70000
886413,550000
886429,582500
886432,150000
886440,2901800
886447,300000
886449,760000
886463,0
886464,0
886472,417000
886482,489600
886498,0
886502,0
886504,648500
886507,0
886512,1576400
886518,0
886527,250000
886530,0
886538,639600
886540,396000
886548,250000
886561,500000
886567,150000
886570,1546000
886584,0
886595,150000
886597,770000
886598,1050000
886606,1701900
886618,600000
886620,600000
886626,112000
886627,300000
886628,283500
886641,0
886649,0
886654,118800
886655,0
886661,0
886664,515700
886690,70000
886696,400000
886709,150000
886715,145000
886723,605200
886729,428400
886743,390000
886753,479200
886774,425000
886788,600000
886793,0
886794,0
886808,1521000
886815,250000
886818,0
886828,932500
886833,380000
886841,250000
886852,150000
886854,4889200
886856,357600
886866,6202500
886869,0
886871,250000
886877,0
886879,0
886884,830000
886885,0
886890,319900
886894,1288400
886899,989800
886906,0
886908,1962500
886912,462000
886929,1137300
886941,445300
886942,378000
886945,250000
886950,250000
886961,0
886964,150000
886974,400000
886985,150000
886988,237000
886991,380000
886998,335000
887002,2588800
887035,317500
887048,905000
887060,150000
887061,0
887077,0
887085,380800
887109,370900
887117,0
887119,140000
887148,300000
887152,400000
887181,1989500
887197,876800
887198,810000
887210,398600
887220,0
887221,530400
887224,600000
887245,1550900
887247,144000
887256,350000
887269,250000
887270,0
887278,385500
887300,250000
887301,280000
887305,0
887311,0
887324,60900
887326,200000
887327,4085400
887332,1606100
887344,755800
887347,0
887357,169900
887360,0
887377,0
887413,457600
887415,170000
887420,0
887426,200000
887427,100000
887428,499700
887436,0
887438,100000
887439,40000
887452,130000
887463,0
887471,299000
887499,0
887507,325000
887508,1244800
887517,92000
887541,200000
887543,0
887549,262000
887551,845000
887558,145000
887563,580800
887564,574300
887574,0
887581,0
887582,0
887586,467000
887593,0
887594,342900
887601,496500
887614,0
887620,444000
887636,656800
887641,0
887642,558000
887643,0
887645,300400
887648,150000
887654,119000
887656,400000
887661,0
887663,159500
887673,3000
887674,245000
887682,449500
887687,0
887688,0
887689,544000
887694,350000
887695,6466500
887706,0
887710,820500
887718,0
887721,0
887722,260000
887728,0
887741,234700
887743,200000
887751,943500
887758,10000
887787,300000
887788,300000
887791,410000
887792,70000
887799,1296000
887800,370000
887810,2107500
887811,241500
887812,390200
887816,299000
887823,0
887845,150000
887851,213000
887852,0
887856,300000
887860,0
887875,320000
887881,0
887885,250000
887900,1010000
887903,493600
887904,350000
887910,150000
887914,422500
887918,300000
887935,299500
887941,250000
887951,300000
887991,819000
887995,170000
887998,0
888000,260000
888002,572500
888017,277500
888019,0
888023,600000
888042,0
888046,70000
888050,458700
888051,1050000
888065,695500
888069,0
888073,431800
888080,3206400
888085,21000
888103,200000
888112,1832000
888115,0
888128,3743700
888131,150000
888137,0
888144,437000
888156,673500
888164,300000
888169,0
888172,0
888173,542000
888176,216900
888186,339500
888187,0
888188,40000
888193,374500
888194,100000
888209,300000
888220,897000
888234,0
888238,250000
888243,300000
888245,497500
888249,338400
888251,132000
888261,572300
888274,250000
888277,694200
888278,0
888282,0
888283,0
888288,430000
888297,537500
888300,500000
888304,0
888305,300000
888306,300000
888308,0
888309,305100
888324,1269800
888328,200000
888329,1018500
888344,250000
888347,300000
888348,0
888357,0
888365,130000
888368,130000
888370,405000
888373,132300
888380,0
888381,300000
888383,520000
888390,1330000
888396,64500
888405,5159500
888411,300000
888412,2374900
888424,510000
888425,210000
888432,440500
888436,196000
888444,250000
888445,327100
888451,0
888459,300000
888465,726800
888483,300000
888484,277000
888486,300000
888493,130000
888498,250000
888503,0
888513,377500
888517,150000
888519,2098800
888526,643000
888527,350500
888529,600000
888538,150000
888539,300000
888549,0
888555,595200
888558,0
888562,100000
888571,125000
888575,450000
888578,1446400
888583,75000
888584,0
888600,0
888603,512500
888615,0
888617,1324100
888618,171000
888619,0
888622,0
888645,516300
888656,500000
888660,0
888665,270000
888676,950000
888679,150000
888689,300000
888695,300000
888696,150000
888715,300000
888731,850000
888734,0
888737,5007900
888749,767500
888755,250000
888759,889000
888763,270000
888765,250000
888776,0
888777,100000
888781,300000
888783,3340000
888784,0
888800,300000
888801,0
888804,0
888812,450000
888823,540000
888832,250000
888835,609900
888838,0
888843,0
888848,70000
888849,591200
888853,454000
888866,571300
888874,389400
888882,300000
888885,0
888898,300000
888911,0
888916,142000
888919,400000
888936,221200
888940,130000
888941,0
888945,708000
888950,799000
888955,0
888962,855800
888980,0
888987,300000
888988,300000
888990,470000
888993,268000
888995,70000
888999,515000
889002,300000
889004,250000
889006,206400
889008,1280200
889014,604900
889026,400000
889028,450000
889030,0
889032,449000
889042,300000
889049,200000
889050,300000
889051,423500
889059,0
889062,367000
889070,0
889075,290400
889077,300000
889080,310000
889083,384000
889088,817500
889098,359300
889107,0
889114,848600
889115,500000
889125,50000
889128,66000
889131,0
889132,501000
889161,0
889162,0
889163,0
889165,260000
889167,390000
889169,7216200
889171,274000
889178,664100
889179,405000
889189,1282400
889203,0
889216,660400
889252,0
889276,299100
889278,0
889285,300000
889291,300000
889293,250000
889296,250000
889305,100000
889313,519000
889323,381000
889334,150000
889335,523300
889341,460000
889345,324000
889346,500000
889352,0
889357,200000
889362,150000
889367,0
889373,365000
889378,0
889390,580000
889398,0
889403,200000
889404,1986200
889414,0
889425,209000
889426,205000
889436,215000
889437,544000
889441,164000
889442,1988000
889446,211600
889449,550000
889451,150000
889452,2355500
889454,0
889455,750000
889468,476500
889477,250000
889480,240000
889481,400000
889482,300000
889485,360000
889490,0
889495,245000
889496,250000
889502,245000
889505,498400
889506,0
889509,576400
889515,0
889519,178000
889530,6152000
889533,0
889544,1002500
889547,400000
889549,858200
889551,380000
889554,400000
889562,399000
889564,2111400
889573,0
889574,245000
889581,550000
889594,100000
889595,0
889601,480000
889605,100000
889613,159000
889616,130000
889618,199500
889624,247000
889633,193500
889641,250000
889652,836000
889654,0
889658,1665700
889661,745000
889670,454000
889671,600000
889675,239500
889682,195000
889686,245000
889687,750000
889690,150000
889691,270000
889692,250000
889697,199500
889698,247500
889701,5903300
889709,150000
889710,0
889712,0
889713,135000
889714,6245000
889729,250000
889730,165000
889733,250000
889735,325000
889743,0
889747,360900
889748,444900
889750,329000
889764,991800
889766,250000
889767,245000
889769,0
889771,243500
889775,250000
889776,0
889777,250000
889786,905000
889787,900000
889800,500000
889828,727500
889830,138500
889839,247100
889840,250000
889842,208000
889853,249000
889854,502600
889858,198000
889860,586000
889862,270000
889863,191500
889875,250000
889876,530000
889877,150000
889882,250000
889895,991500
889905,216900
889909,1286100
889913,229000
889916,420700
889918,650100
889920,110000
889921,495000
889930,245000
889933,0
889940,195000
889942,245000
889947,0
889948,2966000
889956,0
889962,250000
889964,235000
889982,563800
889983,237600
889986,246500
889989,187500
889992,421900
889994,209000
889995,240000
889996,0
889999,70000
890001,0
890002,238500
890003,200000
890015,440500
890016,250000
890023,250000
890025,365600
890028,250000
890029,658000
890042,0
890047,85000
890054,150000
890057,130000
890058,250000
890063,230000
890064,250000
890071,532500
890072,245000
890078,225000
890079,300000
890081,270000
890082,150000
890088,150000
890090,240000
890091,147000
890098,557500
890104,250000
890111,205000
890126,250000
890129,380000
890133,69000
890140,175000
890143,420000
890145,247500
890148,240000
890162,0
890169,200000
890171,1461300
890177,245600
890178,449000
890180,451500
890188,227700
890189,442100
890201,130000
890202,245100
890217,0
890219,235000
890223,250000
890224,219800
890251,150000
890252,247500
890260,250000
890264,80000
890267,449000
890268,347000
890295,0
890301,70000
890302,400000
890318,0
890320,247500
890324,0
890327,164800
890328,222300
890333,0
890349,449000
890352,249000
890354,150000
890360,439000
890361,0
890371,200000
890373,200000
890376,0
890377,400000
890389,500000
890391,1392200
890395,250000
890398,430000
890404,230000
890414,516300
890415,652500
890425,300000
890426,300000
890433,0
890446,0
890447,2411000
890455,532000
890458,88000
890464,271000
890467,480000
890475,0
890477,662600
890482,0
890483,19500
890486,170000
890487,0
890492,0
890493,150000
890494,174800
890495,810500
890498,300000
890501,0
890508,1093400
890552,44000
890561,0
890570,200000
890579,0
890587,0
890595,803500
890598,345800
890600,55000
890612,180000
890621,0
890622,174500
890627,450000
890633,0
890643,578000
890658,1472400
890675,0
890682,603000
890684,575000
890685,666800
890688,0
890696,450000
890702,1015000
890703,236000
890707,250000
890708,220000
890716,430000
890718,115000
890733,440000
890735,0
890745,70000
890747,0
890756,200000
890759,1194000
890763,0
890769,0
890783,450000
890789,580000
890790,350000
890799,860200
890803,4181900
890807,0
890815,233000
890817,0
890823,1593400
890834,566000
890835,183000
890846,580000
890856,1020000
890858,470000
890863,469800
890865,473000
890866,0
890871,250000
890873,280000
890874,506000
890876,70000
890887,430000
890892,317500
890893,430000
890896,130000
890897,699000
890905,70000
890914,400000
890924,450000
890928,250000
890929,23178900
890936,390000
890937,450000
890938,0
890941,788000
890942,200000
890944,0
890954,248400
890969,0
890971,886000
890979,315000
890980,1588000
891001,0
891010,235000
891013,200000
891019,535800
891021,1468000
891023,0
891032,39900
891037,250000
891039,484000
891048,0
891072,2485000
891077,300000
891090,463500
891098,0
891103,0
891109,0
891117,607300
891120,0
891125,0
891136,470000
891139,0
891141,0
891144,1131500
891145,0
891147,774000
891154,0
891162,449000
891167,400000
891173,120000
891201,400000
891206,300000
891208,550000
891214,420000
891220,0
891227,400000
891228,150000
891238,0
891252,783700
891256,0
891261,241600
891264,600000
891267,0
891275,0
891284,250000
891287,310000
891291,266000
891297,245000
891300,580000
891302,577500
891305,250000
891311,200000
891313,216900
891317,3486600
891327,300000
891330,950000
891345,0
891355,5053200
891362,358000
891383,430000
891389,103200
891412,250000
891413,634300
891420,0
891425,549400
891429,268000
891430,0
891434,101100
891439,309000
891446,0
891450,0
891460,525000
891468,466000
891474,70000
891477,0
891480,521000
891489,450000
891494,600000
891503,0
891506,386000
891508,324000
891511,398400
891517,500000
891523,168000
891524,165000
891549,200000
891551,0
891553,250000
891563,0
891570,0
891575,622000
891577,500000
891586,0
891588,600000
891598,520000
891604,913000
891611,200000
891620,200000
891630,120000
891634,0
891642,670000
891645,0
891650,475000
891659,356800
891676,927900
891680,1525500
891681,440000
891697,224000
891702,378000
891709,576500
891710,195000
891720,3544200
891724,70000
891728,0
891730,230000
891738,350000
891742,1377900
891743,968000
891744,100000
891750,464000
891767,350000
891773,488500
891785,200000
891792,0
891800,270000
891806,290000
891816,1198000
891817,661500
891820,250000
891841,105000
891843,0
891855,200000
891856,301000
891868,500000
891870,0
891875,250000
891877,130000
891888,512800
891890,683400
891896,660000
891900,82000
891908,8500
891913,449500
891915,450000
891926,0
891933,265000
891944,296200
891948,15500
891950,0
891954,250000
891963,0
891964,100000
891965,441000
891968,262500
891980,379000
891989,200000
891990,150000
891997,219000
891999,0
892000,0
892007,644500
892008,248000
892015,266000
892018,70000
892026,0
892029,4431500
892032,219000
892039,0
892042,3419700
892044,0
892063,440000
892064,0
892085,0
892086,440000
892092,1068000
892101,140000
892107,0
892112,150000
892133,200000
892138,0
892140,250000
892144,0
892156,0
892157,1174200
892166,576000
892175,350000
892195,150000
892201,425900
892203,350000
892232,330000
892233,132500
892238,0
892246,0
892254,251100
892255,1301700
892259,250000
892268,0
892290,0
892292,0
892297,280000
892311,0
892314,1430200
892324,0
892330,250000
892345,0
892349,94000
892351,555000
892355,300000
892378,440000
892398,460000
892416,0
892421,225000
892435,0
892459,472000
892462,147000
892472,74000
892474,150000
892479,967800
892491,150000
892506,158000
892510,0
892511,201000
892514,0
892522,500000
892530,0
892532,250000
892542,0
892559,150000
892581,0
892582,330500
892587,0
892611,784400
892612,280000
892621,0
892627,682400
892636,500000
892640,0
892648,529000
892649,150000
892651,105000
892658,0
892662,629000
892663,0
892668,337000
892676,1122400
892684,150000
892685,1546000
892692,432000
892697,1149000
892698,220000
892707,0
892720,59000
892725,0
892728,234000
892730,1253400
892733,0
892735,692400
892769,0
892773,600000
892774,0
892778,454000
892782,150000
892788,600000
892792,914500
892796,66500
892800,885000
892806,394000
892830,500000
892834,0
892835,1568300
892836,0
892849,0
892851,200000
892863,600000
892864,568800
892868,40000
892874,0
892881,130000
892889,0
892897,0
892906,210000
892908,419800
892921,300000
892933,150000
892936,816100
892937,690000
892945,200000
892946,292500
892948,370000
892951,300000
892959,750000
892972,0
892973,250000
892980,510900
892982,130000
892999,408000
893008,250000
893017,141000
893028,0
893038,1171000
893039,200000
893052,357000
893053,100000
893056,350000
893058,250000
893074,0
893083,600000
893089,2080400
893091,862200
893093,0
893117,140000
893125,150000
893127,200000
893128,250000
893142,146000
893143,795000
893144,630900
893146,918500
893147,900000
893152,220000
893153,419500
893159,0
893172,364000
893175,150000
893188,0
893202,0
893210,0
893211,0
893220,0
893226,2429700
893228,1211000
893230,0
893232,1161300
893239,371400
893251,399500
893256,287500
893258,0
893284,350000
893291,350000
893292,0
893293,0
893295,558700
893298,0
893299,756800
893304,0
893319,2517600
893348,200000
893350,1083000
893351,0
893353,0
893355,600000
893360,150000
893363,0
893375,0
893377,170000
893405,250000
893421,30000
893437,707500
893444,0
893460,0
893475,0
893495,0
893510,0
893517,547000
893520,480000
893526,70000
893527,200000
893543,0
893551,430000
893565,395000
893601,400000
893609,0
893614,0
893615,460000
893642,0
893654,400000
893659,520000
893670,309500
893677,405400
893679,255000
893698,430000
893702,514000
893706,484200
893718,0
893730,0
893732,297000
893733,0
893738,82500
893749,10573000
893754,479000
893763,0
893767,250000
893775,0
893787,327500
893805,200000
893806,0
893811,0
893815,443800
893826,22000
893829,180000
893836,300000
893840,0
893850,0
893857,680000
893858,250000
893871,97000
893875,0
893882,194500
893895,211200
893896,0
893911,0
893931,1739000
893933,630000
893934,150000
893935,0
893972,187500
893984,466600
893987,250000
893994,700000
894005,0
894007,462600
894021,170000
894031,0
894036,0
894063,150000
894071,135100
894076,150000
894085,0
894109,0
894111,742000
894115,150000
894138,858500
894141,0
894150,0
894155,0
894163,500000
894166,350000
894169,400000
894170,350000
894206,0
894215,500000
894225,430000
894244,1299400
894256,161000
894259,300000
894269,0
894288,0
894294,50000
894295,0
894313,1820000
894318,150000
894319,282000
894327,0
894344,250000
894347,50000
894348,0
894350,0
894354,150000
894384,564000
894389,250000
894394,425000
894411,26800
894414,1235000
894419,192000
894424,50000
894425,577000
894427,6195100
894436,400000
894449,0
894451,400000
894481,280000
894488,295100
894490,326800
894493,3000
894501,0
894507,840000
894512,397300
894522,15000000
894547,435500
894549,349500
894558,375000
894570,673200
894572,250000
894594,235000
894596,595000
894605,0
894607,447000
894613,185000
894617,540000
894621,0
894624,0
894627,0
894628,450000
894639,200000
894640,777400
894654,530000
894666,0
894667,0
894695,0
894719,1037000
894720,396000
894721,1232000
894723,0
894728,0
894755,75000
894764,37300
894774,300000
894789,500000
894791,0
894814,3673400
894819,0
894820,250000
894823,0
894829,233900
894840,5292000
894846,588300
894849,90000
894850,0
894853,675000
894854,1813600
894859,1140000
894860,450000
894866,250000
894883,968900
894892,0
894894,500000
894904,150000
894908,233000
894915,399000
894921,0
894958,0
894967,342000
894979,35000
894995,300000
894998,400000
895000,1013200
895009,1160000
895015,250000
895018,470000
895027,0
895034,578000
895043,1168500
895053,350000
895061,550000
895086,456000
895091,931100
895093,1378300
895100,1118000
895103,500000
895122,530000
895124,220000
895159,0
895160,0
895170,150000
895178,0
895179,1573900
895214,0
895216,95500
895232,140000
895236,503300
895241,0
895257,400000
895274,0
895280,1928500
895292,303600
895300,0
895314,198000
895323,250000
895335,700000
895336,0
895347,135000
895354,375000
895368,0
895373,0
895381,660000
895385,161500
895402,1688500
895408,0
895426,13740000
895455,0
895465,300000
895470,243000
895472,354600
895478,428900
895486,70000
895491,318000
895494,285500
895507,250000
895518,0
895521,72000
895522,1307000
895526,480000
895547,770000
895554,300000
895562,0
895565,748000
895577,621900
895580,250000
895581,0
895592,0
895597,350000
895600,0
895604,594000
895616,0
895623,295600
895629,0
895640,0
895642,110000
895650,150000
895668,500000
895676,0
895677,2405900
895681,485500
895682,990000
895693,239600
895702,474000
895704,0
895706,190000
895707,146000
895710,150000
895713,500000
895715,0
895718,150000
895720,350000
895745,40419400
895765,2994000
895767,120000
895789,0
895791,0
895801,150000
895803,0
895819,250000
895822,150000
895839,200000
895853,70000
895883,637000
895890,150000
895893,0
895899,0
895905,400000
895909,230000
895911,0
895919,59400
895925,250000
895937,0
895941,440000
895946,250000
895961,250000
895962,0
895980,391000
895990,150000
895994,250000
896007,504000
896008,648000
896024,150000
896025,150000
896032,518500
896044,1160000
896055,0
896056,204000
896087,1419300
896091,200000
896120,0
896125,0
896152,0
896175,1062000
896177,722500
896189,215400
896192,215000
896203,368300
896204,250000
896232,360000
896241,787500
896242,150000
896246,0
896260,0
896284,300000
896285,1301800
896295,400000
896306,0
896320,0
896340,304500
896351,0
896361,400000
896373,400000
896408,1890000
896424,81000
896428,433000
896435,0
896436,200000
896469,240000
896480,0
896486,0
896488,0
896508,222000
896510,896500
896538,457500
896553,500400
896560,0
896565,150000
896568,5872500
896571,590900
896597,450000
896612,335100
896616,0
896626,17600
896649,606000
896655,0
896664,956200
896676,200000
896680,0
896689,0
896691,0
896710,768500
896714,3233000
896721,460800
896729,350000
896736,210000
896738,70000
896739,687000
896740,0
896741,423400
896748,0
896756,150000
896765,395000
896768,680200
896773,230900
896775,0
896799,171000
896800,0
896807,800000
896830,776000
896846,0
896847,210200
896851,100000
896854,150000
896855,0
896860,972000
896878,150000
896893,100000
896899,0
896907,200000
896913,624700
896915,350000
896922,400000
896937,45000
896954,80000
896959,150000
896962,300000
897009,0
897015,100000
897040,0
897044,0
897046,0
897050,150000
897055,90000
897056,120000
897059,250000
897066,1038100
897069,613100
897072,200000
897075,150000
897077,0
897079,0
897083,2555000
897086,400000
897092,674500
897096,871200
897111,0
897125,792100
897133,350000
897138,380000
897143,977000
897144,550000
897146,150000
897148,400000
897150,0
897151,0
897155,1120300
897168,100000
897171,250000
897175,812000
897177,697000
897179,350000
897182,220700
897184,226400
897186,0
897188,1094700
897193,325000
897201,394200
897209,500000
897212,960000
897214,657500
897216,321000
897223,0
897226,350000
897241,150000
897247,0
897262,234700
897263,0
897270,789600
897272,400000
897296,492500
897299,0
897313,0
897323,250000
897328,0
897329,213000
897331,400000
897339,0
897352,390500
897354,148500
897364,550000
897365,2884100
897368,0
897371,0
897380,0
897386,244500
897395,600000
897418,250000
897426,0
897427,149000
897448,0
897450,234000
897451,0
897458,0
897459,500000
897461,413000
897480,185900
897485,150000
897487,0
897494,0
897499,681000
897502,0
897520,250000
897524,3593700
897527,150000
897531,88000
897538,206000
897541,4011500
897551,0
897560,207000
897562,1140500
897563,331000
897564,220000
897566,296000
897571,0
897579,509200
897584,830500
897585,250000
897586,307000
897594,150000
897599,234000
897604,484500
897612,216000
897618,0
897625,567500
897635,558300
897636,250000
897643,658200
897644,0
897650,0
897653,400000
897660,228400
897661,170000
897669,444000
897694,0
897699,323000
897710,0
897714,12000
897715,350000
897724,150000
897732,450000
897735,0
897739,0
897742,170000
897761,0
897762,150000
897773,0
897778,90000
897785,0
897791,395000
897801,196900
897816,8488100
897817,250000
897824,0
897835,150000
897840,237500
897844,2066100
897850,495200
897857,1093500
897858,380000
897864,150000
897871,0
897873,754800
897875,1318600
897886,0
897905,400000
897911,719300
897914,1257300
897922,0
897924,421300
897930,200000
897946,0
897947,250000
897950,171300
897951,300000
897953,250000
897957,200000
897963,0
897966,300000
897967,250000
897969,0
897975,250000
897977,330000
897987,0
897998,500000
898003,225000
898011,169000
898021,529500
898023,150000
898025,300000
898026,515000
898043,0
898061,3446800
898073,572000
898086,0
898090,734600
898096,320000
898107,2852300
898115,704300
898116,0
898130,0
898139,902600
898143,261300
898144,396200
898148,0
898153,0
898163,3292400
898164,0
898167,400000
898168,400000
898173,280000
898176,115000
898181,925000
898188,475000
898209,0
898211,450000
898214,300000
898225,70100
898227,330000
898238,494500
898239,300000
898244,250000
898252,558000
898263,0
898269,236500
898272,300000
898277,70000
898286,1221200
898287,250000
898289,0
898292,0
898293,300000
898297,0
898312,281000
898321,1664100
898340,1266700
898347,644700
898350,0
898352,169900
898357,0
898367,398000
898371,273600
898377,362000
898378,462500
898380,513600
898389,1290000
898392,0
898394,1066600
898397,0
898418,465800
898424,250000
898426,300000
898428,399500
898458,950400
898466,354000
898469,187800
898470,0
898472,667000
898481,238900
898488,2707700
898493,120000
898500,322000
898501,574900
898504,350000
898507,0
898510,740500
898514,409100
898524,0
898527,559000
898528,334200
898547,3150300
898548,0
898557,458000
898558,370000
898565,507400
898573,70000
898575,216900
898582,1452800
898585,300200
898591,600000
898597,150000
898598,455400
898600,0
898601,0
898604,0
898611,170000
898613,375600
898619,835300
898621,0
898627,263000
898642,247000
898647,0
898651,362800
898652,152000
898653,216900
898657,400000
898666,200000
898668,279000
898672,292500
898673,735000
898675,0
898681,272900
898685,0
898687,0
898689,168400
898705,350000
898711,233000
898715,328400
898716,283400
898718,0
898724,250000
898731,629000
898734,930000
898740,140000
898742,1561500
898743,264500
898745,310000
898747,70000
898751,599500
898756,216900
898758,642800
898759,240000
898760,409800
898771,394500
898773,250000
898776,0
898777,214100
898778,396000
898788,254000
898792,1328000
898798,358000
898806,267300
898807,250000
898819,300000
898820,245000
898826,29500
898829,162500
898830,250000
898844,1909000
898845,440000
898846,400000
898848,729300
898858,461100
898863,138500
898866,250000
898867,250500
898868,125000
898870,300000
898883,135000
898888,0
898892,313200
898896,159500
898897,1371700
898900,247000
898901,0
898913,0
898914,5653000
898916,1190000
898919,750000
898922,500000
898930,226000
898931,0
898936,264500
898947,562200
898951,0
898953,525000
898956,0
898958,616000
898959,500000
898963,216900
898966,150000
898969,285500
898972,301600
898974,176900
898975,509200
898979,150000
898980,250000
898981,250000
898982,320000
898988,364500
898989,331800
898994,400000
898998,0
899005,250000
899006,299500
899011,219000
899022,282000
899027,250000
899028,520000
899029,0
899031,170000
899039,485000
899044,415000
899055,250000
899056,257500
899058,295000
899060,300000
899066,1344300
899072,170000
899074,0
899075,500000
899080,299500
899083,0
899086,606000
899100,500000
899101,350000
899102,200000
899105,243500
899107,370000
899116,410000
899120,0
899121,70000
899130,189400
899131,234000
899133,1556300
899140,720000
899143,454000
899147,654000
899152,688600
899157,731500
899158,0
899161,148500
899162,150000
899169,241100
899175,632100
899178,170000
899182,436500
899183,370000
899194,350000
899196,399600
899199,400000
899210,764000
899214,720000
899219,256800
899222,275000
899223,261000
899226,100000
899230,380000
899232,165000
899234,0
899246,145000
899253,881900
899265,441000
899271,886800
899287,412200
899290,0
899291,345000
899292,315000
899311,350000
899320,1848000
899323,222800
899330,577500
899337,0
899345,170000
899346,514100
899354,233000
899355,270000
899356,375000
899357,231600
899359,0
899361,370000
899362,746000
899363,471500
899366,157600
899371,335000
899377,0
899380,300000
899383,567500
899390,275000
899402,170000
899404,0
899406,440000
899413,310000
899416,460000
899420,250000
899421,274300
899426,0
899427,130300
899432,0
899434,250000
899435,300000
899437,250000
899446,250000
899450,273600
899454,170000
899459,243500
899463,130000
899467,4519200
899471,233000
899472,125000
899474,392000
899475,250000
899480,196900
899484,754100
899491,2390000
899496,481000
899504,311300
899509,0
899513,379000
899519,379000
899526,170000
899530,379000
899532,250000
899533,1028000
899551,0
899552,1022200
899556,409000
899565,0
899567,0
899568,250000
899572,414000
899575,400000
899580,0
899581,770000
899587,222000
899588,400000
899590,471000
899596,0
899597,0
899598,0
899600,0
899610,250000
899620,0
899622,232000
899628,250000
899639,0
899650,370000
899660,580000
899663,150000
899665,351000
899668,70000
899673,148500
899679,0
899680,0
899683,310000
899690,215000
899710,605700
899724,0
899736,596600
899742,200000
899755,750000
899758,130500
899764,1083000
899767,0
899772,250000
899773,0
899777,0
899778,250000
899784,243500
899786,600000
899794,0
899802,70000
899803,345000
899811,400000
899814,1730000
899820,1222300
899839,1575000
899844,450000
899858,0
899860,256800
899861,533800
899867,70000
899871,0
899873,0
899878,449000
899883,150000
899886,768400
899894,385000
899896,250000
899909,0
899922,330000
899923,1031000
899927,80000
899928,280000
899940,0
899943,370000
899952,0
899954,1701900
899956,0
899959,150000
899972,0
899980,1330000
900000,175000
900009,417500
900013,222000
900017,993900
900020,247500
900024,550000
900025,0
900036,0
900038,550000
900048,150000
900053,0
900060,250000
900062,300000
900066,330000
900069,484000
900076,400000
900078,247500
900081,400000
900082,0
900086,864600
900102,300000
900106,69500
900108,5830600
900112,255000
900116,527800
900118,0
900120,885000
900121,0
900122,0
900133,300000
900142,13455000
900148,258000
900151,0
900152,230000
900164,0
900169,350000
900172,0
900175,0
900177,596500
900178,0
900180,470000
900186,1815600
900187,674700
900204,150000
900207,549900
900219,247500
900222,247500
900226,150000
900241,0
900259,0
900265,292000
900274,915000
900280,0
900281,1389700
900282,592200
900288,170000
900292,70000
900317,0
900330,200000
900337,435600
900341,0
900345,324000
900346,450000
900349,742000
900357,250000
900358,0
900367,1774400
900369,3299300
900372,200000
900377,1225000
900381,0
900382,2597000
900398,23000
900407,488700
900408,0
900414,319900
900416,3369800
900445,250000
900447,200000
900463,400000
900475,400000
900478,466200
900482,334200
900495,756000
900496,0
900507,0
900517,130000
900518,301000
900530,250000
900533,0
900540,0
900557,153500
900573,1079400
900575,250000
900578,0
900586,220000
900591,550000
900592,150000
900594,89500
900608,0
900612,749000
900623,250000
900629,0
900632,250000
900635,200000
900654,400000
900658,0
900660,326100
900669,200000
900689,200000
900690,0
900693,522000
900710,0
900726,100000
900729,112000
900755,0
900762,650000
900771,277000
900773,204000
900785,150000
900790,70000
900800,0
900801,204000
900804,482500
900810,0
900811,1240000
900817,2279600
900824,550000
900826,150000
900832,0
900836,128000
900838,425000
900849,125000
900853,418000
900854,350000
900855,400000
900857,900000
900858,125000
900859,220000
900860,370000
900861,400000
900865,1350000
900866,250000
900870,120500
900884,375000
900894,0
900896,2245500
900902,247500
900907,247500
900912,375000
900926,800000
900934,70000
900936,285000
900940,70000
900941,0
900949,884100
900959,674000
900967,0
900976,1540600
900983,247500
900991,150000
900996,0
900997,247500
901000,250000
901004,0
901015,0
901018,250000
901020,350000
901039,70000
901045,564800
901047,200000
901058,0
901066,1200000
901069,0
901079,150000
901080,70000
901085,0
901088,250000
901105,0
901107,474300
901111,0
901115,0
901123,0
901130,250000
901140,255000
901146,1234300
901154,409900
901157,150000
901159,0
901161,312000
901163,600000
901167,70000
901168,411700
901170,70000
901185,0
901187,250000
901192,400000
901194,70000
901195,645000
901204,1104400
901214,150000
901239,0
901247,0
901260,799900
901265,0
901267,0
901269,264000
901270,552200
901271,200000
901276,552200
901283,2130000
901284,500000
901287,0
901303,271500
901304,150000
901309,350000
901315,258900
901320,80000
901322,500000
901325,367500
901328,150000
901332,324500
901335,250000
901336,250000
901342,0
901345,168700
901346,320000
901350,0
901351,0
901355,450000
901363,520000
901366,0
901369,130000
901377,0
901395,0
901400,3625700
901402,250000
901404,0
901409,542000
901417,375000
901424,400000
901431,1155000
901450,0
901451,355100
901452,0
901455,0
901459,125000
901468,290000
901471,234000
901479,120000
901481,508800
901482,0
901484,603000
901485,743600
901486,0
901492,0
901495,0
901499,0
901501,455700
901503,599300
901514,0
901515,0
901518,489800
901519,1185600
901528,165200
901536,0
901545,0
901546,0
901549,250000
901551,0
901563,370500
901567,250000
901569,886500
901571,215400
901581,482500
901588,0
901599,603500
901600,695500
901601,250000
901602,2712300
901610,2883300
901615,0
901620,313200
901629,0
901630,380000
901635,301500
901638,0
901648,800100
901654,375000
901657,0
901658,0
901663,150000
901665,150000
901668,0
901677,224000
901690,0
901691,3049600
901693,375000
901695,0
901705,303700
901710,0
901711,359000
901719,249000
901732,0
901741,1052600
901743,250000
901749,125000
901751,330000
901772,349500
901785,415300
901796,0
901797,150000
901798,324900
901800,0
901808,200000
901814,0
901816,265000
901821,150000
901825,336000
901826,316000
901830,250000
901831,0
901834,175000
901835,315000
901839,268000
901842,570000
901860,654400
901862,365000
901866,230000
901867,636500
901868,310000
901875,1089000
901886,385000
901889,587500
901892,160000
901904,250000
901910,150000
901911,150000
901921,150000
901923,375000
901927,650000
901934,327500
901947,215400
901948,250000
901953,525000
901954,0
901960,500000
901961,245000
901963,178100
901968,0
901969,375000
901978,242100
901980,150000
901991,243500
901993,125000
901999,250000
902011,280000
902016,364300
902017,0
902020,380000
902021,125000
902025,250500
902030,1859000
902031,400000
902032,0
902039,250000
902046,0
902055,489000
902058,6116100
902060,400000
902064,210000
902067,897000
902073,242600
902075,321000
902076,875000
902080,400000
902082,2382200
902086,394700
902087,508500
902094,550000
902096,150000
902097,150000
902101,15581300
902102,277800
902109,0
902113,500000
902131,142000
902133,125000
902138,2653900
902150,250000
902151,417000
902155,0
902158,250000
902159,229200
902163,197600
902170,257600
902171,930500
902179,80000
902180,501900
902181,326000
902182,193100
902187,1115000
902189,350000
902190,196100
902194,236700
902196,400000
902202,254000
902209,250000
902211,150000
902217,280000
902219,250000
902220,382200
902222,0
902225,222800
902231,400000
902235,226800
902238,247100
902246,250000
902247,0
902259,160000
902261,309500
902266,193100
902270,242100
902277,150000
902278,258000
902290,0
902292,400000
902297,250000
902299,222800
902301,0
902302,4082400
902303,226800
902308,0
902310,404000
902311,176300
902312,226800
902313,425000
902316,0
902318,250000
902326,314000
902331,0
902332,222000
902333,250000
902339,515500
902343,0
902346,216900
902350,330000
902352,0
902356,40000
902358,3319200
902360,200000
902361,239600
902366,0
902372,0
902376,0
902378,0
902387,0
902388,0
902389,0
902391,241000
902392,212900
902398,242600
902404,250000
902410,2330900
902411,250000
902416,176000
902417,250000
902422,247500
902426,0
902430,280000
902435,732400
902436,247500
902441,506200
902444,241100
902446,400000
902448,290000
902452,397500
902458,243600
902459,247500
902461,200000
902465,469000
902471,226800
902472,947700
902477,250000
902480,225300
902483,318300
902484,0
902491,0
902498,250000
902503,200000
902519,247500
902523,480000
902524,0
902526,200000
902527,1322400
902529,500000
902533,222800
902537,198000
902538,400000
902543,250000
902546,105000
902554,315000
902555,1113800
902558,247500
902563,400000
902566,198000
902572,599000
902574,400000
902575,212900
902578,250000
902580,250000
902583,241100
902587,400000
902593,400000
902596,366000
902599,94800
902607,232700
902608,247500
902609,110800
902612,200000
902613,300000
902617,349000
902619,150000
902620,390000
902624,0
902631,250000
902636,150000
902640,250000
902642,450000
902643,80000
902654,812500
902656,0
902657,750700
902667,0
902671,0
902677,350000
902678,159200
902683,0
902696,350000
902700,200000
902701,299500
902706,183200
902712,250000
902714,0
902715,226800
902716,550400
902719,474500
902724,265000
902727,745000
902736,94800
902741,400000
902742,0
902743,450000
902746,400000
902750,355000
902752,680000
902755,247800
902766,0
902776,250000
902778,100000
902785,200000
902796,250000
902798,351000
902799,0
902804,365000
902808,1598900
902816,0
902823,400000
902824,0
902829,200000
902832,0
902834,180000
902842,0
902847,10100
902854,300000
902857,70000
902872,0
902880,0
902882,0
902895,0
902901,200000
902910,0
902913,193200
902914,0
902917,192000
902918,974700
902922,801000
902929,192000
902943,453900
902944,200000
902946,150000
902949,40300
902961,395000
902966,787600
902969,182800
902975,350000
902986,730700
902987,369000
902990,312000
902995,250000
902998,686000
903004,372000
903007,200000
903008,200000
903011,793200
903013,0
903019,195200
903024,0
903030,198400
903040,0
903042,3091000
903052,400000
903061,590500
903066,200000
903071,130000
903073,714000
903080,400000
903081,228800
903086,200000
903087,91900
903089,0
903104,538000
903115,0
903116,674000
903124,290000
903127,121500
903132,879100
903135,142400
903137,196000
903138,150000
903145,229000
903152,198400
903155,0
903157,250000
903158,726900
903163,0
903170,121500
903171,250000
903178,159200
903179,150000
903180,3461300
903184,159200
903187,300000
903189,194800
903196,159200
903197,409800
903199,275000
903201,1389300
903204,1253700
903206,150000
903207,250000
903211,250000
903213,159200
903224,4086000
903226,1208000
903227,67000
903234,380000
903235,220000
903237,0
903238,73500
903240,500000
903243,0
903246,1485000
903255,445000
903265,210400
903266,0
903268,4000000
903270,764000
903276,345500
903281,0
903299,0
903303,250000
903309,100000
903329,839000
903333,0
903336,196800
903348,250000
903350,0
903355,250000
903359,158400
903361,70000
903365,100000
903369,192000
903370,400000
903374,100000
903382,275000
903386,506500
903387,141000
903388,11900
903389,81500
903401,0
903406,257600
903417,250000
903418,70000
903420,60000
903421,255000
903423,70000
903424,250000
903433,200000
903435,600000
903437,572300
903443,200000
903455,1513000
903463,21600
903465,1079200
903469,250000
903473,344600
903478,627500
903483,0
903485,200000
903488,1836200
903489,139500
903490,447000
903498,250000
903499,3085800
903501,393200
903512,550000
903517,600000
903519,400000
903531,231600
903533,430000
903535,0
903536,250000
903542,0
903544,180000
903556,170000
903559,200000
903566,305000
903583,1546000
903585,73000
903587,543000
903589,0
903591,250000
903597,581000
903598,394000
903600,181600
903601,98100
903604,196000
903615,0
903622,253300
903629,136000
903632,96000
903635,477600
903643,150000
903656,0
903658,0
903659,150000
903660,194800
903661,200000
903667,326000
903668,100000
903669,0
903672,0
903685,400000
903689,1479800
903690,190800
903695,70000
903700,347400
903702,200000
903714,0
903716,381300
903717,635000
903721,146000
903722,250000
903728,250000
903732,0
903735,280000
903747,250000
903750,280000
903752,199200
903754,370000
903787,306000
903792,6483200
903795,0
903796,400000
903798,356500
903829,250000
903830,468100
903839,200000
903846,302000
903847,1000400
903848,0
903856,398600
903865,380000
903873,100000
903884,250000
903896,550000
903912,2526300
903914,550000
903933,618900
903940,0
903941,110000
903944,250000
903947,861000
903981,242500
903982,544500
903983,390000
903985,535000
903990,251000
903992,9546300
903996,250000
904005,292500
904007,0
904012,0
904015,2396600
904023,12500
904026,633000
904030,85000
904036,614000
904039,200000
904040,250000
904048,579500
904051,0
904058,250000
904061,300000
904067,200000
904070,250000
904071,0
904073,82000
904074,250000
904086,0
904087,0
904099,511200
904101,1056900
904105,849000
904108,1147900
904113,0
904118,48000
904120,1512000
904122,0
904127,250000
904134,250000
904137,500000
904143,2355000
904147,150000
904148,267600
904152,400000
904158,621000
904164,216000
904166,550000
904175,1761900
904185,2352500
904189,250000
904196,150000
904198,350000
904204,312000
904206,389500
904208,107500
904209,0
904216,0
904222,800000
904225,265500
904232,0
904238,0
904244,250000
904254,250000
904260,350000
904264,350000
904267,940000
904271,250000
904272,0
904276,250000
904281,150000
904283,0
904284,435000
904285,500000
904291,70000
904294,435800
904296,250000
904301,270000
904303,1675500
904306,535000
904311,250000
904312,0
904313,150000
904314,265000
904320,358500
904321,120000
904326,0
904351,440000
904353,425000
904364,864900
904365,250000
904370,0
904372,355800
904378,70000
904380,370500
904382,748600
904383,257500
904384,853500
904385,210000
904392,0
904400,373600
904401,0
904418,275000
904419,455000
904420,1215500
904424,1434600
904425,0
904426,0
904431,500000
904446,433300
904450,70000
904475,0
904476,400000
904477,421300
904485,350000
904488,250000
904490,529500
904493,0
904494,0
904495,0
904496,0
904501,150000
904506,670000
904516,430900
904518,0
904520,155500
904538,425000
904543,86400
904555,825100
904568,250000
904574,400000
904577,250000
904580,400000
904590,659000
904591,200000
904592,0
904595,786500
904599,0
904607,300000
904609,0
904619,700000
904622,149700
904627,350000
904630,466000
904633,0
904634,0
904635,2693100
904637,250000
904646,650000
904647,250000
904649,250000
904650,400000
904654,0
904658,628400
904666,450000
904673,250000
904678,0
904688,350000
904690,650000
904691,250000
904698,500000
904705,200000
904715,852500
904719,440200
904722,649000
904726,650000
904729,250000
904734,2624300
904754,988300
904755,463000
904763,357000
904764,0
904788,579000
904789,200000
904799,430000
904803,0
904808,574000
904814,200000
904816,390000
904820,0
904821,250000
904849,0
904858,0
904882,2227100
904893,450000
904894,250000
904955,350000
904962,484300
904967,350000
905002,137500
905003,962500
905013,381500
905015,70000
905023,0
905030,275400
905041,638400
905045,0
905054,716500
905072,200000
905080,0
905087,515800
905097,0
905104,250000
905107,250000
905155,250000
905158,290000
905159,210000
905160,0
905167,1686900
905177,105000
905193,450000
905195,0
905204,300000
905205,0
905209,0
905222,1050000
905232,0
905243,150000
905249,0
905257,250000
905262,0
905267,70000
905268,292000
905272,258000
905277,240000
905284,0
905287,0
905288,0
905306,0
905308,149800
905312,150000
905322,146000
905329,0
905334,294100
905337,2682800
905351,0
905353,200000
905358,300000
905362,222000
905363,0
905367,0
905377,200000
905379,612600
905383,708500
905402,1001000
905409,0
905412,450000
905415,149000
905418,0
905421,538800
905425,350000
905429,0
905436,608900
905442,703900
905456,0
905458,372000
905476,0
905477,1331800
905478,0
905485,0
905501,250000
905504,411700
905513,445900
905515,150000
905522,200000
905531,0
905548,0
905550,527000
905556,9291600
905557,300000
905568,70000
905579,200000
905580,216000
905581,0
905583,200000
905585,250000
905590,417500
905591,1253000
905596,250000
905597,165000
905599,0
905604,400000
905607,792000
905612,0
905613,0
905615,375400
905618,248500
905624,1232000
905642,490000
905646,615000
905659,210000
905667,195000
905674,0
905678,0
905679,245000
905684,0
905687,250000
905690,270000
905692,500000
905693,1384000
905698,602000
905705,483900
905712,5637900
905717,0
905724,468000
905728,250000
905731,0
905733,800000
905736,0
905739,129000
905740,330000
905741,0
905753,0
905755,285000
905757,250000
905759,51000
905761,631000
905770,550000
905771,0
905772,450000
905776,778300
905792,3985800
905811,74800
905812,600000
905813,385000
905815,0
905820,950000
905821,1039900
905826,70000
905831,250000
905841,250000
905846,250000
905850,500000
905853,1217600
905856,594500
905857,740000
905858,250000
905867,547500
905875,555200
905882,618800
905884,700000
905889,450000
905893,0
905903,390000
905904,250000
905907,397000
905918,612000
905919,0
905925,309000
905926,200000
905929,250000
905938,700000
905940,400000
905941,0
905943,318000
905956,554800
905957,200000
905964,775000
905969,0
905971,789000
905977,150000
905980,693600
905987,0
905995,226200
906000,250000
906006,150000
906007,790000
906014,264000
906019,256000
906022,247500
906025,250000
906030,0
906035,479200
906037,290400
906047,400000
906049,3023600
906052,400000
906061,496300
906064,0
906070,379000
906078,376200
906080,400000
906082,1075900
906090,0
906093,125000
906094,498600
906098,450000
906100,400000
906105,321000
906106,0
906109,343000
906111,0
906116,246000
906119,0
906124,602400
906125,460000
906127,350600
906130,2344200
906132,0
906137,0
906140,0
906144,300000
906146,305000
906147,585000
906155,754000
906156,1900000
906159,500000
906165,609100
906171,400000
906175,371700
906180,590000
906184,0
906189,0
906198,400000
906201,650400
906206,0
906212,850200
906215,709000
906229,1040800
906231,219000
906238,202200
906242,0
906245,466000
906251,150000
906255,250000
906256,0
906260,858200
906265,270000
906270,550000
906276,200000
906281,650000
906291,234000
906295,150000
906302,250000
906304,337200
906309,190200
906310,484500
906323,322200
906324,856600
906325,850000
906326,790000
906334,400000
906340,0
906360,207000
906362,250000
906363,240000
906368,0
906370,250000
906371,1229600
906374,70000
906375,592500
906376,700000
906380,150000
906392,596800
906400,250000
906404,0
906406,1050000
906409,2028200
906416,390000
906417,540000
906429,400000
906444,0
906446,250000
906449,1500000
906450,400000
906452,390000
906457,389600
906459,619400
906470,690000
906471,225000
906476,250000
906477,2468400
906481,0
906482,467500
906487,390000
906488,0
906492,529900
906494,0
906495,997300
906502,250000
906503,444500
906507,500000
906509,345000
906510,429500
906513,0
906515,0
906523,390000
906524,216000
906525,250000
906529,150000
906541,250000
906558,390000
906560,400000
906565,200000
906569,200000
906572,352800
906575,280000
906582,250000
906593,560000
906597,345000
906600,400000
906601,400000
906605,135000
906608,150000
906612,0
906616,150000
906619,515000
906623,185000
906624,649400
906636,0
906638,239400
906651,0
906653,250000
906657,400000
906658,392000
906667,0
906669,0
906670,400000
906678,0
906679,390000
906681,828000
906686,493000
906689,379000
906703,626800
906706,250000
906708,400000
906710,150000
906711,335400
906715,400000
906718,642900
906726,150000
906731,280300
906735,1254000
906740,500000
906750,250000
906755,400000
906777,0
906778,250000
906790,0
906791,290000
906795,460000
906799,150000
906802,0
906806,250000
906811,150000
906818,2141700
906820,200000
906826,0
906827,2423000
906829,800000
906830,240000
906837,250000
906840,0
906842,387000
906853,365000
906860,390100
906865,748900
906871,550000
906888,0
906890,0
906921,385000
906923,0
906930,234000
906935,315000
906936,250000
906946,246000
906954,150000
906961,380000
906967,0
906969,150000
906975,400000
906976,650000
906979,360000
906986,200000
906989,505600
906991,500800
906992,200000
906999,0
907002,596400
907015,250000
907025,500000
907029,210000
907041,451200
907047,250000
907049,1268600
907051,202200
907064,962400
907065,285500
907067,150000
907074,816000
907075,0
907078,1654900
907081,745200
907083,1898000
907087,270000
907091,409000
907092,250000
907110,684400
907112,632500
907114,2221900
907120,0
907124,384000
907158,250000
907164,351600
907166,250000
907167,0
907175,250000
907178,300000
907180,728400
907189,497500
907191,0
907193,220000
907198,1627000
907199,0
907201,735000
907203,650000
907204,400000
907211,2799800
907212,0
907217,411000
907220,0
907221,250000
907251,400000
907254,70000
907256,400800
907261,304000
907263,0
907268,3031600
907273,380000
907274,0
907275,0
907279,4194700
907281,300000
907285,477500
907288,320000
907293,575000
907294,146000
907297,0
907304,250000
907306,661500
907309,250000
907310,400000
907312,250000
907320,395000
907321,0
907332,147000
907340,250000
907341,1473000
907345,1155100
907348,240000
907351,150000
907358,250000
907366,499000
907371,400000
907373,400000
907374,550000
907375,457600
907386,341000
907388,0
907399,334000
907404,450000
907405,70000
907408,314500
907415,235000
907417,150000
907423,400000
907425,250000
907428,0
907432,0
907434,590000
907436,0
907438,1582400
907445,150000
907450,231000
907457,378000
907460,335400
907465,431000
907474,588000
907479,0
907480,1192000
907490,250000
907498,570000
907499,150000
907525,250000
907531,488400
907535,0
907541,0
907544,0
907548,250000
907550,250000
907569,0
907572,604300
907576,0
907583,226800
907590,639000
907599,831000
907603,0
907607,250000
907608,0
907612,380000
907635,150000
907637,499800
907639,400000
907642,0
907657,535000
907662,204000
907664,9677100
907665,400000
907666,150000
907674,397000
907680,256000
907690,550400
907693,270000
907694,0
907695,250000
907699,1206300
907701,338000
907714,450500
907716,0
907721,431600
907726,84000
907727,261000
907738,500000
907742,340000
907744,0
907748,1331900
907749,250000
907756,270000
907758,3213100
907761,0
907766,0
907768,254500
907769,549500
907770,340000
907773,919900
907784,3581100
907788,420000
907797,130000
907807,250000
907808,1380200
907818,819500
907826,687000
907827,963600
907828,243000
907831,243000
907833,250000
907841,250000
907849,413000
907864,759800
907868,305000
907873,300000
907875,400000
907881,250000
907887,730000
907888,330000
907895,300500
907896,250000
907901,100000
907910,562000
907914,0
907920,0
907921,1411100
907928,898000
907933,680000
907938,400000
907944,1220000
907945,300000
907951,200000
907953,450000
907956,30000
907962,216000
907971,448600
907972,0
907980,0
907982,1966700
907986,195000
908001,250000
908004,305000
908025,0
908031,309500
908035,339000
908037,350500
908038,0
908050,250000
908055,239500
908061,588000
908066,0
908068,0
908073,634400
908074,312000
908086,280000
908092,250000
908108,400000
908109,384000
908115,450000
908117,309500
908127,150000
908129,376800
908130,400000
908131,0
908137,937800
908140,490200
908141,0
908142,500000
908144,16453000
908145,553500
908146,465000
908147,768500
908148,0
908153,2857600
908154,250000
908160,400000
908168,0
908172,390500
908176,366000
908184,150000
908196,250000
908198,0
908200,737800
908201,0
908214,1652700
908236,1232900
908240,1880700
908241,85000
908243,943000
908244,704000
908251,996000
908258,1538200
908266,1134800
908267,450000
908268,250000
908269,666000
908283,264000
908285,350000
908290,237000
908295,1949000
908313,250000
908323,250000
908334,424000
908339,150000
908341,0
908347,0
908355,250000
908373,0
908379,155000
908389,582000
908395,0
908400,0
908403,406400
908409,0
908437,255000
908441,400000
908450,2165000
908452,400000
908460,0
908461,200000
908464,613500
908468,0
908470,250000
908473,0
908474,250000
908487,0
908496,150000
908504,0
908511,372800
908521,0
908523,1012300
908529,250000
908531,0
908533,350000
908534,250000
908547,250000
908555,0
908557,379200
908565,424700
908573,0
908580,0
908583,31500
908585,0
908589,225000
908594,0
908608,150000
908614,0
908616,200000
908642,0
908649,250000
908656,0
908664,0
908675,0
908677,450400
908679,0
908680,961100
908684,0
908686,300000
908687,150000
908693,940000
908705,0
908708,400000
908739,300000
908742,200000
908753,250000
908759,413300
908781,300000
908782,250000
908787,523200
908792,250000
908814,542000
908822,295000
908827,100000
908831,500000
908837,450000
908845,150000
908850,250000
908856,201000
908858,1082200
908859,550000
908862,785000
908869,250000
908870,950000
908872,263900
908883,200000
908890,2477200
908911,150000
908919,100000
908920,376000
908926,350000
908928,940000
908933,200000
908938,250000
908945,575000
908948,250000
908954,136000
908961,0
908969,363100
908970,753400
908974,450000
908979,0
908987,434300
909003,458100
909015,217200
909034,1274400
909035,250000
909045,0
909058,779900
909065,100000
909068,250000
909070,270000
909071,250000
909073,250000
909076,0
909079,0
909080,200000
909085,4744400
909088,1060300
909094,0
909101,0
909114,552500
909127,400000
909129,0
909135,150000
909142,450000
909156,0
909161,0
909163,150000
909169,1442500
909191,0
909201,0
909203,150000
909206,10000
909213,50500
909227,500000
909235,500000
909238,150000
909254,0
909266,0
909272,17500
909273,0
909276,0
909277,0
909283,207000
909289,971400
909291,200000
909296,544900
909298,471000
909302,250000
909313,14500
909316,210000
909317,150000
909332,0
909334,200000
909335,0
909342,138000
909344,367500
909346,8066900
909354,356000
909358,0
909363,635000
909367,785700
909368,309500
909371,265000
909374,250000
909375,250000
909376,0
909384,1250800
909385,0
909386,0
909387,0
909391,250000
909403,0
909404,350000
909410,400000
909419,0
909427,1615000
909429,250000
909433,634000
909434,400000
909435,450000
909448,0
909449,167500
909450,200000
909460,0
909464,0
909467,237000
909478,0
909492,300000
909500,400000
909501,400000
909502,153500
909503,239400
909508,0
909520,202800
909533,0
909541,338400
909557,446700
909558,0
909599,150000
909602,0
909607,388000
909620,470000
909628,875000
909631,250000
909637,706000
909639,278000
909643,217200
909653,250000
909654,1335000
909660,322000
909672,395000
909673,0
909674,0
909679,287200
909684,150000
909690,0
909702,250000
909704,560300
909718,215000
909719,175000
909721,0
909728,276000
909730,501000
909731,425100
909737,700000
909744,0
909748,330000
909753,0
909759,554800
909762,250000
909769,244200
909785,239400
909786,810000
909787,231000
909789,0
909792,300000
909794,265000
909798,550000
909811,904000
909814,329400
909821,315000
909830,598100
909833,294000
909835,200000
909843,450000
909856,250000
909863,1060900
909866,234000
909870,0
909880,488600
909881,234000
909887,637900
909894,1136500
909898,0
909899,510000
909908,0
909914,391800
909922,250000
909924,0
909926,0
909928,599400
909933,0
909951,250000
909952,329500
909956,150000
909959,650000
909960,716000
909963,249500
909964,150000
909969,0
909972,485000
909976,1546000
909977,299000
909982,250000
909988,250000
909998,250000
910003,130000
910005,305000
910009,345000
910010,7046200
910015,842000
910019,228000
910020,150000
910028,0
910029,286800
910032,0
910035,520800
910036,326600
910037,0
910038,740000
910047,54000
910048,548300
910049,489000
910057,350000
910059,0
910060,271600
910062,324000
910070,0
910083,1362500
910091,0
910093,379000
910094,1043000
910106,0
910107,250000
910117,320000
910123,0
910125,0
910132,0
910138,731900
910140,150000
910142,795000
910146,147000
910151,0
910155,150000
910170,219600
910178,0
910194,250000
910200,0
910219,538200
910224,400000
910226,286000
910229,330000
910232,1174900
910238,250000
910249,204000
910250,692000
910253,0
910260,0
910261,813700
910265,250000
910267,0
910273,140000
910282,275000
910284,0
910289,345000
910290,320000
910296,0
910312,150000
910318,0
910320,133000
910329,250000
910334,252000
910338,290000
910345,350000
910346,0
910349,538000
910354,150000
910357,300000
910358,0
910359,91000
910364,480000
910366,0
910369,261600
910378,0
910379,450000
910382,482500
910387,142000
910389,331200
910402,976000
910406,481500
910407,250000
910410,500000
910414,540000
910419,347500
910420,0
910426,150000
910427,250000
910429,250000
910432,498000
910434,500000
910436,0
910440,250000
910454,0
910461,0
910466,1005700
910467,226800
910468,371000
910472,0
910476,250000
910477,787800
910480,80000
910484,791800
910495,500000
910496,421200
910498,0
910503,400000
910504,0
910508,0
910514,0
910517,400000
910519,150000
910520,7719000
910521,0
910526,349500
910531,440000
910535,300000
910539,0
910541,152500
910544,250000
910551,142000
910556,434000
910557,323500
910561,250000
910563,0
910566,0
910567,657000
910570,353500
910572,2071800
910573,0
910574,0
910576,0
910577,0
910582,0
910586,820800
910590,0
910599,558200
910600,0
910609,5647500
910610,665800
910611,0
910617,300000
910619,250000
910622,0
910626,400000
910628,0
910631,235200
910632,0
910634,510000
910636,7200000
910637,0
910638,0
910646,396000
910650,740000
910652,259200
910655,250000
910670,0
910676,0
910678,512100
910682,0
910683,250000
910684,374400
910686,363000
910693,0
910695,309900
910697,0
910700,0
910719,560000
910721,330000
910726,0
910727,0
910731,0
910736,740600
910738,150000
910742,150000
910745,450000
910747,400000
910748,318000
910749,250000
910750,0
910757,7334400
910758,293500
910759,500000
910762,0
910763,813000
910767,474300
910769,250000
910773,0
910774,184500
910778,0
910779,150000
910783,417500
910787,1000000
910788,581200
910789,350000
910790,277000
910794,150000
910797,659000
910810,655900
910812,250000
910813,0
910815,250000
910819,250000
910820,1066800
910821,0
910848,594000
910849,202800
910851,385000
910852,0
910855,346500
910856,516000
910859,600000
910862,0
910866,665000
910869,526000
910876,445000
910878,700000
910879,250000
910882,0
910890,0
910891,550000
910896,0
910900,308900
910901,0
910903,290000
910907,328000
910909,1233400
910912,351500
910918,1061300
910920,746000
910923,0
910927,210000
910928,799700
910929,0
910932,315000
910935,753000
910939,960200
910943,464000
910944,250000
910948,350000
910953,0
910959,0
910965,0
910967,250000
910968,550000
910973,78600
910981,250000
910982,0
910984,0
910986,0
910990,884800
910991,0
910995,250000
911001,250000
911004,0
911006,0
911012,0
911015,1664000
911017,249500
911018,600000
911023,0
911025,150000
911026,250000
911027,275000
911030,250000
911035,0
911037,493000
911041,780000
911043,840000
911045,250000
911047,950000
911051,0
911055,0
911056,771000
911058,150000
911059,150000
911062,0
911064,240000
911067,450000
911074,0
911080,342900
911091,210000
911102,250000
911109,400000
911111,0
911122,0
911128,800000
911129,450000
911130,513900
911131,250000
911132,308400
911134,150000
911139,0
911140,500000
911145,550000
911148,0
911150,543300
911153,150000
911157,150000
911163,433000
911166,615000
911168,390000
911176,250000
911177,0
911188,0
911190,417500
911192,150000
911196,1602600
911200,0
911201,210500
911207,550000
911210,321000
911211,0
911214,150000
911217,442000
911224,250000
911227,290000
911229,1405000
911234,240000
911236,615000
911242,250000
911246,485200
911250,118000
911251,150000
911252,7398200
911253,376600
911258,0
911268,2085000
911272,0
911273,0
911277,594000
911295,3200000
911296,0
911297,500000
911301,480000
911302,0
911306,961100
911307,0
911311,580000
911314,0
911315,190800
911321,200000
911324,625200
911325,165000
911327,200000
911333,0
911334,150000
911335,7463100
911337,1541900
911344,0
911345,250000
911348,0
911358,14501400
911376,300000
911377,450000
911379,0
911384,150000
911387,0
911389,0
911392,0
911405,0
911406,0
911412,0
911414,300000
911420,4006200
911426,0
911434,441000
911452,0
911469,0
911470,0
911471,709200
911475,0
911477,512000
911478,699000
911479,1390000
911487,226800
911488,250000
911495,292000
911497,378000
911499,405000
911508,0
911511,0
911518,130000
911520,0
911521,0
911522,504000
911529,0
911539,198000
911540,0
911549,999400
911561,0
911563,0
911566,95000
911568,0
911570,200000
911575,250000
911579,0
911580,200000
911581,1224900
911582,422400
911587,0
911590,0
911598,0
911599,0
911603,350000
911614,400000
911622,400000
911623,400000
911624,923600
911628,0
911629,0
911634,0
911637,2888000
911638,287400
911640,0
911641,450000
911642,599200
911643,400000
911655,0
911663,150000
911668,350000
911675,250000
911676,216000
911683,790000
911687,24000
911690,250000
911693,0
911703,450000
911709,663200
911718,195000
911719,16070000
911720,2150000
911725,250000
911726,0
911730,0
911731,250000
911732,468300
911733,110200
911739,0
911740,2035200
911741,641400
911743,150000
911746,225000
911753,0
911755,550000
911757,557400
911758,150000
911761,0
911764,0
911765,550000
911767,30000
911771,335000
911774,447300
911785,1212000
911791,0
911792,431900
911793,250000
911808,488700
911809,0
911811,550000
911813,493400
911814,0
911817,34800
911825,250000
911838,732700
911842,378500
911843,562900
911851,200000
911853,0
911854,0
911855,590000
911856,450000
911867,49500
911876,88100
911878,134500
911887,328500
911895,0
911897,0
911899,0
911903,316000
911909,1080000
911910,609000
911920,0
911932,0
911935,389400
911941,363000
911947,0
911948,300000
911959,750000
911962,724300
911965,500000
911967,150000
911976,0
911984,150000
911989,250000
911997,289500
912001,0
912003,900000
912005,506300
912007,0
912011,292000
912012,495000
912015,642500
912020,284000
912027,484800
912031,0
912033,154500
912036,150000
912037,258000
912039,0
912041,400000
912044,284300
912045,0
912051,750000
912053,0
912061,180000
912064,130000
912068,303600
912074,629600
912080,285800
912086,180000
912091,450000
912095,150000
912101,350000
912106,550200
912108,388800
912109,0
912113,0
912119,400000
912123,4064800
912124,1297000
912128,0
912130,0
912134,550000
912140,1869000
912142,250000
912143,350000
912145,0
912149,450000
912150,400000
912151,250000
912153,0
912157,545000
912158,159000
912159,816000
912162,135000
912165,350000
912168,700000
912169,0
912171,0
912177,250000
912178,633500
912181,500000
912182,220200
912185,201000
912187,1672000
912189,409900
912190,234000
912197,635800
912199,958200
912200,350000
912202,450000
912203,490000
912204,755700
912206,830000
912210,0
912212,671200
912218,591000
912221,250000
912223,178000
912230,506500
912232,0
912236,550000
912241,0
912253,320000
912257,937000
912262,320000
912265,887700
912268,637400
912271,376000
912275,0
912280,0
912282,217200
912283,0
912289,7277000
912291,0
912293,130000
912295,2460200
912297,345000
912301,0
912306,8139500
912307,385900
912311,235800
912312,438000
912313,150000
912321,2938400
912325,328000
912326,0
912328,0
912333,250000
912337,0
912340,2492500
912342,0
912347,0
912348,3380200
912349,250000
912353,0
912358,416500
912374,0
912376,250000
912379,590000
912380,400000
912382,250000
912389,1274700
912391,354000
912410,320000
912412,150000
912413,354000
912416,0
912419,0
912422,174000
912423,252000
912424,0
912428,1821000
912432,0
912435,320000
912438,0
912442,0
912443,542000
912446,0
912458,250000
912467,1403000
912474,320000
912476,268200
912495,150000
912501,0
912502,320000
912503,0
912510,80000
912515,165000
912516,2254100
912521,320000
912528,0
912529,150000
912530,162400
912535,250000
912536,215400
912541,150000
912545,850000
912546,390600
912547,0
912554,320000
912556,966400
912560,1765400
912563,0
912565,400000
912575,1025600
912580,474800
912581,0
912588,474400
912599,0
912602,0
912604,300000
912608,150000
912610,400000
912616,320000
912618,0
912620,383000
912622,1398000
912625,0
912628,0
912639,222000
912640,0
912644,3415300
912646,281900
912651,150000
912652,445500
912654,150000
912672,648600
912686,1992300
912705,328000
912706,0
912708,400000
912713,0
912714,467500
912738,1767400
912741,509200
912744,511700
912745,456000
912755,0
912757,1289000
912765,0
912774,500000
912777,275000
912785,150000
912793,363000
912804,371200
912805,557100
912809,350000
912821,6599200
912827,222000
912828,0
912834,0
912844,500000
912847,993000
912850,128000
912872,451200
912874,300000
912878,0
912883,0
912888,250000
912889,751000
912890,0
912891,0
912892,521000
912910,142000
912911,0
912920,0
912922,150000
912925,0
912930,547000
912933,0
912936,1202600
912942,570000
912946,1412000
912950,850000
912954,653800
912964,150000
912980,402800
912982,287500
912987,1107700
912994,120000
912998,673500
913004,150000
913022,648000
913028,400000
913033,845000
913040,320000
913042,0
913050,0
913051,1092500
913053,306000
913069,1714700
913077,890000
913085,999500
913086,320000
913096,11083200
913099,0
913104,0
913120,252000
913124,0
913126,390000
913131,15000
913133,250000
913134,516900
913140,575800
913143,0
913152,300000
913155,0
913162,500000
913169,250000
913179,0
913192,0
913193,670000
913195,0
913197,502000
913206,1486500
913212,250000
913217,1355000
913220,320000
913225,0
913226,1970100
913228,250000
913229,250000
913231,0
913232,250000
913234,150000
913289,5528500
913294,349000
913303,1125400
913305,86000
913307,750000
913309,500000
913312,0
913315,250000
913323,234000
913326,1720000
913329,150000
913341,186000
913347,450000
913354,3868000
913355,889500
913371,0
913380,150000
913382,239500
913383,0
913386,2567500
913403,240000
913405,400000
913408,0
913412,2069400
913414,296000
913415,0
913426,0
913432,0
913446,250000
913454,280000
913469,0
913470,250000
913476,1798000
913477,228600
913487,150000
913491,458500
913493,890400
913494,0
913505,0
913510,2731900
913521,239400
913524,1182500
913530,150000
913543,0
913545,250000
913553,150000
913555,498400
913558,0
913567,550000
913568,0
913593,128000
913595,1049300
913598,150000
913601,295000
913605,0
913612,434800
913619,0
913621,0
913626,489600
913630,0
913657,0
913659,650000
913661,734000
913666,748000
913669,646000
913671,220500
913674,300000
913678,600000
913688,0
913689,0
913719,400000
913735,0
913744,905000
913757,228000
913760,158000
913762,1113300
913768,511300
913771,800000
913772,372000
913773,504000
913774,84000
913777,582000
913783,602000
913785,300000
913792,391500
913796,681000
913797,250000
913836,0
913852,456000
913869,578500
913874,342800
913876,0
913878,0
913887,1654500
913892,0
913893,500000
913896,332500
913897,0
913900,540000
913924,187800
913928,1439600
913936,479800
913944,0
913947,220000
913952,440000
913954,600000
913958,620000
913961,734400
913963,400000
913968,750000
913971,0
913976,150000
913977,0
913994,0
913997,0
913998,0
914006,445000
914016,217200
914017,400000
914028,130000
914033,597500
914039,0
914047,0
914048,0
914061,499000
914084,439200
914098,1101700
914102,150000
914108,308600
914112,738000
914113,150000
914115,627800
914120,1093300
914122,210000
914137,0
914149,285000
914161,0
914166,0
914173,0
914175,650000
914184,600000
914187,600000
914191,719300
914194,0
914197,0
914205,600000
914209,1126100
914210,495900
914214,0
914217,1117500
914219,0
914223,584200
914224,0
914229,450000
914237,250000
914240,349500
914244,300000
914245,470200
914251,422000
914253,600000
914260,250000
914266,600000
914270,250000
914274,150000
914279,4771000
914283,500000
914284,0
914286,3027400
914288,482500
914289,450000
914290,430000
914292,150000
914293,300000
914300,450000
914307,105000
914308,550000
914312,250000
914316,499000
914317,386700
914322,390000
914334,0
914338,450000
914339,0
914343,0
914346,565000
914359,650000
914362,0
914368,676500
914371,0
914372,478800
914373,162000
914377,395600
914378,0
914390,0
914398,0
914401,3526000
914402,318500
914406,450000
914411,676500
914413,340000
914417,664700
914419,0
914420,0
914421,676500
914427,400000
914431,450000
914436,485200
914452,2703000
914455,350000
914457,0
914468,217700
914469,1297200
914477,249000
914494,0
914499,1076800
914501,216000
914505,0
914511,498000
914521,0
914526,2312000
914527,225000
914532,604500
914533,240000
914534,0
914539,1219500
914548,0
914556,150000
914577,3133700
914582,0
914586,648000
914587,391400
914589,335000
914597,450000
914604,0
914606,400000
914608,0
914622,305300
914638,0
914652,0
914653,0
914654,656100
914668,0
914672,723400
914677,0
914682,0
914683,0
914685,0
914690,320000
914695,0
914705,400000
914707,1855000
914709,1086200
914711,397500
914712,0
914715,750000
914720,0
914722,357500
914723,150000
914739,0
914745,0
914748,393000
914757,467200
914762,0
914770,273000
914771,150000
914774,251300
914780,0
914782,150000
914786,0
914790,0
914794,150000
914804,50000
914810,288000
914813,130000
914815,355000
914817,525000
914820,730700
914824,450000
914825,250000
914826,464800
914856,0
914859,350000
914861,150000
914862,250000
914864,456000
914868,810000
914870,0
914876,0
914880,308400
914888,446000
914894,280000
914895,1087500
914896,0
914910,1468700
914920,400000
914922,250000
914939,400000
914941,563000
914952,222000
914954,510000
914957,222000
914965,150000
914968,350000
914970,150000
914975,320000
914981,0
914985,334000
914986,0
914999,587000
915010,1545400
915016,350000
915021,1955900
915038,496600
915047,0
915052,320000
915057,0
915061,895000
915064,5366600
915080,1761600
915086,150000
915089,244200
915094,0
915099,150000
915105,1509000
915108,0
915110,350000
915113,0
915115,0
915116,125000
915117,250000
915123,273000
915137,0
915143,231000
915147,0
915154,0
915156,264000
915159,1122600
915161,385000
915166,261000
915170,0
915172,0
915176,0
915178,200000
915179,0
915184,250000
915187,252000
915190,1369900
915191,0
915192,0
915196,250000
915200,250000
915206,313200
915208,0
915210,0
915211,310000
915212,0
915218,340000
915222,542000
915233,150000
915238,150000
915240,250000
915245,1145000
915246,0
915248,911500
915250,0
915256,140000
915264,150000
915265,921000
915272,614000
915275,0
915276,423000
915279,249000
915280,250000
915284,572500
915285,542000
915288,200000
915296,215000
915300,466200
915302,0
915308,0
915309,150000
915311,680800
915325,723200
915328,0
915341,130000
915344,350000
915350,476500
915353,0
915358,0
915374,100000
915381,320000
915382,200000
915384,1463300
915386,250000
915395,400000
915401,0
915402,617100
915404,43500
915407,1578300
915418,150000
915425,521600
915429,300000
915433,390600
915436,500000
915444,0
915450,380100
915451,725000
915452,0
915454,450000
915455,0
915456,933500
915458,962300
915462,350000
915468,0
915473,330000
915478,150000
915480,150000
915488,175000
915489,450000
915492,0
915494,0
915497,0
915499,0
915503,744500
915509,619000
915510,400000
915516,0
915517,597800
915520,540000
915528,511000
915538,0
915540,150000
915543,150000
915544,147000
915546,4644400
915553,200000
915557,150000
915559,150000
915561,840000
915562,427000
915563,221000
915566,326600
915568,130000
915570,150000
915573,426500
915577,150000
915579,150000
915580,232300
915581,350000
915598,384000
915601,0
915603,0
915611,1000000
915612,4223700
915613,613800
915635,316000
915637,449900
915641,0
915643,333000
915644,0
915649,0
915650,0
915654,383400
915660,750000
915665,150000
915668,0
915673,159500
915678,1314300
915688,243600
915690,225000
915708,320000
915711,382000
915717,778000
915727,99800
915728,1109500
915731,150000
915735,150000
915739,150000
915741,250000
915749,320000
915754,350000
915755,150000
915756,357000
915757,904400
915769,0
915770,0
915772,315300
915776,0
915777,1533000
915786,0
915790,150000
915794,211200
915796,250000
915799,0
915802,323000
915819,150000
915820,200000
915823,1074400
915839,150000
915858,150000
915859,267000
915860,205800
915865,0
915868,350000
915869,150000
915870,150000
915873,250000
915877,150000
915879,344500
915882,1365500
915883,382000
915888,362500
915890,250000
915891,0
915894,1369400
915895,370000
915896,341600
915897,584800
915902,0
915906,320000
915907,350000
915910,0
915911,0
915912,2630800
915913,380000
915915,339200
915916,0
915918,0
915919,241200
915932,0
915934,590000
915937,0
915942,853000
915950,150000
915952,584000
915957,400000
915958,883300
915959,0
915962,0
915965,0
915969,1490000
915972,250000
915976,435000
915977,1929000
915978,0
915981,225000
915982,249000
915990,150000
916000,226800
916011,0
916013,210000
916014,476500
916018,530000
916022,0
916023,2497100
916028,0
916029,879000
916032,0
916038,473400
916042,480200
916043,471000
916044,0
916050,150000
916060,210000
916065,0
916068,747500
916083,0
916087,140000
916089,400000
916092,285000
916104,823800
916106,0
916109,0
916122,460000
916124,3364900
916128,0
916136,434000
916139,0
916146,0
916147,140000
916154,376200
916158,400000
916159,247000
916161,210100
916162,348600
916168,140000
916171,0
916175,0
916176,600300
916178,264000
916184,250000
916185,264000
916188,204000
916190,202800
916201,456300
916208,504300
916211,0
916216,0
916222,370000
916223,1178600
916225,0
916228,0
916237,5510000
916242,0
916243,1514200
916247,0
916248,0
916249,324000
916251,264000
916258,2731600
916262,120000
916272,450000
916275,399600
916285,468100
916288,276000
916292,39200
916296,302400
916301,150000
916303,378000
916304,750000
916305,0
916323,650000
916324,0
916332,0
916337,414400
916339,200000
916349,0
916356,1080000
916362,0
916364,0
916367,328800
916374,0
916376,350000
916381,3983600
916384,0
916386,53900
916387,395000
916391,150000
916396,140000
916405,400000
916406,633900
916408,231000
916409,100000
916412,572500
916416,0
916421,448800
916422,150000
916428,150000
916431,250000
916432,0
916434,0
916437,334500
916439,250000
916446,0
916449,250000
916451,685200
916453,966000
916459,901000
916467,150000
916474,1184000
916477,320000
916479,100000
916480,0
916481,150000
916482,0
916483,500000
916485,0
916500,397500
916501,0
916506,0
916511,400000
916512,300000
916515,184000
916521,320000
916523,400000
916524,0
916525,0
916526,150000
916529,150000
916530,514500
916531,0
916533,500000
916534,0
916536,0
916538,0
916544,0
916547,0
916548,511300
916550,150000
916551,475800
916561,562500
916562,192500
916564,865000
916566,574500
916568,250000
916572,0
916575,300000
916576,150000
916577,540000
916584,414200
916586,150000
916590,0
916592,150000
916596,395000
916600,0
916606,61700
916610,287400
916611,0
916614,350000
916615,288600
916616,0
916617,150000
916618,258000
916620,859000
916625,0
916626,150000
916627,150000
916629,250000
916630,305500
916641,547000
916645,589000
916647,12100
916648,320000
916650,0
916653,149000
916655,0
916658,0
916659,2987400
916665,0
916666,141000
916679,500000
916680,0
916682,744300
916685,225000
916690,0
916695,190000
916698,595500
916704,0
916706,1693000
916710,0
916719,0
916721,465000
916726,370700
916728,0
916729,0
916730,0
916734,400000
916736,652600
916737,320000
916738,250000
916739,70000
916741,365000
916744,337000
916746,400000
916748,3732100
916752,309400
916753,0
916755,0
916757,400000
916759,0
916764,26000
916768,350000
916777,841300
916783,350000
916784,0
916789,0
916796,29400
916797,320000
916798,0
916800,400000
916802,250000
916805,0
916806,0
916816,591000
916817,0
916826,0
916827,600000
916842,0
916843,466500
916845,0
916849,0
916850,380600
916852,336300
916853,509500
916854,2115300
916863,625000
916864,178200
916866,250000
916872,0
916875,457200
916880,140000
916885,800000
916890,2599600
916892,300000
916893,125000
916900,0
916901,250000
916908,0
916914,0
916915,0
916918,400000
916927,345000
916929,0
916936,2921200
916939,0
916941,0
916942,84500
916945,0
916953,0
916957,1316700
916959,350000
916960,630800
916964,395000
916965,0
916970,300000
916971,0
916975,200000
916977,405000
916981,0
916989,499500
916991,222000
916994,2159400
916995,0
916997,0
917004,0
917007,691500
917008,500000
917009,0
917012,500000
917014,1061800
917016,200000
917017,0
917022,412000
917026,5122200
917038,747700
917039,500000
917040,0
917053,250000
917055,481000
917058,0
917059,0
917060,400000
917063,5906400
917069,0
917073,5071300
917076,150000
917077,607500
917086,350000
917087,0
917090,80000
917091,523000
917094,0
917096,0
917098,1778100
917101,70000
917105,150000
917113,878000
917114,550000
917115,250000
917118,0
917125,800000
917130,0
917140,250000
917142,500000
917146,235000
917156,200000
917157,300000
917169,936100
917171,0
917173,268000
917174,0
917176,250000
917180,0
917181,490000
917187,0
917196,110000
917201,53000
917204,564000
917205,1722400
917208,0
917213,1059000
917219,786000
917222,250000
917224,190000
917225,0
917229,250000
917234,2201000
917237,365000
917239,0
917243,334000
917245,0
917246,350000
917248,300000
917254,0
917259,326500
917262,0
917264,329000
917273,200000
917278,0
917281,1297700
917282,1986200
917286,325000
917288,67000
917290,2000000
917296,460000
917297,647000
917298,456400
917304,720000
917305,250000
917309,0
917311,562000
917312,0
917317,0
917328,120000
917329,585200
917331,349000
917333,744000
917343,200000
917349,150000
917355,570000
917356,250000
917361,0
917363,0
917364,0
917377,140000
917379,270000
917383,172000
917385,250000
917387,0
917393,726400
917397,0
917398,3626300
917399,475000
917402,200000
917411,845000
917413,0
917415,456000
917424,0
917425,210000
917426,970000
917432,500000
917433,250000
917434,591900
917438,200000
917440,145000
917447,395000
917452,140000
917460,0
917461,150000
917470,2256000
917472,350000
917485,270600
917488,0
917491,0
917508,0
917518,500000
917523,5853700
917529,550000
917533,0
917538,250000
917540,400000
917541,962600
917542,0
917546,400000
917567,0
917568,0
917570,142000
917574,846000
917578,0
917580,500000
917581,150000
917582,250000
917588,637800
917593,250000
917600,0
917601,0
917603,400000
917610,0
917612,2120000
917629,250000
917630,0
917634,0
917636,1020000
917654,400000
917655,472000
917664,1000000
917668,226200
917671,250000
917674,57000
917675,250000
917680,145000
917681,0
917683,761500
917684,315000
917688,1931200
917694,490600
917696,0
917703,0
917704,0
917708,465000
917711,0
917712,120000
917722,115000
917725,0
917727,1165000
917729,663000
917730,520000
917734,0
917745,0
917749,353500
917750,4768000
917754,240000
917762,5093600
917766,400000
917774,445100
917777,787500
917781,1613500
917784,0
917786,0
917787,115000
917791,0
917793,0
917796,0
917801,145000
917813,276000
917816,200000
917820,0
917824,652200
917829,0
917831,800000
917832,250000
917833,0
917834,595500
917836,313200
917845,350000
917848,0
917856,4447900
917857,77000
917858,0
917861,0
917862,0
917875,445000
917878,150000
917880,350000
917883,0
917890,0
917896,0
917901,0
917902,550000
917909,150000
917912,520000
917914,165000
917917,225000
917919,0
917920,150000
917922,659000
917923,320000
917925,350000
917927,337000
917931,0
917932,0
917935,250000
917940,0
917941,0
917946,0
917948,200000
917964,0
917965,0
917966,951500
917968,0
917976,950000
917978,2013000
917979,0
917983,315000
917985,0
917997,0
918011,0
918012,345500
918015,0
918019,0
918027,0
918029,0
918030,0
918034,0
918035,0
918038,0
918039,133000
918041,0
918042,250000
918044,0
918047,322000
918048,0
918049,0
918052,250000
918055,0
918058,78000
918061,0
918064,0
918065,150000
918069,0
918072,150000
918074,300000
918079,4754300
918082,0
918083,1803000
918093,950000
918095,942000
918098,524000
918111,0
918115,537000
918118,0
918119,0
918121,0
918125,0
918128,1845300
918146,332500
918179,350000
918191,1023000
918195,328000
918199,250000
918202,744200
918208,571000
918212,0
918218,562000
918220,0
918223,387000
918227,350000
918229,0
918238,0
918239,594000
918241,384300
918248,526100
918253,0
918259,0
918262,830000
918264,270000
918284,0
918294,464500
918297,0
918303,0
918307,0
918327,157500
918332,0
918333,0
918335,0
918339,0
918347,397000
918350,4173400
918354,385000
918359,250000
918364,0
918369,0
918371,0
918387,150000
918393,4322000
918400,0
918402,0
918405,310000
918412,0
918418,646400
918420,310000
918428,190200
918437,507000
918456,505800
918458,345100
918477,400000
918480,0
918485,0
918500,354600
918519,424000
918521,0
918528,210000
918534,250000
918536,250000
918540,0
918550,403100
918566,0
918567,0
918568,568000
918575,0
918576,2043800
918577,182200
918593,512000
918594,497700
918597,0
918602,0
918603,450000
918610,383200
918630,0
918644,650000
918651,0
918653,250000
918655,150000
918659,1587800
918666,1204700
918668,554000
918677,397400
918679,200000
918682,300000
918684,0
918689,183000
918704,150000
918710,0
918716,0
918730,400000
918732,0
918741,200000
918745,150000
918749,364000
918753,0
918754,150000
918756,5167400
918764,0
918769,381000
918771,920000
918784,1779900
918788,150000
918790,0
918794,1381700
918807,350000
918813,0
918814,390000
918815,0
918826,300000
918835,0
918838,1591500
918840,0
918848,0
918849,703100
918854,0
918856,0
918861,0
918866,150000
918869,568000
918882,187000
918888,150000
918891,198000
918894,417600
918903,250000
918908,554400
918918,601500
918921,0
918923,250000
918929,222000
918935,550000
918945,400000
918949,318000
918952,150000
918954,0
918955,0
918956,288000
918960,600000
918965,200000
918969,0
918975,1648700
918977,270000
918979,300000
918981,430000
918984,0
918988,0
918990,479000
918993,330500
918995,0
918996,500000
918998,0
919003,250000
919010,456000
919011,112000
919018,0
919023,300000
919024,0
919025,140000
919026,547500
919027,860000
919031,1131400
919033,914000
919034,400000
919035,378000
919041,0
919042,934500
919047,387000
919056,0
919060,150000
919068,261600
919071,0
919073,0
919081,0
919085,0
919092,0
919101,300500
919103,250000
919107,440900
919111,0
919119,0
919127,438000
919138,400000
919148,400000
919157,283500
919158,0
919160,639600
919163,0
919178,0
919182,493600
919185,240000
919192,0
919194,400000
919195,0
919196,265000
919197,400000
919208,0
919215,225000
919224,118700
919226,0
919228,0
919231,250000
919233,250000
919234,0
919241,1034800
919243,1147600
919257,200000
919262,0
919264,650000
919271,493600
919272,250000
919277,0
919281,0
919286,127500
919289,120000
919293,5542700
919300,217200
919318,187000
919322,0
919324,292000
919330,0
919334,0
919336,685500
919339,0
919340,0
919342,390000
919343,400000
919345,454800
919347,0
919353,0
919355,216700
919360,510000
919363,0
919366,130000
919368,0
919377,0
919379,0
919380,0
919383,0
919386,0
919393,447400
919397,720000
919403,49500
919404,0
919406,190200
919408,0
919413,115000
919417,567000
919418,0
919421,250000
919427,0
919431,126000
919433,334500
919447,360000
919461,2425000
919466,0
919471,342000
919475,41000
919476,0
919493,0
919496,100000
919510,0
919511,150000
919528,357000
919540,228000
919542,0
919556,250000
919559,500000
919564,869200
919570,387500
919573,0
919574,150000
919578,0
919579,500000
919586,249000
919589,630000
919590,551500
919592,0
919600,0
919603,0
919604,522000
919606,0
919608,0
919609,0
919611,250000
919612,500000
919615,81600
919621,0
919626,1722500
919627,0
919631,300000
919633,0
919642,0
919647,450000
919653,0
919655,0
919657,0
919660,662200
919663,0
919670,0
919675,730000
919677,0
919678,400000
919688,383800
919689,150000
919702,0
919705,0
919706,0
919710,0
919715,0
919722,518000
919725,858500
919726,0
919729,0
919730,0
919731,150000
919736,0
919740,250000
919741,0
919742,0
919748,150000
919752,0
919753,250000
919754,0
919760,0
919763,1418000
919766,0
919767,639500
919768,0
919772,2508600
919774,0
919788,0
919790,0
919799,1500000
919806,500000
919808,0
919817,0
919820,145000
919823,540000
919830,0
919833,0
919834,150000
919838,140000
919840,0
919849,550000
919851,0
919858,350000
919863,550000
919866,420100
919878,399000
919888,550000
919889,150000
919892,0
919900,359000
919902,839500
919903,1735300
919908,528000
919916,1322500
919917,0
919920,528800
919921,0
919925,0
919929,0
919938,250000
919940,238800
919952,0
919954,99000
919958,0
919959,0
919971,216000
919974,150000
919979,0
919990,344000
919991,0
919999,391800
920006,0
920008,694500
920011,0
920013,0
920016,533400
920028,0
920029,0
920041,385500
920043,0
920045,500000
920052,305000
920054,150000
920055,93900
920058,297000
920060,0
920064,0
920071,0
920079,449500
920089,0
920094,0
920101,250000
920105,0
920107,486300
920111,150000
920114,221000
920133,150000
920136,108700
920139,278800
920144,150000
920146,3000
920147,590900
920148,210000
920156,0
920159,0
920162,226200
920164,0
920168,0
920169,59000
920173,0
920174,150000
920181,0
920183,1685000
920188,250000
920197,1174200
920198,0
920211,658900
920219,400000
920222,130000
920224,136000
920228,0
920229,67000
920233,222000
920236,0
920239,36000
920241,398800
920245,250000
920248,427000
920250,270000
920251,4222100
920260,447000
920262,226800
920263,150000
920264,150000
920265,534000
920272,158500
920276,0
920278,0
920284,1870000
920285,1065400
920286,392000
920287,500000
920297,0
920299,0
920305,0
920310,0
920314,2242200
920319,183000
920322,115300
920327,0
920330,0
920336,0
920337,1238800
920340,477400
920341,400000
920345,89900
920352,419400
920355,252000
920357,110000
920368,1350400
920369,471000
920375,0
920378,280000
920381,426000
920386,250000
920388,0
920392,862800
920398,400000
920407,422800
920411,441000
920414,0
920426,234000
920431,124000
920434,435600
920451,150000
920454,150000
920456,0
920463,290000
920473,493200
920479,250000
920480,314200
920505,520000
920506,200000
920510,0
920522,0
920527,290000
920528,0
920533,150000
920535,352200
920537,300000
920538,0
920540,450000
920542,0
920543,450000
920547,300000
920548,0
920553,0
920554,10094200
920576,282600
920600,0
920602,1296600
920630,284400
920632,440500
920643,0
920648,0
920655,447500
920657,0
920663,27000
920665,459000
920666,0
920669,0
920679,150000
920681,550000
920684,400000
920686,381600
920692,0
920696,595000
920700,789700
920703,0
920711,0
920713,0
920715,0
920723,225000
920734,810000
920746,579000
920750,0
920768,0
920775,200000
920777,400000
920786,250000
920787,0
920796,500000
920804,0
920812,250000
920816,372900
920824,100000
920854,417500
920856,0
920857,0
920863,321300
920865,138000
920873,0
920881,0
920884,1175400
920889,0
920901,239400
920904,200000
920918,0
920925,225000
920927,347200
920933,0
920934,250000
920944,450000
920947,0
920953,300000
920961,370000
920962,0
920963,719000
920965,250000
920974,0
920976,320000
920979,170000
920998,382500
921003,627000
921004,0
921005,400000
921006,249600
921018,0
921019,250000
921026,320000
921030,150000
921036,520000
921037,0
921042,446400
921046,400000
921048,130000
921078,596700
921088,17500
921095,0
921104,320000
921117,440000
921119,593000
921123,130000
921134,232200
921140,261600
921142,0
921144,296000
921147,0
921151,150000
921160,0
921163,147000
921164,0
921170,0
921171,0
921172,120000
921174,0
921177,48000
921178,0
921179,510000
921182,491700
921188,0
921197,0
921198,230400
921202,0
921206,350000
921207,0
921208,734500
921211,280000
921215,222000
921217,2539600
921220,1650000
921230,150000
921231,0
921234,450000
921235,14900
921236,239400
921237,0
921242,320000
921243,0
921247,0
921248,231000
921250,0
921251,650000
921252,0
921260,0
921261,7508200
921266,0
921267,0
921269,0
921273,0
921276,320000
921280,0
921284,1448600
921289,150000
921297,500000
921298,488300
921307,0
921316,0
921320,92900
921328,0
921338,377300
921344,240000
921356,855000
921357,610400
921360,203300
921363,0
921368,320000
921370,820200
921382,240000
921387,0
921396,313800
921400,278500
921403,2039400
921410,325000
921415,0
921420,0
921423,0
921437,699000
921440,150000
921449,507700
921461,582000
921465,150000
921467,350000
921476,250000
921493,0
921495,0
921497,0
921499,774000
921502,150000
921504,250000
921507,280800
921512,244200
921518,150000
921520,1112000
921524,0
921529,550000
921535,150000
921536,220200
921541,0
921542,670500
921543,81900
921548,150000
921552,1459900
921554,150000
921560,0
921565,0
921566,400000
921574,880000
921576,150000
921578,0
921579,300000
921583,136700
921594,283200
921596,764200
921598,145000
921600,264000
921602,205300
921606,150000
921610,350000
921612,0
921614,1553300
921615,0
921616,150000
921617,500000
921619,0
921621,285000
921626,0
921629,300000
921632,210000
921633,0
921634,0
921637,361300
921638,297000
921640,0
921641,150000
921643,0
921649,250000
921652,0
921653,0
921658,0
921660,150000
921663,0
921668,0
921669,0
921671,0
921673,150000
921675,230000
921676,189000
921677,0
921678,450000
921681,1099500
921684,0
921686,0
921687,1483400
921694,475100
921696,0
921697,478400
921700,0
921701,145000
921703,400000
921704,0
921708,294500
921709,150000
921710,300000
921715,250000
921718,0
921719,0
921723,135000
921726,160000
921727,1193500
921728,528000
921729,0
921731,0
921737,2404000
921739,0
921740,0
921742,0
921743,0
921746,250000
921747,0
921748,440000
921749,400000
921757,250000
921758,0
921760,0
921763,0
921764,250000
921767,150000
921776,0
921779,1323600
921782,0
921786,0
921787,187000
921800,604500
921802,0
921803,237500
921805,0
921807,0
921809,650000
921811,400000
921813,70000
921814,147000
921815,284700
921816,0
921821,0
921825,0
921826,0
921827,130000
921828,400000
921830,550000
921831,403000
921832,0
921835,0
921837,400000
921842,0
921843,772900
921844,0
921848,340000
921854,1363600
921855,303600
921861,1017200
921864,0
921868,250000
921872,250000
921873,642500
921876,490000
921888,175000
921893,435500
921898,145000
921904,262000
921907,150000
921909,0
921916,250000
921917,198900
921919,0
921921,1140400
921929,250000
921931,0
921949,550000
921950,540600
921961,2688400
921966,1440000
921968,796000
921969,0
921981,0
921982,237500
921987,0
921995,608000
922003,150000
922007,0
922014,0
922015,367200
922024,213000
922025,870000
922028,0
922029,200000
922030,150000
922036,0
922042,463500
922046,0
922050,0
922052,0
922055,0
922062,150000
922065,821000
922074,0
922076,250000
922079,345000
922081,110000
922090,450000
922091,687900
922093,0
922095,360000
922098,0
922101,130000
922105,356000
922114,300000
922116,153100
922120,0
922125,709500
922126,150000
922127,250000
922129,130000
922131,140000
922140,80000
922142,400000
922147,3843700
922148,500000
922154,400000
922157,0
922158,0
922160,600000
922164,400000
922170,400000
922174,0
922177,0
922178,1063500
922180,338500
922183,250000
922185,350000
922188,250000
922192,0
922193,150000
922200,344500
922204,440000
922206,0
922207,380000
922209,250000
922211,180000
922219,102700
922222,0
922225,0
922230,277500
922232,550000
922238,315000
922240,130000
922241,598000
922243,0
922244,200000
922253,0
922254,0
922257,125000
922264,567500
922276,0
922282,75000
922287,0
922288,1150000
922291,835800
922292,353500
922293,535000
922299,0
922300,691200
922318,550000
922320,185000
922324,432000
922325,0
922331,150000
922332,0
922333,212000
922336,0
922337,0
922344,0
922347,0
922352,707000
922354,112000
922355,0
922359,0
922362,0
922364,362000
922367,439500
922368,120000
922370,150000
922372,0
922374,156000
922382,1420000
922384,443600
922385,150000
922386,250000
922387,0
922388,400000
922389,0
922395,500000
922398,3302700
922402,150000
922404,150000
922406,325000
922415,0
922418,0
922424,3587800
922432,0
922433,150000
922436,400000
922437,400000
922443,822000
922463,880000
922464,0
922465,150000
922469,489000
922474,0
922475,0
922476,150000
922485,0
922486,396000
922490,0
922494,198000
922496,0
922507,0
922509,240000
922511,210000
922523,0
922532,445500
922536,147000
922542,360000
922545,306000
922548,222600
922569,1270700
922580,0
922583,567500
922589,411900
922594,525000
922596,0
922599,14500000
922602,0
922603,895000
922604,447000
922606,0
922618,250000
922619,571000
922621,206500
922627,222000
922635,0
922640,595500
922650,0
922657,469500
922662,207500
922667,0
922681,150000
922691,0
922692,240000
922694,740000
922700,0
922711,493200
922712,1190000
922721,1423800
922727,562000
922729,740000
922730,0
922740,0
922741,0
922744,792400
922749,136000
922756,724800
922772,150000
922774,300000
922777,829700
922786,250000
922787,0
922808,339400
922811,562400
922816,0
922819,300500
922824,0
922825,6478500
922830,0
922831,0
922833,200000
922836,150000
922856,281500
922885,200000
922887,580000
922893,590000
922895,0
922901,2747100
922903,340000
922904,0
922906,251500
922916,150000
922923,200000
922926,200000
922927,0
922949,0
922952,427500
922959,928300
922965,0
922973,0
922979,1404900
922982,250000
922990,0
923002,0
923004,145000
923005,0
923023,250000
923024,1121500
923031,200000
923033,145000
923036,792200
923038,581000
923048,0
923056,0
923071,336600
923076,0
923090,0
923097,0
923101,502200
923123,943000
923124,400000
923141,200000
923143,910500
923156,440100
923159,200000
923168,0
923169,0
923172,509700
923174,0
923182,0
923185,700000
923187,185000
923190,150000
923194,250000
923196,0
923197,250000
923208,255000
923214,504000
923217,509400
923219,503000
923220,0
923223,200000
923225,1058000
923232,861100
923234,0
923258,0
923260,313200
923264,489000
923266,243800
923275,0
923282,7872800
923285,200000
923287,201000
923327,445900
923340,0
923342,145000
923343,350000
923346,0
923352,150000
923353,845000
923354,4095900
923356,0
923358,0
923368,55000
923372,250000
923375,8116300
923381,0
923382,981700
923386,664000
923387,200000
923396,324600
923397,838600
923398,150000
923399,479700
923407,250000
923431,1674000
923445,0
923452,740600
923460,425500
923463,332000
923468,234000
923470,1204900
923482,150000
923486,350000
923490,0
923494,0
923495,150000
923501,350000
923506,233400
923508,202200
923511,0
923517,414000
923518,3124700
923520,0
923525,250000
923535,320000
923536,0
923550,0
923551,0
923555,0
923556,0
923557,0
923559,0
923560,246000
923562,0
923563,400000
923570,0
923586,350000
923587,150000
923591,210000
923594,450000
923598,435000
923603,80000
923606,0
923609,0
923613,289800
923616,250000
923617,0
923618,234000
923621,235500
923622,250000
923625,1606800
923627,452100
923631,0
923632,370100
923634,477000
923638,500000
923648,1039200
923653,0
923658,250000
923661,300000
923662,252000
923677,216000
923678,150000
923687,120000
923705,0
923707,0
923711,150000
923725,217200
923727,1162600
923732,0
923736,922000
923740,550000
923742,0
923745,0
923747,150000
923752,0
923754,637500
923755,0
923760,3272900
923762,160000
923771,0
923775,2078800
923776,200000
923781,228000
923786,250000
923789,550000
923793,240000
923797,644200
923800,330000
923801,150000
923803,390000
923804,250000
923808,273000
923818,2378600
923821,340200
923831,0
923834,547500
923836,475200
923839,400000
923852,39000
923854,400000
923855,1648400
923857,150000
923870,0
923872,357000
923883,2609800
923885,250000
923891,0
923895,0
923900,280000
923926,230000
923928,2094900
923935,652200
923941,150000
923943,117200
923953,146000
923958,306000
923965,653500
923979,251400
923980,0
923983,0
923984,0
923990,306300
923996,400000
923999,348000
924000,320000
924006,792000
924016,0
924018,130000
924021,372000
924024,2485000
924028,0
924032,150000
924037,0
924040,0
924045,274400
924053,344500
924063,3410200
924065,317500
924079,752400
924081,0
924089,150000
924093,474300
924094,0
924116,150000
924121,0
924123,400000
924133,897000
924136,408000
924139,1317700
924141,0
924146,150000
924160,1335100
924167,500000
924169,0
924170,6967200
924174,479400
924175,883000
924181,226800
924184,0
924186,589700
924198,150000
924199,306000
924202,0
924203,264000
924206,300000
924207,0
924213,0
924215,0
924232,400000
924235,0
924239,0
924241,303000
924243,232000
924256,1093500
924264,380000
924265,320000
924267,0
924273,1340000
924276,0
924279,200000
924282,0
924289,150000
924291,377500
924292,0
924295,150000
924296,150000
924300,0
924304,0
924308,2265000
924309,300000
924310,250000
924317,0
924322,150000
924327,260400
924330,215400
924331,0
924333,0
924337,0
924340,150000
924341,0
924342,0
924344,200000
924354,187200
924356,484600
924361,0
924364,0
924365,0
924373,0
924375,600000
924379,0
924385,7600
924389,150000
924390,250000
924392,258000
924395,150000
924398,1088200
924399,0
924400,0
924401,0
924406,300000
924409,0
924414,0
924419,540000
924420,0
924422,675000
924423,0
924426,764400
924435,0
924437,0
924440,0
924441,250000
924443,575000
924444,0
924446,217200
924450,0
924451,725300
924455,225600
924457,400000
924463,0
924464,1061900
924467,350000
924476,220000
924477,0
924479,150000
924480,300000
924481,355000
924492,0
924494,2083400
924496,0
924497,0
924498,0
924499,150000
924505,336000
924506,0
924507,0
924509,0
924512,0
924515,300000
924518,150000
924524,0
924525,150000
924528,0
924531,200000
924535,345000
924536,0
924537,0
924538,0
924546,0
924549,400000
924551,0
924561,0
924567,517400
924569,0
924571,150000
924573,979800
924577,250000
924580,0
924585,400000
924591,0
924593,0
924601,225000
924605,0
924607,0
924609,0
924613,0
924614,0
924617,250000
924618,518000
924635,0
924636,0
924638,200000
924642,0
924643,0
924645,0
924653,0
924655,250000
924665,0
924667,0
924669,0
924672,364600
924678,0
924681,0
924689,0
924692,201000
924701,250000
924703,1710900
924704,488000
924707,0
924708,240000
924710,203200
924712,0
924727,464500
924729,330100
924731,0
924732,0
924733,494500
924740,0
924741,286200
924743,242400
924744,0
924747,0
924755,0
924757,300000
924758,0
924759,0
924762,450000
924763,0
924771,0
924772,0
924774,324000
924777,240000
924778,130000
924791,0
924793,128000
924795,150000
924798,0
924804,614000
924806,0
924810,97000
924812,303500
924813,460100
924815,312000
924816,400000
924818,0
924819,450000
924820,0
924827,0
924829,0
924830,150000
924835,228000
924838,128000
924848,599100
924852,150000
924857,0
924861,0
924863,0
924873,536000
924875,0
924876,0
924881,0
924884,0
924890,0
924892,303600
924895,0
924899,0
924903,0
924905,125000
924915,0
924918,826100
924925,125000
924927,787500
924934,200000
924937,0
924941,0
924946,0
924955,945000
924956,0
924957,750000
924959,0
924963,150000
924964,462000
924967,332700
924970,197500
924976,0
924977,318000
924979,486000
924982,315000
924995,0
925000,150000
925004,150000
925005,250000
925007,246000
925009,297600
925012,500000
925022,0
925029,1350800
925030,119000
925036,0
925041,0
925049,250000
925053,615000
925054,0
925059,252000
925064,240000
925071,150000
925072,537000
925074,0
925077,277000
925078,500000
925082,1065800
925092,0
925103,0
925114,303000
925121,282000
925123,0
925127,250000
925134,0
925137,346000
925140,840000
925146,134000
925147,0
925154,1141000
925160,390000
925164,0
925167,150000
925168,250000
925172,0
925180,210000
925182,0
925183,0
925187,902200
925199,0
925201,350000
925202,300000
925203,500000
925208,0
925219,542000
925220,308000
925224,0
925225,150000
925228,150000
925229,0
925231,1330000
925232,234000
925233,0
925234,346800
925235,0
925237,0
925242,0
925245,0
925246,0
925247,147000
925249,350000
925253,200000
925254,260000
925271,0
925273,0
925278,375000
925279,240000
925281,0
925282,886600
925283,454000
925286,190200
925289,222000
925294,0
925295,0
925307,0
925310,450000
925311,0
925312,60000
925313,0
925322,200000
925323,0
925326,0
925329,337000
925333,0
925334,0
925338,0
925341,0
925345,0
925346,228000
925348,0
925358,0
925359,174000
925364,0
925370,0
925372,1678200
925373,0
925378,809000
925379,0
925380,202200
925381,0
925383,226800
925388,0
925389,0
925390,0
925392,250000
925395,0
925397,450000
925399,150000
925402,0
925411,0
925412,250000
925413,804500
925415,130000
925417,0
925418,150000
925421,0
925430,247800
925432,0
925436,2347400
925438,240000
925439,0
925441,310000
925442,0
925445,431000
925449,250000
925456,207000
925458,633500
925459,414700
925463,0
925465,0
925471,0
925476,400000
925478,0
925482,1310000
925485,3236600
925491,150000
925496,0
925506,267500
925508,224000
925509,730500
925516,0
925521,150000
925522,0
925525,233400
925527,243100
925530,240000
925533,550000
925539,350000
925544,558000
925546,1454300
925549,0
925555,0
925569,232500
925571,70000
925575,0
925577,0
925580,577000
925588,0
925589,0
925590,292000
925593,0
925598,0
925601,0
925608,0
925611,0
925615,0
925619,0
925628,1967700
925629,38500
925634,150000
925637,95000
925641,150000
925642,1688700
925644,0
925647,550000
925648,0
925658,1250700
925660,200000
925669,1186000
925673,0
925674,0
925682,200000
925686,150000
925694,0
925697,300000
925706,462300
925709,2266300
925710,150000
925711,294000
925718,312600
925719,0
925726,0
925728,300000
925731,0
925734,2120000
925737,174000
925745,150000
925750,228600
925751,400000
925753,1040000
925755,0
925759,613000
925761,0
925762,291000
925764,1030000
925767,305000
925768,150000
925770,0
925773,0
925778,7943400
925779,1028700
925781,245000
925797,0
925801,350000
925811,210000
925820,421000
925821,0
925825,0
925829,0
925832,0
925836,0
925839,126000
925840,700000
925843,134500
925845,515000
925846,417200
925849,0
925850,550000
925856,0
925857,0
925862,597000
925867,0
925872,0
925889,0
925890,0
925891,515000
925901,0
925908,150000
925913,532500
925914,370000
925915,150000
925920,400000
925925,0
925926,247500
925927,500000
925934,150000
925936,1420000
925937,0
925946,0
925958,0
925960,452000
925962,156000
925969,350000
925970,0
925972,120000
925973,667000
925982,294500
925985,670100
925987,0
925988,250000
925990,0
925999,600000
926001,0
926002,290000
926003,120000
926011,0
926013,0
926027,0
926028,400000
926039,0
926046,0
926049,0
926054,390000
926056,0
926057,0
926061,150000
926062,319600
926068,0
926069,271200
926070,213000
926073,243600
926074,487800
926076,204000
926091,200000
926093,250000
926094,333600
926098,226200
926104,1174100
926106,77400
926107,483300
926108,297400
926111,561700
926116,2622800
926119,0
926120,150000
926122,0
926123,544500
926127,0
926128,240000
926138,0
926139,2276900
926143,0
926145,160000
926153,150000
926158,0
926160,250000
926168,0
926169,264000
926173,0
926174,0
926175,0
926177,0
926178,0
926181,215400
926183,0
926184,324000
926186,294000
926194,730000
926197,142000
926206,150000
926211,0
926216,0
926219,250000
926220,720500
926223,0
926231,0
926232,210000
926237,0
926241,1864900
926242,0
926243,0
926250,0
926254,150000
926255,1096800
926257,158700
926263,1329000
926266,250000
926268,249000
926272,5008700
926276,253800
926277,248400
926279,0
926282,0
926285,455800
926287,130000
926290,0
926297,1088300
926302,270000
926303,0
926308,198000
926316,150000
926321,0
926324,0
926329,373500
926331,0
926335,1523200
926339,150000
926340,100000
926341,512100
926342,1282000
926344,0
926346,1805700
926350,0
926358,0
926359,0
926363,795000
926364,450000
926367,225200
926369,0
926370,0
926371,250000
926376,0
926386,0
926397,226800
926399,0
926402,250000
926405,150000
926406,250000
926407,400000
926408,0
926409,150000
926416,309000
926420,0
926421,112700
926422,0
926427,250000
926428,0
926429,250000
926434,157900
926439,0
926443,0
926446,350000
926448,500000
926449,0
926451,450000
926455,500000
926456,0
926461,0
926463,250000
926466,0
926467,150000
926470,0
926471,200000
926473,270000
926476,400000
926479,0
926482,0
926486,423400
926491,0
926492,0
926494,0
926496,0
926498,374000
926500,0
926503,0
926505,0
926510,262000
926512,0
926515,0
926521,0
926529,889600
926530,0
926531,0
926533,1040200
926537,473800
926540,0
926543,150000
926548,0
926558,0
926559,250000
926562,550000
926568,120000
926569,150000
926571,250000
926572,0
926573,0
926577,235800
926581,2544900
926585,489600
926589,0
926591,142000
926592,262800
926597,0
926598,0
926600,0
926602,0
926604,1505400
926607,0
926609,220600
926613,350000
926615,0
926618,300000
926620,0
926621,350000
926623,0
926626,0
926628,0
926629,474500
926640,0
926645,265200
926649,352000
926653,450000
926657,1032000
926665,700000
926667,110700
926672,0
926679,150000
926680,520000
926681,516700
926683,694100
926688,325000
926693,150000
926694,250000
926696,150000
926698,140000
926702,0
926703,150000
926705,0
926709,0
926710,150000
926715,250000
926716,477400
926719,0
926722,0
926728,342000
926729,0
926735,41300
926738,174000
926746,210000
926751,250000
926752,258600
926753,116500
926761,150000
926762,150000
926763,76500
926775,0
926776,0
926782,474500
926784,222000
926785,150000
926790,0
926792,794400
926795,0
926801,522500
926802,250000
926803,386100
926804,500000
926806,0
926807,200000
926808,150000
926810,972000
926814,147000
926825,150000
926827,0
926834,112500
926835,0
926836,0
926845,400000
926848,0
926851,0
926853,0
926858,174000
926862,0
926866,0
926876,985400
926879,0
926882,0
926890,0
926891,455000
926894,540000
926904,0
926909,0
926911,250000
926914,235200
926919,170000
926921,674800
926925,0
926934,150000
926937,0
926939,0
926942,1398000
926943,1986700
926950,200000
926964,1641800
926969,0
926970,150000
926973,800000
926976,0
926982,0
926987,298000
926990,880100
926994,9790000
926996,0
926997,250000
927003,92500
927006,622500
927009,404000
927012,674400
927013,0
927019,0
927021,0
927024,349500
927026,240000
927027,335000
927035,400000
927038,0
927043,0
927048,150000
927050,250000
927051,300000
927055,595100
927057,250000
927069,250000
927071,0
927083,0
927086,0
927092,700000
927098,400000
927103,0
927110,150000
927117,0
927120,600000
927122,0
927125,929600
927128,0
927129,0
927132,175700
927135,300000
927136,0
927138,600000
927153,150000
927159,400000
927161,0
927168,0
927175,0
927180,2920000
927182,290000
927183,492000
927187,544400
927188,291400
927191,402000
927201,350000
927207,0
927209,0
927210,456000
927211,0
927215,1705800
927225,0
927226,250000
927238,0
927239,357600
927245,0
927248,250000
927251,120000
927254,0
927257,340000
927260,0
927263,0
927269,0
927272,0
927276,0
927277,0
927286,0
927293,7213800
927295,0
927296,219000
927298,0
927304,0
927315,250000
927318,196700
927319,0
927321,392000
927327,2294500
927328,0
927329,0
927330,1009900
927331,0
927333,257400
927334,0
927338,1210800
927340,20000
927341,200000
927344,0
927345,9914700
927348,668200
927354,0
927356,0
927359,0
927364,150000
927368,899500
927371,371500
927378,100000
927379,0
927380,1343000
927387,0
927389,0
927393,0
927394,414500
927396,0
927405,0
927406,0
927408,0
927414,0
927415,0
927417,685000
927424,0
927425,0
927432,350000
927433,0
927439,225000
927444,350000
927447,240000
927450,0
927466,295000
927467,249000
927471,0
927476,145000
927487,0
927503,250000
927517,648500
927521,1508000
927524,0
927526,0
927535,110000
927538,437600
927540,237600
927544,1097400
927547,0
927554,294500
927561,204000
927564,844000
927569,0
927577,1000000
927584,250000
927587,400000
927599,550000
927600,400000
927608,1074000
927613,5554500
927615,275100
927621,427500
927626,400000
927639,5116300
927640,400000
927642,0
927643,0
927647,265000
927648,1024300
927650,500000
927651,612400
927653,0
927657,400000
927661,258000
927664,1306900
927670,935000
927671,0
927679,347500
927684,472600
927685,0
927687,150000
927688,924000
927703,1225000
927705,388800
927718,0
927721,600000
927730,0
927733,150000
927737,150000
927750,250000
927751,400000
927770,0
927771,419100
927772,1149000
927776,150000
927786,250000
927787,0
927794,463100
927795,500000
927800,297500
927803,0
927807,0
927809,400000
927817,0
927818,400000
927827,667500
927829,195700
927833,0
927836,3551500
927845,448000
927848,1619500
927853,1010500
927855,190200
927860,470000
927864,200000
927871,312500
927893,228000
927900,0
927906,550000
927908,0
927910,0
927913,485500
927921,0
927923,1198000
927928,0
927937,342200
927940,536700
927943,198000
927945,0
927956,0
927957,37500
927965,0
927966,670900
927969,0
927971,238800
927974,447700
927980,410000
927981,258000
927982,1481000
927987,510500
927988,0
928007,0
928015,500000
928018,0
928019,200000
928029,0
928031,520000
928037,150000
928038,500000
928047,390000
928049,0
928054,250000
928056,432000
928058,349500
928066,413500
928072,460400
928073,440000
928087,0
928091,0
928093,450000
928098,405000
928101,225000
928105,544000
928126,122500
928128,555000
928130,0
928131,462400
928137,0
928139,1471000
928168,816000
928201,210000
928219,400000
928223,258600
928224,250000
928233,360500
928239,1418300
928244,882300
928254,0
928260,240000
928262,3732200
928268,0
928272,258000
928288,150000
928293,0
928305,0
928325,536200
928332,1957400
928335,0
928341,1006000
928351,0
928353,734800
928363,0
928367,216000
928369,607500
928372,0
928375,336000
928389,0
928407,210000
928414,522000
928420,376600
928426,660000
928428,0
928431,593500
928438,0
928439,400000
928441,150000
928447,500000
928451,417500
928453,625500
928456,10370000
928461,0
928462,0
928473,250000
928474,1207000
928481,283500
928489,0
928499,1656900
928500,0
928510,0
928522,1790500
928524,803100
928525,150000
928526,350000
928532,200000
928535,379600
928536,450000
928541,234000
928559,100000
928565,200000
928574,0
928608,4979600
928610,0
928612,551000
928613,618900
928617,400000
928618,438400
928619,400000
928620,700000
928623,180000
928626,228000
928627,250000
928630,0
928631,0
928635,250000
928638,0
928642,648000
928647,501000
928649,250000
928659,215400
928672,649500
928675,0
928676,0
928679,0
928689,228000
928695,0
928708,0
928713,228000
928718,0
928722,0
928728,418500
928748,400000
928753,913200
928756,672800
928767,355200
928768,300000
928774,222000
928780,611500
928781,0
928782,250000
928783,141000
928786,250000
928790,210000
928796,1608800
928797,372000
928804,279000
928806,0
928808,384000
928814,250000
928822,100000
928826,0
928831,222000
928839,400000
928843,744000
928844,0
928846,150000
928849,620800
928852,150000
928853,88000
928854,364400
928857,0
928874,520000
928885,328800
928888,471700
928894,1129000
928904,317300
928905,4705000
928906,0
928907,150000
928910,331000
928912,1064000
928913,915000
928919,200000
928920,392000
928925,200000
928934,944400
928935,1263300
928939,396000
928940,463600
928943,0
928946,0
928947,0
928964,1082600
928968,400000
928969,252000
928972,600000
928973,2546500
928974,120000
928975,504000
928980,0
928984,502000
928996,0
929002,150000
929005,0
929009,1632600
929017,481000
929022,0
929026,0
929027,400000
929037,150000
929040,297500
929046,0
929047,120000
929054,0
929056,520500
929061,250000
929062,70000
929068,250000
929077,1228000
929082,0
929089,150000
929094,0
929099,571000
929105,4115500
929110,250000
929121,0
929128,249000
929138,250000
929142,1399900
929143,0
929144,500000
929156,786000
929162,0
929163,500000
929166,0
929170,120000
929176,0
929177,337500
929181,0
929184,435500
929192,0
929194,0
929196,1341700
929199,150000
929206,800000
929208,130000
929211,200000
929223,120000
929224,0
929225,336000
929228,0
929229,430000
929231,0
929233,355000
929234,400000
929236,250000
929244,600000
929248,378000
929252,250000
929256,0
929257,300000
929260,200000
929261,435000
929262,0
929264,624000
929268,500000
929270,0
929278,335100
929280,0
929283,795000
929284,347000
929286,370000
929287,0
929290,247500
929292,450000
929294,0
929296,1163400
929297,0
929303,0
929305,0
929307,415300
929311,357800
929312,550000
929314,150000
929319,200000
929322,297500
929323,0
929326,210000
929327,0
929329,282500
929332,510600
929342,0
929347,318500
929348,295500
929349,400000
929350,481700
929351,300000
929362,295000
929368,250000
929369,363500
929372,0
929377,0
929383,412900
929389,302500
929390,153500
929393,356000
929398,153500
929401,1320000
929410,499300
929414,757000
929416,0
929418,0
929419,120000
929425,0
929428,0
929431,720500
929434,0
929435,1270000
929442,566500
929447,284000
929449,482500
929461,350500
929469,942800
929470,791000
929475,584000
929476,0
929477,165000
929490,0
929494,150000
929496,130500
929504,409500
929506,0
929508,0
929510,5185000
929512,0
929516,375000
929518,0
929519,0
929524,391600
929527,0
929529,0
929535,99700
929537,616000
929542,342500
929547,310000
929548,338000
929549,500000
929553,250000
929559,899300
929562,589500
929564,1178100
929566,0
929575,150000
929577,545000
929582,150000
929587,0
929590,150000
929604,0
929607,500000
929616,0
929618,0
929620,325000
929621,325000
929629,1710700
929632,0
929637,0
929640,0
929655,0
929677,400000
929683,843500
929688,0
929694,2006000
929701,0
929702,2626800
929704,0
929707,150000
929733,0
929737,150000
929740,520000
929746,0
929749,0
929751,250000
929753,575000
929758,0
929764,0
929768,90000
929773,0
929775,320000
929783,150000
929789,450000
929791,0
929792,0
929806,942000
929807,148500
929811,150000
929830,459000
929831,463000
929834,797500
929839,100000
929840,0
929842,350000
929844,0
929848,0
929852,686000
929854,144000
929859,404100
929864,200000
929865,0
929867,170000
929872,150000
929873,0
929876,0
929880,645000
929882,367500
929884,470000
929886,763000
929888,642000
929895,387000
929896,400000
929904,250000
929907,781400
929908,0
929913,0
929919,525000
929920,150000
929927,0
929929,0
929936,0
929939,626400
929948,160000
929949,0
929956,272500
929957,250000
929963,186300
929966,453900
929968,150000
929969,390000
929970,255800
929972,0
929978,250000
929980,117500
929991,0
929996,0
930007,500000
930011,139500
930016,0
930018,250000
930020,0
930031,0
930036,745000
930047,362000
930048,300000
930049,0
930050,296500
930052,376000
930079,324500
930083,0
930114,0
930123,150000
930136,0
930141,549000
930151,315000
930155,0
930159,0
930160,0
930163,335000
930164,0
930166,0
930168,320000
930183,178500
930189,41100
930195,1284000
930196,466600
930199,582400
930213,433500
930234,150000
930241,2191300
930243,432800
930249,395000
930252,581000
930260,0
930261,1879900
930262,750000
930276,175000
930284,0
930288,2821300
930290,899600
930291,150000
930294,225000
930296,350000
930299,0
930302,5812100
930303,150000
930304,537300
930305,0
930312,0
930314,282000
930315,250000
930318,0
930323,400000
930328,0
930330,150000
930331,761600
930333,150000
930336,150000
930342,0
930356,250000
930357,119500
930359,500000
930360,250000
930362,250000
930366,322000
930371,340000
930372,3575000
930378,0
930379,0
930381,1180000
930383,0
930390,469000
930395,0
930397,650000
930399,0
930409,1395000
930410,0
930414,361000
930417,600000
930418,350000
930426,1236300
930427,0
930429,1016900
930430,362000
930434,549500
930438,707600
930445,400000
930450,0
930451,0
930461,400000
930463,5367500
930464,317600
930467,0
930477,534900
930480,390200
930481,434500
930483,0
930485,0
930489,1240400
930490,530000
930502,470000
930513,0
930517,848500
930518,320800
930519,304500
930540,500000
930541,559000
930550,600000
930553,300000
930556,150000
930561,595000
930562,350000
930568,345000
930570,2098500
930572,1786500
930577,457200
930578,350000
930580,0
930584,0
930590,400000
930596,0
930597,2726000
930598,215000
930604,160400
930609,276500
930612,0
930613,180000
930616,430000
930622,337200
930628,298900
930631,0
930635,300000
930637,0
930641,0
930643,359000
930644,2844700
930647,0
930651,0
930654,1135200
930689,400000
930691,0
930694,250000
930696,590000
930703,258300
930707,2995600
930712,0
930715,490000
930721,300000
930728,0
930730,0
930731,699000
930736,354500
930739,130000
930741,0
930745,350000
930747,230000
930756,0
930758,0
930760,0
930763,250000
930765,500000
930776,150000
930778,0
930779,163000
930787,268000
930791,0
930794,0
930795,0
930802,390000
930814,238300
930815,0
930818,453600
930819,150000
930825,26200
930830,150000
930835,200000
930836,0
930837,268900
930838,150000
930839,736000
930840,0
930842,245200
930843,355100
930854,320100
930855,379500
930859,0
930861,0
930864,0
930866,0
930877,150000
930879,7753100
930881,600000
930884,415000
930886,1163500
930887,0
930896,335000
930914,400000
930921,1053800
930927,590000
930931,0
930932,250000
930933,500000
930937,342000
930940,80000
930941,0
930943,233800
930951,400000
930952,0
930953,0
930957,0
930961,250000
930964,380000
930966,0
930980,150000
930981,698000
930986,530000
930988,364000
930992,340000
931002,0
931015,250000
931016,1306100
931021,0
931022,150000
931023,0
931024,410000
931027,0
931031,0
931034,303500
931039,354000
931042,150000
931049,517500
931050,135000
931060,0
931061,0
931064,3953700
931066,717000
931071,663000
931072,673500
931078,0
931079,332500
931084,743500
931092,858700
931098,0
931101,800000
931104,280000
931114,0
931118,691800
931123,395000
931124,288000
931126,0
931128,250000
931132,250000
931133,454000
931139,500000
931148,150000
931154,726600
931156,0
931158,3638800
931160,0
931167,250000
931168,715700
931181,0
931183,250000
931186,0
931188,340600
931191,0
931192,0
931194,506000
931195,295000
931196,0
931215,250000
931221,300000
931230,583500
931231,884000
931232,584000
931237,268000
931240,591400
931243,0
931247,327600
931250,0
931257,0
931259,279500
931260,221200
931271,180000
931278,226000
931282,0
931283,0
931286,0
931292,505600
931300,576800
931301,0
931303,276500
931304,300000
931316,831500
931318,2069800
931324,1093500
931329,0
931338,0
931340,200000
931345,0
931348,0
931350,550000
931352,0
931354,320000
931355,0
931361,0
931364,822500
931372,0
931378,460000
931379,780000
931380,0
931388,306000
931390,352100
931391,0
931395,354000
931400,0
931402,621600
931403,0
931404,0
931406,150000
931407,100000
931411,450000
931419,550000
931420,0
931422,0
931435,3623200
931451,450000
931456,0
931462,499700
931466,128000
931471,200000
931476,300000
931478,0
931479,0
931488,727700
931494,128000
931499,562500
931500,0
931506,0
931510,500000
931514,555000
931515,339700
931527,0
931531,315000
931536,413000
931540,250000
931546,264000
931548,0
931550,1146800
931561,378700
931566,250000
931567,356000
931571,394000
931572,6750000
931575,1953000
931578,343000
931585,400000
931589,150000
931595,200000
931603,624400
931607,0
931613,400000
931621,419100
931626,156000
931635,0
931637,315000
931647,400000
931649,380000
931651,508000
931657,250000
931658,0
931661,0
931662,327500
931663,676000
931664,0
931666,0
931667,145000
931674,682000
931675,400000
931679,0
931680,250000
931684,970000
931687,0
931690,873000
931692,0
931695,340000
931696,763500
931701,0
931706,0
931708,284200
931710,150000
931711,0
931713,0
931726,0
931728,0
931733,109000
931735,360000
931737,0
931747,562500
931749,500000
931753,200000
931771,6453900
931775,354100
931797,250000
931798,0
931815,472300
931818,166500
931822,500000
931829,150000
931841,292000
931843,323000
931849,1118000
931856,0
931857,150000
931867,295500
931874,0
931875,0
931879,0
931886,526600
931897,0
931898,0
931900,947500
931901,300000
931902,0
931906,307000
931908,0
931913,1891400
931916,0
931918,430000
931924,250000
931925,0
931928,564500
931929,0
931930,150000
931934,0
931935,0
931937,0
931939,150000
931943,0
931944,0
931955,0
931956,0
931958,411800
931961,0
931963,0
931966,0
931971,335500
931975,250000
932004,200000
932006,0
932013,550000
932016,0
932017,0
932022,250000
932023,0
932024,0
932026,1143000
932030,315000
932041,0
932042,0
932045,0
932048,0
932053,0
932054,0
932060,0
932063,150000
932069,200000
932070,0
932071,400000
932073,348000
932075,554000
932076,730500
932078,610000
932084,769700
932085,0
932086,0
932089,0
932101,1130100
932104,0
932106,0
932112,370100
932113,0
932114,0
932117,250000
932118,500000
932128,150000
932131,0
932135,0
932139,650000
932140,0
932151,0
932152,0
932156,553900
932159,500000
932162,0
932165,695000
932177,250000
932179,250000
932183,500000
932187,1557500
932189,706000
932193,500000
932194,0
932195,325500
932196,463000
932197,0
932202,0
932203,695000
932204,500000
932205,1433900
932212,0
932221,500000
932222,350000
932224,0
932231,0
932234,0
932237,0
932238,1204100
932239,734000
932241,1162200
932242,366000
932251,108000
932256,1186300
932269,0
932274,450000
932278,794700
932281,0
932290,0
932291,535000
932293,145000
932301,0
932305,1789500
932306,599400
932307,542000
932313,200000
932320,344000
932324,0
932332,250000
932342,250000
932344,500000
932360,392000
932368,0
932374,250000
932376,675700
932382,7131200
932384,638500
932385,0
932389,0
932394,250000
932399,61800
932400,0
932404,0
932405,350500
932406,0
932410,250000
932414,0
932415,159600
932416,342900
932419,200000
932420,0
932421,337400
932427,892400
932428,3215500
932431,200000
932436,600000
932439,550000
932445,600000
932446,250000
932449,145000
932450,0
932451,361400
932453,200000
932455,0
932461,150000
932462,250000
932463,0
932469,250000
932480,1102700
932482,250000
932485,0
932489,687500
932491,150000
932493,0
932495,0
932497,462500
932499,0
932500,128000
932507,540000
932509,580000
932516,105000
932519,637400
932524,350000
932525,138000
932527,427900
932528,150000
932531,0
932532,0
932539,466000
932547,250000
932554,0
932556,0
932559,0
932560,0
932570,778000
932578,450000
932581,0
932582,138000
932586,0
932588,0
932589,139000
932608,0
932611,599200
932623,490000
932625,0
932627,5171800
932632,826000
932638,0
932644,0
932650,250000
932651,0
932652,0
932655,250000
932657,0
932659,268900
932663,2282500
932666,200000
932670,595000
932675,0
932677,0
932678,0
932679,110000
932684,273500
932687,2608500
932693,220300
932694,0
932699,0
932713,0
932717,390000
932722,0
932724,150000
932729,0
932735,400000
932737,0
932740,4025500
932741,0
932745,0
932749,0
932751,400000
932777,0
932778,307000
932801,0
932802,928000
932807,3117100
932808,0
932812,1179700
932817,0
932818,233300
932850,500000
932855,0
932859,1488100
932868,4060200
932871,365500
932873,2671700
932874,892000
932883,270800
932887,500000
932890,447300
932891,206000
932911,140000
932912,540000
932917,0
932919,80000
932920,0
932921,729600
932923,0
932924,250000
932928,485000
932931,2668800
932951,265800
932958,250000
932960,0
932964,252500
932967,0
932978,0
932979,548000
932988,450000
932992,347000
932996,150000
933008,789100
933011,400000
933015,822000
933019,150000
933022,489100
933030,597500
933032,250000
933036,0
933037,170000
933041,650700
933044,270000
933045,0
933057,0
933074,345800
933082,117000
933083,463500
933086,110000
933087,0
933088,721200
933089,217500
933103,0
933109,1702800
933111,0
933127,376600
933133,830000
933174,150000
933183,570500
933185,550000
933189,850000
933191,0
933193,0
933196,1566000
933197,520000
933199,0
933205,300000
933215,550000
933216,517500
933225,332500
933228,0
933235,0
933238,841000
933239,0
933250,135000
933252,350000
933254,400000
933265,0
933277,150000
933279,0
933280,645000
933285,0
933290,400000
933302,220000
933312,0
933313,222500
933317,463000
933318,410400
933321,0
933327,147500
933329,240000
933335,150000
933337,1756900
933340,3327400
933344,297000
933346,440000
933349,0
933357,0
933361,600000
933366,301900
933380,0
933381,428800
933391,0
933392,0
933399,1195400
933401,405000
933404,150000
933408,450000
933412,150000
933413,0
933420,200000
933425,1005000
933431,0
933439,0
933443,872000
933450,250000
933452,200000
933461,360000
933465,3633000
933466,1670500
933471,0
933477,299000
933482,0
933487,0
933493,3368600
933502,0
933506,0
933513,0
933515,650000
933516,184300
933530,150000
933543,595000
933550,150000
933554,0
933555,207000
933557,0
933565,0
933567,500000
933575,290000
933577,0
933578,263500
933580,449500
933582,275000
933590,1656500
933597,355000
933605,0
933611,625000
933613,400000
933614,400000
933621,297000
933625,579900
933626,1150000
933631,140000
933633,150000
933639,808600
933644,390000
933647,0
933649,0
933653,140000
933656,371000
933658,0
933659,225000
933665,250000
933669,102600
933671,385000
933672,1525300
933675,280000
933676,580000
933680,300000
933688,315000
933689,112100
933692,197000
933694,250000
933696,1641300
933699,550000
933701,36600
933709,0
933715,0
933720,0
933725,853200
933732,804900
933736,743000
933737,1500000
933739,450000
933741,419400
933750,0
933754,465800
933758,250000
933759,0
933760,400000
933761,225000
933779,1426000
933780,150000
933781,0
933790,776700
933794,85000
933797,3845400
933798,200000
933810,0
933818,0
933819,223200
933822,1056000
933827,250000
933829,296000
933836,282400
933840,479000
933844,250000
933849,585300
933850,900000
933857,0
933864,437500
933870,394100
933875,780000
933877,0
933892,320000
933895,975000
933902,809000
933903,0
933908,643000
933909,627900
933911,0
933913,0
933916,0
933917,0
933920,150000
933926,0
933928,0
933929,250000
933932,0
933933,630000
933940,0
933942,0
933947,680000
933948,317500
933955,0
933959,0
933963,0
933965,810400
933966,0
933967,656000
933971,0
933973,519400
933978,310000
933979,0
933984,360000
933985,0
933993,356000
933995,456300
933997,0
934000,200000
934001,359700
934014,0
934017,0
934030,0
934033,1697000
934034,0
934046,250000
934052,0
934053,0
934054,407000
934055,0
934057,250000
934066,0
934077,250000
934082,480000
934088,0
934095,0
934096,300000
934100,592700
934101,865500
934106,150000
934109,1551400
934110,300000
934114,683200
934115,2028500
934120,150000
934121,538700
934126,0
934130,0
934133,544000
934134,200000
934136,1215900
934137,0
934138,1305100
934143,496000
934146,347500
934150,0
934151,0
934155,634900
934160,0
934169,350000
934173,197500
934174,0
934182,1437100
934189,500000
934190,0
934192,250000
934196,115500
934198,2140000
934204,958300
934205,0
934214,0
934215,998000
934218,461600
934224,0
934228,0
934234,657000
934241,250000
934244,0
934245,0
934255,500000
934256,0
934257,0
934263,1073200
934264,90000
934266,766000
934281,0
934283,279000
934288,250000
934293,246400
934297,54000
934304,0
934316,880700
934317,1205000
934323,600000
934327,0
934328,400000
934333,4445000
934343,0
934344,657400
934345,400000
934351,1304000
934356,0
934359,0
934366,256100
934367,0
934371,0
934374,717400
934380,500000
934388,462500
934393,3980400
934395,0
934396,0
934403,475600
934413,250000
934414,460000
934417,0
934418,0
934427,360000
934430,200000
934439,356900
934440,0
934444,0
934447,0
934450,0
934451,306000
934456,0
934461,0
934472,127000
934477,216000
934480,376000
934482,0
934483,634000
934485,486000
934491,250000
934496,280000
934498,0
934500,550000
934504,695200
934531,450000
934536,340500
934538,0
934550,0
934551,2039900
934556,294000
934560,1077400
934564,145000
934569,0
934581,262000
934597,385200
934601,150000
934605,0
934608,4760300
934615,0
934617,0
934618,305500
934620,0
934624,150000
934632,0
934634,353500
934636,0
934641,0
934643,165000
934653,0
934654,0
934659,1751000
934660,0
934661,0
934666,216800
934669,0
934684,219000
934689,0
934692,338500
934707,809300
934709,161000
934714,352500
934715,609400
934717,292600
934722,297800
934724,0
934727,2210000
934735,300000
934737,441600
934738,4718800
934739,536500
934744,1399500
934745,0
934746,605000
934753,400000
934756,0
934761,325000
934765,0
934776,0
934777,70000
934783,356000
934786,333100
934791,250000
934793,375000
934794,475100
934795,325000
934803,70000
934804,0
934812,0
934816,310000
934819,346300
934823,0
934824,835500
934825,250000
934829,0
934837,500000
934840,550000
934845,835700
934848,150000
934851,1118000
934854,250000
934862,0
934867,0
934872,401400
934882,1970700
934897,1100000
934906,318000
934909,450000
934913,200000
934915,232500
934917,384900
934924,0
934926,0
934927,1580300
934934,685000
934953,255000
934954,1042500
934956,545000
934957,0
934958,0
934963,631500
934964,1144700
934967,270000
934974,600000
934975,0
934976,150000
934977,0
934980,0
934982,150000
934983,352000
934985,0
934991,546000
934994,293000
935001,0
935002,410000
935005,264300
935008,553300
935012,450000
935020,93500
935024,594000
935038,636900
935041,354000
935046,250000
935050,0
935053,0
935058,150000
935066,787400
935069,0
935070,301500
935074,0
935078,0
935089,0
935090,0
935091,295000
935094,259100
935097,392000
935098,0
935100,70000
935113,0
935114,603500
935115,0
935120,0
935123,0
935128,600000
935130,0
935137,407000
935153,652400
935158,600000
935160,1104500
935169,0
935170,0
935171,475000
935173,0
935175,0
935176,250000
935177,0
935178,395000
935180,411500
935183,958000
935186,340500
935190,0
935191,232500
935192,909100
935194,70000
935200,956200
935202,520500
935208,800000
935210,406800
935211,550000
935216,0
935218,150000
935223,1220100
935236,0
935240,1010500
935241,300000
935248,0
935249,1454100
935250,0
935258,861100
935262,450000
935269,602800
935270,400000
935274,0
935277,0
935283,347500
935284,402000
935299,0
935303,0
935304,0
935314,450000
935316,270000
935317,443500
935319,0
935322,508000
935324,0
935325,0
935327,250000
935331,260000
935338,610400
935344,1938000
935348,400000
935350,0
935351,0
935359,216000
935362,150000
935364,478000
935366,535500
935369,0
935378,453600
935382,825000
935384,0
935386,2176300
935389,710000
935398,1291000
935401,467300
935402,589000
935409,0
935410,150000
935413,345000
935414,0
935419,0
935425,0
935428,297500
935429,530000
935436,2139400
935437,669700
935440,781800
935445,0
935447,379000
935451,0
935454,431500
935455,250000
935464,445000
935466,465300
935476,0
935478,0
935479,0
935480,250000
935481,0
935483,324000
935488,329500
935489,0
935495,281000
935496,607800
935498,150000
935502,0
935503,0
935505,495000
935510,589600
935523,0
935524,0
935527,450000
935528,0
935529,126000
935536,449100
935540,0
935546,0
935547,0
935549,650000
935552,0
935555,411700
935558,250000
935560,150000
935562,541000
935564,500000
935571,916500
935586,0
935589,0
935591,250000
935592,0
935593,0
935595,3186300
935596,616000
935607,727700
935613,306000
935614,185000
935620,180000
935625,510000
935629,250000
935631,2329800
935641,0
935642,674500
935643,747500
935644,0
935650,0
935652,0
935653,210000
935663,369600
935669,250000
935679,0
935681,100000
935683,287000
935686,315000
935687,380000
935697,0
935699,0
935709,400000
935710,0
935711,150000
935713,150000
935716,235100
935717,150000
935718,342500
935724,0
935725,495000
935727,0
935728,660000
935730,0
935733,200000
935735,500000
935736,0
935738,535000
935739,295000
935742,670500
935751,624500
935752,1036000
935755,1719700
935757,310000
935761,0
935763,470000
935769,0
935771,340000
935778,426400
935783,570000
935787,315000
935789,500000
935791,835000
935793,475000
935795,0
935799,0
935800,565200
935803,324000
935804,150000
935808,0
935812,0
935823,317500
935826,600000
935829,0
935831,467500
935838,145000
935839,450000
935842,413500
935846,180000
935847,258200
935848,0
935851,0
935853,1198900
935854,250000
935861,369500
935862,250000
935865,712800
935868,919600
935870,0
935873,1161000
935878,0
935886,0
935887,801500
935888,681000
935893,0
935895,315000
935897,396000
935899,400000
935900,0
935908,106800
935910,325000
935915,245000
935916,0
935920,1817900
935922,250000
935926,0
935928,0
935933,480000
935935,250000
935936,0
935937,159000
935938,0
935939,0
935940,0
935943,432500
935944,0
935945,756000
935948,0
935949,307500
935953,200000
935958,460000
935962,250000
935963,0
935964,320000
935966,294000
935967,367000
935969,0
935971,630000
935972,0
935975,287000
935978,1773000
935981,250000
935983,348500
935984,150000
935985,850000
935986,0
935989,250000
935992,0
935993,0
935994,150000
935995,0
935996,489200
935998,400000
936001,0
936005,0
936007,250000
936008,442500
936009,285000
936011,793000
936012,750000
936015,378000
936018,0
936020,250000
936025,538000
936030,318500
936033,395000
936034,639300
936036,535000
936038,467500
936039,503000
936040,285000
936042,0
936046,250000
936047,400000
936048,0
936050,876000
936052,0
936054,0
936059,150000
936061,0
936065,0
936066,150000
936068,640000
936073,0
936075,0
936084,245000
936085,0
936091,150000
936092,600000
936097,245000
936099,1190500
936101,0
936104,150000
936107,125000
936110,0
936116,0
936117,0
936118,150000
936130,663000
936134,120000
936135,150000
936136,378000
936139,564000
936141,1539600
936142,0
936143,0
936144,570000
936145,150000
936146,0
936148,210000
936151,0
936159,600000
936162,0
936166,0
936167,395000
936169,0
936170,0
936172,0
936176,0
936177,545000
936178,587500
936180,0
936187,979000
936189,395000
936193,0
936196,527000
936205,0
936206,810000
936207,0
936212,225000
936214,450000
936215,250000
936217,0
936218,0
936220,0
936221,0
936227,0
936228,75000
936229,400000
936231,4126300
936233,0
936237,0
936239,150000
936240,1838000
936241,3229200
936243,0
936245,0
936246,0
936247,0
936248,0
936250,0
936251,0
936252,0
936253,0
936256,400000
936258,0
936262,0
936263,550000
936267,0
936268,343000
936270,485200
936271,0
936276,284000
936277,0
936278,0
936279,0
936282,0
936286,0
936288,0
936291,0
936292,400000
936293,200000
936295,500000
936298,0
936300,0
936305,0
936308,467500
936309,0
936314,0
936319,0
936326,432500
936329,0
936330,330000
936341,56400
936342,0
936343,0
936355,0
936358,227100
936359,0
936364,184000
936367,656000
936368,360000
936373,0
936374,528000
936375,210000
936376,350400
936378,386000
936379,0
936380,0
936381,170000
936383,13928800
936384,300000
936385,0
936386,0
936387,540000
936389,600000
936395,132900
936396,0
936398,0
936402,602000
936404,0
936407,0
936408,0
936410,150000
936411,500000
936412,0
936415,0
936416,200000
936417,0
936419,250000
936421,422000
936424,0
936428,150000
936430,0
936431,0
936433,132000
936434,0
936437,0
936439,0
936442,0
936443,416500
936445,0
936446,1039600
936448,300000
936449,0
936450,2200600
936457,0
936459,0
936460,539500
936464,510000
936465,1649600
936473,0
936474,144600
936477,4236800
936478,317500
936480,0
936482,413000
936486,0
936487,0
936488,0
936491,125000
936497,132000
936502,400000
936505,0
936509,0
936510,647100
936512,526000
936516,425000
936519,0
936520,0
936524,144600
936525,717600
936526,503200
936528,250000
936529,1294300
936530,0
936534,150000
936537,552100
936538,80000
936544,0
936551,0
936552,514100
936553,0
936554,484000
936555,0
936556,700800
936564,0
936570,300000
936574,606300
936583,241000
936584,250000
936595,0
936598,330000
936604,150000
936605,449800
936607,0
936611,70000
936613,0
936617,0
936618,0
936619,350000
936620,0
936626,0
936631,0
936634,0
936636,0
936637,715000
936638,0
936639,662800
936642,0
936644,250000
936645,250000
936647,0
936650,130000
936653,0
936662,322500
936664,300000
936665,220000
936667,364000
936668,0
936669,0
936670,250000
936674,594500
936675,0
936679,354000
936685,250000
936692,0
936693,750000
936694,0
936696,200000
936699,112000
936701,268200
936702,539100
936703,572000
936704,750500
936708,340500
936714,0
936715,0
936716,320000
936722,999700
936724,0
936726,0
936736,450000
936742,470100
936743,0
936749,0
936753,0
936755,0
936761,250000
936764,315100
936765,4270100
936767,0
936768,334000
936772,0
936773,283000
936777,154000
936778,600000
936779,0
936783,0
936784,0
936788,0
936789,0
936797,0
936801,862200
936802,0
936804,0
936806,550000
936807,70000
936809,250000
936810,0
936813,0
936819,348300
936820,5000
936824,418800
936826,320000
936829,250000
936830,0
936831,0
936833,0
936836,0
936841,0
936843,0
936848,4337000
936849,0
936851,377500
936858,310000
936862,302500
936864,500000
936868,327500
936874,100000
936876,500000
936886,250000
936889,200000
936890,0
936891,1979600
936895,250000
936902,325000
936903,622100
936908,150000
936913,0
936919,851000
936920,400000
936929,142300
936931,498500
936949,355000
936950,150000
936954,0
936966,0
936967,459900
936973,0
936974,308000
936979,652000
936991,91800
936993,390000
936997,0
937006,0
937015,1253200
937018,535000
937019,0
937025,250000
937028,343000
937032,476000
937040,0
937044,364500
937050,900000
937058,0
937063,150000
937068,0
937080,1254500
937081,0
937082,404700
937088,0
937091,0
937093,500000
937096,490000
937116,1808900
937127,356000
937135,150000
937136,172500
937141,341000
937149,0
937151,790000
937152,0
937156,0
937157,465000
937161,250000
937164,0
937169,469000
937172,0
937174,0
937175,610000
937182,250000
937184,0
937188,590000
937191,0
937193,400000
937195,309100
937201,562500
937214,0
937215,150000
937217,6120000
937221,0
937227,100000
937229,1193100
937231,0
937235,0
937240,0
937242,0
937243,0
937244,200000
937248,0
937252,320100
937253,0
937254,407000
937256,859000
937258,0
937260,700000
937269,0
937275,0
937276,1009000
937277,975700
937279,0
937281,0
937288,186000
937289,539500
937294,708100
937296,250000
937299,0
937300,0
937306,70000
937309,0
937312,0
937313,0
937314,0
937321,0
937325,0
937326,0
937329,0
937331,692000
937333,450000
937334,0
937335,200000
937341,442000
937348,297500
937354,335000
937358,367300
937379,0
937382,0
937383,472500
937392,541500
937395,70000
937402,577800
937407,0
937411,150000
937420,652200
937422,577500
937429,330800
937438,322500
937439,416400
937443,292500
937452,1091000
937458,400000
937461,592500
937464,250000
937467,1163200
937473,157800
937482,450000
937483,0
937488,403500
937489,639500
937491,621900
937494,300000
937495,2089900
937498,678200
937499,341000
937509,1122600
937516,415100
937517,417500
937522,1985300
937525,0
937541,135000
937543,82000
937545,537900
937546,200000
937554,250000
937555,2757300
937556,0
937562,355500
937571,200000
937575,901600
937585,620500
937596,571800
937597,550000
937602,135000
937621,0
937625,270000
937628,0
937633,781000
937644,0
937645,0
937646,1759500
937647,350000
937648,0
937649,452500
937650,70000
937651,0
937658,170000
937659,0
937663,444600
937664,220000
937665,361200
937672,0
937674,310500
937676,1422000
937679,695000
937684,0
937693,0
937710,200000
937711,0
937728,0
937732,200000
937733,0
937747,0
937756,1031700
937762,407700
937771,0
937779,450000
937786,361500
937792,300000
937794,208300
937799,690000
937800,485200
937809,150000
937821,0
937836,200000
937845,150000
937846,1261000
937851,220000
937855,1139000
937857,0
937858,914000
937864,135000
937865,1715900
937872,544000
937879,400000
937880,0
937889,0
937895,2035600
937901,178500
937910,865000
937912,500000
937916,0
937921,0
937926,0
937934,350000
937936,150000
937951,328800
937953,350000
937955,150000
937958,0
937963,0
937964,320500
937971,3930000
937978,0
937979,70000
937993,0
937994,0
938000,624000
938004,0
938006,538300
938007,500000
938010,300000
938021,450000
938025,0
938026,0
938040,0
938047,0
938053,384000
938057,200000
938058,0
938060,305000
938061,0
938064,419100
938067,469800
938074,0
938081,750000
938087,207400
938088,255000
938089,0
938096,0
938102,0
938104,583000
938108,0
938116,0
938124,400000
938131,650000
938136,0
938141,250000
938146,0
938150,388200
938153,0
938155,595500
938158,250000
938161,0
938162,1070300
938168,471000
938169,1077000
938172,150000
938183,500000
938187,97500
938190,138000
938194,0
938196,0
938197,250000
938198,250000
938199,150000
938200,300000
938206,411900
938214,2000800
938215,350000
938222,348000
938229,353000
938235,2100000
938236,780900
938237,250000
938239,315000
938252,618000
938264,0
938268,605700
938274,150000
938276,0
938286,70000
938295,500000
938296,521000
938297,250000
938304,0
938312,250000
938318,140000
938323,315000
938333,310000
938334,0
938337,400000
938342,489000
938346,285100
938347,250000
938352,210000
938355,855000
938357,250000
938364,0
938365,302600
938368,250000
938371,5898500
938378,0
938383,150000
938384,0
938393,120000
938395,0
938399,205000
938404,150000
938405,1032200
938409,150000
938411,544600
938412,305000
938420,2603200
938424,426000
938426,325000
938432,280000
938434,149000
938443,372200
938445,250000
938448,0
938451,250000
938454,0
938455,430000
938465,550000
938469,0
938489,870000
938510,469400
938520,150000
938521,192000
938523,500000
938544,0
938548,200000
938552,1010500
938560,241000
938561,467600
938563,306000
938566,0
938573,0
938574,1332600
938575,0
938580,0
938601,250000
938606,4108400
938615,444500
938616,1267900
938622,300000
938629,344500
938633,328500
938641,417700
938646,1026500
938648,0
938649,0
938654,650000
938661,5667000
938666,0
938671,1132900
938672,155300
938684,0
938687,320000
938700,308500
938701,0
938704,871700
938718,400000
938733,0
938737,324000
938740,332500
938741,0
938744,494500
938748,650000
938751,1741800
938752,0
938759,385500
938760,250000
938764,1301000
938773,250000
938774,369300
938775,315000
938778,600000
938786,0
938788,402500
938798,243000
938799,0
938802,545000
938803,0
938808,320000
938809,550000
938812,356000
938815,1691800
938819,210000
938823,70000
938824,135000
938825,291000
938827,0
938839,6984900
938843,150000
938844,0
938845,923000
938853,0
938864,0
938883,0
938889,148800
938892,608900
938899,267000
938900,550000
938905,0
938912,290500
938916,1785000
938917,150000
938919,0
938921,0
938923,297500
938925,460000
938931,440200
938933,0
938935,0
938941,0
938947,0
938948,353600
938956,355000
938962,150000
938965,250000
938969,150000
938974,0
938975,0
938987,296000
938994,0
938998,0
939001,400000
939015,0
939019,150000
939021,356600
939022,381000
939038,150000
939041,0
939052,472500
939054,0
939056,0
939058,0
939062,0
939064,302500
939067,0
939079,697300
939083,0
939084,640000
939085,0
939093,618800
939096,409500
939098,1981200
939107,250000
939113,1231400
939114,0
939122,300000
939124,0
939127,364000
939131,576000
939134,300000
939138,1000000
939163,968200
939170,520000
939180,220000
939182,450000
939186,200000
939195,150000
939197,93500
939200,3364900
939202,150000
939203,320000
939205,1071900
939211,353000
939213,350000
939214,3688000
939215,295000
939220,330000
939228,0
939229,760000
939230,0
939240,315000
939243,150000
939248,200000
939250,0
939258,0
939264,390000
939265,0
939273,2160000
939274,555400
939283,257500
939285,2263200
939294,67500
939297,0
939302,0
939307,0
939323,0
939326,0
939330,0
939331,0
939332,529200
939341,750000
939343,1240500
939348,384000
939352,0
939357,0
939359,350000
939366,0
939367,326100
939368,774700
939372,150000
939376,0
939380,0
939389,385300
939397,150000
939398,0
939399,787500
939407,852200
939408,0
939409,150000
939412,0
939413,70000
939415,0
939420,384000
939431,495000
939444,450000
939449,0
939450,65000
939456,461600
939458,0
939466,596000
939467,325500
939468,0
939471,0
939473,1028000
939476,740000
939480,150000
939481,204000
939482,0
939484,0
939486,4706600
939489,350000
939494,0
939497,245200
939499,0
939502,233800
939503,0
939509,467500
939523,0
939528,150000
939531,0
939532,1493600
939534,250000
939535,828900
939540,400000
939542,0
939544,500000
939553,623200
939554,0
939558,300000
939569,0
939570,0
939573,681000
939580,1550000
939582,784400
939587,460000
939596,312000
939597,481000
939598,200000
939599,304000
939602,728700
939606,250000
939607,0
939608,727500
939609,912000
939611,0
939625,450000
939631,0
939633,0
939639,0
939644,220000
939650,781600
939654,0
939656,652000
939671,320000
939673,250000
939675,150000
939677,0
939678,0
939680,1206000
939684,450000
939685,0
939686,3219900
939687,350000
939691,548600
939696,460000
939700,0
939701,70000
939703,2924400
939707,250000
939722,2488000
939735,0
939749,0
939756,917500
939775,0
939781,0
939783,225000
939790,150000
939804,285000
939805,480500
939811,88500
939812,0
939828,729600
939837,432500
939838,283500
939841,1165900
939853,400000
939858,524500
939862,324500
939864,0
939871,872800
939877,335500
939878,118800
939880,327200
939898,148000
939899,1141600
939902,0
939905,686000
939917,0
939921,382500
939925,348000
939926,500000
939929,1012000
939931,1232900
939932,0
939940,500000
939945,0
939950,0
939964,890000
939965,420000
939970,0
939982,0
939999,1134600
940001,550000
940002,400000
940004,622200
940005,761800
940009,320000
940011,1445000
940017,90000
940021,0
940022,0
940023,330900
940030,70000
940032,450000
940033,314500
940036,500000
940044,300000
940049,554000
940058,779000
940066,0
940068,0
940072,0
940086,55000
940087,0
940095,0
940098,0
940101,1000000
940112,292500
940115,995500
940121,250000
940129,490000
940130,306200
940132,845000
940143,550000
940144,0
940151,301800
940154,6318700
940155,457000
940162,0
940170,150000
940171,0
940172,250000
940173,300000
940177,150000
940196,0
940197,0
940200,150000
940204,550700
940205,0
940208,0
940212,1000000
940214,0
940215,520000
940220,650000
940222,0
940226,350000
940229,0
940233,300000
940235,365000
940236,0
940238,690000
940242,433300
940243,0
940244,657500
940247,150000
940250,0
940258,0
940259,250000
940262,0
940264,200000
940266,0
940268,0
940280,0
940287,0
940288,150000
940289,0
940290,332500
940292,233600
940293,547600
940294,197500
940296,249000
940302,0
940304,0
940305,222800
940311,0
940314,452000
940320,0
940321,380900
940324,819500
940328,650000
940330,171600
940332,0
940334,0
940335,0
940341,0
940345,150000
940360,0
940363,51000
940369,0
940370,0
940372,490000
940375,655700
940382,484500
940384,0
940385,0
940394,734000
940396,0
940407,607000
940411,1382300
940416,464400
940417,0
940420,3079800
940428,0
940431,250000
940434,0
940439,150000
940440,282800
940444,0
940446,127000
940450,0
940454,250000
940460,0
940462,0
940463,150000
940466,0
940468,0
940473,0
940474,0
940485,0
940487,350000
940503,130000
940504,425000
940507,827500
940508,0
940513,220000
940516,310000
940519,550000
940521,0
940522,443500
940523,0
940526,0
940528,0
940529,0
940530,0
940533,250000
940534,250000
940536,0
940537,0
940539,0
940540,500000
940545,0
940548,620000
940557,0
940558,272500
940560,0
940571,0
940573,150000
940575,2611500
940576,0
940582,0
940584,358500
940585,354200
940588,0
940593,325000
940594,338100
940598,0
940602,310000
940609,160000
940610,150000
940613,150000
940614,0
940620,425000
940624,0
940627,0
940628,12300
940630,0
940638,250000
940642,0
940644,609500
940645,352600
940649,354000
940650,0
940651,250000
940653,80500
940654,0
940660,2250000
940661,0
940662,131800
940663,0
940666,659500
940667,150000
940677,1274500
940678,0
940688,500000
940691,0
940693,552000
940700,783400
940701,0
940702,958700
940704,1436100
940707,0
940708,70000
940713,150000
940718,1466000
940720,340000
940721,0
940722,85700
940723,299500
940725,142000
940728,0
940739,250000
940741,0
940744,750000
940746,642500
940748,0
940756,400000
940759,0
940762,0
940764,300000
940768,150000
940769,1312000
940772,0
940776,478800
940777,0
940782,0
940789,0
940792,1250000
940795,748000
940797,0
940801,592000
940802,1223600
940803,0
940806,462500
940809,0
940810,150000
940811,1838600
940815,0
940817,410000
940819,232500
940822,0
940824,600000
940825,350000
940826,250000
940828,0
940829,0
940831,250000
940834,250000
940837,0
940838,450000
940843,0
940844,5318600
940845,150000
940849,250000
940851,582900
940853,0
940866,250000
940867,250000
940870,1289000
940871,250000
940872,0
940876,150000
940878,345000
940881,350000
940884,398400
940897,0
940898,0
940903,250000
940905,250000
940916,670000
940923,0
940926,0
940932,396000
940939,812200
940945,460000
940946,342000
940948,1136000
940952,7511000
940955,283500
940957,1905000
940958,505000
940959,390000
940964,150000
940966,250000
940968,400000
940970,150000
940972,357500
940974,470000
940980,250000
940982,400000
940984,559200
940991,944500
941006,685000
941010,0
941011,469000
941013,0
941016,549000
941020,631400
941027,450000
941028,556000
941031,150000
941032,250000
941033,0
941039,300000
941040,147000
941041,324500
941042,417500
941044,0
941045,2700000
941055,0
941060,245000
941065,0
941068,0
941069,0
941072,320000
941078,150000
941084,995500
941093,390100
941096,257200
941097,0
941103,300000
941110,0
941114,0
941117,748900
941118,0
941122,0
941124,0
941129,611800
941131,300000
941158,352300
941168,365000
941169,278100
941177,250000
941183,310000
941191,87000
941194,2498800
941220,0
941227,0
941229,0
941232,800000
941239,305000
941240,0
941247,1118500
941250,0
941262,150000
941263,0
941270,150000
941271,0
941279,0
941285,500000
941288,0
941293,425000
941296,400000
941303,7368800
941317,0
941322,0
941336,400000
941341,150000
941353,0
941356,0
941359,0
941370,0
941382,1489400
941387,0
941388,0
941391,283500
941393,250000
941400,550000
941402,375000
941403,400000
941404,400000
941411,150000
941414,0
941427,1702500
941444,973600
941446,150000
941448,0
941474,150000
941475,135000
941481,250000
941483,384500
941484,0
941485,0
941486,415500
941488,3410000
941489,0
941491,2140000
941493,886000
941494,0
941497,856000
941499,0
941507,340000
941508,434000
941510,400000
941512,269300
941513,1512500
941515,0
941526,681000
941527,136000
941529,0
941535,300000
941538,310500
941546,0
941551,0
941552,103200
941558,400000
941559,0
941560,0
941564,150000
941566,387500
941570,350000
941574,544000
941575,500000
941579,1712500
941580,740000
941583,997000
941585,224000
941592,0
941595,0
941596,400000
941601,0
941602,849800
941606,301100
941611,145000
941614,150000
941633,0
941638,762000
941639,418000
941652,150000
941655,0
941658,250000
941663,0
941667,0
941676,150000
941680,450000
941681,300000
941686,0
941689,275000
941697,0
941702,427000
941703,805000
941709,1315000
941712,272000
941714,0
941723,1492600
941732,0
941733,0
941735,300000
941737,150000
941738,400000
941746,0
941749,472000
941751,800000
941769,140000
941776,200000
941782,300000
941791,1262300
941798,0
941808,90000
941809,607200
941812,857800
941818,1693500
941822,290000
941826,70000
941830,440000
941833,735500
941837,400000
941838,898000
941839,340800
941842,0
941846,7234000
941847,200000
941851,400500
941856,475500
941861,408000
941862,384500
941865,473900
941874,843200
941876,163500
941879,477500
941882,0
941890,405000
941891,227300
941903,81400
941904,735000
941905,150000
941906,1544100
941908,676300
941912,147000
941913,249400
941920,150000
941925,1196800
941930,0
941932,250000
941937,0
941949,0
941956,426400
941968,0
941970,1432000
941985,0
941990,0
941993,600000
941994,0
942005,0
942012,547500
942015,0
942016,440100
942017,0
942018,19300
942019,0
942021,350000
942027,0
942029,0
942030,156000
942032,280000
942044,554100
942064,150000
942067,452500
942070,748000
942075,0
942078,250000
942080,70000
942089,150000
942094,1163400
942096,0
942115,712000
942119,250000
942129,0
942138,548800
942141,1174500
942142,344500
942143,250000
942147,18000
942148,277000
942149,0
942167,0
942168,0
942184,1112500
942185,776000
942191,474100
942201,1528800
942213,285000
942220,262500
942226,0
942237,300000
942238,0
942262,0
942275,243000
942308,500000
942310,0
942327,59500
942345,250000
942355,400000
942365,428000
942372,0
942382,758200
942399,0
942421,0
942422,558600
942434,400000
942439,442000
942440,444000
942441,570000
942443,0
942469,0
942487,633900
942497,210000
942501,150000
942508,150000
942515,200000
942516,580300
942519,250000
942525,993000
942528,150000
942531,150000
942545,207500
942557,490000
942560,396600
942561,170000
942563,0
942565,942800
942566,695000
942569,350000
942579,0
942581,561000
942589,1419500
942599,7178600
942600,293300
942613,0
942614,1093000
942620,371500
942632,0
942639,250000
942650,250000
942662,521300
942665,350000
942667,0
942674,250000
942675,450000
942677,0
942679,250000
942687,600000
942688,0
942692,0
942699,6734000
942703,250000
942709,0
942713,0
942741,1822000
942750,968000
942762,300000
942781,483100
942782,250000
942787,0
942797,0
942799,0
942814,0
942822,0
942833,0
942846,75000
942854,1006000
942857,592300
942859,276000
942860,400000
942861,300000
942869,70000
942872,233100
942880,0
942881,0
942883,1572600
942893,470200
942895,122000
942897,457000
942901,0
942904,502000
942911,520000
942912,110000
942913,1277000
942915,453500
942917,0
942922,777400
942926,0
942931,0
942932,400000
942937,2077000
942942,0
942954,0
942963,300000
942965,150000
942967,0
942976,580000
942979,1148500
942980,200000
942997,150000
942999,830000
943002,0
943011,250000
943013,2136200
943019,705000
943024,150000
943029,397000
943030,0
943036,0
943042,270000
943045,316000
943048,0
943049,600000
943050,0
943052,0
943053,2820200
943054,3179800
943058,392800
943060,0
943066,30000
943075,170400
943078,624500
943080,0
943081,0
943083,400000
943084,0
943104,70000
943106,0
943108,200000
943109,0
943110,350000
943115,703000
943116,0
943117,568000
943119,2577800
943126,0
943127,745800
943132,279600
943133,142000
943140,400000
943146,674000
943150,0
943151,1488800
943152,30000
943158,150000
943160,0
943165,568000
943169,0
943174,0
943175,0
943181,0
943183,406800
943185,0
943186,0
943204,0
943216,499000
943218,600000
943220,588000
943223,2800000
943226,154000
943227,1467500
943233,150000
943238,0
943242,900000
943246,0
943250,262000
943253,0
943255,450000
943267,0
943268,0
943273,450000
943278,145000
943282,370400
943286,70000
943287,150000
943289,361000
943295,0
943296,479600
943298,150000
943312,1868800
943317,0
943319,150000
943331,150000
943338,415800
943342,335000
943344,1982300
943347,400000
943350,250000
943351,70000
943352,400000
943356,492500
943359,100000
943375,400000
943378,450000
943382,0
943383,350000
943387,464000
943400,459000
943407,0
943415,590500
943416,150000
943424,453000
943432,400000
943435,649500
943436,150000
943439,276800
943444,300000
943449,150000
943451,70000
943454,0
943455,150000
943462,1435200
943470,220000
943472,0
943473,0
943488,0
943498,435000
943500,665000
943517,0
943525,0
943532,0
943541,141000
943542,508000
943546,0
943550,0
943555,0
943558,1352000
943559,0
943569,0
943575,550000
943580,235600
943584,250000
943588,0
943593,0
943597,150000
943599,0
943620,0
943626,781300
943629,0
943631,660000
943632,0
943635,400000
943642,150000
943648,957800
943654,514600
943664,447000
943668,0
943674,200000
943679,550000
943681,550000
943687,150000
943688,0
943694,823200
943697,250000
943700,0
943703,1156900
943706,360000
943716,250000
943726,0
943732,150000
943743,400000
943746,0
943747,2406000
943753,0
943762,567200
943764,165000
943765,250000
943770,0
943776,251500
943783,150000
943787,0
943792,1408000
943798,150000
943809,0
943811,0
943817,150000
943820,0
943823,0
943825,400000
943826,0
943829,0
943834,150000
943836,0
943839,430000
943843,295000
943846,150000
943856,382000
943864,150000
943871,577000
943872,150000
943885,1048300
943889,0
943897,0
943898,574500
943900,850000
943904,237200
943906,700000
943913,400000
943922,200000
943948,0
943950,0
943952,0
943953,0
943955,1055000
943978,142000
943981,0
943984,150000
943988,0
943991,350000
943993,1485000
943994,0
943999,1800000
944006,0
944007,0
944009,970000
944011,952400
944013,150000
944017,0
944018,0
944019,1917400
944023,590000
944037,688000
944046,346800
944048,0
944054,150000
944062,830000
944074,0
944076,250000
944083,1832500
944084,157400
944088,450000
944093,0
944094,543500
944100,676000
944104,330000
944106,711000
944107,0
944112,225000
944116,150000
944118,250000
944124,200000
944132,0
944137,250000
944139,541800
944143,550000
944145,0
944146,0
944151,0
944158,0
944161,1023000
944163,0
944165,470000
944166,250000
944167,1195000
944170,415000
944175,952000
944176,500000
944182,843500
944185,572000
944204,1261700
944207,250000
944211,0
944214,885100
944215,1031400
944217,250000
944221,69900
944222,262000
944230,1448300
944237,350000
944238,404000
944239,320100
944242,150000
944247,804000
944249,710000
944256,0
944258,0
944260,65000
944263,700000
944275,250000
944276,926000
944277,125000
944279,1840500
944280,0
944282,0
944291,250000
944296,150000
944299,450000
944303,250000
944321,507500
944332,0
944334,250000
944336,454000
944344,0
944346,446000
944349,200000
944353,987500
944355,250000
944361,440000
944370,381000
944377,5403000
944379,0
944381,0
944382,326800
944386,600000
944394,600000
944407,250000
944408,431000
944412,240000
944413,1360000
944418,344000
944419,691700
944425,0
944429,0
944433,0
944435,409300
944438,0
944442,232500
944449,1421200
944453,485500
944462,0
944463,0
944468,150000
944469,487500
944472,1170000
944473,0
944474,100000
944475,150000
944476,0
944488,437800
944491,0
944498,0
944499,0
944500,150000
944512,0
944519,500000
944520,150000
944524,691500
944526,0
944531,905000
944552,150000
944557,0
944558,0
944563,0
944566,0
944568,300000
944571,178000
944574,150000
944577,750000
944588,99500
944593,324500
944595,400000
944597,500000
944598,450000
944612,412500
944614,984500
944618,150000
944622,0
944631,0
944633,0
944641,0
944645,698000
944647,742000
944649,400000
944651,524100
944657,0
944659,200000
944661,0
944668,65000
944669,650000
944673,478000
944674,522000
944677,250000
944686,0
944687,600000
944691,5375000
944694,347500
944696,70000
944697,240000
944700,0
944703,0
944705,645000
944708,0
944710,0
944717,150000
944718,0
944724,2339400
944732,0
944735,2327600
944736,250000
944738,70000
944739,150000
944742,250000
944745,142000
944751,465000
944754,0
944758,65000
944760,36013300
944761,150000
944762,1830000
944763,0
944768,0
944776,150000
944787,0
944788,150000
944818,4300
944819,1149300
944825,0
944833,300000
944834,544000
944838,0
944852,180000
944856,672500
944858,431200
944861,150000
944865,525000
944872,13714500
944873,600000
944883,470000
944888,727500
944899,708000
944907,0
944909,0
944915,327000
944924,800000
944926,250000
944927,0
944928,0
944929,5178500
944935,596000
944942,499000
944950,0
944955,542000
944960,904400
944975,466200
944984,0
944985,0
944989,200000
944996,0
944997,400000
944999,605000
945013,450000
945015,0
945018,76000
945021,0
945022,0
945024,296500
945026,436400
945028,143000
945029,0
945032,250000
945033,11202600
945036,0
945037,0
945047,962000
945060,250000
945075,0
945080,300000
945082,846600
945083,0
945091,0
945098,680000
945102,650000
945103,0
945113,719900
945121,492000
945128,590000
945129,1695500
945138,550000
945148,0
945152,0
945163,300000
945170,0
945171,140000
945172,496000
945173,0
945196,0
945200,0
945203,38700
945207,0
945222,350000
945226,588900
945227,325000
945231,0
945233,250000
945234,990000
945239,675000
945253,0
945254,348000
945255,485200
945260,0
945271,150000
945272,854400
945276,0
945277,1100000
945286,439600
945291,0
945292,454000
945295,0
945296,0
945297,400000
945300,450900
945303,0
945307,536000
945308,0
945310,0
945311,238000
945312,294000
945313,466000
945314,336000
945318,0
945322,1146500
945337,500400
945357,0
945361,510000
945362,250000
945364,300000
945366,153700
945373,390000
945374,0
945376,385000
945377,250000
945387,0
945405,20000
945410,70000
945414,0
945417,0
945421,338400
945432,400000
945433,11123200
945436,0
945438,150000
945445,88000
945451,0
945452,0
945459,477500
945461,419500
945465,0
945476,344800
945477,726800
945480,0
945483,300000
945485,627500
945493,0
945518,467400
945526,420700
945528,150000
945534,0
945538,0
945545,0
945546,598800
945547,0
945550,3118600
945568,0
945569,150000
945572,0
945577,85600
945578,1389500
945579,572000
945584,0
945589,150000
945593,0
945594,0
945596,370000
945598,350000
945601,271200
945602,100000
945605,250000
945606,250000
945608,482200
945610,418000
945612,1769000
945613,0
945617,0
945626,550000
945628,291100
945630,70000
945632,150000
945634,450000
945639,0
945646,686300
945648,130600
945651,5065300
945652,0
945656,400000
945658,429000
945662,0
945663,0
945664,694100
945669,150000
945673,1100600
945690,538400
945691,0
945696,1123000
945699,0
945703,300000
945704,250000
945710,0
945715,0
945716,0
945719,512800
945720,0
945721,400000
945725,0
945733,550800
945736,300000
945738,1390000
945743,155200
945744,342800
945751,601000
945753,700000
945760,1652000
945765,400000
945769,283600
945772,0
945775,350800
945779,0
945781,414000
945783,0
945784,0
945786,260000
945788,371200
945790,250000
945791,0
945799,0
945802,150000
945805,0
945806,150000
945809,0
945810,565000
945811,0
945812,0
945817,2867000
945823,0
945825,0
945827,0
945832,150000
945839,450000
945849,0
945853,0
945855,1394400
945856,919200
945857,0
945859,0
945866,3959600
945868,275000
945871,250000
945872,0
945876,0
945878,393900
945879,502000
945882,479100
945886,1742800
945891,0
945900,400000
945902,0
945904,0
945906,440000
945907,250000
945909,0
945915,150000
945930,450000
945937,392000
945944,325000
945949,0
945951,326800
945954,0
945957,0
945961,0
945970,400000
945977,150000
945978,879000
945980,680000
945988,445000
945990,560000
945995,250000
945996,0
945997,763400
946003,350000
946006,0
946007,0
946008,480200
946011,392500
946016,0
946033,0
946034,130000
946037,389400
946040,395000
946041,350000
946044,0
946045,752500
946046,572700
946047,0
946057,400000
946061,299100
946063,200000
946068,312300
946081,70000
946085,150000
946086,482000
946099,150000
946100,640600
946104,561800
946118,1049900
946120,624000
946123,170000
946125,0
946137,498600
946142,735000
946143,0
946148,400000
946149,0
946151,0
946155,300000
946160,808000
946161,372000
946162,1165800
946168,340800
946171,0
946180,0
946181,326500
946183,474500
946192,779000
946194,563200
946199,247500
946204,892500
946205,48300
946210,250000
946213,700000
946217,0
946219,592000
946222,0
946223,550000
946224,1464700
946233,250000
946235,0
946237,350000
946243,300000
946244,0
946251,0
946252,0
946254,0
946259,541000
946260,524800
946267,467500
946269,942000
946272,0
946273,982200
946279,482200
946280,490000
946281,350000
946283,902500
946284,739900
946285,0
946291,455000
946292,600000
946298,405500
946299,0
946301,0
946310,2179700
946323,400000
946325,0
946337,195500
946350,158000
946352,779800
946355,333800
946357,0
946358,0
946370,418800
946375,350000
946379,381300
946385,850000
946388,0
946389,394600
946391,382700
946399,0
946404,4757200
946407,322000
946408,0
946409,0
946412,0
946416,200000
946420,350000
946425,140000
946426,1687000
946431,70000
946434,362000
946441,0
946445,400000
946449,0
946453,0
946456,263500
946457,0
946463,577600
946467,250000
946470,0
946473,0
946474,0
946476,0
946480,0
946483,0
946484,0
946490,598000
946491,350000
946493,35500
946498,484600
946505,448800
946509,238700
946526,0
946527,250000
946531,150000
946540,200000
946542,370000
946545,372100
946548,0
946549,150000
946554,150000
946556,0
946562,0
946563,0
946564,450000
946569,562800
946571,655000
946573,0
946574,1222700
946581,226000
946585,190000
946589,105000
946590,250000
946597,150000
946604,3553100
946605,0
946606,0
946613,0
946620,0
946622,350000
946628,0
946631,484500
946634,471000
946635,0
946636,150000
946640,150000
946642,0
946643,1098000
946652,0
946653,0
946665,208800
946672,0
946683,816400
946700,0
946702,400000
946705,350000
946706,150000
946709,573500
946711,250000
946712,0
946718,0
946721,100000
946722,250000
946725,985000
946736,200000
946743,0
946754,0
946761,136000
946767,378000
946768,350000
946776,323000
946781,0
946785,2403100
946787,0
946801,0
946804,1089600
946809,2359400
946815,0
946816,0
946820,1185800
946821,540000
946830,0
946839,0
946851,0
946855,145000
946860,500000
946863,552300
946866,0
946867,0
946871,70000
946875,400000
946881,0
946889,870000
946897,0
946902,0
946904,953000
946909,400000
946916,598000
946919,0
946924,0
946935,479300
946937,0
946942,150000
946943,400000
946945,0
946951,750000
946955,460000
946957,0
946969,312500
946972,0
946974,0
946977,815600
946980,0
946983,496600
946984,396000
946986,500000
946990,450000
946991,150000
946998,0
947003,440000
947007,1070000
947021,460000
947024,0
947037,250000
947039,0
947041,200000
947042,540000
947044,150000
947045,400000
947050,399300
947051,332500
947054,0
947062,300000
947065,500000
947069,466000
947071,0
947072,292000
947078,0
947079,900000
947086,441000
947089,480000
947091,150000
947092,150000
947093,393600
947103,250000
947107,400000
947117,700000
947131,0
947146,0
947149,474300
947158,0
947159,1866000
947164,0
947165,150000
947166,415000
947171,0
947193,499000
947197,250000
947201,510000
947203,240000
947214,924000
947216,0
947222,426900
947227,0
947230,150000
947240,200000
947241,350000
947245,342000
947254,517800
947256,618500
947259,462500
947262,147000
947264,70000
947273,0
947275,1083200
947276,282500
947280,72000
947301,250000
947305,285000
947312,4243200
947315,200000
947318,250000
947329,450000
947335,674800
947354,0
947356,247000
947358,622500
947369,0
947370,500000
947388,0
947390,0
947397,1182300
947408,282500
947415,0
947424,602500
947425,300000
947432,564200
947435,0
947441,376800
947444,0
947453,450000
947454,855300
947467,300000
947469,250000
947479,0
947487,359400
947488,410000
947499,479100
947508,314800
947517,1241100
947520,0
947522,260000
947523,250000
947526,358800
947537,150000
947542,1752900
947543,513600
947544,340000
947546,220000
947553,1035000
947558,0
947570,119700
947574,300000
947580,0
947582,0
947584,552600
947590,0
947595,0
947598,463200
947617,150000
947620,300000
947622,150000
947623,654700
947624,1043500
947630,0
947647,0
947654,0
947655,3391200
947656,450000
947666,441000
947668,0
947670,1144400
947673,2518200
947675,417500
947676,635800
947680,352800
947683,0
947688,242000
947694,300000
947709,1021000
947712,70000
947713,0
947721,400000
947725,1225600
947729,150000
947731,294700
947733,0
947739,220000
947748,1389000
947750,150000
947755,396000
947767,0
947776,240000
947783,0
947789,350000
947794,0
947796,150000
947797,3625700
947798,1519300
947804,127000
947806,150000
947810,0
947812,399800
947814,311500
947815,0
947817,550000
947818,1777400
947819,370100
947823,750000
947824,690400
947825,0
947831,1504000
947834,0
947837,0
947838,0
947842,500000
947853,0
947858,414000
947865,834000
947867,452600
947872,12414300
947873,467500
947875,529500
947878,453800
947882,150000
947883,872000
947884,399000
947888,360000
947892,458800
947898,0
947900,825000
947907,179500
947927,300000
947930,312500
947931,864800
947935,284000
947936,350000
947941,0
947942,0
947943,222300
947948,570000
947949,1106700
947950,0
947958,1001900
947961,0
947962,0
947963,1424700
947966,0
947972,480800
947973,385000
947976,150000
947980,393600
947981,0
947986,302000
947996,3009500
947997,0
948002,0
948007,505500
948010,0
948011,398000
948019,349700
948029,825800
948039,0
948043,0
948047,1001000
948051,510000
948055,419600
948063,599000
948068,385800
948071,300000
948077,522600
948078,8665500
948080,768600
948085,0
948090,400000
948092,862200
948094,200000
948095,455000
948098,510000
948104,300000
948107,403200
948110,0
948111,1071600
948113,488100
948117,425000
948118,150000
948120,0
948123,90000
948131,300000
948142,0
948148,190000
948151,0
948155,486600
948162,400000
948164,0
948168,0
948181,300000
948205,353000
948212,550000
948217,511400
948223,552000
948234,0
948267,675500
948269,472000
948271,235000
948274,782000
948278,0
948282,313500
948293,150000
948294,600000
948295,565300
948315,315000
948325,609000
948331,0
948341,300000
948342,297000
948344,400000
948345,350000
948348,1252400
948360,0
948361,0
948366,0
948370,485600
948373,0
948376,0
948380,209300
948387,150000
948389,0
948392,0
948395,1500000
948402,150000
948403,319000
948409,150000
948411,0
948412,250000
948414,1880000
948415,496700
948418,0
948424,0
948425,492300
948434,0
948436,400000
948445,0
948449,1354000
948450,500000
948454,234500
948455,232800
948471,345000
948482,0
948483,340000
948485,250000
948487,1950500
948489,0
948491,402000
948498,218900
948510,547600
948514,250000
948515,0
948524,0
948530,300000
948531,426400
948538,1070000
948545,0
948546,0
948548,138300
948553,260000
948554,128000
948556,414000
948560,0
948563,256000
948566,7000
948572,1526600
948573,1203200
948574,0
948575,737200
948576,0
948581,270500
948591,0
948595,1030000
948597,0
948606,0
948615,811300
948616,2098600
948618,400000
948624,500000
948625,1505600
948629,150000
948630,1075000
948636,396000
948638,0
948639,657500
948643,0
948646,0
948647,0
948672,500000
948676,150000
948679,0
948686,0
948690,938000
948697,0
948705,650000
948709,0
948713,390000
948714,1150000
948716,164500
948727,445000
948733,464000
948738,200000
948739,310100
948741,345000
948750,0
948754,0
948757,320000
948765,0
948777,0
948791,0
948795,530000
948804,235000
948806,850000
948814,0
948816,459000
948818,0
948820,390000
948825,300000
948827,300000
948829,292800
948830,487700
948832,565000
948837,0
948838,589100
948839,779100
948840,649000
948841,548000
948842,320000
948850,150000
948852,377400
948858,261100
948861,1118200
948864,130000
948865,350000
948870,0
948871,75600
948880,324000
948891,671700
948892,550000
948895,4929900
948901,500000
948903,1000000
948910,355000
948917,888800
948929,297000
948932,366000
948933,0
948937,510000
948942,300000
948959,400000
948962,519500
948969,510900
948982,384000
948988,105900
948990,1100400
948994,0
949004,332400
949005,0
949010,150000
949011,0
949019,0
949021,240000
949034,0
949046,0
949047,0
949049,0
949050,200000
949051,750000
949053,1018500
949056,0
949057,300000
949061,320000
949064,658600
949065,0
949079,0
949081,312200
949084,0
949089,278000
949094,456500
949095,150000
949105,194000
949114,0
949115,0
949116,250000
949118,150000
949121,364000
949124,300000
949125,150000
949128,600000
949131,672800
949132,338400
949136,199000
949138,150000
949143,632000
949144,806200
949146,0
949156,100000
949161,1314000
949163,0
949168,200000
949172,150000
949173,599600
949174,150000
949180,377400
949186,750000
949192,1661000
949196,0
949197,1250000
949199,935000
949202,1571000
949203,300000
949204,0
949205,540000
949210,2827700
949218,0
949223,0
949224,0
949232,180000
949239,1148000
949241,0
949245,0
949247,400000
949250,0
949257,1015200
949259,564000
949261,0
949262,0
949269,270000
949274,912900
949282,140000
949283,156000
949287,300000
949292,0
949296,145000
949300,0
949302,310000
949320,0
949324,291700
949327,150000
949332,0
949334,262000
949335,195000
949338,1302500
949340,0
949348,300000
949349,0
949356,1481900
949357,615200
949361,335000
949365,700000
949370,862000
949373,0
949374,515000
949377,288000
949381,250000
949384,0
949389,0
949390,511600
949399,0
949415,0
949418,0
949419,1950000
949425,0
949428,0
949429,1100000
949433,250000
949434,0
949442,694000
949444,100000
949448,300000
949450,300000
949456,0
949462,0
949463,2451200
949467,150000
949484,994000
949486,250000
949494,250000
949496,150000
949497,9404000
949502,100000
949519,1039500
949525,913500
949531,0
949532,357800
949533,70000
949534,0
949542,560000
949553,450000
949556,500000
949557,0
949564,0
949565,500000
949575,150000
949589,0
949593,357000
949611,438000
949615,513500
949616,0
949625,0
949633,390500
949640,0
949641,388500
949644,0
949650,300000
949662,149000
949663,481000
949664,729800
949669,0
949677,520000
949684,150000
949692,766000
949705,0
949713,0
949719,4881200
949723,70000
949725,1631800
949727,0
949728,0
949729,400000
949733,357500
949738,0
949740,500000
949744,0
949746,150000
949748,57000
949753,250000
949756,200000
949760,130000
949762,324400
949767,576400
949768,281600
949770,0
949777,363200
949781,250000
949784,640000
949791,70000
949793,0
949794,167500
949799,0
949804,0
949806,0
949807,73400
949808,350000
949810,0
949819,128800
949832,147000
949839,0
949843,250000
949865,188200
949868,250000
949876,0
949879,264800
949884,0
949885,708500
949889,150000
949890,150000
949891,369000
949904,250000
949905,70000
949911,0
949917,0
949918,0
949923,0
949927,0
949933,250000
949941,340000
949956,435600
949961,321000
949962,150000
949969,0
949972,369000
949978,385500
949981,8761200
949982,345000
949983,0
949984,0
949985,544900
949986,0
949988,0
949991,150000
949992,127000
949995,320000
950000,457000
950005,0
950015,250000
950024,479400
950026,70000
950028,0
950033,150000
950038,149500
950040,200000
950045,0
950047,1824200
950049,1030000
950065,182000
950068,150000
950069,0
950070,0
950076,980400
950078,0
950081,0
950085,334500
950089,550000
950092,0
950093,0
950102,0
950106,250000
950111,1583300
950112,0
950123,512300
950126,510000
950128,600000
950129,2644900
950142,532000
950143,0
950144,0
950150,0
950152,1838600
950153,1629500
950154,0
950157,620000
950162,150000
950165,420000
950169,0
950170,0
950173,569600
950177,649300
950182,0
950183,532000
950185,84000
950186,250000
950187,250000
950191,150000
950194,0
950197,0
950200,0
950202,480000
950211,924000
950213,0
950221,519600
950222,300000
950229,358000
950234,0
950235,500000
950242,1516700
950244,400000
950253,0
950255,2112000
950271,250000
950276,0
950277,475500
950284,400000
950287,639500
950290,0
950298,415500
950305,150000
950310,135000
950311,337000
950313,0
950315,0
950316,250000
950325,1076400
950326,150000
950329,450000
950330,0
950337,600000
950340,0
950341,532000
950345,813000
950356,433300
950358,540000
950361,660000
950365,0
950367,0
950374,146000
950376,297000
950377,350000
950379,599000
950385,0
950392,447500
950394,276300
950399,0
950402,394200
950404,250000
950407,0
950417,642900
950419,520000
950422,150000
950426,0
950428,482400
950430,2615200
950431,310000
950436,1313300
950438,0
950446,0
950461,500000
950469,350000
950472,661000
950473,300000
950481,0
950482,2040000
950486,0
950489,0
950490,313500
950492,1653000
950505,406600
950510,70000
950511,539000
950512,917500
950513,350000
950521,300000
950522,391000
950525,517000
950528,0
950531,350000
950532,335400
950534,250000
950536,70000
950545,1450000
950567,0
950581,150000
950587,595000
950590,0
950591,568400
950598,600000
950600,135000
950601,0
950603,806500
950611,0
950612,440000
950614,350000
950618,150000
950622,800000
950627,330000
950629,0
950634,550000
950637,300000
950638,330000
950639,3916700
950640,313400
950641,150000
950643,0
950645,0
950648,120000
950653,0
950655,250000
950658,150000
950661,321000
950669,0
950676,450000
950678,250000
950685,500000
950688,108000
950692,613200
950695,0
950697,405000
950701,250000
950703,0
950710,428800
950725,250000
950731,0
950735,250000
950740,0
950756,492000
950759,135000
950760,547000
950763,600000
950769,70000
950773,325000
950774,271000
950776,400000
950785,255000
950796,500000
950801,250000
950810,530900
950818,400000
950819,0
950824,0
950827,390000
950839,0
950845,0
950859,200000
950862,0
950864,601000
950866,150000
950868,332000
950869,245000
950881,0
950892,0
950900,0
950901,0
950903,265000
950904,500000
950909,245000
950910,0
950912,0
950914,514000
950916,265200
950920,417500
950924,656000
950925,1150000
950926,0
950933,879300
950936,0
950941,0
950942,898000
950944,257500
950952,780000
950953,341500
950954,384000
950959,598000
950960,181500
950965,208000
950972,640000
950979,300000
950981,250000
950986,0
950988,1009800
950992,0
950994,402500
950996,306000
950997,0
950999,196900
951000,360000
951007,538200
951014,0
951015,0
951019,0
951022,0
951023,971500
951025,250000
951028,467500
951029,0
951032,220000
951037,392000
951039,3695600
951040,870000
951046,1855700
951058,250000
951059,0
951060,5817700
951063,591200
951066,486000
951068,0
951070,350000
951072,0
951076,0
951079,250000
951088,310000
951092,0
951094,1207000
951098,390500
951101,400000
951103,0
951111,960000
951114,542000
951120,992800
951124,147000
951127,0
951130,147000
951135,297000
951136,378000
951148,115000
951155,1893000
951156,0
951157,0
951163,1376200
951164,0
951165,0
951170,549000
951171,150000
951174,1334000
951195,340000
951197,0
951206,740000
951213,202000
951223,0
951238,0
951241,147000
951243,0
951254,921000
951255,320000
951259,2359000
951260,250000
951261,349300
951265,2305700
951267,600000
951274,930100
951276,500000
951284,250000
951289,259500
951290,560000
951291,318000
951295,450000
951296,0
951301,250000
951303,0
951304,700000
951305,562000
951312,0
951313,250000
951315,0
951316,150000
951321,2296100
951322,800000
951324,300000
951325,1100000
951327,0
951329,129000
951333,287000
951334,860000
951335,512000
951349,0
951354,0
951361,445000
951363,150000
951372,0
951373,0
951382,250000
951396,0
951399,2010400
951401,850000
951407,0
951417,500000
951419,0
951421,577500
951422,302000
951425,300000
951428,250000
951429,0
951434,150000
951437,363600
951440,568300
951444,220000
951447,414900
951448,713700
951457,385000
951459,250000
951461,1208200
951470,0
951473,550000
951479,315100
951482,0
951483,0
951484,1298700
951491,0
951496,2063800
951504,250000
951506,159800
951510,0
951514,488000
951519,400000
951521,703000
951523,350000
951524,0
951534,0
951542,376500
951544,550000
951546,140000
951547,314000
951550,0
951555,247800
951558,147000
951563,0
951573,0
951575,413100
951579,0
951580,205000
951587,532000
951602,1042500
951604,485500
951618,639400
951621,514800
951626,982500
951627,0
951630,320500
951639,263000
951640,0
951649,245000
951662,400000
951666,697700
951669,0
951684,200000
951685,0
951687,0
951695,135000
951697,323000
951698,0
951699,250000
951700,540000
951705,737200
951706,376600
951709,250000
951710,432000
951712,300000
951713,0
951719,1118000
951725,580000
951726,250000
951728,0
951735,450000
951742,0
951747,792300
951750,1297000
951757,860000
951766,305000
951783,289800
951788,125000
951790,350000
951796,512000
951797,300000
951801,0
951804,0
951805,0
951807,250000
951808,250000
951809,0
951810,550000
951813,0
951818,0
951819,0
951825,153600
951832,336000
951838,0
951842,150000
951846,450000
951849,0
951850,0
951854,254000
951856,0
951863,129000
951865,262000
951866,0
951867,0
951874,0
951876,0
951879,447000
951880,0
951882,139000
951883,0
951887,232500
951889,444000
951898,150000
951899,268800
951908,250000
951911,300000
951913,0
951916,0
951920,0
951921,150000
951935,88000
951938,1776400
951940,150000
951946,222000
951947,250000
951950,0
951951,231000
951960,653100
951963,0
951964,550000
951966,188500
951970,0
951973,3150000
951980,150000
951981,150000
951982,664900
951986,173500
951988,1740000
951990,0
951994,735200
952001,0
952006,516000
952015,0
952017,0
952019,0
952027,149500
952028,200000
952030,460200
952031,0
952032,450000
952037,0
952041,450000
952046,0
952047,0
952048,70000
952051,1473000
952055,0
952057,3725000
952061,300000
952064,0
952066,0
952074,460800
952079,0
952084,559900
952088,0
952089,200000
952101,0
952104,583000
952117,300000
952122,110000
952126,200000
952152,147000
952156,0
952157,500000
952175,880100
952188,2767100
952195,0
952201,0
952213,0
952223,0
952232,0
952239,324000
952245,150000
952248,674800
952252,200000
952265,0
952269,300000
952273,0
952274,0
952290,200000
952292,0
952296,0
952307,324000
952308,200000
952315,0
952319,0
952325,200000
952328,0
952329,0
952342,500000
952344,0
952345,1297500
952357,0
952362,250000
952367,70000
952368,0
952375,800000
952377,0
952380,145000
952382,0
952384,0
952393,701200
952395,350000
952397,1062000
952406,372000
952411,1263500
952439,300000
952442,353300
952452,436700
952456,0
952457,0
952460,1357600
952463,559000
952472,150000
952482,270800
952497,200000
952508,600000
952510,0
952511,0
952515,275000
952519,400000
952525,200000
952543,350000
952549,50000
952550,324400
952553,150000
952580,0
952581,150000
952601,450000
952619,355100
952625,800000
952630,0
952639,754300
952646,277900
952648,1461500
952649,0
952655,0
952666,0
952669,150000
952680,750000
952684,2532400
952688,0
952699,2123600
952702,750000
952709,0
952717,439400
952722,384000
952723,216000
952731,302400
952735,200000
952743,5743100
952745,464000
952753,286400
952757,0
952780,250000
952786,390000
952792,145000
952801,275400
952804,683500
952809,198700
952810,1240500
952815,0
952820,1839000
952822,462000
952829,0
952831,400000
952837,550000
952848,420000
952849,0
952859,2556700
952867,250000
952869,1493800
952874,803500
952875,150000
952878,0
952894,445000
952902,0
952906,300000
952916,905000
952919,0
952924,365900
952932,958000
952937,0
952938,0
952945,780500
952951,716600
952955,401300
952957,0
952958,563500
952959,509000
952966,201600
952969,400000
952976,438000
952983,453600
952997,0
953001,500000
953007,250000
953008,0
953010,733800
953017,400000
953027,0
953032,150000
953046,150000
953057,0
953065,435000
953070,372000
953073,400000
953082,300000
953084,0
953086,0
953089,739000
953090,893300
953098,450000
953104,874300
953107,366000
953112,914800
953117,663000
953120,588200
953122,0
953123,0
953129,532100
953134,2165000
953136,0
953142,359700
953147,0
953162,843100
953163,0
953167,200000
953168,490800
953169,0
953174,0
953176,465000
953179,250000
953195,466200
953196,496000
953197,70000
953199,497100
953201,0
953202,0
953204,376800
953205,200000
953206,477400
953212,0
953217,402000
953225,1157000
953233,300000
953253,0
953254,150000
953257,544400
953263,210000
953271,1030900
953272,0
953273,890600
953280,450000
953290,504000
953292,300000
953303,0
953308,2654000
953309,718100
953310,1641500
953314,450000
953315,750000
953325,75000
953327,400000
953329,0
953342,250000
953349,0
953351,200000
953357,0
953358,980300
953372,397000
953398,0
953400,646500
953423,1722500
953428,250000
953430,239200
953433,531000
953446,0
953447,565000
953448,400000
953455,505000
953458,147000
953461,0
953462,378000
953466,479400
953476,394800
953478,2700000
953481,0
953490,150000
953511,1209600
953513,150000
953514,315400
953517,2518600
953523,0
953524,397000
953529,2276000
953531,1630000
953536,150000
953540,0
953542,300000
953543,0
953547,145000
953549,147000
953553,150000
953568,137500
953569,0
953571,0
953574,440000
953578,396000
953582,0
953589,150000
953594,250000
953602,150000
953603,150000
953608,446300
953611,0
953613,3170900
953617,70000
953637,408000
953646,85000
953648,0
953652,300000
953653,600000
953664,408600
953667,538000
953676,250000
953677,12509900
953679,0
953695,833400
953701,1358900
953704,489000
953705,547000
953710,820800
953711,60000
953714,250000
953716,0
953717,0
953719,0
953721,250000
953727,874000
953730,557000
953733,150000
953738,0
953740,365400
953750,400000
953756,125000
953761,1297000
953764,536400
953770,0
953780,340000
953781,500000
953782,150000
953783,0
953785,0
953792,195000
953798,650000
953803,189500
953813,338500
953817,300000
953818,0
953819,1935200
953820,250000
953821,5030700
953824,0
953825,355000
953828,200000
953833,0
953837,398400
953840,300000
953846,0
953849,0
953851,400000
953854,408000
953858,712000
953861,0
953863,150000
953876,431000
953880,378000
953886,0
953887,300000
953893,521400
953896,872700
953898,0
953899,300000
953908,651000
953910,200000
953911,300000
953915,356000
953917,537000
953919,200000
953921,0
953923,313900
953924,0
953928,1307000
953936,250000
953941,381000
953944,777200
953947,0
953948,396000
953949,575000
953954,0
953955,499700
953959,0
953961,0
953964,310000
953965,717000
953975,901500
953977,517400
953979,150000
953981,250000
953985,0
953986,270000
953987,549900
953997,0
953998,0
954008,300000
954009,200000
954012,606000
954019,469700
954021,340000
954024,535000
954036,150000
954040,150000
954041,700000
954042,362400
954044,350000
954054,91400
954056,758100
954070,2075400
954074,390000
954077,0
954078,450000
954082,545000
954083,494200
954091,516000
954095,140000
954098,70000
954100,150000
954101,0
954102,545000
954109,497000
954110,0
954114,582000
954125,409800
954131,0
954134,2291800
954136,400000
954137,830800
954138,402000
954146,661600
954149,160000
954152,286700
954167,606200
954168,577500
954173,0
954175,472800
954179,147000
954181,250000
954184,250000
954193,542000
954195,261000
954197,210000
954198,0
954199,0
954203,686500
954208,1578600
954210,0
954211,0
954212,0
954213,300000
954214,0
954217,32000
954218,0
954220,416800
954221,0
954226,0
954245,825000
954249,0
954256,0
954257,0
954258,365000
954259,350000
954260,0
954264,0
954265,0
954266,339400
954268,710000
954279,788400
954290,745100
954292,0
954295,545000
954302,529500
954308,0
954310,1440000
954315,0
954316,738300
954322,645500
954330,0
954332,1048000
954341,537500
954347,200000
954359,1375000
954366,70000
954367,150000
954368,472800
954374,450000
954375,0
954380,0
954382,381000
954384,490000
954392,458000
954398,0
954402,0
954405,250000
954409,150000
954417,70000
954423,381000
954425,580000
954427,978000
954428,300000
954429,315200
954431,526200
954433,400000
954443,380000
954453,448000
954460,0
954464,0
954466,300000
954467,0
954483,2259600
954493,0
954495,0
954500,425000
954502,232500
954503,200000
954516,720000
954535,0
954536,0
954537,567000
954542,250000
954548,0
954551,0
954552,462000
954554,364000
954560,0
954564,147000
954572,0
954574,0
954578,0
954579,1365500
954580,0
954581,335000
954583,0
954587,222000
954589,547000
954590,564000
954593,372000
954600,404000
954601,335000
954604,0
954606,400000
954607,1135200
954608,800000
954609,0
954613,0
954615,938500
954618,250000
954625,0
954630,210000
954632,330000
954635,0
954636,0
954640,832000
954643,250000
954647,300000
954650,112000
954652,0
954653,169300
954654,400500
954662,0
954668,606000
954675,500000
954677,348000
954678,150000
954685,0
954686,600000
954687,989000
954691,389400
954693,610800
954709,0
954716,0
954719,487000
954722,0
954723,783500
954725,570000
954728,142000
954745,0
954752,300000
954753,781000
954759,458000
954765,0
954782,419000
954783,0
954787,0
954792,0
954793,0
954794,258000
954797,169700
954805,0
954810,150000
954811,0
954813,357000
954824,720500
954825,222500
954826,400000
954830,350000
954847,1240500
954850,200000
954853,1013800
954855,597500
954856,0
954868,0
954872,300000
954874,580800
954877,342000
954888,65000
954897,5000000
954904,416700
954908,280000
954915,17211600
954916,1603700
954921,340000
954936,1244000
954937,0
954942,150000
954943,370200
954947,420500
954949,390000
954951,0
954961,549000
954966,400000
954967,0
954968,505500
954969,344400
954971,864000
954973,965800
954974,250000
954981,0
954984,336000
954986,340000
954988,0
954990,0
954994,330000
954995,0
955001,411600
955006,513000
955008,404500
955011,884000
955014,617000
955019,300000
955023,600000
955030,0
955035,702000
955036,0
955040,0
955052,250000
955063,142000
955065,1030000
955073,0
955075,449500
955080,0
955081,0
955084,0
955089,0
955093,1247000
955117,110000
955119,150000
955121,1919800
955124,0
955127,0
955129,464000
955150,591500
955162,0
955167,550000
955170,347000
955177,1242000
955178,738100
955184,0
955190,316000
955195,619500
955196,0
955217,350000
955218,750000
955223,841200
955229,180000
955238,592000
955254,0
955255,300000
955256,399000
955258,140000
955269,861600
955276,645800
955280,0
955282,372000
955283,0
955285,552000
955290,0
955292,250000
955293,0
955297,425900
955302,150000
955305,1758800
955309,0
955316,410000
955321,7800600
955327,724000
955331,526800
955340,710000
955341,0
955345,534000
955349,0
955350,0
955354,130000
955357,457200
955380,371600
955381,0
955383,439500
955396,0
955398,0
955402,400000
955405,140000
955409,0
955418,1000000
955422,0
955423,0
955424,365400
955432,914200
955435,1000000
955443,150000
955447,1008100
955454,412200
955457,0
955460,250000
955466,371000
955468,150000
955469,516000
955477,976800
955483,360000
955486,450000
955491,0
955493,0
955494,0
955495,977000
955499,0
955504,614000
955505,465200
955513,0
955514,0
955515,132000
955517,300000
955520,0
955524,670000
955528,300000
955530,450600
955531,1440800
955534,945000
955536,150000
955543,600000
955548,540000
955560,365200
955562,0
955564,0
955566,348000
955567,300000
955570,262000
955571,0
955572,334000
955581,546000
955588,224700
955591,450000
955592,140700
955600,695300
955602,0
955605,0
955606,271000
955608,150000
955613,300000
955619,536500
955621,70000
955628,1434000
955634,136000
955640,250000
955642,367800
955643,752000
955647,450000
955648,400000
955658,400000
955659,0
955662,0
955671,0
955675,127100
955677,1157000
955680,550000
955682,880100
955686,56800
955691,662400
955693,344500
955697,250000
955698,324000
955699,0
955700,0
955708,0
955716,0
955720,0
955722,0
955727,366000
955730,328500
955731,400000
955733,0
955737,1298000
955738,0
955742,408000
955748,0
955749,378000
955752,450000
955757,400000
955764,1114000
955775,954500
955777,0
955782,353700
955783,488000
955786,483000
955787,416500
955789,722500
955795,0
955804,400000
955806,0
955810,130000
955811,0
955813,250000
955814,468000
955816,605000
955819,300000
955823,0
955826,140700
955828,0
955830,150000
955832,0
955833,399000
955834,0
955836,300000
955837,0
955839,0
955842,0
955852,367200
955854,1784500
955855,250000
955857,0
955861,500000
955862,0
955863,0
955866,372000
955868,0
955869,285000
955876,300000
955883,0
955885,591000
955888,0
955889,995900
955890,600000
955897,274000
955903,550000
955917,0
955925,495600
955927,250000
955929,4766800
955933,0
955935,0
955943,300000
955951,300000
955952,250000
955954,360100
955955,0
955966,520200
955967,0
955970,441000
955972,320000
955974,142000
955981,450000
955989,466800
955991,0
955992,450000
955994,510000
955995,498500
955996,0
956001,377400
956010,357000
956016,142000
956020,0
956021,285000
956022,0
956024,555800
956027,250000
956028,200000
956029,180000
956031,350000
956033,40200
956038,3758400
956041,0
956045,384600
956049,0
956052,300000
956055,0
956056,250000
956060,0
956067,223800
956074,87000
956075,620000
956079,0
956088,1435400
956089,400000
956090,320000
956092,501000
956094,597000
956101,400000
956108,0
956109,420000
956112,201500
956118,0
956122,0
956126,1066000
956130,595700
956141,0
956144,139000
956146,752000
956149,990000
956162,404000
956163,381000
956167,0
956169,447900
956170,5193000
956173,320200
956174,150000
956182,514800
956187,386400
956190,844400
956199,592200
956206,300000
956213,250000
956217,0
956221,0
956226,0
956230,73000
956233,0
956241,378000
956242,150000
956251,450000
956257,386500
956262,0
956263,450000
956265,0
956267,0
956275,250000
956277,0
956280,453600
956282,72000
956286,0
956287,307200
956289,200000
956304,528600
956305,864400
956311,0
956315,0
956319,0
956330,450000
956341,400000
956349,150000
956351,294600
956358,750000
956359,1110000
956361,240000
956362,371000
956363,333500
956368,395100
956369,250000
956370,414000
956373,300000
956374,166000
956378,543300
956386,300000
956388,250000
956389,0
956392,0
956399,367200
956403,250000
956421,572500
956422,250000
956423,0
956430,0
956431,1380000
956437,350000
956443,916000
956445,250000
956447,1555300
956449,375600
956451,265000
956453,700000
956454,150000
956458,478700
956460,0
956467,382200
956474,1200000
956478,1782000
956480,150000
956482,733000
956487,300000
956488,444000
956495,1352100
956499,310000
956500,171000
956504,0
956505,1240600
956510,0
956516,1100000
956518,478500
956519,491100
956520,0
956521,750000
956524,0
956528,605000
956529,453000
956535,302000
956539,0
956552,150000
956553,0
956557,70000
956559,250000
956565,0
956582,716000
956583,0
956589,0
956590,387500
956592,450000
956595,0
956596,322000
956598,2106700
956605,150000
956607,500000
956608,2854300
956611,600000
956633,387000
956635,0
956636,1276100
956639,468100
956651,300000
956653,0
956657,0
956664,537300
956666,0
956677,140700
956684,350000
956686,2531200
956689,492000
956691,200000
956694,0
956697,0
956699,728800
956702,250000
956704,0
956707,329500
956709,450000
956711,567000
956721,0
956722,0
956736,0
956737,250000
956741,600000
956749,700000
956751,700000
956754,0
956764,564000
956767,0
956772,140000
956777,150000
956792,0
956793,635200
956800,390000
956801,150000
956806,450000
956808,420500
956812,494500
956813,150000
956814,450000
956817,400000
956819,460000
956829,0
956831,399000
956832,789800
956837,246800
956838,0
956843,150000
956846,450000
956850,400000
956851,650000
956854,300000
956857,0
956869,0
956872,0
956875,626800
956878,400000
956879,0
956890,382000
956900,528000
956903,432000
956904,0
956909,500000
956911,612900
956914,250000
956920,669400
956923,0
956924,0
956929,400000
956938,349300
956946,125000
956950,312200
956954,367500
956956,0
956958,0
956973,450000
956981,0
956987,0
956993,150000
956996,0
957000,0
957007,450000
957013,425300
957017,0
957020,200000
957028,250000
957061,0
957063,617900
957065,250000
957075,250000
957079,0
957080,250000
957085,0
957087,150000
957089,0
957091,200000
957104,546900
957107,299000
957114,0
957115,495000
957121,457500
957128,0
957132,150000
957134,415600
957146,310000
957147,503500
957148,139000
957149,1454900
957152,0
957159,0
957169,200000
957182,0
957184,472000
957190,150000
957191,350000
957195,581600
957204,160000
957207,0
957208,300000
957212,445500
957214,0
957215,130000
957224,400000
957225,0
957227,0
957229,2800200
957230,0
957237,0
957245,0
957246,417000
957253,0
957255,35200
957261,579200
957264,0
957271,546000
957275,281500
957284,0
957285,0
957287,0
957291,489400
957292,700000
957295,150000
957298,0
957308,490000
957311,0
957322,466000
957324,150000
957329,354000
957338,150000
957341,0
957348,180000
957360,25200
957364,0
957368,0
957369,0
957371,117000
957373,152800
957380,150000
957384,0
957387,716000
957392,150000
957397,20000
957399,150000
957401,0
957411,300000
957417,40200
957418,337100
957419,0
957426,620100
957431,250000
957439,200000
957444,0
957451,652600
957452,150000
957461,300000
957463,200000
957481,0
957495,0
957501,0
957502,0
957515,0
957523,0
957526,830000
957527,563200
957538,507500
957540,0
957546,430000
957548,690000
957557,150200
957571,70000
957574,598900
957578,200000
957581,0
957592,250000
957594,150000
957605,400000
957620,0
957621,0
957622,0
957632,250000
957633,0
957644,0
957650,1496000
957656,0
957660,0
957661,550000
957666,659200
957671,0
957674,300000
957681,0
957682,2271200
957689,740000
957690,150000
957695,366000
957698,1093100
957715,0
957717,0
957723,0
957735,0
957754,2566600
957759,0
957779,0
957784,3628200
957799,503600
957811,250000
957813,430000
957817,200000
957818,250000
957823,0
957827,268500
957831,0
957859,130000
957867,100000
957869,150000
957870,135000
957882,300000
957895,2511900
957906,0
957918,200000
957925,414000
957935,455000
957941,1929200
957975,0
957980,400000
957995,0
958003,130000
958010,699500
958021,578500
958032,250000
958040,530500
958044,0
958065,600000
958071,0
958082,0
958088,150000
958090,1192000
958114,281000
958116,0
958129,0
958131,150000
958132,397000
958142,0
958148,150000
958149,154000
958163,0
958168,642700
958171,1554000
958181,0
958182,70000
958188,150000
958191,1091500
958199,400000
958207,175000
958216,712000
958224,1380000
958234,0
958236,250000
958238,311700
958242,663500
958254,300000
958258,0
958260,599700
958263,322500
958264,1287700
958265,402000
958285,0
958287,614000
958288,0
958289,0
958298,735000
958302,0
958325,0
958341,797500
958350,2510900
958354,721000
958355,415800
958357,300000
958360,404000
958376,150000
958378,200000
958383,0
958395,353300
958396,114500
958398,441000
958403,0
958404,0
958415,0
958422,125000
958425,510000
958430,0
958435,360000
958440,430000
958441,476400
958444,345000
958445,558000
958446,546000
958449,452000
958454,70000
958456,689000
958459,331400
958461,232500
958467,0
958474,0
958483,0
958486,208800
958489,0
958495,330000
958501,300000
958504,940200
958506,1510900
958508,150000
958518,0
958521,0
958523,300000
958531,0
958535,389100
958536,315000
958547,478000
958553,418800
958559,0
958569,615000
958571,0
958574,300000
958577,367200
958580,495000
958581,450000
958583,500000
958585,529800
958590,536000
958591,250000
958594,250000
958600,300000
958601,480000
958602,502200
958603,379200
958604,152500
958607,0
958609,320000
958613,361200
958618,0
958621,38000
958627,424800
958630,367200
958633,400000
958635,690800
958640,2225200
958646,0
958650,570000
958652,865800
958660,0
958664,89000
958668,1036900
958671,0
958687,391300
958703,450000
958707,450000
958708,300000
958709,0
958716,150000
958727,558600
958732,1308400
958740,594000
958741,0
958746,438000
958750,170000
958767,300000
958771,1216000
958780,0
958783,302100
958785,250000
958789,344000
958791,0
958793,0
958795,528600
958796,600000
958800,0
958804,0
958806,659300
958807,140000
958810,408700
958818,0
958820,0
958821,450000
958826,324000
958832,474600
958834,0
958836,595000
958838,475000
958840,0
958842,8348900
958846,402600
958849,533000
958850,0
958854,400000
958856,0
958857,300000
958858,0
958859,549500
958865,1197000
958878,150000
958879,0
958893,456000
958894,1768700
958900,515800
958906,450000
958913,1366000
958923,405000
958924,263000
958929,412800
958932,150000
958939,500000
958945,344300
958950,0
958951,651000
958965,150000
958968,333900
958978,372000
958981,300000
958989,404000
959000,390000
959006,0
959007,1254100
959010,280000
959014,150000
959029,425600
959030,70000
959031,424000
959039,0
959040,0
959041,300000
959044,648500
959051,463000
959052,1626400
959058,300000
959059,0
959065,777000
959067,342300
959070,350000
959080,0
959086,529200
959104,1166000
959107,448000
959109,140000
959110,0
959131,367200
959138,5743500
959140,622000
959142,1274000
959148,361200
959150,1295900
959154,200000
959159,0
959161,990000
959181,300000
959182,0
959187,500000
959194,300000
959198,140000
959200,487800
959202,0
959207,460000
959215,0
959220,0
959221,195000
959228,390000
959229,0
959233,150000
959237,370300
959239,400000
959240,330000
959241,367500
959243,475500
959246,300000
959259,0
959261,830500
959262,691300
959264,250000
959265,0
959271,2068500
959280,2187900
959281,631000
959287,150000
959288,262000
959291,365200
959297,0
959300,250000
959303,0
959304,542000
959312,500000
959330,400000
959335,0
959336,450000
959338,290000
959344,0
959354,340000
959355,486000
959356,724600
959362,814500
959368,0
959370,0
959375,140000
959378,0
959383,0
959384,0
959388,1533200
959393,0
959394,372000
959401,0
959402,677500
959403,0
959420,461200
959437,727000
959442,0
959444,0
959450,150000
959454,329500
959458,352800
959470,0
959471,481200
959474,495000
959476,125000
959483,0
959486,450000
959492,590000
959494,150000
959498,360400
959513,2369400
959520,693000
959521,1150000
959522,275000
959524,140000
959527,800000
959529,0
959536,0
959541,0
959543,300000
959546,581000
959547,500000
959548,0
959550,0
959560,250000
959563,400000
959565,353200
959570,400000
959572,0
959576,2109500
959588,0
959594,351000
959596,0
959604,623800
959605,0
959607,380000
959611,130000
959615,1194300
959616,311500
959617,250000
959619,300000
959620,250000
959621,450000
959622,450000
959623,526800
959625,250000
959626,326000
959630,0
959632,350000
959639,150000
959640,0
959645,562000
959648,1093000
959660,1703700
959664,429100
959667,0
959668,390300
959669,660000
959679,0
959686,0
959690,400000
959696,3349800
959698,513900
959700,600000
959702,300000
959708,520000
959721,722000
959729,131300
959731,512800
959735,357300
959737,0
959739,297000
959740,70000
959748,372000
959749,298100
959760,999700
959762,150000
959763,400000
959772,0
959775,0
959777,672500
959780,0
959781,140000
959783,70000
959784,0
959794,400000
959803,0
959807,471800
959812,0
959813,300000
959814,4241500
959823,1906800
959827,149500
959829,1100000
959830,400000
959835,0
959837,141000
959842,0
959843,444500
959848,365200
959856,400000
959859,0
959860,1054400
959861,0
959872,887000
959873,1040000
959874,327500
959879,454800
959885,580000
959886,200000
959887,300000
959892,943800
959902,756000
959904,367500
959908,200000
959914,571000
959917,250000
959920,832800
959924,0
959930,150000
959931,0
959937,808000
959940,0
959951,300000
959956,532000
959963,150000
959970,150000
959971,0
959972,566000
959974,70000
959976,0
959983,0
959985,1819000
959988,320000
959991,150000
959994,150000
959995,788800
960005,472000
960016,423000
960024,0
960025,2709000
960031,426500
960041,150000
960045,0
960051,0
960057,342000
960061,390000
960070,700000
960075,0
960081,0
960085,0
960093,0
960096,404000
960103,453600
960109,340000
960111,108000
960114,0
960117,0
960119,0
960121,2310500
960142,0
960151,600000
960152,3776500
960160,750000
960170,0
960172,352000
960182,578000
960187,218000
960189,0
960191,0
960192,535000
960193,378000
960197,0
960204,352000
960208,0
960227,300000
960228,292000
960230,558500
960231,0
960232,0
960234,0
960237,807700
960242,456000
960245,0
960249,0
960250,390000
960255,2991100
960257,70000
960266,0
960271,61500
960276,352200
960277,435800
960280,150000
960287,0
960294,471800
960300,165000
960301,150000
960302,365500
960303,70000
960310,140000
960311,325000
960315,550000
960318,250000
960324,350000
960327,492500
960332,300000
960339,0
960354,0
960356,550000
960357,665500
960368,0
960372,250000
960376,467400
960377,300000
960382,382400
960385,70000
960390,0
960398,0
960400,457000
960401,200000
960404,215600
960405,600000
960409,425400
960419,0
960422,6375000
960428,0
960429,119000
960432,1579700
960434,200000
960435,374100
960438,674000
960441,0
960450,310000
960452,150000
960454,137500
960455,0
960457,400000
960460,0
960470,70000
960491,500000
960503,966000
960504,334700
960521,0
960523,0
960524,0
960537,0
960549,166000
960557,0
960564,384000
960565,0
960573,0
960575,0
960595,362600
960596,0
960600,290000
960610,450000
960611,450000
960614,319000
960625,6551500
960626,0
960633,245000
960639,0
960645,0
960652,0
960655,800000
960665,500000
960669,0
960678,0
960694,400000
960696,430000
960698,1289200
960702,0
960705,0
960719,0
960721,200000
960733,650000
960736,587500
960740,1010000
960745,182000
960746,0
960759,450000
960769,0
960779,150000
960782,400000
960784,300000
960789,499700
960793,347400
960797,0
960798,146000
960799,0
960806,0
960810,0
960811,296500
960821,0
960822,319500
960823,350000
960839,839200
960848,350000
960849,1082800
960850,0
960853,447500
960856,200000
960857,420000
960859,0
960862,150000
960865,664000
960878,0
960879,375000
960880,621400
960888,0
960903,150000
960906,230000
960907,76800
960911,4103200
960912,621500
960914,345000
960918,140000
960921,1589000
960928,0
960929,0
960930,140000
960933,67000
960951,574200
960955,1990200
960959,140000
960968,1218400
960970,112000
960988,354000
960990,140000
960993,450000
961013,0
961018,150000
961031,0
961037,554000
961044,0
961048,0
961050,0
961052,1556300
961055,366000
961060,400000
961063,548100
961064,130000
961072,70000
961083,300000
961095,0
961097,0
961099,905700
961100,286000
961101,150000
961104,678000
961112,1011800
961117,0
961119,150000
961125,150000
961131,867000
961132,149000
961133,845000
961139,135000
961142,350000
961146,110000
961148,400000
961149,0
961153,350000
961160,829800
961161,925000
961162,150000
961169,600000
961174,0
961180,140000
961183,686000
961188,150000
961191,0
961198,824000
961202,0
961204,0
961205,0
961209,0
961215,250000
961218,145000
961223,250000
961227,145000
961228,0
961230,0
961237,432500
961247,612000
961249,399000
961251,300000
961253,460000
961254,0
961261,350000
961262,400000
961268,475100
961274,252000
961276,267000
961280,400000
961283,0
961284,0
961286,436300
961291,136000
961307,590000
961310,0
961315,639600
961316,142000
961324,720000
961327,363000
961349,0
961352,0
961355,811000
961358,0
961359,475000
961363,984600
961366,0
961367,0
961370,0
961373,600000
961374,300000
961378,0
961386,3295500
961388,0
961401,450000
961406,0
961408,450000
961414,510000
961417,0
961418,250000
961419,510300
961424,0
961425,200000
961426,650000
961435,834700
961437,294000
961442,0
961445,200000
961447,550000
961448,0
961450,0
961452,0
961461,0
961471,200000
961477,630000
961483,137500
961489,0
961491,0
961496,0
961497,0
961499,150000
961504,150000
961508,250000
961521,0
961523,0
961525,250000
961540,190000
961541,0
961543,433500
961546,0
961547,250000
961550,200000
961551,624000
961552,250000
961554,300000
961555,1051900
961557,90000
961569,0
961570,144200
961575,748000
961576,200000
961577,0
961582,744000
961583,150000
961588,164500
961592,0
961594,300000
961595,467500
961596,0
961597,390000
961598,473500
961599,250000
961603,0
961626,150000
961632,563000
961638,850000
961639,0
961648,200000
961655,216000
961656,300000
961664,250000
961667,250000
961676,300000
961678,0
961690,150000
961693,317000
961694,0
961696,314300
961697,0
961698,642000
961699,0
961700,70000
961705,150000
961706,745600
961712,1540000
961713,140000
961715,130000
961726,356000
961728,1345000
961740,5823400
961744,250000
961747,1628200
961748,500000
961752,0
961761,0
961764,650000
961766,260200
961773,250000
961802,138800
961814,655000
961818,150000
961826,0
961830,250000
961837,340000
961838,0
961848,13861000
961852,145400
961856,400000
961861,174000
961870,0
961871,0
961882,0
961889,150000
961891,0
961900,0
961905,0
961907,0
961908,44100
961911,120000
961912,178000
961914,0
961916,300000
961918,0
961926,400000
961929,966000
961935,150000
961943,392000
961948,535000
961953,0
961967,0
961978,0
961985,554000
961986,0
961989,250000
961990,3740500
961998,0
962001,611000
962006,0
962013,250000
962020,0
962027,628500
962030,552000
962031,250000
962041,0
962042,0
962044,559000
962046,250000
962048,449500
962052,200000
962056,150000
962062,360000
962068,699000
962070,0
962071,70000
962072,500000
962073,0
962075,522500
962078,1277300
962082,494000
962084,70000
962086,0
962091,172500
962093,250000
962094,140800
962097,426100
962098,0
962106,250000
962122,403500
962129,0
962134,0
962135,150000
962150,0
962152,170000
962155,147500
962157,0
962164,894200
962167,0
962168,0
962177,250000
962180,0
962183,346000
962186,750000
962192,474600
962198,0
962200,0
962202,250000
962204,150000
962210,0
962213,0
962219,0
962220,140000
962234,300000
962237,70000
962239,0
962244,550000
962248,52600
962249,400000
962255,458800
962257,0
962266,0
962267,700000
962270,0
962275,300000
962295,0
962298,917800
962304,1010200
962306,655100
962307,287500
962323,0
962324,469400
962327,596700
962328,765100
962331,0
962343,450000
962345,1721000
962347,250000
962348,0
962359,7474400
962363,300000
962364,70000
962365,0
962374,550000
962375,450000
962378,250000
962388,755000
962389,345000
962393,0
962400,0
962401,0
962406,130000
962408,0
962410,70000
962411,338700
962418,606000
962427,0
962429,0
962431,250000
962432,0
962436,0
962439,350000
962446,396000
962447,0
962462,0
962468,70000
962469,150000
962471,520000
962476,681400
962479,0
962482,400000
962500,325000
962502,0
962505,0
962506,0
962512,0
962513,400000
962514,412400
962515,0
962516,428400
962524,500000
962526,12600
962535,500000
962536,0
962544,291900
962559,1427000
962562,372000
962563,500000
962564,0
962565,0
962571,1349000
962577,542000
962581,150000
962585,200000
962586,200000
962593,450000
962594,0
962596,150000
962605,0
962607,406000
962613,150000
962615,406000
962625,430000
962628,343500
962630,892200
962642,70000
962645,150000
962646,0
962649,150000
962652,500000
962653,0
962656,0
962660,219000
962663,0
962666,0
962669,0
962674,244800
962681,352500
962682,616500
962683,70000
962688,231200
962698,150000
962703,100000
962705,0
962717,0
962722,0
962724,3222200
962725,3365200
962738,370200
962741,231000
962742,180000
962753,250000
962762,0
962769,1369200
962776,500000
962777,801100
962781,250000
962782,200000
962788,549000
962789,0
962792,287400
962793,0
962795,975000
962796,0
962798,1280700
962805,250000
962809,706800
962816,0
962817,995500
962818,571000
962819,520000
962827,571000
962834,0
962839,0
962841,437000
962843,214000
962855,0
962856,0
962858,250000
962859,0
962866,0
962867,0
962868,0
962874,150000
962885,0
962897,0
962899,0
962903,276800
962909,0
962913,2189900
962915,0
962938,0
962947,0
962948,300000
962950,546000
962962,601400
962968,672900
962980,0
962991,0
962995,0
962997,0
963003,605500
963009,501000
963011,0
963014,250000
963015,186000
963022,0
963030,0
963033,1390000
963046,0
963059,400000
963067,520800
963070,200000
963085,350000
963088,0
963093,0
963100,380000
963110,0
963120,893200
963134,0
963135,545200
963148,234000
963154,0
963164,332800
963173,650000
963178,0
963199,485600
963209,470800
963215,0
963216,150000
963226,0
963250,0
963254,250000
963256,900000
963272,0
963276,0
963285,1153500
963286,0
963297,300000
963299,550000
963300,200000
963303,400000
963304,0
963309,349400
963312,331800
963316,1255300
963330,200000
963333,0
963339,250000
963340,0
963341,0
963351,0
963365,350000
963367,450000
963371,0
963378,796000
963402,366000
963405,9063600
963411,0
963417,0
963421,70000
963427,1140700
963429,0
963436,336000
963438,0
963449,450000
963453,33627300
963474,0
963476,1946800
963483,0
963486,452500
963496,0
963499,688500
963501,133000
963502,1118300
963509,350000
963516,0
963520,0
963526,350000
963534,771100
963538,350000
963555,250000
963556,4076000
963557,70000
963565,0
963566,644500
963581,300000
963583,477000
963585,375300
963593,549000
963599,400000
963606,142000
963610,340000
963616,227000
963619,1850000
963620,0
963621,0
963628,324500
963630,0
963632,0
963635,0
963640,460000
963655,0
963656,0
963669,0
963673,224000
963682,0
963689,330800
963695,2456700
963702,6947500
963705,0
963731,240000
963733,0
963734,378000
963735,470000
963740,0
963742,400000
963761,1050600
963762,0
963764,1232400
963768,70000
963769,0
963776,500000
963794,0
963799,0
963801,0
963802,326200
963812,0
963822,0
963825,250000
963831,713500
963834,408500
963844,650000
963848,0
963855,300000
963860,415000
963869,0
963870,368400
963872,0
963884,1151400
963885,0
963887,4089700
963897,445000
963902,335200
963904,0
963905,309000
963913,0
963916,0
963921,1121900
963922,300000
963927,0
963931,611500
963934,0
963937,397000
963941,0
963945,499300
963947,0
963960,616100
963969,0
963985,661500
963986,360000
963988,0
963992,695000
963999,447300
964006,0
964008,391300
964015,344800
964021,0
964025,250000
964031,927000
964045,0
964051,0
964059,0
964069,2413400
964071,485000
964072,0
964080,346500
964092,1770700
964096,0
964098,70000
964101,300000
964106,600000
964107,0
964109,0
964111,264000
964112,600000
964113,0
964116,0
964124,150000
964131,70000
964135,0
964136,0
964139,0
964140,70000
964150,487500
964156,150000
964160,157300
964168,940000
964173,145000
964174,0
964175,0
964176,0
964179,0
964183,2630200
964184,0
964186,491000
964191,500000
964194,250000
964197,0
964202,208000
964211,1826900
964214,2037500
964215,564000
964222,171000
964225,1114900
964226,275000
964227,142000
964230,0
964232,431400
964234,250000
964243,300000
964244,0
964245,1651000
964246,377700
964249,0
964258,349900
964259,0
964269,150000
964271,300000
964274,200000
964290,0
964293,150000
964298,250000
964299,0
964302,300000
964308,0
964319,1082500
964320,0
964327,300000
964329,640000
964332,914000
964335,3165000
964337,2048000
964339,121000
964357,863200
964363,1521500
964366,0
964367,0
964369,340000
964375,150000
964384,282000
964385,0
964392,575000
964394,2628600
964398,0
964400,290000
964405,424800
964406,467600
964409,144000
964411,410400
964412,0
964414,0
964419,0
964422,108000
964428,866000
964433,314700
964439,0
964442,6428800
964447,200000
964449,255000
964456,849500
964461,392900
964462,0
964465,0
964466,1195000
964468,150000
964473,296000
964475,0
964476,481600
964479,0
964486,0
964487,671000
964489,446500
964490,0
964495,475000
964497,450000
964507,440000
964510,2017100
964517,150000
964521,250000
964527,533100
964530,300000
964531,0
964534,150000
964535,1116800
964541,0
964542,425200
964549,0
964550,348000
964552,612000
964568,143600
964569,0
964572,360000
964576,0
964586,0
964594,935300
964599,2480200
964602,286000
964611,0
964616,0
964619,0
964620,917400
964628,150000
964630,0
964634,0
964643,0
964644,520000
964649,375800
964652,450000
964659,100100
964662,488000
964666,140000
964671,0
964672,0
964673,150000
964675,150000
964682,0
964687,0
964703,0
964704,262500
964706,0
964708,356800
964709,502200
964710,0
964718,500000
964719,446800
964720,605300
964722,350300
964726,0
964748,287500
964766,0
964767,0
964772,746000
964773,150000
964785,4122300
964787,615200
964794,150000
964796,450000
964797,554200
964798,0
964800,559000
964810,250000
964812,0
964818,0
964821,187000
964822,150000
964823,598600
964835,992000
964837,943200
964838,0
964843,328700
964846,628000
964847,150000
964859,200000
964868,827600
964870,1943100
964874,500000
964885,448000
964889,400000
964890,0
964906,150000
964909,402000
964912,300000
964915,1941300
964918,3899100
964928,150000
964929,0
964940,150000
964942,0
964944,500000
964945,450000
964948,0
964949,349000
964958,400000
964963,300000
964968,70000
964970,449000
964974,70000
964992,0
964996,250000
965000,800000
965001,300000
965008,0
965013,0
965038,1005100
965040,2117200
965047,1478000
965049,850000
965050,0
965054,312000
965059,102600
965063,0
965073,300000
965074,142000
965085,337200
965089,1313100
965094,0
965112,863700
965120,1342800
965134,350000
965136,145000
965137,540200
965138,0
965139,409600
965140,0
965141,0
965154,225000
965155,0
965163,540000
965166,327200
965178,417400
965179,442000
965184,397000
965185,480000
965186,324800
965190,0
965192,364500
965195,0
965209,0
965212,396000
965218,5888800
965219,150000
965227,0
965233,0
965234,0
965237,0
965239,436600
965242,881000
965244,0
965250,402500
965261,410500
965264,80000
965270,0
965272,0
965273,1146000
965274,928200
965275,488400
965281,0
965286,250000
965292,463000
965297,250000
965299,324500
965300,150000
965308,3521700
965312,0
965317,330000
965321,200000
965332,356000
965333,165000
965342,0
965344,449500
965354,365500
965356,80000
965368,145000
965380,270000
965382,432000
965388,0
965391,0
965393,0
965399,125000
965401,0
965402,40000
965408,190000
965409,0
965412,150000
965415,0
965424,1062000
965425,327200
965426,0
965428,0
965433,575400
965435,348000
965436,0
965438,300000
965439,150000
965445,500000
965449,250000
965455,450000
965460,0
965464,429000
965488,373000
965489,300000
965491,150000
965496,150000
965511,0
965514,655900
965516,839800
965518,0
965519,410800
965521,150000
965524,250000
965530,816200
965531,150000
965532,0
965540,73300
965541,587200
965547,899100
965548,472400
965557,0
965563,53900
965570,250000
965575,1257200
965580,0
965591,70000
965593,0
965596,136000
965599,250000
965606,360000
965609,762200
965614,224500
965622,0
965629,200000
965630,1000000
965633,0
965643,62000
965655,622500
965656,521200
965657,582200
965659,0
965664,140000
965665,0
965670,390000
965673,0
965674,128000
965676,339200
965684,0
965686,495000
965687,150000
965692,0
965697,836000
965703,479500
965709,140000
965713,454000
965715,422200
965718,982000
965720,0
965732,0
965733,0
965737,318000
965738,448500
965739,1000000
965745,0
965753,0
965759,360000
965766,300000
965775,419500
965782,881000
965785,150000
965787,640000
965799,150000
965803,0
965812,3092100
965815,517800
965816,0
965817,367200
965837,0
965840,27615400
965842,342500
965846,145000
965849,250000
965851,200000
965852,300000
965853,400000
965859,0
965863,250000
965867,0
965868,0
965873,1508600
965875,0
965878,134400
965879,0
965883,145000
965886,1419400
965889,637000
965890,220500
965895,267000
965897,500000
965899,0
965901,734400
965906,550000
965913,0
965916,142000
965920,1680400
965925,604500
965940,577600
965950,0
965957,150000
965958,226800
965959,447200
965960,0
965963,500000
965964,0
965966,400000
965967,422500
965973,350000
965978,3785000
965987,450000
965993,0
965995,350000
965999,900000
966000,0
966001,300000
966002,0
966005,250000
966007,600000
966011,0
966019,1905900
966021,10766400
966023,0
966026,970000
966027,150000
966028,120500
966039,390000
966051,781000
966054,119100
966061,0
966063,0
966069,350000
966071,346000
966076,200000
966082,316000
966086,862000
966089,459000
966095,0
966098,250000
966100,150000
966113,2425500
966117,337400
966118,300000
966125,209300
966126,0
966130,300000
966137,1732500
966147,100000
966151,150000
966152,660800
966153,417500
966155,0
966160,142000
966164,530000
966165,130000
966169,872500
966173,150000
966186,0
966188,0
966189,0
966190,279600
966198,921000
966204,250000
966206,742800
966210,950000
966214,10334200
966217,250000
966220,0
966221,0
966229,0
966235,438000
966241,400000
966247,0
966253,150000
966260,150000
966263,140000
966264,150000
966265,0
966275,300000
966276,145000
966278,598200
966284,589200
966286,598600
966292,0
966293,496000
966295,420000
966301,720000
966308,0
966312,810000
966318,250000
966323,0
966324,450000
966327,0
966333,0
966337,125000
966342,386000
966345,0
966348,0
966355,0
966359,297500
966360,0
966363,561800
966364,300000
966373,500200
966375,800000
966377,350000
966378,390000
966380,467900
966383,470000
966398,150000
966406,685100
966408,1207000
966413,0
966417,0
966418,1881300
966419,850000
966431,388800
966433,0
966435,450000
966437,564000
966438,0
966439,685000
966440,142000
966445,0
966448,500000
966451,405000
966453,824000
966458,300000
966459,564000
966460,776700
966466,204400
966467,595000
966469,306500
966472,801000
966475,400000
966477,400000
966478,3123400
966479,0
966490,1419900
966492,0
966495,397000
966496,0
966505,887000
966506,393000
966512,1158000
966517,322600
966521,317600
966522,1110000
966528,0
966531,250000
966540,0
966541,0
966543,400000
966545,142000
966548,0
966556,335000
966559,250000
966563,0
966567,337300
966570,63600
966571,0
966572,779500
966575,327200
966579,150000
966580,0
966583,1770000
966586,1225300
966589,422000
966605,250000
966607,584000
966609,125000
966613,300000
966625,0
966637,250000
966641,0
966666,442600
966673,0
966678,360000
966686,125000
966696,0
966699,125000
966705,80000
966708,397600
966713,369600
966717,6489700
966718,1272400
966732,560400
966737,672600
966744,70000
966748,655000
966750,7802600
966756,150000
966757,0
966760,0
966762,0
966763,250000
966766,150000
966774,150000
966775,0
966781,500000
966782,750000
966787,326800
966790,100000
966800,450700
966801,150000
966810,0
966814,0
966818,1855300
966819,1590000
966834,383500
966841,502000
966848,250000
966853,0
966854,417000
966857,582000
966858,0
966860,0
966862,442000
966867,150000
966868,396000
966870,0
966871,402400
966873,340100
966876,80000
966877,512400
966880,150000
966889,0
966893,0
966895,0
966908,200000
966911,750000
966913,0
966918,946000
966919,493000
966921,150000
966922,502500
966927,0
966929,1508000
966930,0
966945,0
966961,350000
966964,1322500
966970,0
966974,390000
966990,748000
966991,367200
966994,300000
966995,0
966999,479000
967002,800000
967005,0
967006,2903000
967012,0
967014,1010000
967015,1005000
967022,318500
967023,500500
967025,0
967028,360000
967033,525000
967045,500000
967047,70000
967053,0
967055,0
967057,63800
967058,417900
967059,0
967060,1286700
967064,808000
967073,145000
967077,0
967081,348000
967084,300000
967087,878000
967092,0
967093,357000
967096,0
967105,327500
967106,440000
967112,155500
967121,350000
967123,0
967127,0
967131,572300
967132,450000
967133,209900
967139,375000
967142,451500
967143,200000
967144,450000
967146,410100
967150,0
967153,0
967155,375000
967157,350000
967160,0
967161,250000
967165,0
967169,0
967170,450000
967171,0
967176,396100
967177,600000
967180,332900
967188,0
967194,67000
967201,1821500
967202,150000
967205,1674500
967206,0
967211,110700
967215,1109600
967221,299000
967223,0
967225,188100
967232,0
967233,150000
967240,644200
967241,300000
967242,200000
967243,0
967245,0
967257,3709000
967261,0
967265,300000
967270,0
967276,331000
967286,145000
967294,139500
967302,0
967313,0
967317,200000
967324,300000
967327,127200
967328,520000
967330,400000
967331,600000
967332,0
967334,375000
967340,500000
967344,1199300
967345,350000
967346,0
967372,150000
967380,150000
967386,974200
967405,898000
967414,150000
967415,0
967421,0
967423,0
967433,4849500
967435,598800
967443,0
967445,812000
967452,1980100
967453,150000
967455,0
967473,300000
967478,600000
967482,790000
967492,644300
967493,0
967504,575000
967505,386600
967510,469000
967511,886900
967515,0
967520,384000
967522,0
967525,1620700
967535,94700
967544,1022200
967547,378000
967553,3103800
967572,350000
967573,0
967582,800000
967584,0
967588,1014000
967601,145000
967606,150000
967612,372000
967613,0
967615,734700
967620,767400
967627,250000
967628,500000
967635,0
967636,1235600
967637,3875000
967639,0
967641,402200
967662,1667200
967665,450000
967673,0
967678,243900
967683,150000
967685,98000
967689,150000
967690,712500
967693,0
967696,0
967700,729900
967705,389500
967708,415000
967722,0
967731,150000
967732,80000
967739,700000
967756,1148700
967759,285000
967762,108000
967764,0
967771,0
967772,634500
967781,17368800
967786,0
967790,0
967794,0
967797,1055000
967807,1225000
967809,400000
967810,0
967813,0
967814,200000
967816,1061900
967819,0
967821,150000
967826,121000
967827,0
967830,0
967831,400000
967837,245000
967844,0
967863,418000
967864,1063300
967871,447000
967872,0
967873,0
967885,655000
967889,0
967893,696000
967900,506000
967906,142000
967907,1462200
967914,522100
967916,250000
967919,50000
967920,1731000
967928,292500
967934,750000
967944,802400
967947,150000
967949,0
967950,738500
967952,375000
967958,0
967960,0
967961,0
967973,2070700
967983,432000
967985,450000
967990,468000
968014,0
968015,678000
968023,628800
968029,469800
968036,150000
968037,870000
968039,0
968045,145000
968053,0
968055,400000
968061,0
968064,504000
968074,145000
968087,200000
968096,40200
968097,819000
968113,150000
968123,130000
968127,0
968128,596900
968131,0
968132,380000
968136,449000
968138,300000
968149,150000
968160,150000
968163,150000
968169,145000
968171,1043300
968180,400000
968186,316800
968187,260000
968191,110000
968195,150000
968198,104000
968199,0
968212,0
968219,0
968227,366000
968232,549000
968234,0
968242,400000
968244,35500
968269,67500
968301,0
968304,0
968307,0
968322,0
968328,250000
968332,33000
968333,0
968359,0
968360,0
968365,0
968369,200000
968370,0
968377,1381900
968383,511200
968387,0
968393,0
968401,0
968408,464500
968420,648400
968422,590000
968423,529000
968429,450000
968431,50400
968445,438000
968450,500000
968455,524000
968468,610000
968475,0
968496,535200
968497,150000
968504,703800
968512,372600
968517,0
968528,1079000
968531,650000
968537,472600
968540,736500
968547,1100000
968558,440000
968564,705000
968566,460800
968571,128000
968576,0
968579,200000
968588,400000
968599,325000
968605,590200
968613,150000
968616,0
968617,0
968629,0
968630,342000
968635,250000
968649,553000
968653,125000
968656,250000
968662,0
968665,0
968666,145000
968667,307500
968670,0
968673,0
968676,350000
968677,378000
968681,0
968685,2476000
968688,0
968721,2381200
968726,350000
968728,250000
968731,408000
968744,0
968748,239600
968759,600000
968764,387500
968765,823200
968766,450000
968775,450000
968787,0
968789,1268400
968805,150000
968806,0
968808,3361800
968814,0
968825,0
968848,0
968850,293500
968851,620000
968852,740000
968857,300000
968866,2264800
968876,132600
968892,8339500
968895,0
968899,0
968902,350000
968908,350000
968909,250000
968914,400000
968915,437200
968917,650000
968918,1934500
968920,475600
968927,350000
968936,800000
968938,384000
968940,302500
968944,300000
968955,0
968958,0
968959,1220000
968962,529600
968963,116200
968965,0
968970,435000
968971,200000
968977,0
968978,589000
968979,432000
968980,1096000
968991,757500
969009,732000
969014,1188300
969016,350000
969018,348000
969019,937000
969025,250000
969029,367200
969033,450000
969039,1147000
969040,410400
969046,408000
969048,0
969051,292600
969056,381000
969057,722000
969058,150000
969060,350000
969065,0
969068,0
969073,0
969083,434000
969090,882000
969114,2496200
969116,0
969120,384000
969124,500000
969127,0
969129,0
969140,0
969142,0
969158,0
969166,500000
969172,450000
969177,0
969181,250000
969182,378000
969193,150000
969200,0
969203,485200
969205,442000
969216,0
969232,140000
969249,0
969253,450000
969261,597800
969264,198000
969267,1141200
969278,1076000
969282,350000
969283,0
969287,654000
969303,0
969306,150000
969307,0
969322,0
969323,0
969327,502000
969333,0
969335,2716800
969343,0
969348,600000
969349,1019000
969353,502200
969355,70000
969359,374000
969361,3630100
969368,1188000
969383,764000
969384,0
969385,818000
969386,200000
969392,0
969394,150000
969395,1400000
969402,0
969405,399000
969411,150000
969413,600000
969417,0
969418,0
969420,0
969422,3326700
969423,3911500
969424,300000
969425,0
969428,150000
969439,150000
969446,401400
969452,0
969457,0
969460,0
969462,803000
969464,264000
969465,300000
969480,142000
969485,0
969489,0
969498,200000
969506,0
969507,150000
969509,435400
969516,0
969524,444600
969527,0
969532,484400
969536,0
969540,0
969545,0
969547,367200
969555,65400
969563,0
969568,495000
969570,0
969573,699000
969574,0
969577,600400
969585,300000
969586,1348800
969592,0
969593,0
969594,500000
969596,273000
969599,475000
969601,0
969602,0
969613,371700
969615,0
969618,1128000
969626,1556300
969629,0
969631,828100
969632,230000
969636,384000
969639,0
969642,1221800
969649,540000
969652,0
969655,0
969656,0
969659,0
969666,1343100
969670,355000
969672,0
969679,0
969683,345400
969687,351800
969693,600000
969694,500000
969696,75000
969698,80000
969701,0
969702,429600
969710,300000
969712,510000
969715,997000
969725,390000
969726,0
969729,0
969734,150000
969739,412000
969743,143000
969746,0
969762,404000
969763,842000
969770,1130000
969775,368000
969777,0
969791,0
969794,150000
969796,0
969798,0
969806,1606000
969811,396000
969820,0
969830,200000
969832,0
969835,140000
969838,250000
969846,300000
969849,600000
969850,731300
969853,0
969855,0
969858,0
969859,543000
969860,126500
969861,1010000
969874,0
969875,0
969880,150000
969882,540000
969895,150000
969904,417500
969906,1734200
969911,0
969917,400000
969920,0
969921,1119900
969923,640000
969927,802000
969929,634100
969931,0
969933,105600
969942,422500
969952,572300
969967,376200
969976,200000
969980,623000
969982,567000
969985,67700
969986,0
969988,0
969993,960700
969997,0
970000,300000
970004,906800
970006,375000
970007,0
970009,1289700
970010,450000
970015,0
970031,0
970032,352800
970033,180600
970034,0
970036,150000
970037,364600
970039,250000
970042,0
970046,551500
970048,400400
970053,0
970054,70000
970057,787500
970058,2648000
970063,1943500
970066,2613100
970070,602200
970071,300000
970079,390000
970095,380000
970097,0
970099,0
970108,412000
970110,250000
970121,0
970124,300000
970129,0
970133,300000
970136,350000
970139,98300
970141,150000
970143,330000
970147,0
970162,495000
970165,519300
970173,0
970176,441400
970182,364600
970183,185000
970191,383500
970192,0
970194,125000
970198,576000
970200,208900
970201,303000
970203,0
970205,0
970206,0
970213,0
970215,0
970221,353400
970235,350000
970240,460200
970242,375000
970249,0
970251,400000
970252,0
970256,1761600
970257,0
970260,0
970262,0
970276,0
970278,530000
970279,0
970282,145000
970288,386400
970289,748000
970290,100000
970291,375500
970293,490000
970294,150000
970296,0
970298,0
970302,140000
970303,70000
970306,150000
970307,215000
970312,531000
970314,145000
970325,1202900
970328,375000
970332,634000
970335,571000
970336,350000
970345,0
970350,0
970351,570900
970352,600500
970358,2708200
970363,330000
970365,443400
970366,70000
970376,0
970383,125000
970384,0
970385,310500
970388,150000
970392,200000
970402,150000
970406,0
970419,0
970420,0
970431,540000
970432,330000
970433,0
970434,471000
970435,0
970437,0
970443,771500
970445,1583500
970449,0
970450,613200
970456,110000
970458,396000
970462,1638800
970463,134000
970466,450000
970468,381000
970470,494600
970479,680000
970480,0
970485,142600
970489,395000
970494,650000
970496,145000
970498,200000
970501,0
970504,250000
970505,490000
970506,0
970508,809300
970509,200000
970511,150000
970516,796000
970519,300000
970523,125000
970526,0
970527,0
970531,450000
970534,250000
970538,0
970542,0
970548,699000
970574,385200
970575,150000
970576,145000
970578,0
970585,283000
970589,0
970592,402000
970599,650000
970603,550000
970604,412000
970609,501000
970613,433500
970619,336800
970621,350000
970633,456000
970638,475000
970639,0
970647,0
970652,214400
970656,250000
970659,0
970660,1284800
970664,0
970667,502000
970669,413000
970673,0
970674,200000
970690,0
970692,145000
970693,477900
970699,1162600
970706,145000
970707,0
970708,0
970712,0
970714,340000
970717,150000
970725,0
970731,145000
970735,645000
970738,645000
970741,300000
970745,610000
970747,357600
970751,0
970754,287500
970755,113000
970758,158800
970761,265000
970764,690600
970770,0
970786,890300
970789,350000
970791,400000
970794,814000
970798,263000
970799,310500
970805,1486000
970806,804700
970810,500000
970813,450000
970817,0
970823,250000
970825,2006000
970828,0
970829,200000
970833,300000
970834,0
970837,140000
970841,90000
970843,150000
970850,340200
970853,419600
970863,630000
970864,610000
970866,113000
970873,375000
970878,258100
970889,200000
970891,70000
970893,434400
970895,0
970896,364500
970898,200000
970899,250000
970901,4989800
970906,145000
970915,385200
970918,379200
970919,492500
970920,145000
970923,250000
970927,0
970929,141400
970932,0
970934,150000
970937,0
970939,0
970940,306200
970942,400000
970945,250000
970948,0
970958,874700
970962,0
970970,465200
970976,150000
970983,0
970984,645000
970988,350000
970989,370000
970992,686500
970995,2748300
970996,0
971004,225000
971006,561000
971007,300000
971009,435200
971014,0
971016,958000
971017,485000
971018,750000
971024,1649500
971025,150000
971026,0
971027,140000
971032,1335200
971034,0
971038,601300
971042,0
971045,145000
971051,350000
971058,691000
971061,0
971063,778100
971068,624100
971069,0
971070,344800
971073,1193100
971082,350000
971085,0
971089,125000
971092,102000
971093,549300
971094,6585900
971098,651900
971099,400000
971102,557200
971104,404400
971113,8293600
971114,0
971119,0
971121,225000
971123,0
971127,150000
971132,0
971136,265000
971138,150000
971146,0
971147,0
971148,0
971155,200000
971167,0
971169,250000
971172,472000
971178,579000
971199,80000
971205,1587100
971222,0
971223,0
971225,400000
971226,0
971230,0
971232,450000
971243,249000
971245,250000
971246,0
971253,300000
971254,0
971255,0
971256,878700
971257,306800
971259,1029100
971269,1497200
971270,276000
971275,580000
971279,250000
971281,0
971284,545400
971288,0
971290,150000
971298,413000
971302,390000
971303,400000
971304,140000
971305,550000
971306,743000
971308,399500
971310,0
971312,0
971315,1821100
971318,308600
971324,441000
971326,0
971330,150000
971337,463000
971360,450600
971363,150000
971368,0
971369,400000
971373,0
971375,150000
971379,0
971385,400000
971390,0
971395,1187400
971398,435500
971400,300000
971403,140000
971405,695000
971413,663500
971416,0
971418,0
971423,0
971425,150000
971432,497000
971433,100000
971434,0
971436,649600
971442,0
971448,350000
971449,384000
971456,595000
971458,3679000
971459,0
971461,0
971463,4444300
971464,750400
971471,0
971476,0
971481,150000
971483,15793100
971486,0
971496,200000
971497,592600
971499,0
971503,1181100
971505,0
971512,595000
971515,1175000
971519,516800
971524,125000
971527,545500
971530,307000
971538,79300
971540,1238600
971553,0
971554,490400
971562,300000
971568,0
971569,70000
971579,399500
971581,430000
971584,390000
971585,440000
971604,5945400
971605,0
971609,700000
971610,440500
971631,325200
971636,0
971640,463000
971644,350000
971645,1400000
971647,0
971648,0
971652,400000
971656,0
971660,305000
971662,1491800
971665,0
971668,2170800
971674,0
971681,296900
971684,0
971686,0
971692,250000
971701,0
971704,1330000
971712,140000
971715,0
971719,0
971720,270000
971730,150000
971736,0
971737,400000
971744,150000
971748,350000
971750,20000
971752,290000
971754,786500
971756,340600
971758,0
971761,150000
971764,0
971765,375000
971770,0
971771,753000
971772,0
971775,809500
971776,0
971779,519600
971780,337200
971784,0
971785,0
971786,0
971796,300000
971804,361800
971805,350000
971806,300000
971808,250000
971809,466000
971810,195000
971814,1255200
971815,0
971817,365200
971830,319800
971837,734400
971843,150000
971846,460600
971851,300000
971852,2758500
971853,852800
971861,0
971872,262000
971874,1389700
971880,0
971887,650000
971893,0
971894,500000
971898,0
971902,70000
971904,0
971906,417500
971907,431600
971910,674200
971917,200000
971918,250000
971923,200000
971924,250000
971930,450000
971933,521400
971938,0
971939,250000
971940,706200
971941,0
971945,571400
971955,200000
971960,930000
971962,290000
971963,600000
971970,420000
971973,506000
971974,0
971978,563200
971985,250000
971991,493000
971995,365000
971998,0
972001,452500
972002,950000
972003,0
972009,665000
972011,576000
972013,1653000
972014,386400
972018,150000
972019,0
972021,140000
972025,99000
972031,0
972035,207000
972045,340200
972052,537000
972055,0
972056,0
972058,310000
972060,0
972066,0
972067,591000
972070,822500
972078,436400
972082,233700
972085,140000
972088,1189800
972093,1862800
972095,210000
972106,0
972110,400000
972112,467500
972113,150000
972117,215700
972128,0
972132,0
972134,279400
972135,0
972138,260000
972139,150000
972140,0
972143,77800
972148,0
972158,463200
972162,390000
972164,2107200
972169,450000
972170,300000
972173,0
972176,325000
972178,350000
972181,0
972184,600000
972192,0
972193,383000
972201,337200
972214,250000
972215,340200
972240,707200
972249,0
972252,234500
972266,150000
972267,816700
972269,142000
972270,0
972276,300000
972286,0
972291,0
972295,250000
972300,500000
972301,0
972304,0
972309,371400
972312,469500
972313,562800
972315,0
972316,600000
972321,0
972327,0
972328,574800
972337,150000
972340,0
972344,150000
972348,0
972349,250000
972352,400000
972353,801700
972355,500000
972359,705700
972363,316200
972365,295500
972370,0
972377,250000
972379,4241800
972381,250000
972386,415200
972389,612100
972392,300000
972393,375000
972396,300000
972397,352800
972402,0
972410,140000
972419,0
972421,307600
972427,1189500
972431,390500
972443,971000
972447,0
972449,314700
972451,150000
972452,150000
972458,0
972465,272000
972466,362000
972482,200000
972497,384000
972499,0
972501,235300
972509,557500
972511,250000
972517,0
972518,434400
972519,1142800
972525,1312800
972533,0
972534,0
972535,800000
972537,0
972546,350000
972548,600000
972551,250000
972557,0
972568,100000
972575,0
972577,0
972578,400000
972582,598300
972587,0
972593,314600
972595,703100
972603,0
972606,791200
972612,0
972613,472000
972616,286500
972618,340200
972620,150000
972631,220000
972632,483500
972636,874100
972644,0
972646,0
972655,747200
972662,300000
972665,0
972666,328000
972668,861500
972672,0
972673,70000
972675,250000
972685,558400
972690,0
972694,400000
972699,530000
972710,142000
972714,1877500
972715,347000
972717,200000
972723,300000
972724,300000
972733,472000
972736,381000
972737,546700
972739,40600
972744,1088200
972745,0
972747,717500
972751,0
972752,250000
972754,372000
972758,150000
972770,514000
972777,350000
972778,236000
972782,0
972789,316000
972793,0
972796,300000
972800,760200
972801,70000
972803,467900
972805,796700
972809,450000
972815,250000
972820,1062200
972824,0
972825,544000
972829,293200
972833,422800
972834,400000
972837,0
972838,0
972839,0
972840,0
972841,3001500
972845,750000
972850,350000
972860,0
972864,87500
972869,0
972870,1855000
972871,400000
972872,0
972876,0
972879,150000
972883,957000
972886,0
972899,0
972900,150000
972911,400000
972914,300000
972916,300000
972917,200000
972918,650000
972919,350000
972923,250000
972930,827500
972943,0
972946,0
972947,0
972949,445500
972955,400000
972956,200000
972962,250000
972963,0
972969,180000
972976,0
972978,350000
972983,610800
972984,300000
972985,0
972988,449000
972993,0
972995,0
972997,714800
972999,0
973012,140000
973014,270100
973021,368400
973025,0
973027,350000
973029,0
973032,300000
973037,687300
973039,600000
973050,670000
973055,444000
973058,0
973059,300000
973060,246000
973061,250000
973067,0
973069,500000
973075,0
973078,450000
973083,0
973089,0
973095,630200
973096,0
973099,695000
973100,366000
973102,463500
973103,390000
973107,1564400
973110,0
973112,300000
973120,150000
973121,0
973127,466600
973129,435000
973130,0
973131,250000
973132,120000
973138,435000
973151,529200
973154,435500
973156,250000
973158,732000
973159,263000
973166,200000
973177,914000
973179,0
973181,0
973182,366100
973185,350000
973188,2258800
973190,453600
973200,1973400
973204,0
973209,426500
973214,0
973215,350000
973220,325100
973222,1250000
973231,250000
973236,250000
973245,634200
973247,0
973250,411500
973256,398000
973257,215100
973259,250000
973261,0
973262,1202800
973268,1320000
973276,0
973289,0
973292,0
973301,545900
973305,660000
973322,0
973324,2520300
973326,128000
973327,0
973329,415000
973332,399600
973335,0
973336,718700
973337,0
973344,132400
973347,250000
973351,329500
973352,404000
973355,794600
973358,70000
973361,408400
973365,248800
973379,702800
973382,0
973385,417000
973386,442500
973391,600000
973392,1788600
973398,403200
973401,0
973404,623500
973412,2200000
973417,0
973420,336700
973426,225000
973427,721600
973429,250000
973431,759000
973445,0
973449,300000
973452,1925000
973458,526000
973463,300000
973466,613600
973470,337200
973477,520000
973479,2834000
973482,0
973494,730000
973498,130000
973499,290000
973519,0
973521,140000
973524,502000
973526,600000
973529,606000
973532,436000
973536,750000
973537,462000
973541,450000
973551,559200
973553,728000
973554,665000
973564,0
973568,180000
973569,150000
973578,2202000
973596,533100
973597,382300
973606,381000
973607,540500
973617,0
973619,0
973621,145000
973633,140000
973638,550000
973640,305000
973643,235200
973644,450000
973647,980000
973651,723200
973653,0
973655,0
973657,0
973664,0
973667,140000
973673,200000
973676,163800
973684,100000
973693,150000
973696,0
973699,718200
973700,150000
973702,685400
973718,142000
973722,0
973724,0
973725,827600
973728,0
973738,70000
973745,0
973747,8775800
973756,520000
973759,0
973762,150000
973774,140000
973799,0
973817,186400
973818,400000
973829,0
973844,200000
973850,541300
973852,419500
973854,350000
973858,140000
973864,0
973865,350000
973867,1048400
973869,0
973870,250000
973897,0
973904,1084400
973908,0
973912,350000
973913,0
973914,0
973916,0
973927,2026000
973930,0
973933,494000
973936,350000
973941,0
973942,0
973954,3565400
973956,0
973960,0
973968,1495500
973973,273500
973991,0
973996,9253000
974002,350000
974015,403100
974018,265500
974024,0
974025,971000
974033,487600
974035,3029000
974037,200000
974043,0
974045,157500
974059,912000
974072,0
974075,200000
974084,150000
974088,567500
974093,325000
974099,550000
974103,300000
974107,0
974112,400000
974116,381400
974127,945900
974136,140000
974137,341100
974143,452000
974162,0
974181,150000
974204,1021500
974209,125000
974211,550000
974212,350000
974218,150000
974227,0
974239,0
974241,600000
974253,400000
974256,261600
974266,0
974287,0
974291,0
974292,505000
974294,426500
974299,542000
974302,0
974303,782100
974305,540500
974321,0
974351,438300
974354,300000
974360,0
974371,140000
974398,800000
974399,0
974420,0
974425,312000
974431,0
974432,879900
974438,250000
974439,0
974440,325000
974442,335000
974446,712500
974450,523500
974454,0
974457,0
974465,0
974466,0
974473,298500
974475,250000
974477,465000
974481,0
974483,197500
974494,584000
974512,835000
974529,200000
974530,400000
974540,2475500
974541,480000
974546,450000
974557,220000
974565,1587000
974574,0
974576,205000
974578,615000
974579,529500
974580,1000000
974583,0
974591,661200
974594,0
974597,0
974599,380000
974607,942800
974613,0
974615,729600
974616,1140500
974629,250000
974638,0
974653,307600
974657,0
974677,377400
974682,581000
974685,0
974697,0
974700,533500
974706,0
974708,0
974709,500000
974739,142000
974745,673900
974747,492500
974755,0
974760,465000
974764,200000
974769,496000
974770,0
974783,0
974788,0
974793,553400
974799,3171800
974803,0
974814,70000
974819,1676500
974829,0
974830,300000
974843,0
974847,729100
974861,0
974864,142000
974866,460000
974871,0
974875,0
974878,0
974884,100000
974892,600000
974902,0
974904,1189500
974920,0
974923,1809700
974924,0
974937,369000
974947,693000
974949,150000
974951,567900
974957,700000
974960,432800
974971,190000
974974,428500
974978,450000
974994,350000
974999,350000
975012,450000
975018,750000
975024,962500
975039,0
975049,447000
975058,1817800
975066,1540500
975075,523200
975078,579000
975083,897500
975084,752400
975089,511000
975092,500000
975102,385000
975108,0
975117,333000
975118,0
975122,395000
975135,0
975139,273500
975154,416200
975171,750000
975176,500000
975177,1075300
975178,0
975184,0
975188,0
975196,140000
975198,130000
975200,0
975201,253500
975203,1343300
975206,315000
975209,150000
975210,0
975215,245000
975219,0
975227,310000
975231,0
975235,150000
975243,256000
975260,292500
975261,0
975270,0
975281,70000
975288,610200
975292,0
975294,250000
975298,423600
975301,821500
975303,0
975309,0
975317,670000
975318,0
975320,331900
975322,400000
975331,466000
975332,894000
975335,1000000
975339,3480000
975347,595000
975350,1488200
975360,10004800
975371,500000
975373,0
975376,0
975378,600000
975382,0
975383,858800
975384,250000
975388,0
975396,0
975401,2525600
975406,1505000
975418,700000
975419,0
975421,0
975423,319000
975428,440000
975435,0
975457,1001000
975458,130000
975461,300000
975469,280000
975473,150000
975475,164700
975478,997100
975481,0
975482,500000
975491,0
975494,0
975499,450000
975502,0
975504,465000
975505,0
975507,250000
975509,0
975511,333000
975512,0
975514,0
975516,400200
975525,0
975526,468600
975527,0
975530,388000
975535,0
975537,0
975540,904200
975541,0
975546,0
975547,250000
975551,70000
975554,338000
975555,0
975558,0
975559,203300
975560,450000
975561,0
975564,0
975574,0
975575,417000
975582,250000
975591,403600
975593,247500
975594,250000
975597,0
975600,0
975604,450000
975608,410000
975611,300000
975616,250000
975618,281500
975630,70000
975633,0
975638,840000
975642,250000
975643,61000
975647,0
975648,0
975654,270000
975655,0
975658,0
975660,100000
975661,0
975668,289500
975669,402800
975672,0
975673,250000
975687,0
975693,811500
975694,150000
975699,0
975700,250000
975705,281000
975710,0
975716,281500
975718,250000
975739,0
975740,0
975741,0
975742,0
975756,0
975765,278500
975778,0
975779,0
975789,70000
975792,652500
975798,306000
975806,0
975812,295000
975815,0
975821,0
975823,70000
975825,402500
975831,290000
975833,390500
975834,550000
975835,7070000
975839,400000
975841,430000
975849,0
975851,140000
975852,0
975854,0
975856,285000
975871,454100
975874,0
975881,350000
975888,901000
975889,349600
975890,0
975905,0
975909,0
975910,309500
975916,690200
975921,463000
975922,148500
975931,360000
975934,0
975936,250000
975940,430600
975950,0
975955,314000
975960,250000
975967,338500
975971,0
975975,420000
975981,0
975984,0
975992,47600
975993,250000
975994,0
975995,203400
976000,0
976001,637000
976004,0
976007,550000
976008,0
976011,399600
976021,477400
976024,516500
976026,250000
976028,0
976031,1028500
976032,356000
976038,0
976039,0
976049,0
976053,239000
976057,275000
976058,0
976063,0
976065,194300
976075,0
976076,250000
976077,434500
976078,28000
976083,0
976085,675000
976094,0
976101,70000
976105,673000
976112,0
976115,0
976123,199000
976127,0
976129,0
976133,0
976135,353200
976142,492600
976143,0
976152,0
976157,485000
976159,740400
976168,450000
976171,742000
976173,0
976179,0
976182,0
976194,1289000
976198,0
976202,360000
976206,47300
976207,450000
976208,1110000
976210,300000
976216,295000
976223,501000
976224,946000
976226,300000
976229,713800
976233,0
976236,341500
976240,450000
976242,430200
976243,0
976247,0
976253,0
976265,330000
976271,500000
976275,0
976279,0
976284,0
976285,378000
976289,3071100
976297,300000
976303,0
976309,0
976314,250000
976318,378000
976320,150000
976321,301000
976322,568800
976337,250000
976338,617500
976339,228000
976342,510000
976345,2923900
976346,250000
976350,2679800
976353,590000
976354,300000
976367,106600
976371,0
976372,200000
976373,381000
976375,294000
976379,352800
976398,389600
976406,379800
976413,311500
976414,492500
976416,118500
976425,0
976428,200000
976430,285000
976435,300000
976438,891700
976442,0
976455,250000
976456,300000
976457,543000
976459,250000
976461,899000
976465,804400
976489,1125800
976490,180000
976491,0
976492,2249900
976493,1050000
976496,583900
976501,856000
976507,200000
976508,0
976513,960000
976516,727400
976527,0
976528,730000
976530,582000
976531,0
976536,250000
976538,0
976541,350000
976545,760200
976547,300000
976557,1000000
976559,471600
976567,344000
976569,361000
976579,397200
976580,0
976585,1659400
976591,439600
976593,0
976594,350000
976598,0
976601,345000
976608,1220000
976609,0
976614,0
976619,439800
976621,399000
976625,426500
976626,130000
976629,0
976630,783000
976634,581000
976638,141000
976640,0
976644,416000
976646,0
976650,0
976651,696000
976655,150000
976658,633900
976666,454200
976667,499500
976679,381000
976684,700000
976685,0
976695,501000
976700,0
976704,400000
976707,474300
976715,650200
976717,353200
976719,0
976720,33600
976722,300000
976724,442000
976725,825400
976726,0
976731,753200
976732,140000
976735,0
976736,0
976740,1630700
976746,0
976748,715500
976758,300000
976760,0
976761,1330000
976769,370800
976773,0
976777,300000
976781,0
976784,392000
976785,1914000
976791,150000
976794,1269400
976808,140000
976809,308000
976813,0
976814,0
976817,136000
976819,0
976833,1400000
976834,416000
976835,392000
976839,948500
976846,250000
976855,458500
976856,1294000
976859,545000
976861,0
976871,651000
976877,308000
976881,0
976886,300000
976887,1205400
976891,200000
976899,850000
976902,0
976903,0
976904,0
976905,350000
976906,367500
976911,432000
976913,500000
976914,678600
976917,365000
976919,2000000
976926,364000
976929,600000
976931,547000
976936,389400
976938,300000
976947,534000
976950,10000
976954,300000
976964,553900
976966,0
976972,0
976983,250000
976986,330000
976987,190000
976988,425000
976992,60000
976999,384000
977013,0
977016,366000
977019,469200
977023,300000
977026,250000
977027,150000
977028,214800
977030,0
977032,450000
977039,0
977047,350000
977048,1742700
977051,127500
977052,0
977055,169000
977057,150000
977059,0
977060,297300
977061,0
977062,250000
977063,0
977077,291500
977078,1413400
977081,300000
977084,445200
977087,535000
977089,0
977093,0
977096,1065900
977098,340200
977100,70000
977104,0
977106,98500
977111,462000
977119,0
977127,539200
977129,378000
977131,0
977133,2241500
977135,376800
977136,410400
977141,0
977143,426000
977146,0
977148,461000
977156,0
977159,0
977165,150000
977179,0
977181,0
977183,0
977185,150000
977186,0
977190,718000
977195,0
977196,352800
977197,396000
977203,770000
977206,0
977217,0
977227,410400
977235,150000
977238,357000
977240,300000
977244,534100
977246,0
977255,0
977259,0
977260,200000
977262,162000
977268,520000
977274,300000
977276,0
977278,0
977284,6355100
977286,300000
977290,336300
977294,0
977296,435600
977299,295000
977311,402000
977313,490000
977320,0
977322,65000
977323,0
977324,133600
977333,0
977337,941900
977345,682000
977347,384600
977354,396000
977355,315000
977358,500000
977359,0
977362,142000
977364,0
977366,638000
977379,16087400
977383,578000
977389,0
977413,0
977414,150000
977416,389200
977421,967700
977424,506400
977426,0
977429,0
977431,250000
977441,250000
977444,0
977452,219900
977454,1102400
977459,0
977460,295000
977469,450000
977480,0
977485,568000
977491,0
977501,0
977506,0
977509,1081000
977514,0
977515,750000
977516,700000
977520,561500
977522,0
977525,465000
977530,717500
977535,306000
977537,0
977541,718000
977548,0
977550,0
977553,660000
977554,540000
977555,709000
977557,0
977559,0
977561,0
977567,85000
977568,0
977575,859900
977590,600000
977593,350000
977594,502000
977596,1350000
977597,620000
977599,502000
977609,0
977610,876500
977612,0
977624,331000
977625,80000
977627,300000
977632,940200
977634,0
977637,150000
977638,3217200
977640,850000
977641,356800
977645,335300
977647,150000
977652,150000
977654,0
977660,0
977661,551600
977669,696000
977679,1596000
977682,0
977687,435200
977694,200000
977705,628000
977708,500000
977711,1179100
977718,505000
977719,688500
977720,0
977724,830000
977729,691000
977747,0
977756,544000
977775,888000
977780,484400
977781,760000
977783,455600
977787,385000
977792,0
977798,403500
977802,85000
977805,483000
977806,1204400
977814,50000
977815,250000
977825,13100
977829,458000
977831,2544000
977835,0
977845,250000
977847,11425400
977850,2316000
977851,465500
977853,400000
977858,0
977862,532400
977863,0
977865,0
977866,0
977873,500000
977877,487500
977880,42000
977884,500000
977886,0
977895,719500
977900,325000
977903,350000
977908,0
977924,342500
977935,664000
977938,500000
977941,0
977948,0
977952,550000
977957,142000
977963,600000
977964,1842700
977967,0
977975,400000
977977,250000
977984,0
977986,550000
977989,0
977990,150000
977998,150000
978007,300000
978012,142000
978013,450000
978017,250000
978026,267000
978027,142000
978032,550000
978037,463000
978041,0
978043,368000
978046,478300
978047,444200
978048,300000
978049,147500
978051,398000
978054,520800
978055,188000
978064,142000
978069,0
978072,400000
978073,750000
978075,300000
978076,0
978078,448000
978084,0
978085,674800
978089,200000
978094,0
978100,4204600
978107,150000
978112,495000
978117,0
978120,0
978122,311500
978124,123800
978131,375500
978134,0
978139,520000
978140,0
978141,150000
978142,0
978143,0
978144,0
978145,0
978150,250000
978151,150000
978153,950600
978154,0
978160,0
978163,150000
978167,362400
978172,0
978173,612600
978174,0
978176,550000
978188,450000
978189,0
978192,0
978199,789100
978203,0
978204,0
978206,500000
978208,0
978212,650000
978217,0
978226,0
978229,0
978231,382500
978235,350000
978236,400000
978238,150000
978239,0
978240,0
978241,0
978243,720000
978245,470700
978248,500000
978256,0
978258,374500
978264,0
978268,0
978276,479800
978278,0
978279,0
978287,500000
978289,0
978294,0
978301,357500
978302,0
978303,0
978305,0
978319,410000
978322,0
978323,150000
978328,250000
978337,70000
978338,0
978339,150000
978342,0
978347,581000
978351,0
978363,546300
978365,0
978368,60000
978369,6648700
978371,0
978372,135000
978376,318000
978378,0
978380,561700
978381,300000
978383,1020900
978385,140000
978387,7163400
978388,0
978403,0
978404,0
978405,150000
978428,165000
978439,150000
978441,1165000
978458,141000
978460,757000
978468,138000
978477,0
978490,353100
978494,527100
978495,0
978499,1000000
978500,0
978501,564500
978508,0
978510,628000
978512,6686000
978516,550000
978520,392500
978523,297000
978527,0
978530,150000
978533,440500
978543,250000
978551,0
978555,537500
978558,1571900
978563,368000
978564,0
978565,150000
978567,2207700
978568,0
978570,434600
978573,526000
978575,155000
978581,560000
978590,0
978592,3750000
978600,0
978603,624500
978608,0
978610,150000
978613,84000
978616,884000
978618,150000
978620,426000
978621,500000
978628,1649400
978629,0
978631,0
978632,350000
978636,224600
978637,722000
978645,375000
978647,500000
978653,0
978660,0
978661,428800
978668,0
978674,0
978676,404000
978679,0
978682,180000
978685,606000
978686,250000
978689,0
978700,0
978704,119300
978708,150000
978724,0
978725,272400
978730,0
978733,2411000
978738,1504000
978740,0
978748,860500
978756,80000
978758,538100
978766,0
978773,1200000
978778,0
978780,450000
978791,160000
978792,400000
978793,300000
978798,0
978803,0
978805,0
978806,17400
978807,1419800
978808,344700
978817,130000
978820,890400
978823,450000
978828,0
978830,0
978831,1362500
978832,550000
978844,150000
978848,0
978849,0
978850,350700
978852,0
978853,444000
978857,482100
978859,250000
978863,0
978865,400000
978867,200000
978878,510800
978881,0
978884,0
978892,199000
978893,0
978895,0
978902,0
978905,0
978911,600000
978913,848000
978919,338000
978925,0
978927,300000
978931,374400
978936,47500
978938,0
978941,0
978942,4161200
978945,429800
978947,0
978953,700000
978958,647000
978962,0
978968,1088300
978972,70000
978974,0
978978,500000
978979,0
978988,0
978995,461000
978998,1795500
979001,610000
979032,0
979035,0
979036,0
979043,615000
979052,400000
979058,350000
979061,510000
979062,0
979065,0
979068,0
979080,600000
979090,0
979092,765500
979102,0
979112,674000
979114,585500
979118,0
979123,150000
979125,650000
979161,0
979163,328500
979171,0
979174,196000
979175,0
979186,400000
979190,0
979195,501000
979196,150000
979209,550000
979212,142000
979214,400000
979215,356000
979227,0
979231,550000
979233,0
979236,0
979237,1047000
979252,0
979265,531500
979266,0
979267,0
979268,2701500
979281,0
979287,0
979289,245000
979290,0
979291,0
979292,630000
979293,0
979294,400000
979295,387500
979296,0
979303,0
979309,908500
979311,837500
979313,150000
979316,0
979317,0
979318,797000
979323,450000
979325,0
979334,0
979337,718400
979349,150000
979355,0
979357,606000
979363,140000
979376,140000
979378,810000
979380,179800
979385,150000
979393,150000
979394,320000
979395,0
979398,850000
979399,450000
979402,0
979404,540000
979413,400000
979417,350000
979422,158800
979425,0
979429,450000
979434,200000
979444,1008500
979449,1222000
979452,450000
979463,100000
979469,600000
979477,1132600
979490,150000
979495,0
979502,150000
979505,344100
979506,0
979515,0
979519,240000
979523,5943800
979526,407000
979537,37400
979541,150000
979543,150000
979551,450000
979561,0
979565,500000
979566,1313700
979572,0
979573,0
979574,0
979582,312000
979584,0
979586,500000
979587,0
979588,0
979595,0
979596,142000
979598,200000
979603,140000
979607,250000
979610,150000
979613,358500
979614,0
979621,400000
979624,450000
979627,150000
979641,0
979648,1116300
979649,373700
979656,0
979659,1095000
979668,523500
979669,67500
979671,0
979683,400000
979686,442800
979696,0
979701,600000
979704,472500
979705,0
979711,0
979713,508000
979717,840800
979719,0
979725,75000
979736,250000
979737,399200
979742,800000
979743,0
979753,702900
979757,0
979763,578000
979765,0
979768,300000
979769,0
979773,155000
979781,0
979793,0
979794,0
979807,1079700
979816,69800
979831,0
979832,0
979834,325100
979837,1192000
979840,500000
979845,200000
979860,502600
979865,0
979871,0
979874,0
979886,4209100
979887,0
979889,766500
979895,5489200
979897,150000
979898,150000
979911,0
979931,1120000
979933,599000
979937,150000
979938,0
979955,150000
979956,0
979959,200000
979966,0
979974,0
979986,200000
979995,506000
980002,740000
980007,400000
980037,150000
980040,0
980050,365500
980054,130000
980061,200000
980080,287500
980083,200000
980086,0
980095,0
980105,200000
980106,0
980108,350000
980113,70000
980123,700000
980131,355200
980151,141000
980152,974300
980157,0
980174,0
980177,250000
980185,70000
980194,0
980205,350000
980210,551200
980218,550000
980227,142000
980239,1289800
980242,250000
980253,390000
980255,283500
980257,9908700
980269,250000
980286,282500
980288,0
980289,0
980296,853200
980300,0
980304,0
980306,0
980309,150000
980318,233700
980327,0
980329,0
980335,0
980343,0
980345,400000
980347,0
980353,3910000
980354,0
980360,988400
980365,300000
980369,363500
980372,70000
980389,0
980393,624000
980397,0
980402,0
980403,0
980408,550000
980415,0
980417,0
980424,1080500
980425,0
980426,300000
980446,250000
980453,368500
980460,380000
980469,295000
980475,0
980483,837500
980490,250000
980492,725000
980500,0
980512,250000
980518,507000
980522,500000
980533,0
980542,500000
980545,0
980546,0
980554,400000
980560,0
980561,0
980568,384000
980577,610000
980578,315000
980583,250000
980585,329000
980587,250000
980606,0
980610,270000
980611,412200
980612,500000
980613,0
980618,0
980620,0
980625,562000
980629,0
980637,900000
980643,0
980647,659000
980650,459000
980652,250000
980655,0
980660,70000
980666,150000
980667,250000
980670,250000
980689,390000
980691,250000
980695,288000
980701,450000
980707,300000
980709,500000
980711,374300
980719,0
980729,465200
980734,350000
980736,332500
980744,399200
980745,1295500
980746,0
980749,350000
980756,0
980757,465000
980765,375000
980776,0
980777,250000
980782,308500
980783,1171500
980784,492000
980786,420000
980789,390000
980795,1445000
980797,637400
980806,447500
980810,1508500
980812,1158000
980815,1087400
980818,400000
980819,955000
980820,250000
980822,354000
980829,250000
980830,0
980832,300000
980836,0
980837,120000
980840,750000
980845,300000
980851,140000
980854,300000
980855,685000
980860,550000
980861,308500
980864,250000
980868,0
980874,150000
980875,0
980878,0
980884,878000
980900,0
980902,0
980908,0
980914,534000
980915,150000
980919,250000
980924,290500
980926,626000
980927,1473000
980929,0
980933,2019200
980936,886900
980938,500000
980953,0
980959,357500
980960,0
980961,250000
980962,0
980965,871900
980976,902000
980977,0
980986,1257000
980987,1105100
980988,154000
980992,370800
980995,0
980996,441000
981004,225000
981009,0
981020,582700
981026,300000
981029,404900
981030,340200
981034,300000
981035,513000
981040,593600
981041,0
981042,0
981045,0
981050,324800
981051,142000
981052,120000
981056,396000
981071,300000
981072,408000
981073,142000
981080,1000000
981088,627400
981090,372000
981093,0
981101,142000
981108,2535500
981109,222600
981116,0
981117,1112000
981122,1265500
981124,1029100
981141,150000
981144,700000
981149,0
981163,0
981165,507200
981168,0
981169,250000
981174,0
981178,1029200
981180,1308500
981181,0
981183,1337500
981184,1952200
981189,600000
981192,300000
981195,0
981198,648000
981204,400000
981206,0
981209,142000
981215,35000
981216,500000
981219,360000
981226,474000
981230,1680600
981231,0
981233,380400
981238,0
981240,188000
981248,0
981249,300000
981250,0
981251,0
981252,704200
981259,0
981265,500000
981267,0
981269,1477200
981272,350000
981288,519000
981291,0
981295,1397000
981296,140000
981307,487000
981308,3638500
981316,597100
981320,200000
981327,0
981328,150000
981329,0
981334,150000
981349,0
981356,0
981360,0
981362,0
981363,378000
981367,680000
981374,469800
981377,378000
981378,683000
981379,0
981382,0
981387,624000
981389,0
981390,300000
981393,0
981400,300000
981408,1095000
981412,144000
981417,1364900
981423,388800
981429,0
981433,580000
981441,623000
981448,300000
981449,227600
981451,527000
981452,0
981455,0
981463,467500
981464,70000
981472,703700
981478,0
981483,160000
981486,0
981497,0
981501,0
981503,0
981506,680200
981512,142000
981514,195000
981516,0
981536,0
981538,0
981541,150000
981548,344000
981554,893600
981558,345500
981559,0
981560,0
981561,0
981562,1514800
981565,1470300
981569,1496100
981572,300000
981577,600000
981582,270400
981583,150000
981584,350000
981589,600000
981592,555800
981603,250000
981604,0
981606,150000
981607,472800
981609,0
981613,300000
981617,350000
981619,627600
981621,66000
981623,150000
981625,405000
981628,150000
981631,250000
981639,684000
981648,537300
981651,450000
981653,0
981654,410000
981656,234500
981662,0
981663,506400
981671,313500
981673,0
981674,0
981676,611300
981677,423000
981681,460000
981682,0
981689,481200
981699,273400
981702,323000
981704,0
981708,0
981725,0
981728,350000
981729,600000
981730,1317100
981743,1366800
981744,342500
981748,0
981749,0
981759,600000
981764,0
981765,300000
981766,331900
981771,400000
981773,0
981776,607500
981777,315000
981779,501500
981781,0
981785,377000
981789,450000
981791,240000
981792,0
981794,0
981799,367200
981802,0
981803,0
981806,286000
981811,1142500
981813,1230000
981814,0
981815,494000
981818,554000
981820,0
981823,150000
981825,142000
981829,0
981832,432000
981839,0
981840,450000
981843,0
981844,0
981857,367500
981860,487200
981871,0
981872,250000
981874,487200
981876,0
981877,0
981881,586800
981888,310000
981896,1045000
981900,188000
981905,0
981909,0
981918,350000
981921,0
981923,393000
981925,457500
981929,535000
981938,412000
981951,150000
981954,0
981962,410000
981966,0
981971,0
981975,786200
981992,150000
981997,0
982000,443100
982001,150000
982005,400000
982008,0
982018,581400
982020,0
982022,0
982026,439000
982028,70000
982036,0
982047,0
982048,120000
982052,0
982056,574000
982059,0
982066,270000
982067,0
982083,0
982085,1354400
982089,400000
982092,420000
982108,200000
982116,0
982130,400000
982133,360000
982136,0
982138,0
982140,90000
982146,0
982150,600000
982160,142000
982162,300000
982163,0
982164,0
982167,0
982169,150000
982173,0
982175,809300
982183,142000
982184,150000
982187,558800
982188,0
982191,452500
982194,250000
982195,0
982203,326800
982204,472000
982205,0
982208,0
982211,0
982213,0
982215,390600
982218,0
982221,1581200
982222,450000
982223,284500
982224,450000
982225,0
982227,450000
982233,666000
982237,0
982243,569000
982249,0
982251,0
982253,150000
982254,0
982255,1454000
982257,0
982259,616000
982261,318200
982265,419000
982268,1065000
982269,150000
982272,0
982273,0
982277,500000
982281,150000
982283,0
982285,0
982286,150000
982292,0
982294,300000
982296,0
982300,2280200
982302,150000
982310,0
982312,300000
982313,776100
982319,0
982320,109000
982323,1166300
982326,1220000
982328,342000
982339,675100
982346,0
982347,0
982355,127000
982361,150000
982364,2518300
982369,258800
982371,0
982376,2481600
982377,172600
982382,0
982384,0
982385,750000
982388,250000
982389,140000
982393,0
982407,0
982408,2172600
982409,0
982414,0
982417,292000
982418,150000
982420,0
982427,0
982428,0
982432,0
982437,0
982444,250000
982447,300000
982452,0
982453,440900
982466,0
982468,502600
982469,0
982471,623200
982473,670000
982474,880000
982475,150000
982476,456000
982477,565500
982489,0
982491,321000
982495,519500
982496,150000
982498,690000
982499,250000
982508,999700
982512,0
982516,0
982517,220000
982524,400000
982528,0
982537,320000
982538,150000
982542,0
982543,150000
982548,298800
982553,300000
982554,1818500
982556,0
982557,1020000
982558,0
982576,0
982583,0
982585,0
982588,0
982592,0
982593,0
982595,0
982608,171800
982612,0
982614,0
982615,290000
982617,300000
982647,385000
982652,428800
982654,0
982655,150000
982657,315000
982658,250000
982673,0
982680,0
982681,500000
982685,300000
982696,0
982697,0
982698,0
982707,1266900
982708,510000
982710,350000
982742,564400
982745,150000
982749,200700
982750,0
982752,348000
982760,300000
982761,150000
982762,3894000
982763,700000
982764,1277000
982769,2861600
982770,1157600
982773,0
982782,0
982783,455000
982785,0
982786,0
982787,150000
982788,997700
982803,1868500
982810,1737000
982811,0
982814,225000
982815,0
982817,339900
982836,307000
982838,0
982839,0
982840,110000
982842,150000
982850,0
982853,300000
982861,432600
982862,322500
982863,649500
982867,297000
982869,0
982873,400500
982874,0
982883,2100000
982885,829700
982898,443500
982899,300000
982905,0
982908,0
982910,520000
982912,0
982914,981500
982915,0
982916,1777200
982921,150000
982923,300000
982924,0
982925,0
982926,317500
982927,150000
982932,0
982936,512300
982945,200000
982946,0
982947,250000
982949,0
982951,200000
982958,400000
982966,0
982971,82200
982978,346500
982979,324000
982981,150000
982985,0
982989,0
982991,400000
982996,150000
983006,752000
983010,0
983011,265000
983013,150000
983025,0
983027,0
983029,347000
983030,1006800
983031,0
983032,0
983039,775000
983045,150000
983048,452000
983063,0
983066,1445000
983073,3191000
983074,0
983076,300000
983079,0
983081,332000
983083,750000
983090,0
983091,743300
983095,681000
983099,300000
983109,1161000
983118,350000
983119,295000
983120,2421000
983124,1175400
983126,1046000
983130,250000
983131,0
983132,354000
983136,250000
983139,180000
983143,937500
983150,744500
983163,378000
983166,706000
983172,0
983180,0
983183,187500
983190,1355000
983194,0
983203,0
983204,150000
983209,0
983211,320000
983213,449500
983216,0
983217,0
983221,863000
983227,370000
983231,0
983233,450000
983235,6425900
983239,500000
983243,0
983245,0
983246,285000
983251,708200
983254,300000
983257,462800
983258,417000
983263,627600
983269,250000
983275,1346000
983281,0
983282,0
983283,150000
983305,528000
983307,0
983309,393000
983315,0
983325,0
983328,698000
983333,0
983338,0
983339,250000
983345,0
983351,6000
983355,0
983364,0
983365,840000
983368,0
983371,577000
983373,0
983382,368300
983385,990000
983388,0
983391,0
983393,150000
983395,150000
983397,0
983400,269600
983401,1201000
983403,467800
983407,0
983410,150000
983413,128000
983416,66300
983423,471000
983424,250000
983425,0
983430,550000
983436,743500
983437,70000
983439,400000
983443,736100
983447,0
983448,0
983450,430000
983451,0
983454,0
983455,507700
983456,976200
983458,200000
983462,135000
983482,440500
983483,343600
983492,421200
983494,1192500
983499,150000
983500,2461000
983506,1640500
983512,0
983514,300000
983516,1108400
983517,200000
983520,851900
983522,350000
983523,0
983524,0
983525,417500
983528,550000
983531,0
983534,0
983540,586000
983547,0
983549,150000
983555,502000
983558,308000
983560,390000
983565,224100
983566,150000
983570,0
983574,0
983577,458500
983582,632300
983585,0
983586,2067000
983592,400000
983595,811000
983597,0
983604,478100
983605,0
983606,150000
983609,0
983616,150000
983617,697700
983619,1036000
983620,50400
983628,0
983639,508000
983640,0
983642,150000
983654,600000
983656,600500
983659,325000
983669,315100
983682,331500
983685,427000
983689,220000
983690,0
983697,550000
983698,450000
983700,138400
983703,600000
983710,550000
983714,0
983725,0
983727,0
983730,63000
983740,0
983742,0
983745,150000
983748,0
983754,180000
983756,150000
983759,284000
983762,0
983763,0
983770,222500
983771,250000
983774,413100
983776,150000
983779,1293600
983782,0
983786,0
983789,0
983798,0
983807,150000
983810,667000
983811,250000
983816,474800
983818,493600
983824,0
983827,400000
983830,481000
983834,0
983838,682300
983849,0
983852,474300
983859,627800
983866,150000
983868,150000
983872,700000
983877,474800
983882,376000
983890,150000
983893,0
983895,0
983901,81000
983905,2528400
983907,0
983908,0
983910,150000
983911,97500
983913,0
983922,290000
983924,600000
983931,569400
983935,470000
983958,167500
983959,150000
983965,0
983970,838500
983974,0
983979,0
983985,307500
983990,4774900
983992,309000
984001,1246100
984002,550000
984007,0
984013,0
984021,632000
984026,0
984027,150000
984028,350000
984029,2188200
984031,0
984039,0
984044,907000
984045,0
984046,19600
984047,150000
984054,250000
984056,0
984057,0
984060,0
984063,0
984064,0
984065,0
984069,1240600
984070,250000
984071,197000
984075,0
984078,901300
984079,100000
984080,2400000
984083,1235600
984085,250000
984088,0
984092,0
984094,1588000
984099,400000
984108,0
984109,142000
984114,250000
984120,1556800
984122,0
984125,0
984127,0
984128,250000
984134,0
984135,367200
984136,371800
984140,0
984142,70000
984144,50000
984147,0
984151,0
984156,382500
984158,0
984164,150000
984173,450000
984181,878800
984184,450000
984187,0
984189,663200
984192,13300
984199,450000
984203,400000
984204,0
984206,150000
984207,692300
984209,0
984210,0
984211,0
984215,0
984219,2867400
984220,0
984222,200000
984223,290000
984225,0
984244,550000
984254,300000
984256,0
984260,529800
984261,0
984265,767000
984269,0
984271,0
984278,0
984283,0
984284,389100
984285,835000
984289,0
984290,0
984293,250000
984297,1311500
984298,0
984300,1064200
984315,0
984317,296000
984327,0
984330,0
984332,200000
984333,1470000
984341,0
984343,350000
984344,0
984345,140000
984349,90000
984356,550000
984357,0
984360,100000
984364,0
984367,0
984370,0
984372,1703600
984374,429000
984376,813600
984382,0
984385,450000
984386,661000
984393,400000
984398,0
984400,400000
984401,926800
984403,0
984404,0
984406,0
984408,0
984410,0
984413,300000
984417,412500
984422,25000
984424,0
984425,150000
984434,1837500
984435,0
984436,150000
984445,2334200
984446,0
984449,0
984456,0
984457,150000
984458,1000000
984459,0
984460,250000
984464,150000
984469,500000
984470,0
984479,250000
984482,600000
984485,550000
984489,200000
984490,600000
984492,287000
984498,150000
984520,550000
984521,470000
984522,300000
984526,417500
984531,150000
984532,1454400
984534,550000
984543,0
984548,0
984550,250000
984555,450800
984559,497500
984561,150000
984563,150000
984565,713000
984567,150000
984579,0
984583,0
984589,0
984591,0
984592,0
984597,150000
984598,250000
984603,250000
984613,658000
984630,323500
984641,450000
984642,250000
984643,150000
984645,0
984646,338400
984647,690700
984654,0
984655,0
984661,0
984662,490600
984664,0
984665,521400
984672,150000
984673,155000
984676,365000
984679,600000
984680,0
984681,250000
984682,1067800
984683,0
984687,150000
984692,250000
984693,150000
984695,150000
984701,0
984707,225200
984713,250000
984721,350000
984722,492300
984726,0
984730,0
984735,0
984738,0
984739,2615100
984740,0
984743,400000
984745,0
984750,450000
984751,390000
984755,0
984756,233000
984760,200000
984766,0
984775,494300
984780,150000
984783,536100
984798,0
984800,0
984802,2810000
984806,150000
984813,1296100
984816,0
984825,0
984830,0
984832,0
984833,0
984835,250000
984836,720900
984843,0
984844,0
984848,84500
984858,1336000
984865,700000
984869,0
984873,136400
984885,0
984889,1030400
984893,0
984894,942000
984896,70900
984897,150000
984904,290500
984915,0
984921,405800
984926,250000
984929,250000
984931,400000
984939,400000
984941,332000
984942,1202600
984946,0
984950,0
984954,1594100
984955,400000
984956,0
984963,890000
984966,195000
984967,0
984975,520000
984978,0
984989,0
984990,70000
984993,0
984994,761000
985002,0
985012,328400
985019,0
985024,350000
985032,565000
985038,557500
985039,327500
985045,350000
985046,0
985058,150000
985064,0
985073,400000
985074,150000
985075,481500
985076,0
985077,0
985084,500000
985086,250000
985090,150000
985094,0
985097,150000
985100,822000
985101,250000
985106,0
985110,308900
985115,0
985116,400000
985122,500000
985126,513000
985135,900000
985137,290000
985138,302800
985139,768000
985142,1054000
985143,250000
985148,0
985152,450000
985159,250000
985162,601800
985164,0
985168,150000
985169,150000
985173,553000
985175,0
985186,0
985198,125000
985199,300000
985200,300000
985216,150000
985217,0
985218,150000
985220,0
985227,130000
985230,200000
985231,603000
985235,436500
985236,0
985242,862900
985244,0
985246,556800
985249,0
985251,575600
985252,600000
985256,1408700
985260,0
985264,692000
985283,420000
985287,597500
985288,110000
985299,350000
985300,0
985304,212500
985308,0
985311,614100
985313,0
985323,0
985334,439000
985339,0
985347,550000
985348,0
985349,250000
985350,107000
985352,160000
985359,0
985360,0
985361,590000
985373,0
985374,590000
985377,100000
985382,0
985383,432900
985385,414100
985389,0
985391,0
985401,250000
985402,150000
985405,340000
985406,0
985409,0
985413,150000
985415,400000
985419,0
985425,500000
985432,234000
985433,700000
985445,444000
985447,0
985457,628000
985467,150000
985468,0
985471,0
985481,0
985485,650000
985494,550000
985495,0
985496,0
985497,0
985501,125000
985502,250000
985503,972000
985506,379200
985507,150000
985520,427500
985535,350000
985538,550000
985547,0
985548,0
985550,395000
985551,540000
985553,370000
985555,0
985564,918700
985566,0
985567,103500
985570,550000
985575,530000
985576,540000
985588,544000
985603,1107400
985606,0
985608,150000
985615,1059100
985626,10023500
985628,250000
985632,0
985635,550000
985643,600000
985652,550000
985653,292000
985655,332000
985656,1819300
985658,0
985662,0
985667,796800
985674,0
985677,687000
985684,0
985688,655000
985690,0
985692,150000
985704,150000
985705,0
985706,0
985711,550000
985720,135000
985723,1028300
985725,0
985729,367000
985731,0
985732,250000
985735,0
985742,250000
985744,150000
985746,0
985747,794500
985750,390000
985753,3973600
985759,0
985762,200000
985769,0
985771,4009500
985776,937900
985791,200000
985798,0
985811,400000
985813,335000
985816,250000
985825,417000
985826,763800
985851,0
985853,0
985859,120000
985867,0
985868,0
985877,0
985883,0
985889,200000
985893,347500
985895,0
985901,1286600
985906,250000
985913,0
985941,0
985966,0
985972,308000
985981,450000
986000,150000
986001,8044600
986010,4112800
986011,0
986027,315000
986028,0
986030,750000
986032,0
986035,856700
986036,250000
986037,200000
986042,150000
986043,0
986044,350000
986051,0
986062,250000
986076,349000
986078,1512900
986081,0
986085,400000
986088,0
986093,0
986106,400000
986109,951000
986111,1844100
986116,399400
986120,0
986139,0
986142,0
986145,4383300
986149,2294000
986156,150000
986158,0
986159,400000
986173,376800
986176,250000
986185,250000
986186,499700
986191,250000
986196,0
986218,0
986219,1171000
986235,445000
986236,0
986238,351000
986243,70000
986248,350000
986252,140000
986265,100000
986269,0
986275,0
986280,540000
986286,400000
986291,0
986294,601200
986295,0
986303,250000
986304,299400
986305,0
986308,458000
986315,0
986317,0
986332,150000
986337,305000
986341,0
986345,2159500
986357,550000
986361,150000
986363,0
986364,0
986370,150000
986388,894000
986391,0
986394,0
986396,0
986401,150000
986402,300000
986404,0
986418,1491600
986419,366000
986424,0
986427,250000
986432,350000
986440,113100
986447,0
986452,2535400
986453,1295000
986459,910200
986461,0
986477,600000
986478,858200
986491,0
986492,675200
986513,195000
986514,250000
986519,250000
986523,468000
986528,450000
986529,0
986543,255000
986544,350000
986553,319000
986556,0
986558,150000
986559,1561800
986565,0
986569,352200
986579,150000
986581,0
986583,376200
986588,405800
986590,250000
986591,300000
986594,690000
986595,200000
986602,70000
986603,268000
986606,346000
986609,970500
986619,0
986620,0
986621,0
986629,1649300
986632,250000
986644,70000
986650,0
986652,590000
986656,0
986660,442000
986662,400000
986666,325000
986679,200000
986691,0
986696,386400
986699,406000
986702,300000
986703,0
986705,0
986706,962900
986715,461500
986733,600000
986737,0
986739,366000
986740,842700
986742,0
986745,786800
986746,715500
986752,273000
986754,445400
986757,370400
986758,0
986760,360000
986763,899500
986764,600000
986767,1200000
986768,0
986771,398500
986791,70000
986792,1207100
986793,250000
986799,0
986801,0
986804,0
986809,414000
986812,478000
986813,248000
986814,459100
986816,338400
986824,0
986826,300000
986834,600000
986836,500000
986845,350000
986850,912600
986864,400000
986868,300000
986873,1300000
986890,0
986894,385500
986897,855000
986898,665200
986901,250000
986904,450000
986907,300000
986916,506700
986929,0
986930,0
986936,240000
986950,0
986952,0
986955,480000
986958,450000
986959,0
986965,385500
986971,0
986973,150000
986976,726000
986978,696800
986981,185000
986996,385500
986999,150000
987009,377800
987011,702000
987012,0
987013,0
987018,0
987019,350000
987020,0
987026,0
987027,0
987032,648400
987043,5730300
987048,465400
987050,321000
987052,0
987053,250000
987056,250000
987057,512300
987058,400000
987065,414000
987077,0
987083,0
987084,250000
987085,397400
987086,0
987087,731500
987088,0
987089,739500
987090,639000
987095,150000
987099,710000
987104,0
987106,0
987107,562200
987110,250000
987111,450000
987112,0
987121,682000
987122,2744100
987127,0
987128,250000
987129,2200000
987139,308900
987141,1345800
987143,150000
987144,374000
987145,150000
987149,354000
987150,735000
987156,349500
987161,1203800
987166,540000
987167,350000
987168,0
987185,402000
987190,0
987202,364200
987206,0
987207,250000
987212,369000
987221,471000
987225,1390000
987226,0
987231,408000
987232,0
987234,150000
987237,0
987242,0
987243,1040400
987246,350000
987250,225000
987257,0
987259,0
987263,250000
987272,330800
987273,0
987281,0
987287,250000
987289,60000
987302,0
987303,1444400
987304,0
987309,0
987312,0
987317,0
987320,669900
987323,0
987325,88000
987329,0
987343,150000
987344,250000
987346,0
987349,400000
987352,700000
987356,150000
987366,150000
987370,150000
987373,0
987374,0
987376,3539000
987377,0
987384,700000
987389,200000
987392,150000
987394,250000
987397,150000
987398,540000
987403,0
987407,509500
987412,300000
987421,379500
987426,150000
987427,150000
987429,556000
987430,130000
987432,400000
987435,70000
987438,0
987449,150000
987451,0
987452,543500
987453,291200
987454,501100
987455,250000
987467,488900
987472,0
987473,250000
987479,471000
987481,350000
987482,0
987487,150000
987488,0
987493,0
987496,300000
987504,823400
987514,0
987517,1683400
987521,0
987530,0
987531,0
987535,446400
987537,684100
987546,250000
987548,550000
987551,0
987552,0
987553,300000
987556,0
987558,0
987570,0
987580,0
987584,486600
987586,793000
987589,550000
987591,144000
987594,0
987599,200000
987604,150000
987609,0
987613,150000
987618,741000
987621,150000
987623,150000
987624,0
987628,250000
987632,0
987633,438600
987635,400000
987639,150000
987640,0
987643,0
987645,0
987650,140000
987651,0
987652,215600
987655,150000
987662,644000
987665,400000
987673,500000
987676,540000
987682,198000
987687,0
987689,0
987697,200000
987698,0
987703,626500
987704,150000
987706,107500
987708,490800
987709,150000
987717,70000
987720,0
987722,623500
987733,929000
987742,771000
987745,0
987749,0
987754,412200
987757,310500
987758,0
987761,0
987765,200000
987767,150000
987768,262800
987770,133000
987775,3252200
987777,250000
987779,604000
987780,125000
987784,0
987788,380300
987790,150000
987795,150000
987800,400000
987802,0
987804,200000
987808,0
987816,665000
987821,150000
987822,0
987824,150000
987827,135000
987830,409000
987831,0
987833,500000
987837,397800
987844,400000
987849,944500
987850,0
987855,150000
987857,372600
987862,0
987863,150000
987867,640000
987868,630200
987871,550000
987874,150000
987882,425000
987891,400000
987892,0
987893,250000
987894,0
987895,140000
987896,600000
987898,811500
987902,150000
987903,150000
987908,0
987911,1800000
987912,150000
987914,400000
987918,577000
987919,425000
987920,150000
987922,0
987923,100000
987924,323000
987926,550000
987928,150000
987929,250000
987932,150000
987933,270000
987938,2364500
987941,589300
987942,0
987947,706800
987950,384000
987958,0
987961,0
987963,380000
987964,759000
987967,300000
987985,1226400
987991,0
988003,3027100
988004,400000
988005,884900
988009,382200
988012,1732500
988013,150000
988021,0
988022,0
988024,250000
988025,0
988028,600000
988030,646000
988043,250000
988047,400000
988049,399000
988051,0
988053,1055600
988055,365000
988061,1033900
988063,300000
988066,315000
988069,0
988071,550000
988081,491000
988083,450000
988086,312000
988089,150000
988101,0
988110,219000
988111,550000
988115,63400
988118,355900
988121,499100
988124,43100
988143,691000
988144,150000
988148,352800
988149,510000
988155,0
988156,1017200
988162,150000
988164,384000
988165,0
988169,0
988172,654700
988175,1029600
988179,300000
988183,450000
988186,290000
988190,408000
988197,384000
988199,593800
988203,2252000
988210,380200
988212,350000
988218,0
988219,0
988222,268000
988225,0
988227,384000
988233,485200
988239,178000
988241,300000
988243,0
988247,150000
988252,0
988254,0
988256,0
988263,795000
988265,2123000
988266,350000
988274,391400
988275,1550300
988276,0
988278,337400
988279,0
988285,0
988291,629000
988292,561500
988294,0
988295,368000
988297,150000
988299,540000
988301,0
988303,140000
988313,0
988318,250000
988319,1102700
988320,300000
988325,850000
988327,800000
988332,729500
988340,1495000
988346,250000
988358,1084000
988368,614000
988373,150000
988386,0
988387,300000
988389,136000
988391,399000
988397,0
988399,480000
988401,641500
988402,602200
988406,367200
988408,0
988413,415000
988414,414800
988415,433300
988418,124000
988430,0
988440,393700
988442,492300
988445,140000
988446,140000
988447,0
988462,150000
988468,300000
988471,0
988477,701400
988480,420200
988482,0
988490,0
988492,500000
988498,0
988500,1445500
988504,450000
988509,350000
988510,536000
988511,0
988515,1957500
988517,0
988519,0
988522,250000
988527,364000
988529,502000
988530,250000
988531,150000
988533,350000
988537,250000
988538,0
988545,0
988547,498000
988559,800000
988564,575400
988573,0
988577,0
988580,0
988603,600000
988612,0
988614,450000
988618,0
988621,400000
988622,0
988624,600000
988626,300000
988627,274700
988636,315000
988640,0
988643,0
988648,499000
988651,665000
988656,300000
988657,300000
988658,342000
988662,550000
988665,650000
988666,129000
988677,250000
988684,0
988691,0
988695,462000
988699,591200
988704,150000
988709,0
988712,921400
988715,150000
988721,341600
988722,460000
988728,0
988739,1447900
988740,0
988746,0
988755,287500
988756,1415500
988758,329500
988760,0
988762,250000
988765,0
988774,51000
988776,0
988787,284700
988789,115000
988790,0
988797,100000
988800,0
988806,442200
988807,0
988816,0
988831,328500
988833,140000
988842,650000
988843,2777900
988850,250000
988855,621100
988859,0
988863,400000
988866,450000
988873,0
988874,551800
988879,0
988881,428000
988882,255000
988888,842000
988893,0
988896,0
988898,0
988900,54200
988905,300000
988907,0
988913,150000
988914,0
988923,835000
988928,603000
988931,135700
988935,400000
988937,350000
988941,400000
988942,0
988948,450000
988950,336000
988955,0
988956,130000
988966,0
988967,2180000
988972,106000
988977,140000
988978,378000
988982,150000
988983,580000
988985,0
988986,250000
988995,526000
988997,0
989007,287500
989011,250000
989016,0
989018,0
989028,2602000
989039,150000
989041,0
989057,0
989064,336700
989068,150000
989069,0
989070,0
989080,250000
989081,287500
989087,375000
989095,250000
989102,630000
989108,0
989112,0
989115,1049800
989128,0
989130,497500
989132,354600
989138,0
989141,0
989142,0
989144,785000
989148,0
989153,1634000
989157,368100
989162,150000
989163,0
989166,284400
989173,0
989176,470200
989180,0
989181,0
989184,473800
989185,0
989187,127500
989197,0
989199,0
989201,0
989204,0
989205,0
989217,0
989226,250000
989227,0
989230,250000
989235,387500
989253,600000
989254,550000
989261,851000
989262,1265500
989263,407200
989267,362500
989268,525000
989269,350000
989270,0
989280,0
989290,1108000
989291,330400
989296,1900000
989298,2198600
989300,150000
989301,0
989305,70000
989319,0
989323,0
989325,550000
989326,200000
989329,0
989333,383000
989337,0
989353,478400
989365,719200
989368,1114000
989373,888900
989392,400000
989398,1250000
989399,400000
989400,0
989408,188000
989409,0
989420,590300
989421,0
989422,450000
989430,0
989440,489000
989441,0
989453,0
989455,300000
989457,342000
989461,700000
989463,356000
989466,249000
989467,500000
989471,0
989472,0
989487,250000
989494,0
989495,140000
989499,0
989501,1150000
989504,140000
989519,250000
989522,0
989525,495400
989526,250000
989527,573000
989539,0
989546,563500
989547,150000
989550,150000
989557,140000
989575,385000
989576,287500
989579,555000
989585,0
989589,150000
989590,310400
989591,476500
989597,500000
989601,200000
989605,0
989606,480000
989614,0
989623,450000
989628,150000
989637,0
989638,0
989641,0
989645,150000
989648,353400
989651,0
989659,561200
989663,4735000
989667,5189500
989674,0
989675,585000
989676,973300
989681,1109000
989688,349600
989692,500000
989698,313400
989701,452200
989707,550000
989709,208500
989720,1030100
989721,150000
989723,0
989724,0
989726,0
989727,0
989733,40200
989735,150000
989743,0
989745,0
989753,250000
989763,0
989767,150000
989770,97500
989775,0
989778,500000
989782,150000
989791,150000
989792,688600
989797,1039600
989798,514500
989800,150000
989807,1360400
989824,400000
989826,0
989827,280000
989839,250000
989849,0
989852,450000
989853,150000
989856,300000
989862,150000
989865,0
989871,35300
989875,460000
989878,0
989884,140000
989885,250000
989886,400000
989887,60000
989900,0
989901,290000
989902,0
989906,399000
989908,150000
989911,182500
989913,300000
989914,0
989915,0
989919,0
989922,452000
989927,0
989936,0
989941,1841000
989949,475500
989950,467000
989957,1015000
989960,0
989965,0
989967,987500
989969,530000
989971,435600
989973,1033300
989975,300000
989980,0
989983,250000
989992,0
989997,150000
990001,435600
990005,459000
990011,823000
990012,587500
990015,1643400
990021,150000
990025,250000
990026,0
990034,475000
990036,1766800
990040,0
990041,0
990051,2995000
990053,0
990054,250000
990057,0
990058,311500
990062,250000
990066,0
990081,450000
990083,919400
990084,250000
990092,282000
990093,0
990100,0
990101,0
990103,850000
990104,640400
990109,1179100
990111,140000
990114,414000
990115,0
990117,130000
990120,0
990123,1643400
990128,972400
990129,75000
990133,400000
990134,805000
990135,400000
990139,0
990141,580000
990143,0
990148,0
990150,549000
990162,0
990164,150000
990168,150000
990174,0
990179,140800
990185,150000
990188,100000
990189,0
990190,200000
990195,0
990196,580600
990199,0
990201,300000
990202,285000
990203,2920200
990205,1393500
990208,0
990215,0
990217,150000
990221,0
990222,150000
990224,171000
990225,0
990226,400000
990229,108000
990239,92000
990247,0
990249,118800
990251,350000
990252,250000
990258,150000
990259,140000
990260,1858400
990262,0
990267,324200
990271,0
990280,250000
990284,1017500
990285,150000
990291,0
990293,551000
990295,118800
990301,1077200
990304,0
990305,300000
990309,0
990312,300000
990316,0
990319,0
990320,100000
990321,150000
990325,150000
990329,621000
990333,0
990336,1133400
990341,300000
990342,3309400
990345,0
990357,300000
990377,150000
990379,580000
990380,150000
990382,250000
990385,1534600
990386,1073500
990387,440000
990388,0
990389,487000
990396,650000
990399,150000
990401,392000
990403,0
990405,400000
990406,864800
990410,400000
990413,732000
990417,0
990420,247500
990422,0
990423,0
990426,400000
990428,250000
990431,850400
990433,0
990438,300000
990439,0
990443,2950000
990449,0
990450,700000
990453,0
990457,326000
990459,0
990463,11616800
990467,818000
990472,300000
990476,250000
990486,0
990487,585000
990490,450000
990491,0
990500,0
990509,287500
990510,626400
990513,1117000
990514,421600
990520,463000
990537,0
990539,340000
990543,399600
990551,0
990559,250000
990566,174000
990569,489000
990571,0
990573,390000
990577,771000
990579,0
990587,250000
990589,791000
990591,0
990592,0
990593,667000
990594,398000
990596,203500
990599,500000
990602,4336500
990607,372000
990608,140000
990613,1098000
990615,389400
990624,125200
990629,150000
990632,316000
990633,0
990639,0
990644,354000
990645,918500
990648,250000
990653,140000
990655,650000
990657,0
990658,0
990662,0
990664,0
990666,357000
990667,380000
990671,444200
990674,3655500
990677,0
990678,331000
990679,0
990681,234600
990684,1231000
990689,760000
990696,300000
990700,0
990702,654000
990707,390000
990709,0
990712,0
990713,80000
990715,0
990719,0
990720,140000
990721,350400
990723,50000
990725,819000
990726,0
990728,0
990729,150000
990730,0
990731,739900
990732,0
990733,0
990735,386400
990741,0
990742,200000
990743,150000
990747,497500
990748,0
990768,125000
990771,0
990774,0
990777,70000
990780,497000
990787,0
990789,637000
990792,522000
990795,50000
990800,350000
990802,150000
990804,250000
990811,0
990815,0
990827,1339000
990831,370000
990833,382500
990834,414000
990838,377000
990842,0
990845,225000
990848,400000
990852,0
990855,190000
990857,300000
990859,150000
990860,0
990861,150000
990862,0
990865,0
990867,157500
990870,150000
990874,602000
990875,300000
990877,140000
990879,250000
990888,0
990892,0
990893,400000
990903,0
990908,440000
990910,775000
990916,250000
990932,200000
990937,475000
990948,13403200
990950,300000
990956,0
990957,150000
990959,648500
990962,300000
990973,140000
990980,349500
990982,240000
990986,325000
990987,0
990989,385000
990992,396000
991004,700000
991006,250000
991014,0
991016,0
991020,850100
991021,0
991024,0
991027,0
991032,576500
991041,250000
991044,0
991045,250000
991046,250000
991048,0
991055,1800000
991056,250000
991070,493000
991074,350000
991076,110000
991080,550000
991083,0
991086,0
991089,399000
991093,1447300
991097,479000
991101,754500
991102,900000
991104,0
991114,200000
991117,0
991119,748800
991120,288000
991121,488500
991122,0
991126,0
991132,0
991137,0
991141,0
991144,150000
991158,0
991160,0
991166,0
991167,0
991168,150000
991177,0
991179,0
991183,968300
991189,0
991194,502000
991195,752200
991199,150000
991201,400000
991202,367000
991203,344800
991220,539000
991224,300000
991228,70000
991229,250000
991230,283300
991242,600000
991243,0
991244,1315500
991246,437000
991248,262500
991249,889000
991253,70000
991254,0
991259,150000
991260,1318000
991263,0
991268,0
991269,0
991275,400000
991276,0
991278,280000
991280,0
991283,1464700
991299,1529100
991304,287500
991311,0
991314,70000
991320,528000
991321,319500
991323,180000
991328,194000
991334,379500
991337,0
991341,499700
991344,0
991347,0
991349,0
991350,0
991354,250000
991355,600000
991357,140000
991370,400000
991372,0
991376,526800
991377,0
991380,0
991384,0
991385,0
991388,0
991408,333000
991410,140000
991427,0
991434,550000
991436,285400
991438,150000
991440,292000
991448,250000
991456,700000
991462,0
991464,438000
991465,0
991473,0
991478,140000
991481,332500
991487,700000
991494,0
991496,577000
991497,2062500
991503,1066400
991514,150000
991522,587500
991526,0
991527,0
991530,200000
991532,150000
991533,0
991535,0
991537,414000
991547,0
991555,150000
991557,610000
991559,820000
991564,340000
991569,140000
991570,0
991578,145000
991580,0
991586,6533100
991591,140000
991594,200000
991595,62000
991605,0
991610,1012900
991621,250000
991622,250000
991625,450000
991630,649800
991635,0
991640,280000
991641,330600
991645,150000
991649,0
991651,150000
991667,0
991668,300000
991681,220000
991689,500000
991691,2353800
991697,745000
991702,500000
991703,210000
991706,350000
991712,0
991713,150000
991717,0
991719,0
991741,760000
991744,200000
991748,250000
991753,280000
991760,150000
991766,450000
991768,405000
991771,0
991775,220000
991781,0
991788,163200
991792,410000
991804,1500000
991812,306600
991821,690000
991839,0
991847,0
991848,2901600
991851,997100
991857,0
991861,100000
991864,165000
991872,0
991878,140000
991894,580500
991896,120000
991906,0
991912,0
991914,54700
991920,150000
991929,1371200
991933,400000
991936,140000
991938,150000
991941,350000
991944,400000
991957,441800
991960,0
991961,413000
991966,800000
991969,327500
991975,0
991982,0
991986,550000
991993,380000
991998,250000
992008,3510800
992017,0
992031,309000
992032,560000
992038,0
992061,0
992081,668000
992085,0
992088,339500
992089,350000
992097,0
992098,500000
992106,0
992113,514000
992134,585600
992146,0
992150,150000
992161,400000
992164,493000
992179,0
992186,1492000
992196,300000
992199,250000
992206,0
992208,475000
992211,1030000
992216,586600
992218,1727000
992225,250000
992229,415500
992242,0
992244,0
992255,0
992268,612200
992279,953000
992281,369800
992284,250000
992296,0
992312,615500
992317,0
992318,581800
992320,0
992326,462600
992329,118000
992330,2036000
992343,505000
992352,150000
992353,260200
992359,593300
992360,700000
992361,530500
992366,437500
992371,300000
992373,117000
992377,150000
992381,606000
992392,360000
992396,347800
992400,500000
992403,150000
992416,665100
992417,250000
992418,1269700
992421,0
992433,250000
992435,521000
992449,150000
992451,0
992464,1033800
992470,465000
992471,350000
992476,628100
992482,315000
992501,0
992502,0
992517,250000
992520,955000
992521,396000
992528,132300
992532,305600
992533,0
992541,250000
992542,1109300
992549,337500
992554,250000
992555,518600
992559,245000
992565,0
992566,250000
992568,550400
992576,305000
992577,319500
992581,0
992590,355600
992606,450000
992609,8188400
992610,0
992617,0
992618,200000
992619,390100
992622,0
992627,0
992629,392500
992630,350500
992635,250000
992639,461000
992642,150000
992644,330000
992645,325000
992649,300400
992653,0
992657,759800
992658,757600
992667,986200
992668,345000
992675,150000
992676,560400
992678,847000
992679,332500
992685,250000
992689,0
992690,383500
992691,70000
992694,0
992702,1000000
992707,0
992708,332500
992717,489200
992721,0
992723,1022500
992726,509500
992733,0
992735,0
992737,450000
992738,320000
992741,110000
992742,360000
992749,682500
992752,250000
992756,250000
992764,250000
992774,450000
992781,250000
992792,150000
992794,1057900
992795,363600
992801,628000
992806,1269200
992808,650000
992810,360000
992811,0
992817,500000
992821,500000
992822,302500
992825,142000
992830,0
992842,521600
992847,150000
992848,0
992854,0
992855,0
992856,495000
992859,192500
992862,661000
992863,2006000
992865,350000
992867,749500
992872,0
992873,2538600
992874,140000
992876,2364200
992877,284400
992880,375000
992881,330000
992884,5059500
992885,552100
992898,213000
992902,730100
992906,262000
992908,0
992910,290000
992915,0
992917,295000
992921,283500
992922,842700
992923,250000
992929,494000
992936,0
992951,270000
992953,426000
992965,303000
992968,0
992973,0
992977,482000
992981,0
992987,869500
992993,384000
992995,648000
992996,372000
993002,0
993004,150000
993005,240000
993007,1049200
993017,291500
993018,270600
993020,150000
993021,709300
993022,0
993026,425000
993031,672400
993033,212500
993034,250000
993041,478000
993043,0
993045,300000
993050,756000
993052,0
993054,0
993056,500000
993057,148500
993060,292500
993063,200000
993067,290000
993069,361200
993071,711800
993074,369700
993076,250000
993086,400000
993087,525000
993100,0
993105,0
993109,304000
993116,3504800
993117,0
993118,250000
993120,53000
993121,0
993126,0
993127,941500
993128,1637100
993129,140000
993136,0
993138,620000
993148,381100
993159,250000
993163,125000
993166,0
993170,0
993172,683800
993178,250000
993180,370000
993184,0
993186,185000
993187,250000
993194,388400
993199,250000
993207,37500
993217,800000
993223,0
993225,250000
993228,337000
993235,2013000
993236,0
993238,164000
993240,0
993251,250000
993258,489600
993285,150000
993287,0
993309,467500
993316,250000
993323,0
993324,850000
993325,250000
993327,2014200
993328,201000
993334,310000
993335,0
993337,165000
993341,579000
993350,0
993355,0
993357,0
993361,440000
993367,250000
993368,2607900
993375,0
993378,400000
993379,825000
993382,294000
993384,0
993385,0
993393,354000
993396,0
993398,0
993399,400000
993419,573500
993431,0
993437,304000
993438,240000
993443,341000
993444,350000
993446,1014000
993447,150000
993450,300000
993452,2561800
993454,0
993455,241300
993462,0
993463,250000
993466,400500
993467,480000
993476,250000
993479,405000
993480,0
993481,0
993483,0
993484,150000
993493,382300
993495,370000
993499,3482400
993502,0
993506,150000
993507,200000
993516,0
993520,0
993527,1868500
993531,400000
993538,250000
993541,733000
993542,2204800
993546,150000
993550,1220000
993551,0
993561,1107000
993566,723400
993569,325500
993570,170000
993574,0
993578,150000
993588,1046900
993590,500000
993592,0
993593,2570000
993595,154500
993604,428000
993607,722500
993612,400000
993617,732000
993623,807500
993628,0
993630,540000
993633,300000
993639,0
993640,0
993645,707400
993646,300000
993647,1322100
993650,25000
993653,561000
993658,140000
993659,540000
993663,0
993666,160000
993669,0
993671,300000
993674,730000
993688,150000
993694,0
993696,0
993699,0
993701,140000
993705,150000
993706,405000
993713,70000
993720,0
993722,400000
993728,0
993730,1246000
993732,588700
993746,1566600
993749,400000
993751,250000
993753,400000
993754,987500
993766,100000
993768,150000
993769,680500
993770,648900
993773,140000
993774,0
993778,379500
993779,105000
993781,300000
993787,0
993789,150000
993790,615800
993791,400000
993799,1784100
993817,120000
993828,400000
993829,250000
993841,0
993849,350000
993852,150000
993854,0
993857,351300
993860,1407000
993863,450000
993870,850000
993873,0
993878,0
993889,740000
993894,0
993897,550000
993901,497500
993905,540000
993907,0
993908,0
993909,0
993911,1522000
993912,40600
993914,0
993915,350000
993921,0
993924,0
993925,442000
993928,3106100
993929,492000
993942,1683400
993946,499900
993954,0
993967,140000
993968,300000
993971,0
993975,367200
993976,0
993977,150000
993978,993400
993979,0
993988,0
993990,300000
993996,300000
994002,0
994003,0
994007,140000
994008,977900
994010,1242700
994011,325000
994016,300000
994017,0
994025,1068100
994029,0
994032,140000
994041,550000
994046,350000
994049,298600
994050,1931400
994055,450000
994058,0
994062,0
994064,490000
994071,150000
994076,0
994085,200000
994086,300000
994087,300000
994088,1500000
994094,311000
994100,1085600
994103,0
994104,593900
994113,448000
994115,830000
994119,65000
994122,667500
994128,443800
994140,360500
994146,0
994151,350000
994160,150000
994166,140000
994168,718000
994169,0
994170,400000
994171,200000
994185,400000
994188,370000
994189,0
994191,0
994192,348000
994195,300000
994196,642000
994197,450000
994201,0
994204,0
994206,200000
994208,1149500
994211,0
994218,10000
994225,448000
994233,600000
994238,487000
994240,0
994243,450000
994248,0
994251,250000
994252,0
994253,586500
994256,0
994258,150000
994261,135000
994262,0
994287,535000
994290,150000
994292,0
994296,150000
994309,649000
994313,0
994324,369100
994329,581000
994330,527300
994340,700000
994342,650000
994343,340000
994348,204000
994352,594000
994353,789500
994356,736000
994360,350000
994369,544000
994370,893000
994373,0
994376,360000
994381,0
994387,0
994388,0
994391,0
994392,0
994395,0
994419,542500
994421,0
994425,0
994435,200000
994438,4000000
994439,250000
994443,250000
994451,150000
994454,3536000
994455,0
994459,375000
994460,0
994461,4135000
994466,500000
994474,150000
994478,0
994479,661600
994481,629500
994483,0
994489,150000
994490,500000
994492,150000
994495,0
994506,250000
994514,0
994516,115000
994517,1365000
994531,0
994533,414000
994540,356400
994543,500000
994544,0
994553,0
994562,0
994563,0
994568,0
994570,390600
994574,254500
994578,300000
994579,467200
994587,647500
994590,400000
994598,0
994600,400000
994605,466600
994606,809000
994624,205000
994625,645000
994626,0
994628,979500
994634,440000
994636,150000
994638,801400
994640,835000
994643,4494800
994645,744800
994646,516600
994647,142000
994648,0
994654,0
994664,0
994668,450000
994673,502000
994675,350100
994677,381700
994684,300000
994685,232800
994690,0
994691,1500000
994695,355000
994696,552500
994699,447500
994700,481000
994702,407500
994703,242400
994708,322000
994710,746000
994713,450100
994714,901100
994716,118000
994717,410000
994720,0
994721,0
994723,250000
994725,374500
994726,400000
994728,0
994733,540000
994735,250000
994737,250000
994740,150000
994747,197800
994749,0
994751,250000
994753,450000
994761,417000
994765,150000
994770,0
994776,1138000
994778,300000
994779,22526300
994780,140700
994782,0
994784,250000
994785,250000
994789,0
994795,0
994797,0
994798,500000
994806,0
994808,1269200
994818,150000
994819,434000
994823,300000
994827,480000
994828,406000
994831,2239100
994836,0
994837,477000
994838,0
994841,1150200
994847,250000
994848,0
994853,426500
994854,588000
994863,0
994868,250000
994874,361100
994879,0
994881,572000
994883,550000
994885,0
994887,150000
994888,130000
994889,400000
994891,0
994892,0
994898,0
994899,806000
994903,495000
994904,312000
994905,150000
994911,0
994919,582000
994923,0
994926,364000
994928,550000
994930,449000
994931,55000
994932,609000
994954,400000
994956,1695400
994960,0
994961,325000
994967,0
994978,894000
994983,140700
994985,695000
994993,450000
994996,790000
994997,700000
994998,250000
994999,1072600
995002,500000
995004,412000
995009,0
995017,250000
995018,0
995026,140700
995028,390000
995038,400000
995045,475000
995047,529500
995053,0
995058,1384800
995059,164000
995064,3605700
995065,380000
995068,294000
995069,0
995070,450000
995085,250000
995088,250000
995090,400000
995092,0
995099,0
995101,720000
995108,230000
995121,472000
995127,390000
995134,1981000
995135,776500
995136,250000
995139,0
995148,314700
995153,392500
995160,492400
995169,450000
995175,417500
995177,845000
995181,0
995184,0
995191,335000
995193,125000
995202,120000
995205,970000
995207,135000
995211,0
995212,355000
995215,0
995216,250000
995218,221500
995220,0
995225,452500
995228,431100
995233,440000
995238,0
995239,0
995242,894600
995244,390500
995247,220000
995248,489800
995257,540000
995266,450000
995267,349500
995269,0
995273,600000
995274,0
995278,363500
995279,368500
995281,2684000
995285,2756000
995287,400000
995290,537000
995291,500000
995292,460500
995294,300000
995299,800
995303,250000
995311,593800
995318,300000
995319,1217200
995323,0
995327,931000
995331,0
995335,300000
995341,250000
995346,421000
995347,0
995357,0
995365,925000
995372,250000
995380,749000
995387,197700
995388,137500
995389,1081400
995399,294600
995400,0
995404,750000
995405,250000
995409,983200
995412,250000
995415,0
995427,400000
995429,1471500
995440,142000
995444,504400
995449,195000
995451,250000
995455,96500
995456,325000
995458,250000
995460,471000
995469,150000
995472,0
995473,460000
995478,72500
995486,85400
995490,486600
995491,0
995494,354000
995498,390000
995504,0
995521,0
995528,300000
995532,0
995536,0
995539,425000
995544,0
995545,878500
995547,360000
995549,0
995550,1091800
995552,0
995553,580000
995555,825500
995558,280000
995559,612500
995564,300000
995566,474400
995568,0
995573,0
995574,550000
995579,400000
995589,150000
995590,0
995592,150000
995595,4298300
995603,1500000
995610,877000
995624,372500
995626,0
995627,0
995629,641000
995638,0
995640,375000
995641,1091800
995648,0
995652,452500
995657,0
995659,234500
995661,0
995666,0
995668,400000
995669,70000
995671,0
995676,0
995692,120000
995695,725000
995702,250000
995709,381000
995710,0
995713,0
995716,415000
995717,3704600
995723,300000
995724,300000
995725,0
995726,0
995728,1694200
995730,366000
995734,400000
995735,650000
995743,636400
995745,0
995749,400000
995754,2360200
995763,0
995767,0
995770,200000
995771,757000
995772,1522600
995774,147700
995778,1831500
995779,463600
995795,365000
995796,1200000
995805,150000
995806,0
995807,447500
995815,400000
995818,150000
995819,507500
995820,392700
995824,0
995826,0
995827,150000
995828,461000
995829,555000
995834,736400
995841,150000
995844,333500
995853,655000
995857,300000
995858,149000
995859,150000
995860,150000
995862,150000
995863,0
995868,1125600
995870,0
995871,150000
995873,250000
995874,2052600
995875,120000
995880,0
995884,425000
995885,0
995886,150000
995891,397500
995895,0
995897,300000
995898,250000
995901,1765000
995906,0
995907,424000
995910,250000
995922,0
995923,441200
995925,395100
995926,649000
995941,630000
995944,1959500
995947,537000
995953,677500
995954,752000
995957,344500
995965,466500
995967,1202200
995968,70000
995972,1528600
995973,550000
995986,150000
995988,0
995994,455000
996002,249000
996013,200000
996014,806200
996020,0
996032,0
996034,1581600
996038,150000
996047,562000
996048,0
996061,652000
996064,1100000
996078,150000
996080,485200
996081,616500
996082,799000
996083,0
996092,200000
996093,1412800
996094,297000
996095,1147100
996096,987500
996097,250000
996102,390000
996103,290000
996107,0
996117,150000
996133,380000
996134,317000
996135,550400
996136,480000
996137,0
996140,150000
996144,0
996149,130000
996150,0
996151,0
996160,180000
996163,669900
996168,1416000
996170,0
996174,0
996175,0
996178,150000
996180,300000
996191,810000
996195,0
996206,0
996207,0
996213,397500
996215,625000
996220,631700
996225,0
996226,500000
996227,600000
996228,0
996231,0
996233,0
996234,594800
996236,415000
996238,0
996239,0
996240,822000
996243,881000
996248,300000
996252,1287000
996253,0
996254,498000
996257,355000
996261,866500
996262,0
996263,0
996264,200000
996268,250000
996270,0
996271,1023400
996273,811900
996274,0
996280,454000
996289,0
996301,300000
996308,0
996310,348000
996311,0
996326,390000
996329,911900
996332,479000
996333,250000
996334,915300
996344,250000
996348,423300
996349,3496300
996358,400000
996360,200000
996363,579900
996365,542000
996370,705000
996375,237300
996378,200000
996383,0
996385,204500
996391,0
996394,209300
996395,0
996402,0
996403,395000
996407,378500
996413,600000
996414,250000
996415,249700
996425,455000
996426,0
996430,457500
996436,577000
996444,0
996454,450000
996458,0
996462,629100
996464,800000
996465,312600
996469,450000
996477,345000
996480,528000
996481,197600
996483,1050000
996484,0
996496,0
996505,1491200
996515,0
996521,382000
996527,1027000
996528,419000
996529,1624800
996530,550000
996531,553000
996535,226500
996549,523300
996553,0
996554,500000
996555,1646800
996556,0
996559,372500
996563,0
996567,394000
996572,1709400
996581,4605000
996588,799700
996589,1414900
996592,370400
996593,375000
996595,457500
996602,135000
996603,615600
996606,527100
996609,144500
996611,1188800
996612,1115400
996613,438600
996617,0
996621,250000
996622,0
996626,1319800
996627,341500
996633,0
996636,300000
996640,4980300
996642,0
996644,410900
996646,2091000
996651,550000
996652,333600
996670,270000
996672,512300
996673,292400
996677,400000
996678,250000
996680,195000
996682,252900
996686,496000
996688,430600
996693,542500
996696,0
996697,250000
996699,600000
996702,125000
996708,142000
996709,0
996710,907000
996717,312000
996727,474000
996737,250000
996741,150000
996750,0
996754,590000
996761,675000
996762,0
996771,140000
996772,0
996776,0
996777,0
996780,700000
996782,3094700
996807,794200
996812,542800
996813,132400
996814,0
996820,200000
996822,2000000
996826,1935000
996831,150000
996832,900000
996837,0
996840,0
996844,0
996852,187500
996853,1855000
996855,150000
996856,11624100
996864,350000
996865,0
996866,0
996869,771400
996872,375000
996874,0
996878,0
996882,300000
996893,0
996910,150000
996916,497500
996919,0
996922,0
996928,300000
996937,1088000
996944,0
996947,403100
996949,16600
996950,783300
996957,0
996960,591000
996973,689800
996974,150000
996977,0
996979,0
996982,250000
996987,247500
996990,1350000
996993,688000
996994,842500
996997,0
996999,0
997015,911100
997021,150000
997025,0
997026,170000
997027,0
997037,459500
997041,250000
997045,0
997050,0
997059,0
997061,1795800
997065,360000
997075,250000
997083,0
997087,400000
997092,670000
997097,396000
997098,0
997099,690000
997101,956800
997108,0
997116,0
997128,250000
997133,367500
997134,0
997140,60000
997141,0
997151,1454000
997161,400000
997163,0
997168,2441700
997172,271000
997173,0
997174,0
997180,2574400
997181,637600
997182,664000
997198,0
997201,347200
997203,0
997205,357500
997212,0
997213,549000
997218,447300
997219,498000
997221,649500
997222,0
997225,489000
997228,250000
997231,328000
997232,0
997238,0
997239,140000
997261,150000
997265,380600
997268,300000
997273,0
997274,0
997278,300000
997282,0
997283,0
997286,0
997289,280000
997291,807000
997292,200000
997295,250000
997297,0
997298,1241200
997299,112000
997301,0
997302,0
997306,487500
997310,0
997315,0
997325,331000
997326,564000
997337,250000
997339,424000
997340,550000
997341,1431100
997345,0
997350,0
997356,340000
997359,298000
997366,0
997369,0
997377,0
997383,0
997385,0
997389,821500
997396,339000
997399,1495000
997411,0
997413,840000
997414,0
997417,390000
997422,0
997423,0
997424,343600
997425,3761200
997438,90000
997447,180000
997449,0
997455,10000
997457,85000
997459,404100
997465,0
997469,200000
997470,0
997473,200000
997474,388800
997481,0
997483,0
997487,200000
997495,10000
997502,0
997505,0
997506,760800
997512,150000
997513,442000
997514,0
997515,306400
997526,0
997527,0
997536,324600
997537,500000
997538,572000
997548,2158500
997549,250000
997554,300000
997560,450000
997563,320000
997569,350000
997570,449000
997573,150000
997585,654000
997593,250000
997602,0
997603,702300
997617,0
997629,150000
997631,0
997636,250000
997640,1939400
997641,0
997647,557700
997651,40000
997653,150000
997654,0
997660,740200
997666,200000
997669,640000
997671,379000
997676,768500
997696,250000
997709,250000
997726,603900
997727,511200
997731,482500
997739,295000
997740,1604600
997745,237500
997748,522500
997755,0
997761,200000
997767,742000
997782,1425800
997788,380000
997792,502900
997809,200000
997815,312000
997822,388800
997835,0
997836,380000
997841,500000
997848,284000
997850,350000
997853,0
997855,821000
997867,593000
997871,67500
997876,0
997881,474300
997884,2846500
997892,1142300
997900,470200
997903,0
997904,0
997906,652500
997908,1033500
997914,300000
997925,830000
997926,762000
997927,344300
997946,0
997978,531200
997988,247500
998004,0
998011,450000
998016,304500
998021,250000
998023,0
998027,350000
998034,0
998036,1725000
998037,0
998043,522000
998044,0
998046,0
998047,364500
998048,0
998049,570000
998050,0
998059,470000
998062,2330500
998073,4025600
998076,0
998079,0
998085,100000
998089,9891000
998095,384000
998104,2407100
998109,2832000
998111,400000
998114,200000
998118,412000
998126,0
998136,0
998137,0
998139,419900
998140,375000
998141,443200
998143,250000
998150,0
998151,250000
998153,0
998160,608400
998164,1188000
998174,150000
998185,300000
998193,616000
998194,250000
998200,300000
998205,250000
998207,150000
998214,0
998217,240600
998224,660000
998227,0
998229,0
998232,642500
998238,0
998239,502200
998245,0
998251,360000
998253,142000
998255,340200
998269,40200
998271,0
998272,858500
998277,818000
998279,798800
998280,420700
998281,0
998284,459000
998285,0
998288,368000
998293,350000
998295,35200
998302,475800
998307,0
998308,315000
998312,472000
998315,300000
998317,300000
998323,602200
998331,623800
998332,1725700
998333,0
998343,0
998352,250000
998362,621000
998366,709200
998368,0
998369,512600
998377,460000
998383,0
998385,1293500
998393,415200
998397,0
998400,0
998406,150000
998409,250000
998410,360600
998415,1512300
998422,0
998425,650000
998426,835200
998430,250000
998434,0
998435,1302300
998444,368600
998445,0
998449,331000
998456,560000
998461,250000
998462,1914400
998470,522600
998471,537400
998473,600000
998474,250000
998488,150000
998490,1272400
998514,0
998516,625000
998529,0
998534,367700
998539,372000
998542,424200
998545,458000
998551,422000
998557,360000
998561,640900
998570,567000
998577,299400
998589,1187200
998591,333100
998592,576000
998610,900000
998611,0
998617,300000
998618,150000
998619,150000
998621,0
998638,650000
998642,0
998643,0
998644,300000
998645,538500
998646,369000
998648,0
998655,0
998656,300000
998660,0
998661,450000
998664,1524300
998669,276000
998672,0
998674,570000
998683,396000
998684,0
998693,0
998698,70000
998706,101800
998708,250000
998724,0
998726,0
998730,145000
998734,0
998738,319000
998743,150000
998745,0
998748,0
998751,372000
998752,200000
998757,0
998763,410400
998765,424800
998768,316000
998773,492000
998775,297000
998781,150000
998782,492000
998789,800000
998790,150000
998795,75000
998803,250000
998805,250000
998809,0
998810,405000
998811,360000
998812,970000
998819,0
998822,400000
998829,0
998835,0
998840,759300
998841,0
998845,8152800
998846,0
998850,0
998852,0
998853,607500
998854,0
998855,374000
998857,890000
998858,768000
998866,399600
998870,0
998885,0
998895,495000
998899,420700
998910,2172300
998916,0
998917,180000
998921,591000
998925,0
998926,354900
998930,0
998931,799200
998935,492300
998951,150000
998953,372000
998955,250000
998957,0
998960,250000
998966,0
998969,400000
998975,352500
998980,472000
998986,0
998987,578500
998988,0
998990,572000
998991,0
998992,50000
998995,415800
998997,387600
999001,142000
999004,0
999011,613000
999013,250000
999014,609000
999015,378000
999021,327000
999022,0
999031,560800
999038,312000
999043,2695500
999057,0
999065,324800
999068,3985700
999075,2187300
999078,70000
999087,300000
999089,432000
999091,379200
999094,702000
999095,70000
999096,0
999110,240600
999112,0
999114,550000
999116,250000
999126,59000
999138,0
999139,0
999143,250000
999144,381000
999145,0
999150,237200
999153,0
999154,473400
999155,0
999158,397500
999161,1157300
999163,150000
999167,460000
999181,186000
999192,3883300
999193,600000
999195,0
999200,410000
999204,0
999207,0
999211,480000
999212,324000
999215,528500
999217,0
999219,0
999223,0
999227,0
999230,0
999233,841100
999237,150000
999242,250000
999243,378500
999245,300000
999246,0
999252,0
999253,1198800
999266,300000
999268,250000
999271,598100
999272,0
999280,556000
999283,205000
999284,300000
999285,0
999286,300000
999292,396000
999294,0
999300,0
999302,484000
999304,0
999310,250000
999313,0
999314,490000
999318,537500
999319,0
999320,2384800
999324,407500
999332,250000
999341,650000
999348,450000
999353,0
999357,0
999372,0
999388,0
999394,200000
999396,0
999397,0
999403,502500
999404,0
999405,556400
999409,585000
999419,3379700
999441,0
999447,3576000
999449,344500
999454,555000
999459,300000
999460,337500
999468,481000
999471,700000
999472,0
999478,140000
999482,0
999484,0
999486,0
999493,400000
999500,150000
999532,0
999536,400000
999539,0
999541,108000
999542,500000
999551,343600
999552,610000
999564,838400
999565,110000
999566,0
999569,515000
999571,150000
999572,0
999577,487000
999592,200000
999594,1154600
999598,0
999600,55000
999601,0
999603,0
999611,0
999612,1403100
999613,0
999617,400000
999618,0
999625,0
999636,6345300
999638,678700
999641,300000
999642,800000
999646,1191500
999652,150000
999657,225000
999661,250000
999667,794500
999672,178300
999675,0
999678,701500
999693,250000
999701,300000
999702,397500
999715,0
999716,0
999717,550000
999725,0
999726,150000
999729,529600
999730,600000
999731,236800
999737,0
999739,0
999741,150000
999742,1323200
999748,0
999754,0
999756,250000
999763,714600
999764,62400
999765,200000
999767,609000
999770,525000
999771,850000
999780,250000
999781,0
999790,360000
999793,0
999794,500000
999799,500000
999801,212500
999807,707000
999810,521500
999814,927100
999815,150000
999823,0
999824,1066900
999825,915000
999826,250000
999829,450000
999830,0
999831,125000
999832,550000
999834,0
999841,350000
999843,300000
999846,459000
999851,0
999852,150000
999858,456000
999861,310000
999862,0
999863,604000
999864,400000
999865,300000
999868,250000
999874,355000
999887,64500
999890,250000
999895,623800
999900,420200
999905,150000
999907,0
999908,400000
999910,660000
999912,1480600
999926,353500
999930,0
999934,800000
999938,340200
999939,0
999946,438000
999954,150000
999958,397500
999959,400000
999960,17600
999966,300000
999983,200000
999985,400000
999990,500000
999998,0
1000000,333500
1000008,413000
1000009,300000
1000011,561500
1000013,523000
1000018,300000
1000021,389600
1000023,150000
1000025,0
1000026,531500
1000028,0
1000034,574000
1000036,705000
1000039,844000
1000041,0
1000042,0
1000044,0
1000046,456000
1000049,691500
1000051,0
1000053,489500
1000054,337500
1000056,50000
1000067,389600
1000069,3096700
1000073,0
1000076,817000
1000091,324300
1000096,300000
1000101,523600
1000102,602000
1000105,1194600
1000107,150000
1000112,0
1000113,437500
1000115,8240000
1000132,0
1000144,150000
1000146,0
1000163,0
1000167,250000
1000170,900000
1000172,443600
1000174,250000
1000175,200000
1000176,0
1000177,350000
1000179,0
1000180,250000
1000188,1520000
1000193,150000
1000199,0
1000211,454000
1000217,450000
1000221,457700
1000222,557600
1000225,450000
1000226,0
1000227,0
1000228,525000
1000233,150000
1000246,400000
1000253,367500
1000255,400000
1000258,515000
1000264,300000
1000273,400000
1000280,9049000
1000281,0
1000288,463900
1000294,581500
1000296,429600
1000298,150000
1000310,0
1000321,0
1000325,0
1000329,425000
1000330,780000
1000332,250000
1000333,130000
1000336,0
1000339,150000
1000347,1189000
1000349,0
1000351,235000
1000353,250000
1000357,250000
1000362,200000
1000363,341500
1000374,896000
1000379,150000
1000381,0
1000386,2398200
1000389,270800
1000393,250000
1000397,150000
1000409,376000
1000413,0
1000418,150000
1000424,530000
1000427,400000
1000429,2049900
1000436,0
1000441,88000
1000448,490500
1000452,437400
1000454,0
1000460,425500
1000463,0
1000464,4623500
1000467,382500
1000469,0
1000472,0
1000475,585000
1000476,0
1000477,1298600
1000480,0
1000482,150000
1000484,400000
1000488,300000
1000495,250000
1000496,748500
1000498,1065000
1000504,794000
1000505,0
1000507,1027500
1000508,382500
1000512,0
1000513,1001500
1000526,300000
1000532,490900
1000533,300000
1000537,717300
1000542,486000
1000550,1213700
1000553,0
1000559,1880500
1000565,0
1000573,0
1000574,1571500
1000578,150000
1000583,0
1000591,150000
1000596,517000
1000598,1071500
1000602,1074100
1000604,411600
1000617,370800
1000626,70000
1000628,250000
1000636,495000
1000642,400000
1000644,640000
1000646,683500
1000649,190000
1000654,0
1000656,0
1000657,0
1000665,100000
1000667,562500
1000669,200000
1000674,0
1000676,0
1000685,661000
1000696,496000
1000700,374100
1000706,150000
1000709,0
1000711,453000
1000714,400000
1000722,380000
1000736,1047200
1000739,474500
1000744,520000
1000745,0
1000751,828000
1000756,527500
1000758,637800
1000759,0
1000768,535000
1000777,200000
1000778,992200
1000788,250000
1000789,650000
1000794,0
1000796,598500
1000797,0
1000798,595000
1000802,500000
1000805,577500
1000816,390000
1000818,0
1000821,0
1000822,180000
1000824,350000
1000832,1179900
1000838,351000
1000853,0
1000859,400000
1000860,0
1000861,0
1000865,0
1000867,0
1000878,500000
1000879,0
1000892,0
1000897,300000
1000900,0
1000903,150000
1000904,350000
1000911,142000
1000913,0
1000922,250000
1000924,1090500
1000927,0
1000928,200000
1000929,0
1000943,700000
1000952,0
1000962,677500
1000963,537000
1000964,416000
1000966,0
1000967,0
1000968,731100
1000969,682600
1000971,423600
1000977,0
1000994,450000
1000996,914900
1000997,0
1000998,0
1001000,0
1001007,200000
1001015,0
1001026,450000
1001028,250000
1001042,365100
1001047,2912900
1001055,0
1001057,0
1001059,510000
1001062,0
1001072,250000
1001078,325000
1001083,4863500
1001093,300000
1001098,1159000
1001108,70000
1001110,580000
1001111,816400
1001121,142000
1001129,250000
1001132,250000
1001144,381800
1001147,440000
1001149,0
1001162,190000
1001170,572000
1001174,881000
1001176,0
1001184,180000
1001194,0
1001199,0
1001200,150000
1001201,450000
1001206,300000
1001210,402000
1001211,583600
1001213,2580000
1001215,392600
1001223,693600
1001226,429500
1001229,577000
1001232,567500
1001233,0
1001244,143700
1001245,0
1001248,150000
1001253,0
1001259,1375000
1001260,150000
1001263,0
1001264,655000
1001265,250000
1001266,0
1001270,373500
1001271,375000
1001272,0
1001276,0
1001277,0
1001282,500000
1001284,250000
1001290,632000
1001298,300000
1001300,1591900
1001302,450000
1001303,400000
1001306,0
1001314,625200
1001315,482900
1001335,250000
1001338,250000
1001340,0
1001342,250000
1001349,1046800
1001351,10500
1001352,1911200
1001355,0
1001361,165000
1001364,500000
1001365,200000
1001369,399500
1001374,754900
1001379,1722100
1001385,711700
1001387,288700
1001390,0
1001391,250000
1001393,0
1001396,550000
1001401,561100
1001405,150000
1001407,420000
1001418,630000
1001419,0
1001421,343500
1001423,300000
1001427,200000
1001432,366600
1001454,500600
1001484,0
1001485,650000
1001487,536000
1001490,0
1001507,0
1001508,0
1001514,813500
1001519,0
1001520,150000
1001521,491500
1001531,0
1001533,70000
1001534,150000
1001535,5193000
1001537,165000
1001538,400000
1001544,425500
1001549,467500
1001550,313500
1001556,150000
1001558,0
1001559,0
1001570,0
1001581,0
1001584,162000
1001590,752000
1001596,799700
1001597,5480900
1001598,458000
1001599,965400
1001606,707400
1001607,155000
1001608,3490200
1001610,0
1001611,0
1001614,4157500
1001615,250000
1001618,0
1001620,0
1001627,619900
1001629,385500
1001632,595000
1001635,502000
1001636,0
1001638,650000
1001641,463900
1001656,399500
1001657,0
1001660,500000
1001661,485000
1001662,0
1001664,656000
1001671,1218000
1001677,760000
1001703,643000
1001704,846000
1001711,0
1001744,0
1001748,150000
1001751,1052000
1001752,180000
1001762,0
1001767,550000
1001770,912000
1001774,400400
1001779,348000
1001781,705000
1001784,697800
1001789,0
1001790,408000
1001794,412800
1001795,155000
1001796,458400
1001800,400700
1001813,400000
1001814,300000
1001817,264000
1001818,250000
1001821,2006600
1001828,442000
1001833,300000
1001835,185000
1001837,400000
1001838,458500
1001861,684000
1001862,300000
1001867,371400
1001874,458500
1001878,0
1001879,0
1001883,165000
1001904,646000
1001909,0
1001917,1130000
1001918,0
1001922,0
1001924,341000
1001930,0
1001933,320000
1001941,400000
1001945,575000
1001949,1613800
1001951,190000
1001952,0
1001955,137800
1001960,490000
1001964,0
1001972,400000
1001975,139000
1001977,376200
1001980,300000
1001982,150000
1001986,400000
1001988,1050000
1001994,0
1002005,200000
1002013,0
1002017,0
1002018,300000
1002020,0
1002027,1145000
1002034,200000
1002037,263000
1002045,580500
1002047,605000
1002050,605500
1002053,350000
1002056,0
1002061,550000
1002065,0
1002067,504000
1002070,300000
1002076,700000
1002086,513000
1002095,500000
1002101,633000
1002102,574300
1002105,965800
1002106,0
1002111,0
1002120,0
1002126,0
1002127,0
1002131,434500
1002138,70000
1002142,70000
1002144,510000
1002145,0
1002146,425600
1002148,250000
1002165,500000
1002171,0
1002177,0
1002187,1780000
1002188,403000
1002189,40300
1002191,871500
1002193,900200
1002195,700000
1002196,633000
1002200,0
1002201,0
1002204,316000
1002206,367200
1002213,350000
1002218,1112500
1002219,0
1002224,0
1002227,0
1002228,648500
1002232,700000
1002233,120000
1002243,0
1002253,0
1002260,2915200
1002266,300000
1002273,0
1002276,0
1002277,0
1002280,1568000
1002284,0
1002288,1586700
1002291,312900
1002292,1500
1002303,533900
1002307,0
1002308,0
1002309,0
1002327,0
1002329,0
1002337,0
1002338,849900
1002341,0
1002342,369000
1002345,0
1002346,756300
1002347,0
1002354,475500
1002355,0
1002361,500000
1002368,550000
1002370,0
1002373,67500
1002375,0
1002376,354000
1002382,380400
1002386,0
1002393,173500
1002394,0
1002401,250000
1002403,1819000
1002406,0
1002407,210000
1002416,615100
1002422,1088800
1002424,0
1002425,300000
1002427,0
1002428,960000
1002438,4619800
1002442,0
1002443,588000
1002449,350000
1002451,340000
1002452,0
1002458,0
1002460,0
1002465,0
1002470,3350000
1002493,1296600
1002494,4136700
1002499,700000
1002501,0
1002505,392000
1002513,0
1002528,0
1002539,500000
1002553,363300
1002559,0
1002562,316000
1002580,0
1002584,0
1002585,309000
1002589,445500
1002600,0
1002602,0
1002610,0
1002611,0
1002616,0
1002624,400000
1002627,0
1002629,0
1002631,400000
1002632,0
1002642,589000
1002655,150000
1002660,0
1002663,450000
1002678,309000
1002687,664000
1002690,0
1002691,386000
1002698,429600
1002702,0
1002705,550000
1002720,550000
1002722,0
1002733,0
1002736,550000
1002744,66000
1002750,340000
1002752,0
1002755,1723400
1002756,500000
1002762,413200
1002765,381000
1002769,0
1002777,1140000
1002779,0
1002788,452700
1002792,415500
1002794,796500
1002798,375000
1002799,0
1002801,350000
1002803,1665100
1002806,685000
1002807,0
1002813,0
1002820,800000
1002821,1199700
1002828,556200
1002835,260000
1002838,0
1002839,14477500
1002846,768600
1002849,0
1002853,0
1002856,972400
1002861,0
1002863,0
1002872,0
1002885,0
1002896,1122000
1002903,719600
1002905,485000
1002907,0
1002908,0
1002911,1501100
1002917,0
1002930,915500
1002935,991800
1002937,400000
1002940,150000
1002952,462000
1002953,0
1002954,0
1002956,372000
1002959,420000
1002966,1042700
1002972,0
1002974,3485500
1002975,0
1002977,555000
1002980,0
1002991,0
1002998,537000
1003010,0
1003011,310000
1003017,240000
1003027,0
1003034,9600
1003037,0
1003039,399000
1003043,0
1003047,746600
1003048,0
1003058,0
1003066,400000
1003068,2612300
1003072,22141300
1003085,387000
1003094,547000
1003096,675800
1003104,0
1003105,464900
1003108,366000
1003116,300000
1003119,989900
1003139,145000
1003148,244000
1003152,384000
1003155,0
1003158,260000
1003159,150000
1003162,0
1003168,597300
1003174,0
1003179,400000
1003182,0
1003192,0
1003196,0
1003198,250000
1003211,0
1003213,666500
1003225,531500
1003248,489200
1003257,856000
1003260,200000
1003267,450000
1003274,0
1003278,1600
1003281,150000
1003282,0
1003284,500000
1003288,1305000
1003292,0
1003313,0
1003317,531000
1003330,1394800
1003334,350000
1003351,325000
1003356,491300
1003357,0
1003369,500000
1003381,0
1003387,550000
1003389,0
1003391,0
1003392,180000
1003401,664800
1003402,458500
1003413,0
1003422,0
1003431,0
1003434,572500
1003444,563300
1003446,0
1003447,0
1003452,450000
1003455,0
1003457,1175000
1003470,0
1003474,811000
1003475,0
1003476,334400
1003492,300000
1003493,0
1003497,0
1003499,1330100
1003502,0
1003507,1420000
1003509,450000
1003511,300000
1003516,350000
1003517,490500
1003531,647800
1003536,250000
1003537,741500
1003554,3296400
1003555,550000
1003557,0
1003561,1366400
1003564,0
1003565,850000
1003578,200000
1003593,543500
1003596,250000
1003609,0
1003610,460000
1003611,1703000
1003615,0
1003627,566000
1003628,190000
1003644,394000
1003647,0
1003653,635600
1003659,443800
1003662,0
1003666,150000
1003669,0
1003676,171100
1003686,1039000
1003689,360000
1003691,200000
1003693,385200
1003694,689000
1003695,0
1003701,0
1003710,1820600
1003711,420000
1003720,478800
1003725,1114500
1003736,0
1003737,0
1003741,1047000
1003746,175200
1003752,725300
1003754,0
1003759,342000
1003767,590500
1003769,417000
1003773,559000
1003777,0
1003786,0
1003789,200000
1003800,0
1003813,413000
1003825,0
1003828,377000
1003829,250000
1003832,200000
1003848,250000
1003849,0
1003861,693000
1003871,200000
1003875,400000
1003880,463900
1003899,0
1003901,0
1003910,445500
1003911,0
1003918,0
1003921,0
1003946,285000
1003955,315000
1003957,994000
1003958,0
1003961,1545000
1003974,817500
1003982,150000
1003997,535000
1004008,0
1004019,397500
1004024,0
1004042,181000
1004045,440800
1004059,0
1004062,4355500
1004064,519000
1004066,81000
1004074,150000
1004075,500000
1004082,0
1004084,690000
1004112,200000
1004116,289500
1004124,90000
1004139,511200
1004144,200000
1004158,698500
1004163,450000
1004164,1415000
1004168,0
1004175,150000
1004177,5040000
1004200,235000
1004202,200000
1004213,863000
1004220,302000
1004221,0
1004226,499600
1004234,24500
1004237,340200
1004244,0
1004245,494000
1004254,339700
1004255,250000
1004256,300000
1004263,383500
1004268,0
1004276,375000
1004279,421200
1004282,320000
1004284,350000
1004293,271000
1004302,7400
1004304,1142900
1004312,0
1004315,150000
1004317,312800
1004321,0
1004324,150000
1004332,0
1004337,0
1004344,0
1004363,0
1004366,605000
1004374,300000
1004377,450000
1004378,463800
1004396,300000
1004399,435000
1004401,599800
1004404,0
1004432,0
1004434,0
1004437,787000
1004438,150000
1004441,0
1004455,300000
1004473,389400
1004476,491000
1004482,574800
1004486,0
1004495,876200
1004501,250000
1004506,300000
1004517,1220000
1004537,0
1004541,468100
1004549,150000
1004561,450000
1004573,250000
1004574,0
1004575,378400
1004590,400000
1004591,0
1004595,496000
1004612,400000
1004614,684000
1004618,719200
1004626,2299300
1004630,515000
1004638,940000
1004640,232500
1004642,426500
1004653,1692400
1004657,0
1004661,254000
1004662,585000
1004663,0
1004673,378000
1004674,199000
1004686,250000
1004687,250000
1004688,0
1004689,3360500
1004691,300000
1004693,457500
1004696,570000
1004697,0
1004698,350000
1004700,146700
1004714,485200
1004726,787200
1004727,180200
1004729,332500
1004732,482500
1004737,500000
1004742,0
1004744,250000
1004748,524000
1004752,1035000
1004759,460000
1004760,400000
1004763,550000
1004768,510000
1004770,450000
1004771,0
1004775,1024300
1004779,250000
1004780,0
1004781,0
1004784,413100
1004788,475100
1004789,70000
1004790,470000
1004795,600000
1004797,2506000
1004800,425100
1004802,670800
1004809,257000
1004814,441500
1004815,275000
1004816,0
1004833,738800
1004836,245600
1004840,200000
1004852,0
1004854,0
1004861,769000
1004862,300000
1004870,485500
1004880,350000
1004888,0
1004896,0
1004898,0
1004910,0
1004911,631000
1004917,72500
1004923,511500
1004927,0
1004934,0
1004942,819700
1004944,502000
1004967,0
1004970,350000
1004981,600000
1005004,622500
1005013,500000
1005021,576100
1005028,0
1005029,0
1005034,0
1005042,250000
1005046,140000
1005052,184700
1005061,0
1005063,1564600
1005072,774100
1005074,600000
1005076,0
1005080,240000
1005091,605000
1005095,350000
1005100,0
1005103,433500
1005116,475000
1005126,450000
1005132,350000
1005137,0
1005138,0
1005139,0
1005140,407300
1005143,596000
1005155,320000
1005163,547500
1005167,400000
1005181,400000
1005182,650600
1005183,0
1005194,769000
1005196,113000
1005198,150000
1005206,734000
1005214,515000
1005223,450000
1005225,890000
1005231,0
1005232,1420000
1005236,300000
1005237,1044000
1005238,250000
1005244,250000
1005260,480000
1005261,290000
1005262,615000
1005266,540000
1005271,113000
1005272,0
1005280,0
1005286,0
1005287,400000
1005288,0
1005315,622500
1005318,0
1005328,307600
1005330,170000
1005340,350000
1005345,1057500
1005350,400000
1005354,67200
1005356,530500
1005359,907200
1005360,864300
1005362,492000
1005367,0
1005368,0
1005383,0
1005390,250000
1005393,630000
1005395,250000
1005400,0
1005401,461800
1005402,6478300
1005408,400000
1005411,400000
1005421,515000
1005426,449000
1005428,0
1005435,346000
1005437,0
1005459,0
1005463,409800
1005466,85000
1005473,395000
1005487,0
1005494,278800
1005498,608500
1005509,300000
1005517,0
1005519,496100
1005523,0
1005526,260000
1005530,150000
1005531,434000
1005540,984300
1005543,594000
1005549,278000
1005553,70000
1005558,150000
1005561,1892200
1005566,200000
1005570,0
1005571,350000
1005575,0
1005579,0
1005580,0
1005581,400000
1005583,845500
1005589,400000
1005591,157500
1005594,383400
1005598,326000
1005603,250000
1005604,300000
1005616,0
1005618,1021800
1005624,0
1005627,523800
1005635,0
1005636,3144900
1005637,0
1005640,478500
1005642,465000
1005644,100000
1005646,1006400
1005648,395500
1005653,731400
1005655,612600
1005664,598500
1005668,150000
1005674,0
1005679,0
1005683,322500
1005687,350000
1005688,685000
1005689,0
1005690,455000
1005696,600000
1005697,250000
1005701,0
1005703,483300
1005704,0
1005707,350000
1005708,150000
1005715,597500
1005716,4500
1005721,636500
1005722,219000
1005734,284000
1005736,559000
1005743,0
1005745,0
1005755,886500
1005763,0
1005767,0
1005773,0
1005774,0
1005775,250000
1005779,0
1005780,0
1005784,349500
1005790,5000
1005794,1445600
1005801,1468200
1005806,0
1005815,375000
1005821,471000
1005822,0
1005823,200000
1005825,20000
1005842,700000
1005845,246500
1005848,0
1005852,185000
1005858,0
1005859,0
1005864,150000
1005865,405000
1005867,0
1005873,1115000
1005882,0
1005888,0
1005892,1102100
1005893,656400
1005895,215000
1005898,0
1005899,480000
1005904,400000
1005908,0
1005912,0
1005913,0
1005914,250000
1005920,151000
1005922,765300
1005927,0
1005933,550000
1005941,70000
1005943,1520200
1005944,550000
1005956,0
1005959,648800
1005961,1006300
1005965,150000
1005967,238500
1005969,0
1005979,0
1005981,0
1005982,757000
1005986,250000
1005988,0
1005990,0
1006007,0
1006014,700000
1006016,0
1006022,590000
1006023,585000
1006029,470000
1006036,0
1006038,739500
1006046,250000
1006047,110000
1006052,0
1006053,0
1006054,452500
1006055,289500
1006062,556500
1006070,0
1006075,0
1006085,0
1006092,300000
1006099,350000
1006103,446100
1006104,750000
1006111,0
1006112,0
1006115,444800
1006124,1059600
1006125,0
1006128,278000
1006129,350000
1006131,0
1006134,537300
1006139,0
1006150,250000
1006151,0
1006153,0
1006159,0
1006180,150000
1006187,400000
1006197,2046900
1006200,0
1006201,0
1006203,0
1006206,0
1006207,435200
1006208,828400
1006209,0
1006214,454500
1006217,2652100
1006219,250000
1006224,150000
1006227,0
1006228,250000
1006229,0
1006232,0
1006233,893000
1006237,599000
1006245,950500
1006251,0
1006253,450000
1006258,0
1006260,0
1006262,0
1006278,200000
1006282,0
1006291,400000
1006300,370000
1006302,3184200
1006309,950000
1006310,543500
1006313,702000
1006328,200000
1006335,305000
1006344,400000
1006346,512200
1006347,400000
1006350,470100
1006367,0
1006379,0
1006383,554500
1006388,150000
1006392,0
1006396,0
1006397,350000
1006406,250000
1006410,0
1006420,366400
1006427,475000
1006428,465000
1006435,1146500
1006443,219000
1006449,142000
1006457,349000
1006459,0
1006481,0
1006485,150000
1006492,3126600
1006494,1384300
1006496,302500
1006504,250000
1006511,540000
1006518,826600
1006521,1007600
1006523,0
1006524,190000
1006526,948900
1006527,0
1006528,400000
1006534,0
1006541,818200
1006543,450000
1006549,209400
1006550,0
1006555,419000
1006562,0
1006563,0
1006566,1528500
1006575,484000
1006580,0
1006581,0
1006583,150000
1006584,250000
1006593,0
1006594,0
1006596,887500
1006600,0
1006603,597000
1006606,402000
1006609,0
1006616,642500
1006618,542600
1006619,475000
1006626,0
1006628,0
1006639,510000
1006641,2609400
1006642,0
1006646,550000
1006662,162000
1006664,0
1006680,0
1006682,450000
1006683,0
1006690,482000
1006694,773500
1006696,736600
1006697,400000
1006710,250000
1006712,400000
1006717,1612000
1006718,1052100
1006719,360500
1006722,400000
1006723,45000
1006724,0
1006736,0
1006738,0
1006740,459000
1006747,2653200
1006759,0
1006762,525500
1006764,0
1006768,531000
1006773,0
1006775,472000
1006779,225000
1006781,771000
1006787,90000
1006788,650000
1006790,150000
1006793,0
1006794,550000
1006796,501000
1006799,0
1006803,200000
1006807,0
1006810,525000
1006815,158000
1006830,1699700
1006834,200000
1006835,0
1006836,1618800
1006840,712000
1006855,0
1006863,284800
1006865,490500
1006877,350000
1006878,250000
1006880,0
1006884,360000
1006885,515000
1006890,0
1006897,450000
1006898,298100
1006900,779500
1006902,0
1006904,2146600
1006907,0
1006908,0
1006910,0
1006918,0
1006927,0
1006932,522500
1006935,1474000
1006940,0
1006941,150000
1006942,0
1006943,70000
1006944,784600
1006952,470000
1006953,0
1006965,0
1006970,0
1006989,400000
1006992,557700
1006994,150000
1006995,130000
1007006,520000
1007011,0
1007022,150000
1007028,0
1007029,410000
1007032,1289600
1007033,455800
1007035,1058400
1007038,240000
1007039,500000
1007045,150000
1007052,400000
1007055,470700
1007056,656800
1007063,0
1007066,388100
1007072,480100
1007078,0
1007086,0
1007090,366000
1007094,954900
1007097,600000
1007099,387000
1007107,0
1007108,0
1007111,120000
1007117,0
1007118,461000
1007121,0
1007126,0
1007133,550000
1007141,0
1007145,80000
1007146,929800
1007154,450000
1007159,480100
1007161,670200
1007164,0
1007167,314000
1007168,350000
1007169,773000
1007171,757000
1007176,250000
1007178,0
1007186,0
1007196,400000
1007199,480000
1007203,0
1007205,444000
1007214,70000
1007217,250000
1007219,0
1007230,0
1007234,444500
1007235,350000
1007240,300000
1007246,0
1007251,700000
1007253,1439300
1007254,264000
1007258,400000
1007259,250000
1007268,99000
1007276,0
1007280,332600
1007281,367000
1007282,180000
1007288,0
1007290,0
1007291,250000
1007293,456000
1007295,0
1007309,400000
1007318,350000
1007321,0
1007330,0
1007336,204000
1007338,0
1007339,1707700
1007345,225000
1007354,300000
1007356,328300
1007360,496000
1007365,0
1007372,400000
1007373,616600
1007374,0
1007381,577500
1007393,0
1007403,0
1007419,0
1007422,650000
1007427,596000
1007431,0
1007432,0
1007433,0
1007438,320000
1007443,994300
1007444,640000
1007446,220000
1007449,1153500
1007451,0
1007456,480000
1007458,0
1007460,0
1007464,200000
1007465,354500
1007468,1350000
1007481,150000
1007482,0
1007484,1071500
1007493,37000
1007495,604000
1007501,12450000
1007508,983100
1007518,200800
1007530,499500
1007533,1317500
1007541,200000
1007542,0
1007548,464600
1007552,250000
1007557,450000
1007559,1484600
1007572,0
1007574,150000
1007601,1117200
1007602,1010000
1007604,505000
1007607,505000
1007611,13376800
1007614,656000
1007620,0
1007621,150000
1007625,498400
1007630,495000
1007632,350000
1007635,1720300
1007648,0
1007651,550000
1007657,684200
1007662,0
1007669,0
1007672,0
1007679,1199700
1007688,150000
1007690,300000
1007691,628500
1007692,553000
1007694,1450000
1007696,200000
1007705,0
1007707,1368800
1007708,0
1007710,0
1007722,371700
1007733,400000
1007743,0
1007752,350000
1007756,0
1007763,251000
1007768,740000
1007769,1280100
1007774,970000
1007784,150000
1007785,408000
1007786,250000
1007787,316300
1007791,546400
1007794,150000
1007796,0
1007800,400000
1007803,0
1007804,0
1007807,793200
1007809,444500
1007812,250000
1007813,989500
1007814,594000
1007815,0
1007818,70000
1007819,0
1007820,0
1007821,0
1007826,250000
1007829,346800
1007831,971500
1007836,400000
1007843,640000
1007852,628000
1007861,0
1007864,1189200
1007866,400000
1007872,143000
1007875,450000
1007878,1037600
1007879,0
1007881,0
1007884,495000
1007898,150000
1007902,544400
1007909,240000
1007910,467500
1007913,443500
1007915,586000
1007916,785500
1007918,93000
1007919,200000
1007924,214000
1007925,506000
1007928,447100
1007932,493000
1007934,1881800
1007940,1542000
1007941,1550000
1007946,339500
1007951,687000
1007963,0
1007964,0
1007967,400000
1007976,0
1007979,142000
1007983,225000
1008008,807100
1008009,0
1008010,486000
1008013,0
1008018,500000
1008020,410000
1008024,400000
1008028,400000
1008030,550000
1008035,67000
1008038,270000
1008039,1520400
1008045,435000
1008047,600000
1008052,876500
1008056,410000
1008060,0
1008079,150000
1008085,315000
1008092,194000
1008093,500000
1008094,481500
1008097,627100
1008100,545200
1008102,150000
1008107,328800
1008111,0
1008113,759000
1008119,606000
1008121,142000
1008126,450000
1008132,400000
1008133,602500
1008138,400000
1008142,4171000
1008145,360000
1008151,200000
1008162,400000
1008172,0
1008175,466000
1008181,464500
1008191,500000
1008198,641500
1008200,630600
1008204,519000
1008206,1481500
1008207,190000
1008208,1349000
1008213,0
1008216,0
1008218,538500
1008219,1292000
1008230,428400
1008231,220000
1008232,2057300
1008239,550000
1008246,150000
1008248,460000
1008250,320000
1008253,0
1008254,124500
1008260,59000
1008261,417500
1008264,0
1008268,0
1008273,3604000
1008287,0
1008292,150000
1008300,0
1008303,1752000
1008305,805700
1008308,150000
1008309,0
1008316,816300
1008317,0
1008319,366100
1008320,2350700
1008323,0
1008331,889800
1008332,415000
1008338,70000
1008353,0
1008355,861000
1008360,0
1008362,150000
1008364,477600
1008378,0
1008380,510000
1008381,432500
1008389,144000
1008394,1253500
1008402,490000
1008403,1175900
1008406,0
1008416,0
1008423,600000
1008432,600100
1008433,378000
1008441,540000
1008444,2503500
1008452,628000
1008453,1337000
1008466,642500
1008475,699000
1008479,478000
1008480,250000
1008486,1022700
1008487,314500
1008488,928100
1008489,0
1008494,0
1008499,453000
1008526,382200
1008534,0
1008535,400000
1008536,400000
1008540,0
1008541,0
1008545,475000
1008547,0
1008559,0
1008561,680000
1008582,180000
1008585,690000
1008591,30800
1008592,1087500
1008593,0
1008595,435000
1008597,150000
1008604,413800
1008618,0
1008619,505000
1008621,4544600
1008630,0
1008631,456000
1008641,3738400
1008642,0
1008643,664600
1008646,250000
1008652,455000
1008660,548100
1008666,400000
1008667,10688900
1008671,150000
1008672,250000
1008674,2082200
1008675,70000
1008676,0
1008678,1431100
1008680,941900
1008693,2268600
1008695,150000
1008698,756000
1008702,381000
1008714,632500
1008721,442500
1008730,451500
1008740,178000
1008741,70000
1008744,0
1008748,271500
1008749,325100
1008750,579000
1008752,513500
1008753,0
1008762,1757000
1008769,0
1008787,630000
1008793,770000
1008798,150000
1008800,0
1008801,338000
1008813,472500
1008815,5150000
1008817,142000
1008820,362000
1008822,400000
1008827,744100
1008836,700000
1008839,1158300
1008840,250000
1008846,400000
1008849,150000
1008854,0
1008861,444800
1008875,1640000
1008877,1101300
1008887,0
1008893,644500
1008902,590000
1008904,0
1008912,0
1008916,471000
1008917,0
1008924,0
1008927,0
1008937,0
1008946,998000
1008948,350000
1008951,0
1008961,490000
1008976,477500
1008977,918000
1008982,150000
1008993,180000
1008996,400000
1009010,385300
1009021,2654000
1009029,856000
1009030,485500
1009031,0
1009033,0
1009034,200000
1009035,714100
1009039,850000
1009040,588000
1009044,0
1009047,0
1009052,405000
1009054,305000
1009057,406400
1009058,345000
1009063,600000
1009070,568000
1009087,0
1009088,524100
1009091,697400
1009098,350000
1009101,700000
1009103,0
1009109,0
1009110,450000
1009114,0
1009117,400000
1009122,246000
1009124,414000
1009126,1290600
1009128,300000
1009131,150000
1009133,0
1009140,891100
1009143,0
1009146,447000
1009152,0
1009159,572000
1009164,550000
1009178,760000
1009179,0
1009189,430000
1009194,400000
1009196,0
1009199,855000
1009204,250000
1009206,0
1009210,427600
1009216,0
1009218,1244000
1009221,316000
1009224,580000
1009229,465000
1009231,517000
1009233,490000
1009237,0
1009249,0
1009250,0
1009257,411600
1009262,0
1009270,625000
1009276,550000
1009280,0
1009281,506000
1009289,1305000
1009294,0
1009296,400000
1009297,250000
1009300,0
1009301,149500
1009302,571000
1009316,686600
1009320,450000
1009324,250000
1009330,647500
1009331,0
1009332,250000
1009334,11639100
1009339,0
1009348,0
1009350,400000
1009353,0
1009354,1490000
1009357,0
1009359,250000
1009363,150000
1009366,501000
1009380,0
1009386,2975100
1009401,300000
1009402,150000
1009410,0
1009415,70000
1009417,668300
1009418,470000
1009419,700000
1009424,70000
1009433,3718500
1009434,732500
1009435,102500
1009445,0
1009454,311500
1009458,340800
1009459,140000
1009464,381400
1009468,1886800
1009474,471000
1009494,172000
1009501,0
1009504,236000
1009505,150000
1009519,2000000
1009520,0
1009521,150000
1009526,250000
1009528,356000
1009529,700000
1009532,0
1009533,0
1009539,480000
1009555,0
1009556,0
1009558,1603000
1009559,660500
1009562,150000
1009563,1589600
1009565,0
1009570,150000
1009573,0
1009574,2029600
1009592,0
1009593,400000
1009595,0
1009597,653600
1009599,274800
1009603,150000
1009604,0
1009606,984600
1009611,220000
1009614,400000
1009615,250000
1009621,0
1009622,0
1009629,327200
1009630,0
1009631,1075500
1009637,0
1009648,450000
1009651,0
1009653,879600
1009671,0
1009672,1888700
1009675,0
1009679,0
1009685,70000
1009687,250000
1009693,0
1009709,450000
1009710,0
1009716,250000
1009724,0
1009726,875600
1009728,780000
1009737,200000
1009741,150000
1009744,733500
1009747,0
1009762,0
1009764,367200
1009768,250000
1009774,0
1009779,498300
1009792,0
1009793,850000
1009797,250000
1009798,500000
1009805,400000
1009806,357000
1009814,0
1009821,250000
1009823,950200
1009828,0
1009830,1414000
1009831,247500
1009846,437200
1009847,1391000
1009854,250000
1009856,400000
1009857,1529300
1009866,420000
1009871,99000
1009879,0
1009891,1488000
1009901,664000
1009902,1507500
1009905,0
1009911,450000
1009912,1840000
1009914,288000
1009917,0
1009918,560000
1009923,0
1009925,450000
1009927,430000
1009929,0
1009931,250000
1009940,384500
1009944,653800
1009948,1799800
1009951,0
1009954,694500
1009958,600000
1009959,0
1009960,180000
1009961,405000
1009964,1500300
1009965,250000
1009968,99000
1009969,682000
1009978,0
1009986,275500
1009988,472600
1009989,0
1009994,0
1010001,450000
1010006,900000
1010013,564700
1010017,300000
1010032,0
1010033,0
1010035,504800
1010039,0
1010042,6997100
1010071,0
1010075,0
1010079,338800
1010084,470000
1010085,0
1010087,0
1010089,0
1010097,0
1010109,0
1010115,0
1010116,874000
1010117,697500
1010118,0
1010120,60000
1010129,2761500
1010131,1438300
1010143,0
1010147,1251700
1010154,750800
1010169,691400
1010173,0
1010179,0
1010182,0
1010183,1038000
1010184,800000
1010187,0
1010189,4045000
1010191,426000
1010193,0
1010194,435100
1010196,300000
1010205,0
1010208,0
1010211,0
1010218,460000
1010232,0
1010236,428800
1010238,0
1010240,0
1010242,0
1010262,851900
1010264,0
1010275,455000
1010278,0
1010280,0
1010282,450000
1010286,687200
1010289,200000
1010291,0
1010292,0
1010294,250000
1010307,993000
1010310,250000
1010327,150000
1010344,250000
1010345,400000
1010355,400000
1010365,0
1010372,223500
1010384,220000
1010401,90000
1010402,800000
1010408,750000
1010410,160000
1010420,0
1010424,2110500
1010427,0
1010429,0
1010431,498000
1010434,0
1010439,350000
1010443,4776000
1010453,150000
1010455,0
1010457,0
1010460,410000
1010467,400000
1010474,1433400
1010483,604000
1010484,4990300
1010487,180000
1010511,250000
1010536,380000
1010543,150000
1010551,375500
1010553,0
1010554,1976000
1010558,0
1010562,343500
1010564,1983000
1010567,1674400
1010569,150000
1010578,424000
1010581,599000
1010583,0
1010588,260000
1010589,450000
1010590,120000
1010591,0
1010592,306000
1010602,634000
1010603,400000
1010615,3801400
1010619,0
1010621,555000
1010622,469000
1010623,7225700
1010626,0
1010633,250000
1010639,500000
1010650,787600
1010666,400000
1010669,0
1010670,348000
1010671,563000
1010695,396400
1010697,250000
1010703,423000
1010710,625200
1010724,0
1010730,400000
1010738,259000
1010741,0
1010749,390000
1010758,200000
1010764,454000
1010768,370000
1010775,501500
1010778,200000
1010780,481000
1010781,590600
1010787,438000
1010788,550000
1010790,726500
1010798,500000
1010803,356000
1010805,813000
1010810,269200
1010811,532600
1010813,200000
1010827,0
1010828,0
1010829,70000
1010836,360000
1010840,1350100
1010849,529500
1010853,815600
1010858,0
1010860,0
1010865,300000
1010878,450000
1010884,122500
1010886,318900
1010888,0
1010892,0
1010894,382000
1010897,0
1010898,395000
1010901,450200
1010903,1465000
1010904,250000
1010907,390600
1010925,6702800
1010932,1174000
1010936,0
1010940,1813100
1010942,0
1010947,150000
1010963,906000
1010966,414000
1010976,250000
1010978,150000
1010984,0
1011000,250000
1011002,408000
1011005,350000
1011007,250000
1011009,357000
1011014,1364000
1011015,0
1011017,0
1011024,150000
1011030,539500
1011032,250000
1011034,620800
1011036,0
1011040,600000
1011043,150000
1011051,0
1011053,156000
1011058,354000
1011067,0
1011069,645600
1011072,2836500
1011075,2783500
1011077,400000
1011082,0
1011084,313600
1011091,722000
1011097,849900
1011105,646200
1011108,5000000
1011109,600000
1011110,0
1011111,400000
1011113,450000
1011114,400000
1011116,0
1011122,0
1011126,0
1011127,354000
1011129,0
1011130,407600
1011132,530400
1011137,4830300
1011142,450000
1011144,478500
1011160,70000
1011161,346400
1011163,250000
1011167,0
1011168,150000
1011170,599400
1011173,0
1011178,969900
1011180,140000
1011181,662200
1011182,200000
1011193,0
1011199,0
1011206,0
1011210,0
1011214,1527800
1011219,0
1011228,0
1011229,0
1011232,320000
1011234,490000
1011236,0
1011239,0
1011240,400000
1011241,150000
1011246,250000
1011251,561000
1011252,417100
1011253,683000
1011259,404400
1011264,650000
1011266,250000
1011267,0
1011284,0
1011286,0
1011293,408600
1011294,0
1011296,427500
1011297,300000
1011307,0
1011312,440000
1011315,833900
1011318,432000
1011322,136400
1011324,0
1011340,0
1011343,0
1011350,350000
1011351,360000
1011354,399000
1011355,0
1011360,450000
1011377,384900
1011388,450000
1011390,155000
1011400,720000
1011402,427500
1011403,0
1011411,760400
1011417,350000
1011418,550000
1011419,0
1011423,408600
1011424,0
1011428,3071600
1011430,591000
1011432,500000
1011435,762000
1011440,2910000
1011461,0
1011466,429000
1011468,710900
1011471,923500
1011475,300000
1011486,310000
1011492,147500
1011493,200000
1011506,940500
1011512,425000
1011517,475000
1011519,400000
1011527,993100
1011531,0
1011532,0
1011536,499000
1011542,0
1011549,150000
1011550,150000
1011556,731400
1011558,461000
1011562,0
1011565,597500
1011567,250000
1011569,0
1011571,250000
1011576,0
1011577,0
1011582,286700
1011583,408000
1011585,418100
1011586,317400
1011587,202500
1011594,395600
1011596,150000
1011603,281000
1011604,0
1011609,150000
1011611,150000
1011615,574300
1011623,0
1011628,400000
1011636,463500
1011639,150000
1011640,250000
1011642,164000
1011650,470700
1011653,2475000
1011659,0
1011663,455100
1011668,0
1011670,403500
1011671,936000
1011676,0
1011681,565000
1011690,213800
1011696,150000
1011703,600000
1011705,472900
1011710,1200000
1011711,0
1011713,367000
1011714,275000
1011719,650000
1011722,600000
1011723,448000
1011724,600000
1011729,422000
1011733,250000
1011736,0
1011741,649500
1011743,598000
1011745,849000
1011750,1266900
1011751,554000
1011756,854500
1011760,400000
1011763,315000
1011765,250000
1011773,0
1011775,681600
1011777,250000
1011778,922000
1011780,400000
1011783,150000
1011784,1396700
1011797,270000
1011799,537500
1011802,500000
1011806,0
1011813,140000
1011818,558000
1011822,200000
1011827,700000
1011828,267000
1011833,0
1011839,500000
1011840,520600
1011843,753000
1011846,150000
1011854,848000
1011855,123800
1011856,0
1011860,0
1011866,150000
1011867,0
1011868,330000
1011870,150000
1011872,700000
1011875,0
1011881,550000
1011888,400000
1011890,606000
1011891,481000
1011893,0
1011897,250000
1011900,530000
1011901,0
1011902,0
1011905,148800
1011912,150000
1011914,703500
1011915,530500
1011918,533000
1011925,0
1011927,859000
1011931,400000
1011934,700000
1011936,450000
1011938,1359800
1011944,540000
1011947,0
1011950,0
1011953,0
1011958,1434900
1011961,301000
1011962,408100
1011963,0
1011965,1160000
1011968,250000
1011970,0
1011972,237000
1011973,389000
1011974,348000
1011975,540000
1011982,0
1011986,1397000
1011989,1074000
1011996,5000
1011998,443200
1012001,0
1012005,150000
1012006,789600
1012011,400000
1012014,450000
1012015,217300
1012024,540000
1012026,73700
1012028,724300
1012040,0
1012043,540000
1012047,648600
1012050,150000
1012056,0
1012058,532000
1012060,661800
1012061,0
1012063,405000
1012066,566900
1012072,650000
1012073,150000
1012074,250000
1012075,0
1012076,0
1012084,400000
1012089,400000
1012092,550000
1012094,150000
1012096,0
1012100,502200
1012102,250000
1012104,95000
1012105,350000
1012106,540000
1012125,150000
1012134,400000
1012136,150000
1012138,468600
1012139,1561800
1012148,302500
1012162,0
1012166,690000
1012169,548000
1012172,265000
1012173,0
1012175,701500
1012176,127500
1012179,0
1012181,1270000
1012182,441500
1012186,0
1012195,524800
1012198,112000
1012200,738000
1012210,0
1012227,0
1012236,550000
1012238,470000
1012239,105000
1012248,85000
1012249,0
1012260,250000
1012261,299500
1012263,766000
1012266,0
1012268,0
1012272,514500
1012274,468400
1012278,0
1012289,0
1012295,516000
1012303,400000
1012304,250000
1012305,571000
1012310,1209400
1012311,418600
1012314,150000
1012325,0
1012327,0
1012328,0
1012334,200000
1012335,750000
1012337,0
1012346,0
1012347,300000
1012353,0
1012356,700000
1012357,463500
1012358,543500
1012360,0
1012361,1852000
1012364,1152600
1012373,250000
1012374,0
1012377,140000
1012382,507500
1012383,0
1012391,0
1012392,458200
1012397,648000
1012399,250000
1012400,250000
1012408,0
1012409,70000
1012417,1165000
1012420,1126700
1012428,2334000
1012431,250000
1012433,0
1012437,315000
1012446,0
1012455,0
1012464,459000
1012465,700000
1012469,1164200
1012472,400000
1012477,470000
1012479,482500
1012480,250000
1012484,400000
1012487,0
1012492,150000
1012494,694100
1012503,0
1012504,150000
1012507,402000
1012508,250000
1012510,250000
1012511,468400
1012514,450000
1012524,415000
1012527,473800
1012532,250000
1012536,0
1012541,478000
1012547,150000
1012550,240000
1012560,601400
1012561,200000
1012562,0
1012564,250000
1012566,150000
1012568,423000
1012575,488000
1012576,150000
1012577,679500
1012589,250000
1012595,150000
1012596,150000
1012601,383900
1012602,478000
1012603,150000
1012604,150000
1012616,0
1012617,648500
1012628,775600
1012632,538000
1012637,250000
1012646,485000
1012648,0
1012652,65400
1012653,0
1012657,250000
1012660,0
1012662,741800
1012672,696500
1012673,0
1012676,475000
1012678,811000
1012682,0
1012684,250000
1012691,261300
1012699,400000
1012700,0
1012706,583700
1012709,200000
1012710,17000
1012712,0
1012715,250000
1012717,0
1012721,570000
1012722,664500
1012728,199700
1012729,250000
1012733,0
1012735,355000
1012743,320000
1012745,0
1012749,451500
1012758,0
1012760,550000
1012761,0
1012765,250000
1012770,400000
1012772,763000
1012777,573000
1012779,770000
1012787,0
1012788,956200
1012791,400000
1012807,490000
1012808,420000
1012810,400000
1012813,1044500
1012814,529500
1012815,399100
1012816,400000
1012821,0
1012831,250000
1012834,280000
1012838,775600
1012845,0
1012847,250000
1012848,384000
1012852,150000
1012858,0
1012867,412800
1012870,250000
1012873,700000
1012876,508500
1012882,150000
1012885,492000
1012890,760000
1012896,250000
1012900,4567500
1012903,329000
1012905,440000
1012913,400000
1012917,0
1012924,353400
1012931,541000
1012932,150000
1012937,855000
1012941,250000
1012946,0
1012950,385200
1012959,20000
1012963,250000
1012964,250000
1012967,276000
1012970,0
1012973,219500
1012975,176000
1012976,0
1012979,165000
1012985,250000
1012987,400000
1012989,292000
1012991,1474900
1012999,200000
1013011,481000
1013023,336500
1013025,692000
1013028,250000
1013032,573200
1013041,150000
1013046,130000
1013049,150000
1013052,469500
1013055,480100
1013060,250000
1013061,492300
1013062,1009500
1013064,0
1013072,670800
1013073,415200
1013077,426400
1013079,400000
1013083,250000
1013085,700000
1013090,186000
1013092,250000
1013097,315000
1013098,0
1013101,2747300
1013102,0
1013106,200000
1013108,250000
1013110,200000
1013111,4341500
1013112,500100
1013113,561700
1013115,0
1013121,750000
1013125,336500
1013132,500000
1013133,442200
1013134,537000
1013135,679000
1013147,130000
1013148,150000
1013153,327000
1013154,0
1013156,400000
1013159,476500
1013163,200000
1013168,361200
1013170,0
1013190,0
1013197,0
1013198,382500
1013199,0
1013203,562000
1013205,500000
1013207,0
1013215,858600
1013221,500000
1013223,387500
1013231,450000
1013232,150000
1013236,1352000
1013255,0
1013262,477000
1013281,0
1013283,518400
1013286,663600
1013291,260200
1013292,0
1013300,0
1013302,610600
1013303,250000
1013309,1118600
1013314,400000
1013315,408100
1013320,477400
1013326,4853600
1013336,400000
1013350,400000
1013351,478100
1013352,348000
1013353,300000
1013355,629200
1013356,0
1013358,0
1013373,377800
1013374,0
1013380,250000
1013387,250000
1013400,1829300
1013402,450000
1013404,243100
1013406,0
1013410,250000
1013413,0
1013416,300000
1013417,150000
1013418,0
1013419,170000
1013432,0
1013434,150000
1013449,300000
1013452,0
1013455,162500
1013475,550000
1013481,250000
1013484,0
1013492,0
1013499,270000
1013502,0
1013504,536900
1013506,228000
1013512,650600
1013515,352200
1013521,190000
1013523,366000
1013524,0
1013526,363600
1013527,500000
1013530,250000
1013534,120200
1013539,300000
1013546,314000
1013549,0
1013550,2365000
1013553,0
1013554,524000
1013556,565800
1013558,0
1013560,300000
1013565,535000
1013588,450000
1013589,4843600
1013590,350000
1013592,645000
1013593,250000
1013595,318300
1013596,250000
1013598,147000
1013599,320000
1013603,455700
1013605,798000
1013607,0
1013608,0
1013612,397000
1013616,401500
1013633,707500
1013634,0
1013643,0
1013644,540000
1013655,1704000
1013658,200000
1013660,700000
1013664,981500
1013668,250000
1013676,400000
1013686,297500
1013690,384500
1013699,0
1013711,250000
1013712,631000
1013724,274500
1013730,835600
1013735,70000
1013740,1800000
1013741,0
1013756,70000
1013757,3592400
1013762,422000
1013769,250000
1013770,150000
1013771,691000
1013772,90000
1013773,277100
1013774,300000
1013779,150000
1013800,0
1013802,807000
1013803,532500
1013808,429600
1013816,0
1013818,150000
1013826,0
1013829,510000
1013830,400000
1013833,0
1013835,406800
1013857,250000
1013859,0
1013867,70000
1013869,327500
1013871,274600
1013879,0
1013885,723900
1013886,300000
1013887,150000
1013891,148000
1013892,250000
1013896,1225000
1013905,500000
1013906,0
1013907,358900
1013908,2620800
1013909,142000
1013911,788000
1013913,481500
1013918,0
1013919,826200
1013920,0
1013922,0
1013924,250000
1013925,500000
1013929,0
1013930,850000
1013932,848100
1013937,165000
1013944,220000
1013948,944500
1013950,0
1013957,949500
1013961,283500
1013962,0
1013964,330000
1013967,0
1013969,0
1013970,250000
1013971,0
1013972,730000
1013978,0
1013981,2918800
1013985,446000
1013989,687500
1013991,0
1014000,0
1014008,0
1014009,330500
1014010,0
1014017,450000
1014026,0
1014028,0
1014035,0
1014046,0
1014049,0
1014052,269000
1014057,327500
1014059,0
1014062,385000
1014077,0
1014081,0
1014095,511300
1014099,497500
1014103,0
1014117,0
1014118,0
1014123,200000
1014124,0
1014125,0
1014128,0
1014129,670000
1014132,350000
1014133,0
1014146,0
1014147,0
1014152,375000
1014154,210000
1014155,821000
1014157,515000
1014158,1383500
1014162,421000
1014165,0
1014166,1688300
1014174,340000
1014177,1310000
1014178,0
1014191,146600
1014198,95000
1014199,760000
1014206,140000
1014207,0
1014218,400000
1014221,0
1014226,250000
1014228,0
1014231,150000
1014245,0
1014247,282200
1014252,0
1014262,795800
1014263,330500
1014267,250000
1014277,453000
1014278,240000
1014291,0
1014296,250000
1014299,1541900
1014301,180300
1014307,250000
1014308,70000
1014312,0
1014316,4740000
1014318,0
1014321,0
1014322,309500
1014323,0
1014327,583300
1014332,0
1014335,13066800
1014336,0
1014337,0
1014340,472500
1014348,882800
1014349,164000
1014373,359200
1014380,0
1014383,0
1014384,300000
1014385,500000
1014387,290000
1014389,0
1014393,877000
1014395,0
1014398,400000
1014419,250000
1014422,624400
1014424,0
1014425,250000
1014427,250000
1014431,0
1014432,300000
1014433,132000
1014436,909500
1014442,0
1014446,0
1014450,300000
1014463,0
1014472,70000
1014474,2116000
1014479,0
1014482,0
1014484,0
1014486,0
1014487,450000
1014491,186000
1014492,230000
1014493,1268100
1014495,112000
1014498,382000
1014499,390000
1014500,0
1014505,446700
1014512,450000
1014517,0
1014518,250000
1014521,1762500
1014522,550000
1014523,0
1014545,91900
1014547,445000
1014559,431000
1014565,0
1014569,412500
1014584,340000
1014589,150000
1014591,0
1014592,0
1014597,234000
1014600,0
1014607,475000
1014619,826000
1014623,323000
1014625,250000
1014626,197800
1014637,383500
1014643,1135000
1014645,320000
1014649,220000
1014651,0
1014660,396000
1014662,0
1014666,0
1014673,450000
1014677,0
1014683,250000
1014684,0
1014687,0
1014689,0
1014692,0
1014697,1374000
1014699,900000
1014700,0
1014707,0
1014709,325000
1014710,0
1014713,400000
1014718,436000
1014729,0
1014740,200000
1014742,0
1014743,0
1014745,0
1014746,700000
1014747,1221000
1014754,440500
1014758,308000
1014759,130000
1014760,400000
1014766,0
1014772,933500
1014773,533200
1014775,325500
1014778,341000
1014780,0
1014787,0
1014789,0
1014792,0
1014810,0
1014811,250000
1014816,0
1014824,470200
1014828,380000
1014834,409000
1014838,341000
1014841,321000
1014843,2567900
1014844,1267200
1014845,0
1014851,665000
1014853,0
1014858,0
1014862,533400
1014865,750000
1014867,908000
1014871,775000
1014872,776600
1014881,0
1014882,394000
1014886,400000
1014889,0
1014891,451900
1014898,214500
1014901,406200
1014902,0
1014906,462500
1014908,150000
1014909,0
1014910,1828100
1014912,0
1014915,0
1014916,482000
1014919,0
1014922,224600
1014934,470500
1014935,5768600
1014938,365000
1014941,0
1014948,0
1014956,0
1014966,550000
1014976,0
1014977,332500
1014983,308500
1014984,0
1014992,418600
1014993,341500
1014995,0
1015000,0
1015009,290000
1015011,150000
1015014,482000
1015025,0
1015028,150000
1015030,592500
1015032,393000
1015034,0
1015036,445800
1015044,150000
1015045,284000
1015048,200000
1015054,869900
1015059,444000
1015062,102000
1015067,250000
1015073,250000
1015078,1929700
1015087,0
1015091,0
1015094,101800
1015100,500000
1015102,328000
1015103,420000
1015104,550000
1015108,435000
1015110,0
1015111,0
1015112,250000
1015123,325000
1015129,540500
1015130,311500
1015133,1289500
1015134,300000
1015138,604000
1015142,0
1015143,0
1015146,437500
1015149,1198000
1015152,150000
1015155,100000
1015157,1550000
1015174,356000
1015185,1082800
1015188,0
1015195,550400
1015199,125000
1015201,745500
1015203,1085000
1015212,70000
1015218,543300
1015221,250000
1015223,0
1015231,0
1015235,150000
1015237,0
1015250,70000
1015251,250000
1015255,0
1015259,200000
1015262,0
1015263,584800
1015267,304000
1015269,0
1015271,70000
1015275,0
1015276,350000
1015286,520000
1015288,354000
1015290,150000
1015291,0
1015305,0
1015308,14607700
1015311,360200
1015315,0
1015317,434000
1015319,0
1015320,0
1015326,350000
1015329,131000
1015330,458000
1015336,220500
1015339,122000
1015348,632200
1015349,0
1015353,250000
1015354,195000
1015357,350000
1015358,250000
1015359,0
1015360,180000
1015367,0
1015372,916800
1015384,0
1015386,200000
1015387,378800
1015389,0
1015396,0
1015400,392000
1015401,0
1015406,200000
1015410,592200
1015411,552000
1015412,675000
1015414,0
1015416,0
1015420,0
1015421,2580000
1015430,1192500
1015435,0
1015447,355000
1015449,385200
1015450,308500
1015451,602000
1015452,87500
1015454,0
1015455,186000
1015457,1040000
1015466,0
1015475,305600
1015476,250000
1015478,174300
1015482,417000
1015485,0
1015496,0
1015497,145000
1015499,200000
1015501,0
1015508,0
1015510,0
1015515,499300
1015519,0
1015520,530800
1015522,70000
1015523,300000
1015524,0
1015529,3477500
1015537,150000
1015538,0
1015541,0
1015543,0
1015549,150000
1015556,0
1015557,423300
1015563,512300
1015564,324400
1015569,300000
1015570,0
1015574,0
1015576,0
1015578,320000
1015581,550000
1015583,0
1015589,812000
1015590,0
1015591,300000
1015593,1105500
1015603,344800
1015604,575000
1015605,0
1015607,250000
1015611,0
1015619,0
1015625,362800
1015626,332000
1015630,402600
1015633,349500
1015637,0
1015641,0
1015648,850000
1015651,595000
1015654,0
1015655,150000
1015664,0
1015674,70000
1015675,0
1015678,481000
1015681,0
1015684,200000
1015687,330000
1015692,500400
1015709,871900
1015715,0
1015720,0
1015725,0
1015728,130000
1015741,1336500
1015742,0
1015744,0
1015768,961200
1015780,666500
1015782,175000
1015786,550000
1015789,0
1015790,0
1015793,450000
1015800,0
1015802,500000
1015807,177000
1015819,0
1015831,400000
1015833,0
1015839,0
1015842,150000
1015846,250000
1015852,124800
1015858,0
1015860,0
1015864,250000
1015871,597700
1015876,200000
1015894,508500
1015898,0
1015901,6800
1015904,112300
1015909,473000
1015913,0
1015917,400000
1015919,150000
1015920,0
1015925,521100
1015926,340800
1015927,287400
1015929,250000
1015932,108100
1015936,400000
1015938,0
1015944,302500
1015946,576500
1015947,0
1015948,0
1015950,250000
1015955,0
1015977,350000
1015979,142000
1015982,0
1015989,337600
1015991,478800
1015993,0
1016006,0
1016008,160000
1016019,0
1016025,170000
1016026,329000
1016028,200000
1016033,650000
1016037,0
1016039,250000
1016040,170000
1016042,600000
1016044,250000
1016052,0
1016067,200000
1016070,150000
1016071,250000
1016072,400000
1016077,0
1016078,196000
1016085,650000
1016097,91300
1016102,368000
1016103,485000
1016115,0
1016134,400000
1016140,0
1016143,1965000
1016147,200000
1016160,562600
1016162,1390600
1016163,350000
1016166,1056000
1016184,250000
1016186,0
1016190,0
1016191,490000
1016195,90000
1016203,299200
1016208,360000
1016216,250000
1016218,318400
1016231,250000
1016241,450000
1016242,460000
1016257,245000
1016261,403500
1016263,550000
1016265,0
1016281,342500
1016289,387000
1016296,250000
1016306,550000
1016323,0
1016338,498200
1016339,291900
1016342,0
1016352,0
1016358,500000
1016369,379500
1016373,137000
1016383,183000
1016411,381200
1016417,440500
1016420,250000
1016430,350000
1016433,626500
1016438,334000
1016450,0
1016455,497800
1016490,637000
1016491,422000
1016502,463500
1016511,821000
1016526,0
1016529,0
1016531,12500
1016532,3023800
1016535,375000
1016552,150000
1016555,0
1016561,359400
1016563,150000
1016566,0
1016576,200000
1016581,1034600
1016586,2239500
1016592,9434700
1016600,600000
1016604,1085600
1016606,280000
1016618,474000
1016625,300000
1016627,408000
1016631,0
1016642,473800
1016660,0
1016671,452600
1016673,0
1016678,366100
1016681,0
1016687,0
1016690,0
1016700,504800
1016703,0
1016705,420000
1016714,367000
1016733,1452500
1016739,0
1016746,365400
1016747,0
1016749,0
1016756,500000
1016758,0
1016766,0
1016772,470500
1016780,653800
1016781,175000
1016784,206000
1016785,0
1016794,530000
1016796,487100
1016798,508000
1016802,564000
1016817,300000
1016820,442000
1016824,647000
1016827,0
1016829,390000
1016834,0
1016846,528000
1016852,0
1016857,250000
1016869,3577300
1016870,385500
1016876,600000
1016881,723800
1016883,0
1016895,221000
1016896,272000
1016904,300000
1016907,0
1016910,212000
1016917,374000
1016922,0
1016926,528600
1016936,295600
1016956,744600
1016957,260000
1016958,0
1016961,924000
1016966,862000
1016968,113400
1016969,520000
1016979,310000
1016980,300000
1016981,340200
1016982,0
1016983,0
1016987,0
1016991,150000
1016992,810000
1017008,0
1017010,354000
1017020,0
1017021,0
1017024,140000
1017029,0
1017047,0
1017049,0
1017051,836200
1017052,300000
1017058,289000
1017076,0
1017081,200000
1017090,250000
1017092,0
1017098,729000
1017102,70000
1017106,150000
1017112,0
1017120,576400
1017121,500000
1017126,352800
1017128,0
1017145,300000
1017149,150000
1017161,942500
1017162,480000
1017163,0
1017165,564400
1017170,0
1017171,250000
1017175,426400
1017178,75000
1017180,1076500
1017187,667300
1017191,158800
1017193,142000
1017196,0
1017197,595000
1017199,250000
1017201,297900
1017202,414300
1017204,328500
1017212,300000
1017215,476500
1017225,0
1017229,885900
1017237,0
1017239,127000
1017253,250000
1017254,783800
1017257,487500
1017261,350600
1017263,699200
1017264,250000
1017269,0
1017270,252000
1017273,315000
1017282,295000
1017284,250000
1017290,352000
1017291,480500
1017293,150000
1017308,0
1017331,150000
1017332,248000
1017333,1066700
1017335,0
1017344,495000
1017354,448000
1017358,532000
1017364,250000
1017369,80000
1017375,216000
1017376,348000
1017377,0
1017391,0
1017394,143000
1017395,0
1017398,295100
1017400,0
1017402,300100
1017404,425000
1017406,150000
1017408,250000
1017413,205000
1017425,0
1017434,45000
1017436,150000
1017438,584500
1017441,400000
1017443,0
1017454,795000
1017459,400000
1017464,100000
1017482,460000
1017488,624500
1017492,250000
1017496,300000
1017501,0
1017517,0
1017525,75000
1017527,302500
1017541,2323300
1017543,0
1017546,395000
1017548,191900
1017556,450000
1017557,731500
1017559,365000
1017562,432600
1017565,2103200
1017571,0
1017573,0
1017575,250000
1017576,427600
1017577,838200
1017578,0
1017579,990200
1017580,150000
1017582,0
1017584,0
1017594,422500
1017603,200000
1017606,0
1017609,772300
1017610,450000
1017611,500000
1017613,250000
1017614,0
1017615,0
1017625,465000
1017626,0
1017635,476500
1017637,0
1017638,250000
1017653,0
1017656,0
1017657,320000
1017672,140000
1017686,0
1017693,250000
1017696,628000
1017697,200000
1017713,393000
1017716,250000
1017719,250000
1017720,0
1017721,0
1017722,917500
1017735,0
1017736,0
1017738,775000
1017741,150000
1017742,315000
1017746,250000
1017749,182500
1017753,0
1017755,350000
1017757,495000
1017760,0
1017766,70000
1017767,0
1017769,0
1017770,0
1017771,413000
1017774,250000
1017780,72600
1017785,400000
1017788,345000
1017791,124400
1017792,301000
1017797,579000
1017801,285000
1017809,0
1017816,0
1017819,400000
1017837,470000
1017845,142000
1017852,499300
1017853,0
1017860,402800
1017867,300000
1017871,678000
1017879,350000
1017880,610800
1017881,420000
1017883,0
1017885,1376000
1017888,0
1017890,0
1017891,70000
1017896,428800
1017903,478000
1017908,460300
1017924,583500
1017935,545000
1017944,200000
1017948,450000
1017949,0
1017953,1090000
1017956,1414500
1017962,1002100
1017980,450000
1017982,250000
1017985,150000
1017997,1498000
1018005,315000
1018009,0
1018013,142000
1018017,620000
1018024,421000
1018026,685000
1018030,0
1018034,0
1018035,307500
1018037,0
1018042,0
1018047,200000
1018048,350000
1018052,350000
1018056,400000
1018061,250000
1018066,150000
1018068,290000
1018069,0
1018075,0
1018082,300000
1018085,0
1018087,0
1018093,0
1018103,2353700
1018106,0
1018107,520000
1018108,1115000
1018109,1045600
1018110,250000
1018116,696800
1018119,700000
1018120,0
1018122,250000
1018133,680000
1018142,400000
1018143,662000
1018146,0
1018154,0
1018159,0
1018160,400000
1018172,0
1018183,0
1018191,730000
1018193,0
1018197,1962500
1018202,70000
1018204,269400
1018205,150000
1018212,300000
1018214,0
1018216,0
1018221,1555000
1018224,250000
1018237,150000
1018244,1007800
1018250,0
1018254,715000
1018256,0
1018258,448000
1018261,325000
1018262,853400
1018266,1071400
1018270,496800
1018276,316000
1018280,1429500
1018281,450000
1018284,681500
1018288,0
1018301,0
1018304,230000
1018309,345100
1018316,315100
1018318,150000
1018325,130000
1018326,0
1018342,0
1018344,250000
1018346,0
1018349,250000
1018351,330000
1018354,317000
1018356,398000
1018359,400000
1018361,140000
1018362,377500
1018363,2800000
1018369,417300
1018374,0
1018376,0
1018381,581000
1018383,553200
1018385,320000
1018393,250000
1018394,250000
1018396,0
1018401,432000
1018405,0
1018406,483000
1018411,650000
1018417,0
1018423,469000
1018425,1406000
1018443,462500
1018448,0
1018450,0
1018452,500200
1018456,0
1018460,432100
1018469,0
1018479,142000
1018489,250000
1018493,307500
1018494,80000
1018502,0
1018504,434000
1018509,0
1018513,248000
1018514,0
1018520,0
1018522,574000
1018524,0
1018528,0
1018530,0
1018532,200000
1018535,659400
1018536,0
1018545,346500
1018555,1640000
1018556,305000
1018558,488000
1018563,540000
1018564,332600
1018565,531800
1018568,0
1018569,200000
1018570,120000
1018571,395100
1018572,0
1018579,290000
1018582,0
1018585,523400
1018593,200000
1018595,350000
1018597,400000
1018598,499000
1018604,0
1018605,664500
1018606,520000
1018608,0
1018609,438000
1018618,0
1018620,140000
1018624,2601100
1018626,0
1018635,0
1018637,2550000
1018641,450000
1018643,0
1018646,0
1018647,150000
1018661,311600
1018669,0
1018672,684200
1018677,150000
1018683,0
1018688,170000
1018693,0
1018704,0
1018706,471000
1018713,418900
1018717,450000
1018720,315000
1018726,4917000
1018727,0
1018728,530200
1018733,0
1018737,0
1018739,70000
1018740,3355100
1018750,0
1018754,0
1018755,507000
1018757,0
1018761,0
1018772,2085500
1018773,340800
1018777,0
1018778,531000
1018779,0
1018783,0
1018784,0
1018786,290000
1018793,520000
1018794,0
1018796,250000
1018799,700000
1018808,372600
1018809,0
1018811,0
1018812,343900
1018814,0
1018816,362200
1018823,320000
1018828,0
1018830,389600
1018834,295000
1018836,628500
1018837,0
1018845,0
1018848,3552200
1018851,0
1018867,0
1018870,290000
1018872,800
1018877,0
1018880,356000
1018881,150000
1018885,0
1018887,150000
1018904,330500
1018907,690400
1018908,350000
1018910,414500
1018913,81900
1018915,585000
1018921,940600
1018924,380000
1018933,1049600
1018934,115000
1018946,800000
1018953,212300
1018956,0
1018958,270000
1018962,514000
1018963,0
1018966,718500
1018969,458100
1018973,325000
1018981,550000
1018986,1320000
1018993,44300
1018998,250000
1019000,1678000
1019001,450000
1019002,1113000
1019004,370800
1019009,0
1019011,0
1019012,0
1019013,998500
1019017,250000
1019019,0
1019022,250000
1019023,1299000
1019024,439300
1019028,50700
1019030,793500
1019034,1645500
1019037,0
1019043,2999200
1019044,2828300
1019045,538400
1019051,550000
1019064,35300
1019065,110000
1019067,507000
1019072,0
1019075,550000
1019080,0
1019082,5308400
1019088,348300
1019089,0
1019093,1680000
1019097,830600
1019103,748600
1019116,0
1019118,0
1019120,1664800
1019121,0
1019127,825500
1019128,427000
1019133,0
1019139,0
1019146,250000
1019149,287300
1019154,445100
1019155,730200
1019156,313000
1019157,0
1019161,320000
1019163,308000
1019168,562000
1019170,0
1019178,110000
1019184,127000
1019188,0
1019192,2957000
1019195,832000
1019200,616800
1019202,526800
1019205,0
1019213,315000
1019215,939000
1019218,1763000
1019221,348500
1019227,1575300
1019235,250000
1019238,204000
1019240,315000
1019257,0
1019261,1027500
1019265,1531000
1019270,542000
1019276,318000
1019282,70000
1019284,580000
1019286,0
1019290,310000
1019292,500800
1019295,150000
1019306,532000
1019316,0
1019319,354500
1019320,100000
1019323,328000
1019332,450000
1019337,550000
1019340,62000
1019345,400000
1019349,400000
1019355,575000
1019356,110000
1019363,212500
1019364,140000
1019371,617500
1019373,365500
1019374,434700
1019382,512000
1019386,746000
1019390,0
1019392,376800
1019393,571000
1019397,0
1019399,290500
1019400,783500
1019404,0
1019405,1024600
1019408,405800
1019417,400000
1019425,88000
1019428,2290100
1019429,349800
1019436,449900
1019437,1315200
1019438,350000
1019445,0
1019450,150000
1019458,0
1019463,2252500
1019466,445000
1019470,250000
1019477,195000
1019478,110000
1019488,0
1019499,67000
1019501,200000
1019502,250000
1019504,550000
1019505,0
1019509,140000
1019510,294500
1019523,2315000
1019525,0
1019537,250500
1019539,892000
1019541,600000
1019542,110000
1019546,516000
1019550,110000
1019553,192000
1019556,500000
1019557,665200
1019558,250000
1019566,0
1019568,1113800
1019572,250000
1019573,110000
1019579,550000
1019581,0
1019583,3653900
1019584,0
1019585,300000
1019587,907300
1019588,0
1019590,67000
1019596,0
1019599,349600
1019600,250000
1019603,107500
1019607,1392000
1019608,495200
1019609,0
1019611,319300
1019613,5000
1019619,377100
1019622,300000
1019628,540500
1019634,796400
1019638,0
1019640,500000
1019647,0
1019656,1884400
1019662,600000
1019669,350000
1019670,879200
1019671,405000
1019677,327000
1019678,420000
1019682,400000
1019684,293500
1019687,0
1019691,513900
1019693,392000
1019694,647100
1019695,233000
1019697,0
1019698,110000
1019699,488000
1019703,400000
1019706,400000
1019707,142000
1019710,0
1019713,0
1019721,0
1019726,313300
1019735,444000
1019736,250000
1019738,1087800
1019751,471700
1019753,360000
1019758,400000
1019762,150000
1019769,250000
1019772,449500
1019779,706400
1019781,811400
1019783,400000
1019788,0
1019789,316000
1019793,0
1019796,0
1019798,700100
1019800,441000
1019802,0
1019810,0
1019811,338000
1019821,400000
1019828,300000
1019830,110000
1019832,524000
1019833,700000
1019834,349600
1019836,150000
1019839,0
1019840,0
1019841,150000
1019843,494500
1019848,1754100
1019849,320000
1019851,746600
1019858,0
1019860,350000
1019872,89800
1019873,526200
1019876,538600
1019881,686300
1019886,150000
1019889,400000
1019895,809000
1019897,316000
1019906,212500
1019910,762400
1019911,0
1019915,596000
1019916,4932900
1019917,0
1019920,271000
1019921,1119000
1019929,0
1019930,0
1019932,250000
1019935,415000
1019940,0
1019941,0
1019946,350000
1019947,0
1019948,681500
1019955,0
1019958,0
1019959,200000
1019963,250000
1019966,150000
1019967,350000
1019970,0
1019973,0
1019974,0
1019979,702500
1019985,128000
1019986,432000
1019988,644800
1019990,150000
1019992,411100
1019993,0
1019994,0
1020004,585000
1020005,1313000
1020007,0
1020008,470000
1020012,817000
1020015,126000
1020017,0
1020025,150000
1020037,362000
1020038,549700
1020040,350000
1020043,110000
1020047,62000
1020056,600000
1020060,360000
1020062,607000
1020067,150000
1020070,0
1020072,0
1020073,0
1020075,392000
1020095,150000
1020096,0
1020098,622000
1020102,831700
1020105,360000
1020109,652900
1020117,351800
1020119,0
1020123,295000
1020126,0
1020127,0
1020129,0
1020132,0
1020133,0
1020137,410800
1020138,968300
1020141,1000000
1020150,120000
1020152,500000
1020153,250000
1020154,0
1020157,0
1020165,508500
1020166,2063400
1020167,350000
1020173,0
1020181,284700
1020192,450000
1020203,0
1020204,590800
1020209,691300
1020210,36300
1020212,442500
1020213,576600
1020214,305000
1020215,0
1020217,300000
1020221,0
1020226,0
1020228,150000
1020239,70000
1020242,400000
1020251,839100
1020255,496400
1020259,0
1020260,519000
1020262,250000
1020264,260000
1020268,95000
1020271,429000
1020277,0
1020279,0
1020282,150000
1020291,0
1020292,500000
1020300,91800
1020306,250000
1020310,0
1020312,740000
1020315,1096200
1020318,110000
1020319,429000
1020320,95000
1020327,0
1020330,0
1020331,416700
1020332,150000
1020334,0
1020338,112000
1020340,360000
1020344,927500
1020346,1333800
1020352,554400
1020355,467800
1020357,300000
1020368,0
1020372,0
1020375,208000
1020380,400000
1020384,312100
1020385,928300
1020395,388000
1020398,839000
1020399,305100
1020401,0
1020403,584800
1020413,300000
1020415,129000
1020416,478500
1020418,70000
1020424,0
1020426,0
1020429,12600
1020433,448500
1020442,100000
1020444,606000
1020449,372400
1020451,0
1020454,371000
1020456,0
1020457,0
1020459,760700
1020461,0
1020467,355000
1020472,0
1020475,448000
1020480,724300
1020482,0
1020490,0
1020492,0
1020501,287000
1020504,0
1020507,110000
1020513,150000
1020515,0
1020519,0
1020521,0
1020522,0
1020528,450000
1020530,0
1020538,0
1020542,0
1020546,0
1020550,200000
1020553,1486000
1020562,0
1020567,0
1020571,0
1020573,0
1020580,2884200
1020583,332500
1020584,600000
1020585,443700
1020588,0
1020589,250000
1020594,0
1020597,0
1020598,0
1020599,0
1020605,500000
1020607,768500
1020608,1636800
1020616,250000
1020617,334000
1020618,758600
1020627,431400
1020628,0
1020633,0
1020637,348500
1020639,365100
1020641,200000
1020644,600000
1020646,417500
1020652,0
1020659,525000
1020672,142000
1020674,726000
1020677,250000
1020684,573100
1020689,405000
1020690,190000
1020693,135000
1020694,0
1020696,150000
1020698,677200
1020702,929000
1020703,250000
1020708,362000
1020709,250000
1020711,250000
1020713,0
1020714,570000
1020722,250000
1020723,196000
1020727,400000
1020730,350000
1020736,196400
1020738,196000
1020739,87000
1020746,0
1020747,0
1020750,250000
1020751,1042000
1020755,177000
1020762,250000
1020765,150000
1020771,858000
1020773,1942000
1020777,376000
1020779,360000
1020780,0
1020784,400000
1020789,0
1020790,0
1020792,585000
1020796,0
1020799,4269100
1020806,358800
1020816,485500
1020817,246900
1020820,0
1020823,595000
1020824,0
1020830,1015900
1020835,250000
1020837,580500
1020838,150000
1020839,515000
1020840,0
1020841,0
1020845,700000
1020862,150000
1020863,0
1020865,1584500
1020867,310500
1020876,290000
1020890,740000
1020893,475000
1020901,0
1020903,0
1020908,977000
1020909,350000
1020910,366600
1020912,225000
1020914,290500
1020915,0
1020917,142000
1020921,744000
1020927,594000
1020928,645000
1020935,400000
1020936,360000
1020938,180000
1020952,400000
1020954,620000
1020956,344000
1020964,0
1020965,816200
1020969,600000
1020974,180000
1020976,190000
1020977,405000
1020979,500000
1020980,550000
1020984,150000
1020986,0
1020988,0
1020999,0
1021007,0
1021010,0
1021014,400000
1021019,350000
1021022,150000
1021029,250000
1021030,1025600
1021031,556000
1021034,2862900
1021046,0
1021051,300000
1021053,0
1021058,343500
1021061,0
1021063,388000
1021068,150000
1021076,150000
1021078,0
1021085,150000
1021091,299500
1021095,0
1021096,669000
1021100,0
1021105,300000
1021106,1000000
1021112,750000
1021118,1782300
1021125,0
1021140,300000
1021145,0
1021148,748200
1021158,1091400
1021162,119000
1021163,112000
1021165,389000
1021175,438000
1021177,400000
1021178,250000
1021183,0
1021186,625000
1021187,0
1021188,250000
1021192,0
1021194,0
1021209,413900
1021211,596400
1021214,575000
1021215,150000
1021225,367400
1021230,1000000
1021238,417500
1021242,0
1021248,350000
1021250,314000
1021253,350000
1021256,165000
1021263,215000
1021274,150000
1021278,513500
1021281,0
1021283,550000
1021286,0
1021287,355000
1021289,67000
1021294,0
1021305,550000
1021331,0
1021343,390000
1021344,0
1021346,516000
1021347,0
1021355,297000
1021358,0
1021365,0
1021366,1051500
1021369,462000
1021375,313500
1021378,0
1021384,605000
1021396,125000
1021398,868000
1021405,0
1021406,130000
1021410,200000
1021425,0
1021428,353800
1021429,110000
1021436,150000
1021437,625000
1021441,0
1021448,568000
1021453,310000
1021456,150000
1021460,475000
1021465,350000
1021481,400000
1021484,500000
1021485,0
1021488,350000
1021498,0
1021510,0
1021511,650000
1021514,150000
1021528,0
1021534,177000
1021537,0
1021539,142000
1021543,352500
1021545,650000
1021548,200000
1021549,315000
1021552,759000
1021585,150000
1021603,0
1021604,0
1021616,250000
1021625,150000
1021629,400000
1021630,112000
1021637,0
1021638,0
1021643,0
1021644,385000
1021651,0
1021652,670600
1021678,492000
1021679,150000
1021681,400000
1021683,0
1021687,0
1021691,1405000
1021697,0
1021698,0
1021699,0
1021703,0
1021706,150000
1021707,0
1021708,1460700
1021720,0
1021726,2431000
1021727,400000
1021732,250000
1021746,1315000
1021763,150000
1021765,150000
1021783,150000
1021798,157000
1021805,0
1021810,0
1021813,550000
1021816,70000
1021817,135000
1021819,0
1021820,239000
1021828,0
1021829,1971200
1021838,200000
1021845,0
1021846,0
1021851,429000
1021860,805000
1021863,157000
1021865,270000
1021868,443000
1021871,0
1021874,392000
1021881,650000
1021884,250000
1021885,200000
1021886,350000
1021905,0
1021908,54000
1021910,0
1021915,306600
1021916,777000
1021921,0
1021924,1366800
1021925,60000
1021926,0
1021928,0
1021939,0
1021947,495200
1021950,196000
1021951,200000
1021955,142000
1021956,250000
1021957,0
1021960,4236800
1021965,0
1021969,165000
1021970,150000
1021971,993800
1021972,600000
1021975,1216000
1021977,150000
1021978,530000
1021980,0
1021982,150000
1021986,0
1021987,150000
1021990,150000
1022007,0
1022008,450000
1022012,150000
1022015,470200
1022016,176000
1022017,150000
1022018,0
1022022,465600
1022026,150000
1022027,0
1022031,142000
1022032,821600
1022036,0
1022037,1000000
1022041,0
1022044,378000
1022048,0
1022055,0
1022062,0
1022065,0
1022068,150000
1022070,150000
1022072,469500
1022081,0
1022084,188200
1022090,550000
1022095,519000
1022103,0
1022111,232000
1022121,0
1022134,417000
1022137,1345100
1022147,1471000
1022152,517200
1022164,462100
1022188,70000
1022194,0
1022198,400000
1022211,550000
1022214,144000
1022220,312000
1022222,0
1022233,725000
1022238,250000
1022244,0
1022249,150000
1022252,508800
1022275,400000
1022286,150000
1022294,0
1022321,220500
1022343,2160000
1022375,0
1022399,0
1022405,150000
1022407,0
1022440,788500
1022441,431700
1022464,0
1022468,647600
1022478,685000
1022483,0
1022485,250000
1022488,589000
1022498,575000
1022503,382500
1022506,400000
1022514,436000
1022522,338400
1022524,0
1022533,4601000
1022544,150000
1022561,150000
1022564,607000
1022565,150000
1022580,460500
1022591,0
1022596,629200
1022606,777000
1022610,1000000
1022617,376000
1022620,325500
1022623,150000
1022626,511600
1022629,1437400
1022632,599000
1022634,248000
1022637,1143400
1022648,550000
1022649,734000
1022651,567500
1022654,474000
1022659,431000
1022664,0
1022677,742400
1022679,0
1022696,0
1022700,12000
1022701,300000
1022703,469800
1022710,1546800
1022715,250000
1022724,339000
1022728,448000
1022759,0
1022766,450000
1022769,62000
1022771,156400
1022774,434000
1022795,285000
1022798,70000
1022804,0
1022806,0
1022812,0
1022813,62000
1022821,1509200
1022824,0
1022828,360000
1022829,150000
1022836,440000
1022844,0
1022850,300000
1022852,0
1022856,150000
1022867,450000
1022869,0
1022871,542800
1022877,0
1022886,0
1022898,541200
1022906,1410600
1022914,450000
1022921,150000
1022932,300000
1022934,250000
1022940,0
1022946,1643300
1022950,0
1022952,300000
1022954,320000
1022963,0
1022970,580500
1022972,0
1022978,691800
1022979,0
1022980,958200
1022981,411000
1022984,0
1022986,250000
1022990,0
1022997,450000
1023001,629700
1023003,0
1023008,0
1023019,3301000
1023021,2309100
1023030,0
1023032,344000
1023034,432000
1023038,0
1023039,100000
1023045,400000
1023048,250000
1023049,336000
1023054,250000
1023078,350000
1023087,799600
1023089,0
1023090,423000
1023095,300000
1023096,150000
1023111,488500
1023117,300000
1023127,0
1023143,0
1023146,0
1023152,0
1023156,1122000
1023157,500000
1023158,818000
1023168,500000
1023169,400000
1023172,150000
1023173,315000
1023174,0
1023176,0
1023177,650000
1023193,486500
1023197,0
1023198,895500
1023201,0
1023203,519300
1023204,0
1023210,150000
1023211,0
1023214,294400
1023216,325000
1023217,755500
1023218,1555100
1023219,252000
1023221,830000
1023224,300000
1023229,150000
1023238,638200
1023239,379000
1023240,150000
1023245,780400
1023248,196000
1023250,321400
1023251,343000
1023257,400000
1023260,460000
1023267,614700
1023271,250000
1023272,401000
1023274,437100
1023275,0
1023278,150000
1023281,435000
1023291,499800
1023292,362000
1023294,400000
1023295,150000
1023298,4967500
1023300,250000
1023301,0
1023302,1149000
1023306,306000
1023313,260000
1023316,0
1023319,150000
1023322,0
1023324,0
1023326,1250800
1023338,0
1023342,1228000
1023349,332000
1023352,0
1023355,270000
1023356,200000
1023362,1337100
1023365,70000
1023370,689500
1023371,400000
1023373,1000000
1023375,150000
1023377,500800
1023381,408000
1023383,544500
1023388,584800
1023392,690200
1023398,392000
1023404,0
1023409,150000
1023410,361000
1023411,150000
1023416,0
1023417,250000
1023421,504000
1023424,2000000
1023432,140000
1023433,150000
1023443,464000
1023454,1042400
1023455,550000
1023466,475000
1023474,250000
1023481,374000
1023482,0
1023494,0
1023501,3154100
1023503,550000
1023505,900800
1023513,375000
1023517,0
1023519,0
1023526,486500
1023532,375500
1023534,500000
1023539,267600
1023540,842000
1023551,150000
1023552,1121000
1023553,0
1023554,320000
1023558,438200
1023559,0
1023565,0
1023566,3410500
1023581,343500
1023582,485800
1023583,560000
1023584,443000
1023585,250000
1023588,715600
1023596,0
1023598,500800
1023599,0
1023600,0
1023603,340800
1023605,0
1023606,250000
1023607,0
1023615,1929000
1023616,0
1023619,0
1023620,360000
1023621,99000
1023623,300000
1023626,0
1023627,0
1023628,0
1023629,200000
1023638,0
1023641,450000
1023644,322000
1023650,488700
1023653,406000
1023655,500800
1023656,485300
1023658,0
1023661,809000
1023662,300000
1023664,298500
1023666,0
1023668,377500
1023670,424000
1023675,562600
1023691,645000
1023692,627000
1023693,502000
1023695,0
1023709,672500
1023712,315000
1023722,0
1023729,400000
1023731,836000
1023732,0
1023736,395000
1023737,0
1023740,0
1023744,400000
1023749,60900
1023754,275000
1023755,450000
1023758,550000
1023763,305100
1023765,395000
1023771,472800
1023772,150000
1023774,533500
1023778,112000
1023783,62000
1023785,342500
1023789,1278600
1023793,336100
1023794,216000
1023798,0
1023808,500800
1023814,0
1023815,300000
1023818,380000
1023822,470000
1023825,550000
1023830,472000
1023831,0
1023834,283500
1023836,300100
1023839,112000
1023840,175000
1023852,0
1023856,350000
1023857,300000
1023858,173000
1023861,0
1023862,150000
1023863,371000
1023864,0
1023882,750000
1023887,354500
1023888,400000
1023893,150000
1023913,835700
1023914,453000
1023918,962000
1023919,110000
1023920,1162000
1023921,0
1023922,0
1023923,537000
1023924,0
1023930,169000
1023936,158200
1023942,150000
1023945,510000
1023947,540000
1023948,0
1023950,200000
1023951,528500
1023964,70000
1023965,0
1023968,292000
1023972,169500
1023973,310000
1023981,0
1023982,351000
1023998,0
1023999,713700
1024002,0
1024005,880600
1024007,0
1024013,1199400
1024014,908800
1024019,400000
1024025,604000
1024028,150000
1024031,445000
1024035,0
1024040,594500
1024041,324500
1024044,512100
1024050,0
1024053,431000
1024062,176000
1024078,549000
1024082,360000
1024083,142000
1024085,503000
1024086,800
1024098,0
1024100,400000
1024102,787800
1024107,526500
1024111,0
1024116,495000
1024119,0
1024135,150000
1024143,400000
1024144,786000
1024166,0
1024169,475000
1024172,447500
1024173,1477400
1024187,0
1024188,432000
1024189,0
1024198,0
1024199,336500
1024201,430000
1024202,728700
1024203,400000
1024206,294000
1024211,60000
1024213,250000
1024215,450000
1024218,400000
1024224,360000
1024226,515000
1024232,0
1024239,87000
1024252,0
1024255,1109400
1024269,771400
1024270,0
1024275,349500
1024276,0
1024278,406800
1024289,295000
1024298,250000
1024306,494200
1024316,196000
1024318,432000
1024321,0
1024322,986000
1024330,1174300
1024332,650000
1024339,300000
1024343,67000
1024350,870000
1024351,283500
1024352,400000
1024354,200000
1024363,0
1024364,778500
1024371,0
1024372,948000
1024377,400000
1024382,390000
1024384,535000
1024389,200000
1024391,163200
1024393,876100
1024395,1670000
1024397,400000
1024398,0
1024404,485500
1024424,290000
1024425,865100
1024426,0
1024429,1059100
1024438,400000
1024439,250000
1024447,310000
1024451,382500
1024453,300000
1024461,400000
1024462,476400
1024463,372000
1024467,0
1024473,211700
1024479,0
1024481,503000
1024484,0
1024488,0
1024492,500000
1024494,457600
1024499,325000
1024500,400000
1024504,150000
1024515,306000
1024518,0
1024521,6045000
1024522,250000
1024526,0
1024527,0
1024533,0
1024536,0
1024542,634800
1024545,400000
1024546,550400
1024549,0
1024557,0
1024560,696000
1024565,0
1024571,501500
1024578,462000
1024581,240000
1024582,0
1024585,363000
1024588,2240500
1024598,333000
1024602,350000
1024606,0
1024607,415000
1024610,0
1024616,462500
1024619,658300
1024620,0
1024621,400000
1024623,432000
1024624,292500
1024628,0
1024633,10635900
1024654,250000
1024669,450000
1024684,934200
1024689,560000
1024695,303300
1024714,0
1024725,250000
1024728,539000
1024739,1385000
1024753,393000
1024754,450000
1024757,370000
1024761,250000
1024763,0
1024769,0
1024770,300000
1024775,150000
1024777,662100
1024790,250000
1024795,400000
1024799,0
1024810,592000
1024811,325000
1024813,441100
1024821,790000
1024828,1167800
1024844,342500
1024862,1872900
1024875,576600
1024876,350000
1024883,350000
1024891,508700
1024908,500000
1024926,317500
1024934,477300
1024935,324600
1024936,300000
1024945,0
1024948,435000
1024949,0
1024958,838000
1024961,0
1024962,500000
1024966,3221300
1024968,350000
1024983,590000
1024984,1029500
1024994,0
1025001,0
1025006,109700
1025010,448000
1025014,0
1025015,292800
1025020,465300
1025026,0
1025028,362200
1025050,0
1025053,411600
1025062,0
1025064,0
1025065,222000
1025070,70000
1025074,150000
1025085,0
1025094,187800
1025097,314700
1025108,0
1025110,224800
1025116,499600
1025125,324500
1025128,571100
1025135,250000
1025141,400000
1025146,0
1025153,250000
1025154,0
1025166,150000
1025167,325000
1025173,330000
1025177,0
1025182,224800
1025189,517500
1025191,393300
1025192,314000
1025204,0
1025205,465000
1025207,441000
1025213,0
1025217,170000
1025219,1112500
1025220,445000
1025223,3040900
1025226,325000
1025251,358000
1025258,1090000
1025262,4831800
1025263,0
1025268,1424300
1025274,0
1025276,0
1025277,400000
1025283,2947200
1025285,250000
1025286,335000
1025288,0
1025290,0
1025298,565500
1025302,0
1025310,366000
1025311,1200000
1025316,1580800
1025319,570000
1025324,0
1025326,399000
1025329,250000
1025334,544400
1025335,470000
1025336,400000
1025339,400800
1025340,1149500
1025346,0
1025347,1446100
1025356,320000
1025364,0
1025368,514500
1025372,910300
1025374,342000
1025378,1053100
1025381,3345800
1025382,1168800
1025383,0
1025391,0
1025396,463500
1025398,493000
1025405,747100
1025406,429000
1025407,175000
1025409,0
1025410,1246200
1025415,306000
1025416,0
1025418,0
1025421,250000
1025422,350000
1025423,500000
1025430,250000
1025434,0
1025435,244500
1025439,700000
1025448,0
1025453,0
1025457,500000
1025463,0
1025471,307500
1025482,600000
1025485,750000
1025486,1328000
1025489,250000
1025495,0
1025496,350000
1025497,0
1025502,150000
1025508,0
1025511,762100
1025528,250000
1025540,0
1025545,450000
1025549,150000
1025553,200000
1025557,0
1025558,468900
1025563,396000
1025568,325000
1025570,0
1025573,106200
1025575,400000
1025580,585500
1025584,0
1025593,0
1025596,0
1025600,1310000
1025601,0
1025608,330000
1025609,480000
1025616,669100
1025617,500000
1025623,550000
1025624,345000
1025628,796000
1025629,354000
1025634,349500
1025637,0
1025641,757500
1025642,450000
1025645,484000
1025648,349500
1025650,0
1025655,1400
1025659,500000
1025660,480500
1025662,781500
1025668,0
1025671,0
1025672,566300
1025674,380000
1025675,0
1025679,1300
1025680,0
1025681,837900
1025683,0
1025687,0
1025690,313500
1025694,0
1025708,284700
1025712,1050000
1025715,0
1025717,1434700
1025721,250000
1025724,0
1025725,150000
1025726,350000
1025742,450000
1025751,300000
1025752,364000
1025762,309200
1025765,0
1025766,498600
1025771,250000
1025784,35200
1025788,2524000
1025791,135000
1025792,314100
1025793,540000
1025800,560500
1025805,754000
1025806,849600
1025811,0
1025812,430000
1025817,0
1025829,300000
1025833,351500
1025839,0
1025841,0
1025842,0
1025850,0
1025851,0
1025859,400500
1025866,1007500
1025869,500000
1025871,243000
1025872,554200
1025876,690000
1025880,150000
1025882,200000
1025883,570000
1025894,2612000
1025895,314500
1025898,2044500
1025899,0
1025900,559000
1025902,859000
1025905,300000
1025909,250000
1025910,353000
1025911,1174900
1025912,1552600
1025913,3466700
1025916,473500
1025927,450000
1025928,0
1025934,0
1025936,350000
1025944,200000
1025948,0
1025958,269000
1025960,200000
1025970,295000
1025971,0
1025975,526000
1025976,0
1025977,0
1025979,380000
1025985,762000
1025987,0
1025999,0
1026004,0
1026005,596500
1026009,0
1026015,150000
1026021,500000
1026023,0
1026026,130000
1026029,200000
1026032,550000
1026037,0
1026038,405700
1026039,70000
1026040,440500
1026041,0
1026044,150000
1026045,99000
1026047,687000
1026049,820000
1026062,200000
1026068,240000
1026069,700000
1026071,1350000
1026072,350000
1026075,0
1026077,262000
1026089,320000
1026090,450000
1026093,534400
1026094,150000
1026095,0
1026096,0
1026098,0
1026099,400000
1026100,200000
1026103,1428100
1026107,549000
1026111,410000
1026112,1820000
1026113,0
1026114,0
1026116,195000
1026118,724800
1026119,0
1026122,0
1026124,472000
1026125,3770000
1026126,360000
1026128,600000
1026130,654900
1026134,0
1026139,0
1026142,586000
1026149,0
1026152,0
1026157,884400
1026162,410000
1026164,1406700
1026170,1140000
1026171,1166800
1026175,350000
1026180,0
1026183,500000
1026185,0
1026190,370000
1026191,312500
1026197,0
1026200,360000
1026206,200000
1026209,149000
1026212,1050000
1026215,0
1026225,266900
1026230,0
1026234,397600
1026235,70000
1026236,699200
1026237,132600
1026245,350000
1026256,0
1026257,150000
1026259,450000
1026270,483000
1026274,0
1026276,750000
1026279,250000
1026281,150000
1026284,335000
1026287,0
1026288,0
1026291,445000
1026292,600000
1026295,200000
1026297,466000
1026299,150000
1026302,250000
1026310,388800
1026311,320000
1026312,190000
1026316,0
1026325,530400
1026326,150000
1026327,195000
1026330,447500
1026332,421500
1026335,150000
1026339,420000
1026340,250000
1026348,325000
1026349,422000
1026350,150000
1026356,600000
1026364,348000
1026370,70000
1026371,85000
1026373,0
1026381,0
1026382,0
1026383,365000
1026385,0
1026387,408000
1026393,0
1026396,0
1026400,0
1026402,350000
1026411,250000
1026412,790000
1026414,80000
1026415,550700
1026417,300000
1026418,200000
1026421,464800
1026427,1020200
1026428,0
1026429,110000
1026432,381000
1026434,221000
1026436,200000
1026440,357500
1026448,358500
1026451,0
1026456,0
1026457,0
1026459,150000
1026461,496000
1026464,0
1026465,0
1026476,0
1026485,0
1026487,600000
1026495,186000
1026513,0
1026514,600000
1026518,585600
1026526,1200000
1026529,400000
1026531,0
1026546,0
1026550,1109500
1026552,0
1026558,442500
1026560,0
1026565,200000
1026569,472000
1026571,150000
1026578,1462500
1026584,0
1026592,400000
1026595,393600
1026602,448000
1026618,70000
1026632,300000
1026633,150000
1026639,0
1026642,536200
1026648,385700
1026653,570300
1026660,416500
1026662,543000
1026672,600000
1026682,520000
1026683,628000
1026684,0
1026689,0
1026693,572500
1026699,0
1026705,0
1026706,445000
1026707,378000
1026711,667100
1026718,492000
1026722,0
1026723,175000
1026724,750000
1026725,70000
1026731,150000
1026738,500000
1026752,150000
1026759,400000
1026772,500000
1026779,500000
1026783,150000
1026784,171500
1026790,370900
1026793,0
1026804,1935600
1026805,130000
1026807,1194000
1026810,250000
1026814,287100
1026815,400000
1026817,297000
1026821,0
1026823,427000
1026824,407600
1026827,0
1026829,0
1026830,250000
1026845,150000
1026850,0
1026854,543000
1026862,150000
1026864,250000
1026868,0
1026875,150000
1026887,374000
1026889,0
1026894,1835100
1026902,309500
1026903,0
1026907,0
1026908,450000
1026909,0
1026912,220000
1026914,450000
1026919,830600
1026927,0
1026928,150000
1026937,0
1026940,150000
1026941,299000
1026942,700000
1026944,250000
1026945,799000
1026953,144000
1026957,300000
1026967,0
1026978,467000
1026985,0
1026987,320000
1026989,468000
1026990,664000
1026999,200000
1027002,274700
1027009,320000
1027012,0
1027019,520000
1027020,350000
1027026,320000
1027027,0
1027029,230400
1027030,331200
1027040,387500
1027041,320000
1027044,3955900
1027068,600000
1027080,332500
1027084,0
1027087,306000
1027097,500000
1027101,389300
1027113,2532200
1027121,0
1027123,54000
1027126,0
1027133,0
1027135,0
1027137,40200
1027144,235000
1027148,0
1027150,0
1027151,560000
1027153,699500
1027175,1182400
1027184,255000
1027187,250000
1027192,255000
1027196,584000
1027197,0
1027200,250000
1027201,0
1027203,457500
1027218,560000
1027222,70000
1027226,0
1027233,800000
1027234,555400
1027236,0
1027239,150000
1027246,0
1027248,435000
1027250,0
1027251,0
1027263,0
1027264,0
1027271,0
1027272,396000
1027276,628000
1027279,300000
1027280,644000
1027283,0
1027285,0
1027286,0
1027292,300000
1027296,0
1027299,0
1027303,0
1027307,1484600
1027310,452500
1027313,940000
1027317,200000
1027320,0
1027328,0
1027332,0
1027338,367200
1027340,0
1027342,150000
1027344,999900
1027346,1270000
1027351,287200
1027352,500000
1027357,394000
1027360,62300
1027364,0
1027366,200000
1027371,0
1027374,0
1027375,70000
1027376,0
1027379,720000
1027381,0
1027383,0
1027392,450000
1027402,0
1027403,464800
1027415,917700
1027417,914300
1027420,250000
1027421,165000
1027422,0
1027437,0
1027439,198000
1027440,0
1027446,0
1027447,100000
1027448,0
1027452,314500
1027453,305600
1027457,500000
1027459,0
1027460,0
1027462,305000
1027465,800000
1027472,0
1027476,0
1027478,5636200
1027479,0
1027482,300000
1027483,570000
1027485,522000
1027488,400000
1027491,0
1027497,150000
1027498,170800
1027499,430000
1027502,330400
1027503,0
1027507,0
1027508,250000
1027511,400000
1027515,0
1027516,0
1027523,0
1027526,0
1027527,520000
1027528,0
1027532,150000
1027533,729200
1027534,0
1027539,0
1027542,2368000
1027548,0
1027551,0
1027552,1673700
1027563,0
1027571,250000
1027573,0
1027579,350000
1027589,0
1027599,0
1027603,510000
1027608,375500
1027614,0
1027617,390000
1027621,926400
1027626,150000
1027627,320000
1027628,465000
1027631,374000
1027638,870000
1027643,0
1027644,500000
1027646,419000
1027648,0
1027656,779000
1027657,0
1027659,200000
1027669,0
1027671,450000
1027682,0
1027684,400000
1027686,469300
1027687,0
1027693,100000
1027695,0
1027699,0
1027701,150000
1027702,1801600
1027705,0
1027706,200000
1027712,150000
1027717,461200
1027721,0
1027728,0
1027739,0
1027748,0
1027752,160000
1027758,0
1027766,0
1027768,250000
1027772,425000
1027773,0
1027783,611700
1027786,0
1027791,250000
1027792,0
1027796,0
1027799,0
1027808,0
1027809,150000
1027812,300000
1027815,469500
1027818,922000
1027819,1047200
1027820,150000
1027828,150000
1027832,0
1027840,475100
1027841,0
1027846,150000
1027850,350000
1027854,0
1027855,150000
1027860,150000
1027863,70000
1027865,150000
1027871,150000
1027878,150000
1027880,0
1027883,150000
1027886,0
1027892,150000
1027896,150000
1027897,0
1027898,484000
1027899,0
1027901,150000
1027909,0
1027910,150000
1027911,0
1027912,150000
1027917,150000
1027921,0
1027923,150000
1027932,0
1027933,150000
1027937,0
1027938,400000
1027942,150000
1027945,0
1027947,150000
1027950,0
1027963,0
1027966,400000
1027973,92000
1027975,0
1027980,2229500
1027982,0
1027986,150000
1027988,150000
1027995,150000
1027998,250000
1028001,200000
1028002,150000
1028003,150000
1028007,250000
1028010,150000
1028023,62600
1028026,494500
1028035,0
1028049,1492600
1028053,400000
1028056,200000
1028060,150000
1028062,538000
1028075,0
1028076,150000
1028077,307000
1028100,0
1028118,1858300
1028121,1514500
1028130,400000
1028140,600000
1028143,1320000
1028145,349000
1028149,0
1028152,2428100
1028160,0
1028163,682000
1028170,0
1028183,0
1028190,780100
1028195,0
1028198,4094900
1028213,0
1028218,0
1028222,150000
1028235,779400
1028283,1147000
1028286,447000
1028296,0
1028297,0
1028308,0
1028330,729700
1028331,405000
1028333,150000
1028343,400000
1028347,0
1028350,337500
1028356,353000
1028364,550000
1028370,0
1028379,1640200
1028388,4395800
1028391,0
1028400,548800
1028411,250000
1028422,380900
1028424,0
1028433,740500
1028444,0
1028454,0
1028465,329000
1028470,78000
1028475,260000
1028478,0
1028483,0
1028492,0
1028497,250000
1028513,500000
1028514,0
1028516,0
1028525,0
1028527,0
1028528,0
1028532,0
1028533,289300
1028535,375000
1028542,525000
1028547,1003000
1028550,350000
1028564,596000
1028565,0
1028568,754200
1028577,440000
1028585,0
1028591,371000
1028597,0
1028602,0
1028604,0
1028615,0
1028616,1908800
1028618,450000
1028621,559600
1028627,1968000
1028641,0
1028647,0
1028657,0
1028658,0
1028664,0
1028686,150000
1028696,490000
1028705,642900
1028709,0
1028713,615600
1028717,1821500
1028719,400000
1028725,760000
1028726,367200
1028729,0
1028733,320000
1028734,600000
1028739,500000
1028740,0
1028741,272000
1028745,1169600
1028750,378100
1028755,342000
1028761,290000
1028769,0
1028770,780000
1028775,1471500
1028777,0
1028783,0
1028785,458500
1028786,0
1028790,0
1028791,0
1028798,577000
1028803,0
1028804,250000
1028807,278000
1028812,531500
1028815,0
1028817,1484500
1028824,150000
1028833,300000
1028835,306000
1028840,250000
1028844,336000
1028848,423900
1028849,496500
1028854,412300
1028863,701000
1028874,515000
1028880,325000
1028881,224000
1028885,150000
1028896,250000
1028898,1195000
1028903,350000
1028905,637000
1028907,315000
1028910,0
1028911,381600
1028913,501000
1028917,0
1028919,126000
1028927,400000
1028928,769300
1028945,0
1028948,150000
1028953,0
1028954,580000
1028955,150000
1028970,185000
1028978,0
1028980,2008800
1028983,829700
1028986,150000
1028993,1977900
1028995,424800
1028999,0
1029007,0
1029011,0
1029016,500000
1029020,650000
1029026,150000
1029034,0
1029035,802500
1029036,0
1029037,389400
1029038,0
1029042,624600
1029043,0
1029044,470000
1029045,639000
1029046,724300
1029049,400000
1029050,500000
1029054,0
1029055,550000
1029057,392300
1029059,436400
1029066,421500
1029076,0
1029083,0
1029084,0
1029090,0
1029100,558000
1029106,489600
1029108,0
1029110,450000
1029119,440000
1029124,0
1029127,500000
1029129,20000
1029131,273000
1029133,0
1029134,1361200
1029141,0
1029152,0
1029155,360100
1029156,1494200
1029157,250000
1029163,110900
1029165,70000
1029175,400000
1029178,744600
1029184,0
1029185,2767200
1029198,0
1029205,495900
1029212,450000
1029213,150000
1029215,462900
1029232,940000
1029239,110900
1029241,0
1029243,0
1029251,0
1029252,530000
1029253,316000
1029254,150000
1029258,450000
1029259,739400
1029262,742000
1029266,250000
1029275,617200
1029284,647400
1029286,312500
1029289,0
1029295,250000
1029296,277000
1029297,700000
1029301,0
1029302,0
1029305,0
1029310,140000
1029311,0
1029318,660000
1029325,490000
1029328,460500
1029333,478000
1029338,349500
1029339,1769000
1029340,354000
1029347,550000
1029350,438500
1029354,400000
1029355,0
1029357,0
1029361,0
1029364,425000
1029382,942000
1029385,2159300
1029390,250000
1029394,300000
1029401,849300
1029405,1952000
1029409,0
1029417,0
1029429,400000
1029436,150000
1029438,420000
1029443,0
1029448,300000
1029454,0
1029457,626000
1029464,0
1029465,90000
1029467,400000
1029473,0
1029479,353400
1029482,1280000
1029489,0
1029492,300000
1029493,1560000
1029496,0
1029498,250000
1029503,150000
1029508,150000
1029513,0
1029514,500000
1029515,0
1029520,174000
1029521,150000
1029527,2958500
1029546,0
1029550,647700
1029553,348000
1029561,2644700
1029563,372000
1029564,0
1029565,0
1029568,742000
1029569,0
1029582,350000
1029584,300000
1029586,400000
1029588,0
1029599,613400
1029604,190000
1029608,200000
1029609,70000
1029615,290000
1029621,0
1029626,462400
1029640,150000
1029641,0
1029644,0
1029646,0
1029650,508000
1029659,150000
1029661,0
1029687,200000
1029690,533500
1029710,0
1029718,600000
1029729,0
1029733,190000
1029736,0
1029738,0
1029743,0
1029755,399900
1029757,300000
1029758,342600
1029759,458000
1029766,0
1029770,448100
1029775,1780400
1029788,150000
1029790,156000
1029791,1462000
1029795,360000
1029797,200000
1029801,40600
1029809,62300
1029811,190000
1029815,0
1029825,933500
1029828,358000
1029829,632600
1029835,0
1029836,0
1029838,400000
1029845,434000
1029847,435000
1029854,566000
1029857,0
1029868,300000
1029877,0
1029881,338000
1029884,900000
1029885,309500
1029891,400000
1029892,0
1029902,499000
1029904,922000
1029908,529500
1029910,0
1029921,150000
1029923,402000
1029926,200000
1029927,462000
1029929,0
1029930,150000
1029931,750000
1029938,283500
1029959,0
1029961,195000
1029966,1490000
1029967,195000
1029970,396000
1029972,307000
1029974,900000
1029975,445800
1029980,0
1029982,250000
1029990,0
1029996,551400
1029998,1852400
1030004,0
1030005,714000
1030006,700000
1030028,944500
1030031,200000
1030038,250000
1030040,825000
1030041,592800
1030046,1600000
1030047,0
1030048,743000
1030050,70000
1030058,400000
1030064,0
1030066,881200
1030072,366000
1030082,0
1030083,150000
1030084,680800
1030085,300000
1030101,424300
1030107,0
1030115,0
1030117,954300
1030124,350000
1030127,0
1030133,565500
1030138,542000
1030145,3590600
1030148,400000
1030156,306000
1030158,400000
1030165,306000
1030172,0
1030181,295000
1030184,3927000
1030188,290400
1030190,0
1030195,0
1030197,0
1030206,70000
1030210,311000
1030214,400000
1030215,817500
1030218,70000
1030219,456000
1030226,1518900
1030228,1366400
1030236,250000
1030255,460000
1030256,0
1030257,150000
1030261,696800
1030263,489000
1030265,498100
1030268,180000
1030272,150000
1030274,486000
1030278,150000
1030289,505000
1030292,234000
1030293,853000
1030296,296000
1030297,0
1030299,398400
1030302,367200
1030303,200000
1030314,364000
1030320,300000
1030324,130000
1030326,400000
1030327,0
1030332,150000
1030333,300000
1030346,930200
1030350,0
1030356,645400
1030363,284000
1030364,479400
1030370,200000
1030374,70000
1030376,0
1030378,300000
1030379,0
1030382,402000
1030383,0
1030386,0
1030389,0
1030391,400000
1030395,300000
1030398,250000
1030399,726800
1030402,450000
1030406,0
1030407,0
1030413,408800
1030417,149000
1030419,430500
1030423,0
1030424,742500
1030438,893100
1030450,0
1030457,626200
1030460,0
1030463,0
1030464,595000
1030465,150000
1030475,2285300
1030476,0
1030477,0
1030478,302000
1030481,0
1030485,578000
1030497,0
1030502,0
1030504,622500
1030506,469000
1030510,0
1030515,500000
1030517,450000
1030518,150000
1030520,378400
1030521,568000
1030523,535800
1030524,442000
1030525,300000
1030532,151000
1030545,577300
1030548,0
1030550,593100
1030551,5214000
1030559,599000
1030565,0
1030566,250000
1030569,150000
1030572,556200
1030575,542600
1030577,5677900
1030578,300000
1030579,400000
1030587,0
1030602,600000
1030605,0
1030606,0
1030608,674300
1030615,635000
1030617,0
1030624,604000
1030640,412000
1030643,1169000
1030648,0
1030654,0
1030655,0
1030658,150000
1030659,1330400
1030663,0
1030669,0
1030670,633000
1030675,350000
1030676,475000
1030691,0
1030695,250000
1030697,477100
1030702,390000
1030703,150000
1030705,400000
1030706,385200
1030708,150000
1030710,500000
1030715,682600
1030724,0
1030726,0
1030730,500000
1030733,76300
1030739,375000
1030744,500000
1030745,340200
1030752,581500
1030754,26400
1030755,897200
1030760,938500
1030766,510000
1030767,0
1030771,0
1030775,0
1030777,0
1030780,0
1030786,0
1030790,3289600
1030794,0
1030800,0
1030808,0
1030819,155000
1030820,404600
1030825,564400
1030826,80000
1030828,633800
1030829,0
1030831,0
1030838,425000
1030840,150000
1030841,0
1030849,300800
1030860,0
1030863,850000
1030864,590000
1030867,0
1030868,150000
1030871,0
1030873,0
1030877,300000
1030883,0
1030884,0
1030885,208000
1030888,427200
1030892,0
1030895,302000
1030897,614600
1030899,354000
1030905,2376600
1030909,0
1030914,70000
1030917,909600
1030918,0
1030920,291000
1030923,70000
1030929,830000
1030937,0
1030939,385200
1030947,426000
1030949,150000
1030955,0
1030956,698600
1030965,400000
1030967,0
1030972,350000
1030974,289600
1030979,300000
1030981,574800
1030983,185000
1030984,384000
1030986,4084600
1030996,70000
1031000,458400
1031003,300000
1031005,436400
1031006,1157100
1031007,342000
1031010,305600
1031012,0
1031021,927000
1031024,0
1031027,500000
1031028,650000
1031031,480000
1031037,782000
1031040,0
1031042,360000
1031044,236000
1031045,0
1031050,272000
1031054,931300
1031059,1506000
1031061,450000
1031071,531600
1031082,200000
1031086,580500
1031088,450000
1031089,0
1031096,0
1031098,585000
1031099,300200
1031100,367000
1031104,281700
1031108,200000
1031117,0
1031121,0
1031122,474000
1031133,432000
1031134,250000
1031137,0
1031141,462000
1031142,0
1031153,0
1031155,0
1031158,431500
1031164,839900
1031167,710800
1031170,963000
1031187,698000
1031192,0
1031195,250000
1031198,400000
1031201,0
1031207,0
1031212,500000
1031213,0
1031216,800000
1031219,0
1031228,0
1031230,260000
1031231,302000
1031239,0
1031245,689000
1031247,350000
1031262,130000
1031265,0
1031266,627600
1031271,145000
1031273,1522500
1031276,700000
1031277,0
1031280,318500
1031287,454000
1031289,361000
1031298,0
1031302,250000
1031312,0
1031314,464000
1031316,150000
1031321,592500
1031322,0
1031324,315000
1031327,0
1031333,494300
1031338,300000
1031342,500000
1031343,582000
1031370,300000
1031374,150000
1031375,0
1031379,0
1031380,394600
1031384,150000
1031386,0
1031395,480600
1031396,4382900
1031407,149000
1031411,276000
1031415,0
1031416,375500
1031423,240000
1031431,0
1031437,0
1031443,350000
1031450,500000
1031452,720000
1031453,3756500
1031454,325500
1031459,0
1031464,598000
1031468,542000
1031475,0
1031478,1114000
1031484,270000
1031488,519000
1031490,0
1031496,0
1031498,0
1031499,382500
1031504,669000
1031507,0
1031511,0
1031512,300000
1031513,1000000
1031514,382500
1031515,0
1031524,607000
1031525,150000
1031529,0
1031537,0
1031538,251800
1031539,486000
1031540,506000
1031546,0
1031554,120000
1031557,490000
1031561,150000
1031568,200000
1031571,781400
1031575,0
1031578,150000
1031581,0
1031582,1690000
1031583,717000
1031584,150000
1031585,396000
1031587,403600
1031594,539000
1031611,844200
1031620,200000
1031623,150000
1031625,252000
1031629,0
1031634,0
1031635,260000
1031642,553400
1031645,495000
1031653,200000
1031654,1212000
1031659,520000
1031675,0
1031681,400000
1031683,0
1031685,200000
1031690,0
1031693,0
1031696,591600
1031697,1339000
1031699,564000
1031702,300000
1031712,1634500
1031714,0
1031716,0
1031717,264500
1031726,0
1031732,277100
1031743,378000
1031747,0
1031748,725800
1031753,893000
1031759,555000
1031760,183000
1031764,450000
1031768,200000
1031776,0
1031779,0
1031780,388800
1031782,570200
1031783,300000
1031784,0
1031786,0
1031788,630000
1031793,370000
1031801,741000
1031803,500000
1031806,0
1031812,0
1031820,612200
1031822,0
1031827,1283400
1031828,672800
1031829,0
1031836,0
1031837,0
1031849,300000
1031854,1352000
1031859,3142900
1031860,200000
1031862,0
1031864,150000
1031867,754600
1031868,642000
1031882,0
1031885,220000
1031889,330000
1031891,778800
1031892,766000
1031893,169000
1031898,0
1031902,789100
1031903,306800
1031906,1136000
1031912,752000
1031926,564000
1031929,300000
1031930,0
1031933,70000
1031934,200000
1031935,463000
1031936,300000
1031937,150000
1031947,680000
1031949,720000
1031953,294400
1031959,507200
1031961,450000
1031969,577200
1031972,400000
1031975,264000
1031976,340800
1031981,0
1031982,150000
1031984,398400
1031992,0
1031993,635000
1031998,0
1032004,300000
1032007,0
1032010,367200
1032013,0
1032015,316000
1032022,1016300
1032023,299400
1032025,220000
1032035,474000
1032046,0
1032048,470200
1032052,545000
1032053,550000
1032058,0
1032063,2388400
1032065,0
1032069,399000
1032090,575000
1032098,0
1032100,966600
1032105,150000
1032106,142000
1032107,875000
1032113,410000
1032117,0
1032119,238000
1032123,696000
1032124,887200
1032125,0
1032128,0
1032132,1010000
1032135,195000
1032141,0
1032142,0
1032143,2538400
1032144,528600
1032151,385000
1032154,280500
1032160,150000
1032162,774000
1032184,0
1032185,1454200
1032186,165000
1032188,0
1032196,0
1032197,0
1032202,451000
1032204,1853100
1032209,450000
1032218,300000
1032228,167000
1032230,360000
1032237,150000
1032240,200000
1032246,0
1032259,0
1032261,165000
1032273,0
1032296,0
1032303,378400
1032308,600000
1032311,0
1032325,0
1032331,136500
1032348,592500
1032354,494500
1032355,70000
1032356,589000
1032368,0
1032381,555400
1032389,289600
1032391,793700
1032399,482800
1032413,250000
1032416,0
1032417,0
1032423,400000
1032425,542000
1032431,350000
1032436,564400
1032439,467900
1032441,250000
1032453,910300
1032454,490000
1032460,345000
1032466,850000
1032468,0
1032470,0
1032473,310300
1032488,332500
1032499,300000
1032501,300000
1032510,59200
1032514,295000
1032520,536800
1032522,444000
1032527,250000
1032531,0
1032535,264000
1032541,0
1032543,250000
1032544,500000
1032552,780400
1032559,1681600
1032561,150000
1032562,468500
1032564,774000
1032567,200000
1032571,0
1032581,0
1032594,0
1032599,0
1032603,0
1032610,975000
1032623,2090700
1032625,70000
1032627,70000
1032630,585100
1032631,285000
1032634,0
1032653,600000
1032666,0
1032667,0
1032671,406000
1032674,1699800
1032680,740800
1032682,551200
1032684,143000
1032686,0
1032688,0
1032690,400000
1032693,0
1032697,215000
1032710,197900
1032714,0
1032724,274500
1032725,297500
1032728,0
1032730,218000
1032739,0
1032744,366000
1032761,70000
1032765,585000
1032766,250000
1032770,948400
1032771,454900
1032774,914200
1032782,0
1032785,408000
1032792,0
1032793,0
1032795,122800
1032801,336500
1032803,0
1032809,300000
1032812,757000
1032821,585100
1032832,0
1032840,0
1032845,576500
1032847,380000
1032850,0
1032855,320300
1032864,0
1032865,1677500
1032866,316000
1032867,585100
1032874,0
1032875,70000
1032877,0
1032878,0
1032883,96000
1032889,416000
1032894,200000
1032895,350000
1032898,0
1032899,0
1032901,450000
1032902,0
1032905,585000
1032909,0
1032912,0
1032921,300000
1032931,560000
1032933,0
1032934,0
1032939,0
1032966,0
1032975,70000
1032976,165000
1032982,450000
1032994,500000
1032996,240000
1033000,498000
1033005,0
1033018,0
1033024,0
1033029,200000
1033034,1771900
1033042,0
1033043,9218500
1033050,0
1033051,854600
1033053,288000
1033057,575800
1033069,1250000
1033075,0
1033078,867000
1033082,552300
1033088,90000
1033092,70000
1033094,150000
1033096,0
1033097,300000
1033098,355000
1033099,150000
1033103,890500
1033104,150000
1033109,0
1033111,150000
1033114,0
1033121,632000
1033128,0
1033132,150000
1033133,1977000
1033135,0
1033136,150000
1033137,0
1033142,1465300
1033143,150000
1033146,923300
1033147,150000
1033148,0
1033150,0
1033158,150000
1033160,0
1033161,200000
1033168,150000
1033169,0
1033170,539300
1033175,0
1033176,150000
1033179,250000
1033181,0
1033183,0
1033187,0
1033192,200000
1033194,421000
1033202,0
1033203,145000
1033206,482300
1033208,0
1033211,150000
1033213,0
1033226,200000
1033229,0
1033231,0
1033234,0
1033235,0
1033237,0
1033238,550000
1033240,0
1033243,0
1033246,0
1033256,0
1033258,0
1033260,0
1033263,0
1033278,470000
1033282,200700
1033286,550000
1033292,1040200
1033296,0
1033341,909400
1033355,340000
1033397,435200
1033399,450400
1033413,70000
1033429,330000
1033443,0
1033449,0
1033450,0
1033454,0
1033456,500000
1033468,0
1033469,131500
1033471,0
1033478,1099500
1033484,0
1033486,358200
1033490,600000
1033501,2191000
1033512,507500
1033520,0
1033529,315000
1033531,549000
1033539,372000
1033540,250000
1033548,301000
1033558,486000
1033565,0
1033594,0
1033599,70000
1033601,240000
1033602,554000
1033605,0
1033609,300000
1033613,796000
1033624,446800
1033632,468300
1033637,519000
1033640,290000
1033642,650000
1033649,0
1033667,1038000
1033671,1447400
1033676,349000
1033683,1364500
1033686,381600
1033688,0
1033692,248500
1033693,1607600
1033694,1000000
1033702,497800
1033705,0
1033706,155000
1033717,429000
1033718,250000
1033721,0
1033722,513000
1033727,479400
1033728,610000
1033736,453000
1033737,482100
1033738,472000
1033743,0
1033745,0
1033746,0
1033747,612000
1033751,0
1033752,0
1033767,400000
1033768,385200
1033774,0
1033781,0
1033788,432000
1033789,0
1033796,0
1033800,0
1033806,478700
1033807,0
1033808,87200
1033810,0
1033813,481000
1033815,0
1033816,2570500
1033830,287400
1033831,0
1033834,0
1033836,0
1033838,0
1033842,364000
1033844,70000
1033853,305000
1033859,172000
1033862,646500
1033863,285000
1033864,0
1033865,400000
1033867,198000
1033870,415100
1033883,532500
1033887,0
1033889,0
1033890,459600
1033894,0
1033896,879800
1033902,0
1033903,439700
1033904,0
1033905,515700
1033909,262500
1033910,400000
1033915,400000
1033916,0
1033921,0
1033922,877000
1033927,478100
1033933,105000
1033941,369800
1033955,400000
1033964,0
1033979,349000
1033997,400000
1034004,492600
1034017,0
1034020,662800
1034024,400000
1034027,0
1034035,557000
1034037,281500
1034038,685200
1034047,305000
1034049,450000
1034054,572500
1034058,0
1034065,250000
1034070,0
1034071,286000
1034077,341100
1034081,169000
1034087,375000
1034091,150000
1034092,360000
1034104,400000
1034108,440900
1034110,0
1034115,324300
1034120,0
1034125,657400
1034126,310000
1034128,350000
1034130,150000
1034137,264000
1034139,0
1034140,0
1034142,150000
1034147,440500
1034148,150000
1034149,0
1034153,135000
1034155,0
1034156,70000
1034177,0
1034193,0
1034202,500000
1034203,100000
1034204,150000
1034206,526900
1034212,517500
1034218,500000
1034219,0
1034233,414000
1034236,0
1034242,0
1034243,800000
1034248,0
1034250,250000
1034252,194000
1034256,150000
1034260,520300
1034264,150000
1034274,511900
1034278,0
1034279,348000
1034293,0
1034305,250000
1034308,0
1034316,0
1034320,0
1034323,1538400
1034325,150000
1034340,0
1034344,384800
1034348,412200
1034353,352300
1034356,0
1034357,130000
1034363,298500
1034367,650000
1034368,638700
1034369,1077400
1034376,771000
1034380,649700
1034381,500000
1034382,103400
1034384,580000
1034390,150000
1034396,0
1034401,142000
1034402,200000
1034406,0
1034407,1252500
1034418,150000
1034423,0
1034432,0
1034435,180000
1034441,0
1034443,0
1034444,1212500
1034457,324500
1034460,317500
1034461,2150500
1034462,350000
1034466,50000
1034467,150000
1034469,0
1034476,0
1034481,0
1034494,592400
1034496,736600
1034500,0
1034501,0
1034513,5000
1034517,777500
1034518,750000
1034530,155000
1034534,187000
1034538,500000
1034543,1104000
1034544,0
1034547,350000
1034550,0
1034551,70000
1034554,632000
1034564,318800
1034565,0
1034569,70000
1034570,0
1034572,335800
1034575,0
1034577,335800
1034580,142000
1034581,150000
1034586,400000
1034591,0
1034594,0
1034598,0
1034607,373500
1034608,0
1034609,0
1034611,446500
1034612,0
1034615,550000
1034625,0
1034628,500000
1034629,150000
1034630,150000
1034633,387500
1034635,300500
1034637,0
1034638,0
1034639,764600
1034642,0
1034644,0
1034645,145000
1034651,132900
1034660,200000
1034669,0
1034671,150000
1034672,300000
1034675,0
1034692,324500
1034696,150000
1034697,500000
1034701,406800
1034706,0
1034708,726000
1034715,508600
1034719,0
1034722,0
1034723,0
1034732,1555900
1034750,0
1034756,29700
1034771,624000
1034772,0
1034775,0
1034777,0
1034778,356000
1034779,549000
1034781,5495100
1034782,397500
1034784,328100
1034785,454000
1034787,150000
1034789,0
1034790,409200
1034791,0
1034793,0
1034795,350000
1034800,0
1034801,335800
1034802,0
1034803,300000
1034806,142000
1034813,1007700
1034821,0
1034825,250000
1034828,204000
1034830,0
1034832,700000
1034835,412000
1034840,0
1034841,395000
1034843,0
1034844,325900
1034856,320000
1034858,150000
1034861,349000
1034865,0
1034870,0
1034871,0
1034874,630000
1034876,423500
1034881,200000
1034882,299000
1034885,0
1034890,260600
1034892,0
1034894,0
1034903,0
1034904,0
1034908,541500
1034913,0
1034917,0
1034919,400000
1034928,555000
1034929,0
1034931,15380700
1034935,500000
1034939,0
1034943,397500
1034945,489000
1034949,1098700
1034956,391900
1034957,9786500
1034968,358000
1034969,0
1034972,0
1034988,0
1034990,512500
1034996,395000
1034999,142000
1035000,446000
1035006,250000
1035008,970600
1035011,400000
1035015,0
1035021,612500
1035025,221800
1035030,350000
1035037,2350600
1035038,150000
1035045,596000
1035053,0
1035055,0
1035068,0
1035080,1076200
1035083,223500
1035085,399000
1035087,315100
1035097,0
1035099,687600
1035100,0
1035113,0
1035125,230000
1035126,322000
1035133,392000
1035140,0
1035147,500000
1035154,703200
1035157,549500
1035160,0
1035162,250000
1035163,549800
1035165,0
1035171,0
1035172,0
1035176,0
1035177,400000
1035184,129000
1035185,6123100
1035187,480000
1035191,0
1035193,417000
1035194,228000
1035205,0
1035220,200000
1035221,0
1035231,5000
1035237,299500
1035244,316000
1035249,599500
1035251,463600
1035253,150000
1035257,250000
1035265,0
1035266,0
1035269,140000
1035270,600000
1035277,0
1035280,350000
1035281,250000
1035286,114300
1035293,250000
1035296,409500
1035302,0
1035309,0
1035311,400000
1035312,200000
1035320,0
1035325,0
1035328,0
1035335,450000
1035336,140000
1035338,400000
1035343,0
1035345,0
1035349,216000
1035354,150000
1035355,760000
1035357,0
1035367,567500
1035371,421600
1035383,200000
1035387,570000
1035388,250000
1035396,350000
1035401,350000
1035406,500000
1035407,435000
1035412,406000
1035417,0
1035420,486400
1035421,425000
1035422,135000
1035423,520000
1035426,430000
1035428,149000
1035431,212500
1035438,150000
1035442,0
1035443,200000
1035450,545000
1035452,678800
1035457,694500
1035458,413000
1035463,354500
1035464,350000
1035467,0
1035468,0
1035479,150000
1035481,766200
1035489,305000
1035491,150000
1035498,200000
1035503,450000
1035504,0
1035507,350000
1035510,0
1035513,188000
1035515,600000
1035520,713100
1035522,596800
1035524,150000
1035525,70000
1035526,659000
1035530,336000
1035531,285000
1035540,0
1035541,415000
1035542,318800
1035547,248000
1035548,740000
1035549,600000
1035550,309000
1035556,405000
1035557,480000
1035558,0
1035561,388200
1035562,0
1035567,320400
1035577,0
1035580,182600
1035582,0
1035585,311600
1035589,180000
1035590,990900
1035592,0
1035598,500000
1035610,200000
1035615,600000
1035616,301500
1035619,463000
1035624,0
1035625,350000
1035634,700000
1035639,1301100
1035642,208000
1035650,0
1035656,382000
1035658,673400
1035668,400000
1035671,284000
1035679,450000
1035690,317100
1035692,118800
1035693,569500
1035695,362800
1035697,450000
1035705,0
1035707,300000
1035710,1143200
1035715,57000
1035716,186200
1035717,200000
1035718,0
1035722,40400
1035725,0
1035732,200000
1035733,250000
1035735,433500
1035736,1540500
1035740,912600
1035746,222000
1035754,0
1035755,390000
1035756,330000
1035759,1500
1035761,0
1035763,1106400
1035764,0
1035765,405800
1035767,846000
1035779,200000
1035783,409200
1035785,0
1035789,57000
1035794,0
1035801,0
1035808,241200
1035826,2467500
1035833,332000
1035839,399000
1035840,393800
1035841,586700
1035843,467300
1035855,300000
1035868,150000
1035873,0
1035878,150000
1035879,0
1035880,0
1035887,500000
1035895,400000
1035898,0
1035917,794500
1035918,366000
1035919,0
1035920,0
1035921,400000
1035922,485000
1035923,0
1035924,0
1035926,150000
1035927,0
1035932,343000
1035933,0
1035937,452800
1035938,305700
1035941,4287000
1035942,389000
1035958,399000
1035964,502000
1035967,0
1035974,739800
1035975,321500
1035981,400000
1035989,675000
1035992,759500
1035993,250000
1035995,199000
1035996,349900
1035998,0
1036000,208000
1036002,291000
1036005,0
1036006,90000
1036014,0
1036018,0
1036020,140000
1036021,0
1036022,371300
1036036,0
1036037,180000
1036042,431000
1036045,180000
1036048,0
1036053,0
1036055,191100
1036065,2228700
1036066,350000
1036068,0
1036074,0
1036075,342500
1036077,0
1036080,150000
1036085,0
1036086,458000
1036089,0
1036098,629000
1036101,0
1036106,0
1036113,0
1036118,340800
1036121,0
1036124,1355500
1036129,0
1036139,366000
1036141,670000
1036148,542000
1036150,3687800
1036155,770500
1036160,2128300
1036162,0
1036164,350000
1036167,559000
1036169,610500
1036173,599500
1036175,130000
1036176,308000
1036179,707500
1036183,173000
1036186,500000
1036191,300000
1036204,0
1036213,770100
1036214,600000
1036216,877800
1036219,0
1036221,809500
1036222,900000
1036223,250000
1036225,560800
1036230,0
1036231,1052000
1036237,0
1036239,2647200
1036241,1088500
1036243,1000000
1036244,306000
1036249,387500
1036251,349500
1036252,485100
1036253,93600
1036257,0
1036259,0
1036260,1781100
1036264,0
1036273,531000
1036276,79000
1036278,350000
1036283,755000
1036285,976600
1036288,1088500
1036292,516000
1036295,665000
1036296,435000
1036299,652500
1036303,290000
1036306,0
1036308,250000
1036310,0
1036312,13300800
1036315,0
1036320,787000
1036322,450000
1036328,360000
1036329,0
1036347,516000
1036348,503200
1036350,365000
1036355,0
1036361,150000
1036370,723300
1036379,492500
1036389,0
1036394,518500
1036395,630000
1036399,2666300
1036400,480000
1036402,550000
1036404,495000
1036406,222000
1036410,145000
1036411,250000
1036414,300000
1036419,1097000
1036420,450000
1036421,1155400
1036423,960000
1036428,0
1036434,0
1036435,0
1036436,0
1036438,283500
1036441,225000
1036442,321000
1036451,748000
1036454,287000
1036455,200000
1036457,200000
1036458,145000
1036460,500000
1036462,475000
1036464,0
1036466,310000
1036467,0
1036471,478000
1036477,400000
1036482,580000
1036486,920400
1036487,506000
1036491,399000
1036492,615000
1036507,150000
1036511,501000
1036514,0
1036515,450000
1036516,0
1036517,0
1036519,0
1036531,200000
1036532,529500
1036534,111000
1036537,516700
1036544,200000
1036545,200000
1036551,449000
1036553,559000
1036557,380000
1036559,65000
1036561,315000
1036562,460000
1036564,0
1036571,150000
1036572,420000
1036575,420000
1036576,300000
1036578,453000
1036580,500000
1036586,500000
1036593,150000
1036603,0
1036605,93000
1036621,0
1036623,0
1036626,0
1036628,5009600
1036640,617200
1036643,0
1036645,250000
1036650,1094000
1036652,0
1036655,500000
1036666,615200
1036670,0
1036672,0
1036676,39000
1036680,495000
1036685,250000
1036688,0
1036689,487000
1036690,402000
1036693,0
1036702,250000
1036708,385000
1036710,665000
1036713,274000
1036726,0
1036733,0
1036737,250000
1036745,0
1036746,450900
1036748,317500
1036752,620400
1036753,180000
1036754,400000
1036759,595000
1036763,260000
1036768,470800
1036769,0
1036773,250000
1036774,0
1036776,505000
1036779,806000
1036799,306000
1036801,0
1036804,800000
1036807,874900
1036809,0
1036810,0
1036813,195000
1036818,360500
1036819,0
1036825,320000
1036837,2534500
1036839,412500
1036844,162500
1036847,390000
1036848,459400
1036849,1166400
1036853,500000
1036855,250000
1036856,0
1036862,0
1036864,0
1036866,485500
1036869,0
1036879,250000
1036885,399000
1036888,0
1036898,719700
1036899,0
1036904,0
1036908,300000
1036909,150000
1036913,400000
1036914,0
1036916,75000
1036917,0
1036928,0
1036933,135000
1036935,350000
1036937,307500
1036948,1116800
1036952,0
1036960,374500
1036966,709000
1036969,300000
1036990,0
1036992,150000
1036995,275000
1036996,163000
1036999,660000
1037012,0
1037017,0
1037020,650000
1037023,150000
1037026,250000
1037028,0
1037031,320400
1037038,405000
1037041,304600
1037048,418000
1037051,0
1037052,0
1037056,306500
1037057,135000
1037058,302500
1037060,504000
1037061,198000
1037064,539500
1037066,0
1037069,0
1037075,650000
1037082,150000
1037087,250000
1037088,330000
1037091,150000
1037092,0
1037096,337500
1037101,0
1037103,150000
1037105,400000
1037116,250000
1037120,490000
1037121,444100
1037122,299500
1037126,769500
1037139,608000
1037143,150000
1037144,0
1037148,467500
1037154,1179200
1037169,2054800
1037170,0
1037172,400000
1037175,134000
1037176,0
1037177,0
1037179,487200
1037180,372100
1037182,497300
1037183,253100
1037193,250000
1037197,150000
1037202,0
1037206,0
1037207,25000
1037208,0
1037214,130000
1037223,0
1037235,165000
1037237,0
1037238,1500
1037242,0
1037243,629500
1037246,0
1037248,70000
1037252,0
1037253,345000
1037267,0
1037268,0
1037273,544200
1037290,0
1037292,0
1037294,0
1037298,828000
1037299,360000
1037310,1756300
1037311,1101800
1037312,0
1037316,6468000
1037317,311500
1037323,587500
1037324,0
1037325,1500
1037326,768000
1037327,517000
1037334,460000
1037345,449800
1037348,3204600
1037354,545000
1037359,0
1037368,3635000
1037373,699800
1037379,725000
1037383,0
1037386,60600
1037396,656000
1037401,0
1037402,344000
1037414,0
1037421,492000
1037426,150000
1037431,0
1037432,341500
1037433,400000
1037440,756000
1037442,429500
1037450,371000
1037453,40200
1037462,0
1037464,304700
1037472,545000
1037476,0
1037482,1582000
1037486,400000
1037487,0
1037488,200000
1037502,800000
1037504,150000
1037505,370000
1037509,0
1037521,467200
1037523,145000
1037529,150000
1037538,393100
1037539,267600
1037546,1403200
1037547,729000
1037548,292000
1037553,0
1037559,150000
1037569,654000
1037573,150000
1037578,502000
1037579,200000
1037580,0
1037582,70000
1037586,400000
1037592,0
1037594,318000
1037596,0
1037598,484800
1037602,200000
1037605,70000
1037614,0
1037615,150000
1037616,614800
1037624,3548100
1037628,1007100
1037629,510000
1037634,0
1037636,70000
1037637,0
1037638,401500
1037641,0
1037642,829000
1037649,424000
1037650,0
1037652,273500
1037659,355400
1037660,0
1037666,395000
1037672,0
1037674,507200
1037681,350000
1037685,304600
1037690,392400
1037694,475000
1037698,250000
1037701,0
1037705,470000
1037706,1256300
1037710,0
1037712,70000
1037718,0
1037720,5990200
1037722,456500
1037724,300000
1037726,400000
1037728,560000
1037729,0
1037733,0
1037734,126000
1037735,152500
1037737,0
1037742,740000
1037749,450000
1037756,0
1037760,0
1037767,318500
1037782,550000
1037789,250000
1037791,328000
1037792,609200
1037801,476000
1037803,250000
1037809,200000
1037812,215000
1037819,0
1037830,150000
1037833,150000
1037845,495000
1037847,499000
1037862,0
1037868,450000
1037870,147000
1037873,305000
1037890,824000
1037901,496000
1037914,150000
1037918,569000
1037924,200000
1037926,0
1037928,150000
1037929,0
1037930,437300
1037940,0
1037945,1077500
1037958,0
1037965,0
1037968,599000
1037969,250000
1037971,150000
1037973,0
1037989,804000
1037990,0
1037992,250000
1038009,507000
1038013,0
1038014,0
1038015,250000
1038020,0
1038024,910000
1038028,473800
1038030,1300000
1038031,0
1038041,856000
1038042,0
1038045,1310000
1038048,509000
1038059,404500
1038060,509000
1038061,550000
1038063,509000
1038064,0
1038068,495000
1038071,490000
1038075,0
1038080,0
1038085,450000
1038088,467500
1038091,550000
1038099,0
1038100,0
1038104,0
1038108,490000
1038112,150000
1038114,209000
1038119,0
1038121,210000
1038122,0
1038123,0
1038131,0
1038133,369000
1038134,0
1038136,0
1038157,0
1038164,0
1038169,0
1038170,0
1038172,0
1038179,0
1038180,0
1038183,0
1038185,0
1038188,0
1038189,0
1038190,0
1038195,0
1038200,147000
1038202,400000
1038219,639000
1038224,0
1038234,400000
1038238,0
1038266,0
1038273,2188700
1038287,602000
1038290,41000
1038322,0
1038331,0
1038341,1391200
1038371,972200
1038389,876400
1038392,500000
1038394,350000
1038395,0
1038412,350000
1038424,223000
1038428,150000
1038444,466200
1038452,323000
1038455,250000
1038468,300000
1038469,610000
1038476,375000
1038479,727800
1038488,0
1038489,363000
1038492,7576000
1038494,912000
1038500,612400
1038508,361200
1038534,0
1038549,550000
1038552,70000
1038555,145000
1038558,0
1038560,335300
1038562,485500
1038566,0
1038568,365400
1038569,0
1038572,0
1038575,0
1038579,309000
1038582,0
1038587,491400
1038589,0
1038596,0
1038598,491000
1038601,319200
1038612,0
1038617,0
1038619,252300
1038630,0
1038632,0
1038634,297000
1038639,530800
1038643,492400
1038650,164700
1038651,0
1038659,0
1038660,0
1038661,621000
1038669,0
1038673,0
1038695,0
1038696,0
1038698,300000
1038704,35000
1038718,1056500
1038720,740500
1038721,379800
1038730,70000
1038739,470000
1038750,709000
1038757,115000
1038762,612500
1038769,0
1038781,178000
1038785,914000
1038797,395000
1038806,324300
1038811,0
1038814,0
1038824,840300
1038834,93800
1038836,0
1038838,150000
1038844,594000
1038850,200000
1038855,0
1038865,450000
1038867,270400
1038868,286900
1038870,1177200
1038883,0
1038888,0
1038889,0
1038896,195000
1038897,150000
1038898,124500
1038903,0
1038907,600000
1038909,150000
1038911,770000
1038912,0
1038918,422200
1038923,450000
1038927,0
1038930,174500
1038933,650000
1038941,0
1038946,202500
1038949,650000
1038950,573500
1038952,168000
1038955,0
1038973,346300
1038976,0
1038977,235000
1038979,258000
1039003,1094000
1039004,70000
1039005,0
1039011,0
1039019,150000
1039022,450000
1039031,0
1039041,396000
1039049,0
1039060,489400
1039063,306000
1039065,568900
1039066,310000
1039073,0
1039075,0
1039080,301000
1039094,0
1039097,0
1039103,300000
1039104,76000
1039105,364400
1039106,587800
1039111,472000
1039113,0
1039117,467500
1039118,0
1039119,786400
1039120,0
1039126,0
1039130,300000
1039131,390200
1039132,659000
1039142,997800
1039151,104500
1039154,620000
1039159,0
1039160,0
1039165,769700
1039171,0
1039180,460100
1039182,0
1039192,1206300
1039193,0
1039194,391600
1039197,550000
1039206,536800
1039207,653300
1039216,373000
1039229,349500
1039234,0
1039254,0
1039263,711100
1039265,316000
1039273,0
1039279,339700
1039281,249000
1039285,250000
1039293,150000
1039303,250000
1039305,300000
1039307,950000
1039311,150000
1039312,0
1039327,550000
1039328,1592000
1039330,300000
1039332,799200
1039339,595000
1039356,200000
1039357,865000
1039381,350000
1039382,0
1039383,395200
1039384,600000
1039385,0
1039386,418600
1039387,0
1039389,550000
1039391,305000
1039397,519500
1039400,0
1039402,708000
1039404,834400
1039405,0
1039407,0
1039419,149000
1039421,428200
1039431,400000
1039432,0
1039439,150000
1039442,200000
1039446,0
1039449,0
1039458,0
1039464,0
1039467,650000
1039470,0
1039472,0
1039477,556000
1039483,0
1039487,586000
1039493,0
1039495,400000
1039502,0
1039503,433500
1039513,250000
1039518,361100
1039519,250000
1039522,250000
1039523,800500
1039528,881000
1039530,0
1039543,750000
1039548,307800
1039554,472600
1039562,634500
1039568,116200
1039574,536800
1039575,400000
1039576,733000
1039578,0
1039581,0
1039582,450000
1039583,1323500
1039587,402400
1039589,150000
1039590,520000
1039592,0
1039593,250000
1039594,150000
1039596,1505800
1039598,80000
1039605,120000
1039612,417500
1039615,400000
1039618,0
1039626,400000
1039630,486500
1039636,422500
1039640,696000
1039641,150000
1039642,658900
1039643,430800
1039646,0
1039648,0
1039653,150000
1039661,0
1039665,1588900
1039666,1080000
1039675,0
1039679,303500
1039687,450000
1039692,0
1039695,1045000
1039696,450000
1039708,150000
1039721,400000
1039726,200000
1039740,481500
1039743,0
1039748,0
1039757,0
1039759,0
1039762,360000
1039763,0
1039774,536800
1039783,438200
1039796,1107100
1039797,200000
1039798,312000
1039799,0
1039801,550000
1039803,520000
1039806,0
1039810,1606900
1039812,0
1039817,360000
1039819,395800
1039825,0
1039826,0
1039831,0
1039842,736900
1039849,492000
1039864,0
1039865,685000
1039872,155000
1039878,494800
1039879,144600
1039880,743000
1039882,437000
1039884,0
1039888,150000
1039893,305000
1039895,1163000
1039897,915900
1039901,0
1039902,790000
1039905,140000
1039908,723400
1039909,1137200
1039916,375000
1039927,473500
1039928,70000
1039929,0
1039939,500000
1039941,0
1039943,519400
1039944,250000
1039950,328100
1039953,0
1039955,329800
1039960,435500
1039962,500000
1039963,535000
1039964,145000
1039976,0
1039980,0
1039986,673900
1039988,467200
1039998,520000
1039999,0
1040000,150000
1040001,0
1040003,400000
1040004,341300
1040007,938500
1040008,0
1040009,0
1040012,0
1040019,1902600
1040025,1819600
1040027,0
1040033,108000
1040034,1193000
1040038,757100
1040040,0
1040043,561000
1040047,0
1040048,351200
1040055,0
1040058,400000
1040062,0
1040063,808000
1040066,271400
1040079,712000
1040086,0
1040090,0
1040095,834400
1040098,476000
1040102,0
1040105,449500
1040111,0
1040117,0
1040118,291000
1040120,306000
1040140,380900
1040144,250000
1040145,0
1040150,506000
1040151,560100
1040153,0
1040156,0
1040162,450000
1040163,350000
1040174,342400
1040184,989600
1040189,150000
1040190,250000
1040194,2170000
1040196,450000
1040198,1880800
1040205,0
1040210,0
1040214,300000
1040218,0
1040220,373500
1040228,486100
1040230,627000
1040231,1520000
1040234,439100
1040236,0
1040239,4182100
1040245,0
1040251,340200
1040261,0
1040266,150000
1040270,350000
1040275,212000
1040289,490000
1040292,361100
1040295,0
1040297,729300
1040299,0
1040302,220000
1040304,0
1040306,0
1040321,419300
1040325,502000
1040326,200000
1040331,580500
1040334,0
1040335,0
1040336,0
1040341,350000
1040343,371000
1040346,185000
1040353,492000
1040356,0
1040357,190000
1040366,493000
1040370,250000
1040374,0
1040375,1630000
1040380,668000
1040387,576000
1040392,250000
1040396,0
1040406,600000
1040409,538100
1040412,441400
1040413,250000
1040414,872500
1040417,369200
1040429,1008000
1040430,594500
1040432,250000
1040436,0
1040439,502000
1040440,0
1040441,0
1040442,0
1040448,200000
1040458,0
1040460,910400
1040463,0
1040465,128000
1040469,0
1040470,300000
1040475,120000
1040477,400000
1040480,1161300
1040485,1402300
1040495,1547000
1040497,4806400
1040499,0
1040505,1716000
1040515,500000
1040527,310500
1040528,481000
1040533,301000
1040541,0
1040544,220000
1040550,0
1040561,150000
1040562,0
1040568,0
1040580,70000
1040583,0
1040584,1565200
1040585,0
1040588,0
1040591,1639600
1040602,310000
1040607,0
1040611,493500
1040620,0
1040622,0
1040631,150000
1040633,500000
1040635,463000
1040639,0
1040640,70000
1040647,2040900
1040668,0
1040695,305000
1040705,0
1040710,311600
1040714,1187700
1040730,1297300
1040734,250000
1040736,420000
1040742,300000
1040743,580000
1040744,380400
1040745,284500
1040756,360800
1040760,150000
1040763,669000
1040778,591000
1040779,0
1040789,421400
1040790,0
1040792,448000
1040796,605700
1040798,949100
1040799,150000
1040805,0
1040812,835500
1040819,384000
1040838,0
1040839,95400
1040843,610000
1040854,250000
1040857,0
1040858,670000
1040863,0
1040868,375000
1040871,475000
1040877,650000
1040879,754000
1040880,729500
1040883,0
1040889,470000
1040894,0
1040899,375000
1040903,2633200
1040906,500000
1040921,348000
1040936,400000
1040937,70000
1040938,3973200
1040940,0
1040943,891000
1040949,508000
1040950,1243000
1040955,1106300
1040960,150000
1040965,195000
1040967,0
1040973,372000
1040975,0
1040980,496000
1040983,603400
1040984,650000
1040987,400000
1040993,450000
1041005,0
1041006,0
1041009,0
1041011,890000
1041015,250000
1041016,400000
1041021,150000
1041026,99700
1041027,400000
1041033,0
1041038,0
1041041,0
1041047,100000
1041053,512200
1041055,946700
1041063,466000
1041065,499000
1041067,484500
1041076,450000
1041077,0
1041082,900000
1041092,0
1041094,568000
1041096,0
1041105,1031800
1041114,0
1041122,394600
1041123,105000
1041126,150000
1041129,1660900
1041141,250000
1041156,225000
1041158,0
1041162,430000
1041166,428400
1041168,0
1041169,0
1041171,1657500
1041172,350000
1041176,0
1041177,70000
1041181,510800
1041183,0
1041188,0
1041205,250000
1041208,298000
1041212,450300
1041214,0
1041219,435900
1041234,0
1041236,250000
1041237,0
1041241,0
1041245,279000
1041251,525000
1041253,150000
1041260,350000
1041265,0
1041273,250000
1041274,600000
1041276,2539200
1041279,368000
1041281,400000
1041282,1154800
1041287,250000
1041292,600000
1041295,0
1041298,739700
1041303,150000
1041308,400000
1041309,529500
1041311,872000
1041319,835400
1041320,643000
1041323,0
1041331,450000
1041332,0
1041340,250000
1041341,3443000
1041345,0
1041347,645100
1041348,400000
1041349,661200
1041356,500000
1041376,250000
1041379,0
1041386,0
1041387,0
1041395,142000
1041399,0
1041400,500000
1041401,761000
1041405,929500
1041406,772000
1041410,0
1041429,113300
1041434,2749900
1041436,363000
1041439,700000
1041441,719000
1041444,298000
1041445,250000
1041446,0
1041459,520000
1041464,150000
1041467,180000
1041473,452800
1041475,847600
1041491,540600
1041494,0
1041495,1281000
1041506,1267100
1041508,454000
1041511,298000
1041516,764000
1041523,0
1041526,491800
1041529,349500
1041530,778000
1041535,0
1041537,327000
1041545,460000
1041546,400000
1041547,400000
1041555,559600
1041556,444500
1041561,570000
1041565,400000
1041567,550000
1041577,450000
1041580,0
1041584,270100
1041588,712800
1041592,967700
1041594,650000
1041597,0
1041598,1023500
1041599,487500
1041600,1109700
1041601,382500
1041602,586000
1041608,0
1041612,150000
1041614,0
1041615,150000
1041618,715000
1041622,0
1041624,1174300
1041635,0
1041636,0
1041641,215000
1041643,550000
1041647,449200
1041648,0
1041650,0
1041656,0
1041662,547000
1041667,839800
1041671,0
1041677,286700
1041695,414600
1041697,0
1041699,590000
1041700,285000
1041701,534500
1041705,660400
1041706,1065200
1041707,1260200
1041713,2120300
1041720,0
1041726,150000
1041728,679500
1041735,488200
1041740,0
1041742,768700
1041748,1313000
1041752,556100
1041759,550000
1041762,145000
1041772,561400
1041775,0
1041779,0
1041781,529000
1041784,3368700
1041786,150000
1041787,0
1041790,0
1041796,325000
1041797,0
1041801,450000
1041802,0
1041805,305000
1041807,318800
1041814,400000
1041817,450000
1041825,683800
1041832,511600
1041834,0
1041835,400500
1041836,449700
1041838,483300
1041849,450000
1041851,150000
1041852,400000
1041855,3642700
1041862,150000
1041864,392500
1041866,0
1041869,723200
1041870,182000
1041871,442800
1041872,0
1041877,350000
1041880,0
1041888,434900
1041893,589500
1041913,0
1041914,0
1041918,0
1041926,571200
1041929,676600
1041937,490000
1041938,2220000
1041945,620000
1041946,675000
1041954,400000
1041955,0
1041959,250000
1041961,150000
1041964,150000
1041965,0
1041969,688800
1041972,4308400
1041978,500000
1041982,350000
1041989,0
1042003,0
1042007,0
1042010,0
1042012,419500
1042015,508000
1042016,751200
1042022,642800
1042023,0
1042029,708400
1042038,150000
1042040,0
1042043,160000
1042047,500000
1042055,342000
1042060,150000
1042062,160000
1042064,400000
1042070,276200
1042072,1278500
1042073,497700
1042077,186000
1042078,1041000
1042080,0
1042084,293800
1042086,45000
1042099,200000
1042104,228500
1042114,430000
1042116,499300
1042117,160000
1042119,315000
1042123,602500
1042124,0
1042132,103500
1042137,0
1042138,450000
1042140,452900
1042145,472600
1042148,0
1042153,685000
1042158,570000
1042161,0
1042167,0
1042169,0
1042173,400000
1042174,300000
1042181,578800
1042183,574000
1042186,0
1042188,476000
1042191,476600
1042198,70000
1042199,571000
1042205,847800
1042208,350000
1042213,550500
1042231,578200
1042239,549400
1042240,1469200
1042242,0
1042250,441600
1042252,0
1042259,470800
1042275,499000
1042280,450000
1042281,200000
1042283,443600
1042287,460800
1042289,419300
1042292,0
1042297,150000
1042299,614600
1042303,640000
1042309,1150700
1042318,150000
1042326,800000
1042327,500000
1042328,258000
1042330,0
1042332,265000
1042334,685800
1042336,514000
1042337,150000
1042343,0
1042345,390000
1042347,336700
1042348,150000
1042351,10000
1042359,180000
1042360,67000
1042361,150000
1042370,523000
1042372,4704500
1042376,727000
1042386,798500
1042401,497500
1042402,150000
1042412,0
1042414,490000
1042417,988000
1042421,530800
1042426,400000
1042433,571000
1042434,600000
1042437,418000
1042446,362500
1042460,499000
1042465,67000
1042468,400000
1042469,0
1042474,215000
1042477,150000
1042482,0
1042490,0
1042491,0
1042492,0
1042493,671800
1042497,215000
1042499,250000
1042501,400000
1042506,627400
1042507,472000
1042512,463000
1042513,260000
1042514,562000
1042516,823800
1042517,0
1042523,550000
1042525,250000
1042531,200000
1042537,472000
1042541,0
1042542,0
1042548,574500
1042558,0
1042563,612400
1042571,400000
1042575,1460000
1042578,70000
1042579,405000
1042583,974700
1042585,1182800
1042590,0
1042594,100000
1042595,300000
1042600,476500
1042602,670000
1042603,450000
1042604,1225000
1042613,0
1042621,0
1042623,245200
1042626,0
1042630,247500
1042635,150000
1042640,350000
1042650,0
1042662,350000
1042663,150000
1042664,310000
1042666,0
1042667,250000
1042668,130000
1042669,730000
1042670,135000
1042672,150000
1042678,569300
1042684,0
1042689,1070000
1042698,694500
1042700,0
1042701,0
1042707,320000
1042709,150000
1042727,467200
1042733,250000
1042740,0
1042742,632500
1042773,0
1042775,350000
1042782,70000
1042783,319900
1042787,200000
1042793,723500
1042808,380000
1042824,180000
1042840,0
1042844,400000
1042845,471000
1042852,180000
1042857,0
1042858,1062000
1042872,0
1042875,180000
1042877,0
1042878,502000
1042883,510800
1042899,0
1042904,0
1042906,400000
1042908,1158500
1042911,250000
1042935,1016300
1042937,411200
1042942,412200
1042967,200000
1042984,0
1042987,400000
1042994,0
1042998,0
1043007,921600
1043008,1569500
1043010,140000
1043014,351000
1043023,1356000
1043024,356100
1043027,291000
1043036,0
1043038,1856800
1043040,350000
1043057,766400
1043065,0
1043075,603000
1043078,247500
1043081,0
1043083,562500
1043090,250000
1043091,0
1043101,335000
1043109,4500900
1043111,200000
1043113,150000
1043115,700000
1043128,600000
1043131,150000
1043132,400000
1043133,1343500
1043140,436000
1043143,367800
1043145,617200
1043163,0
1043175,794200
1043178,400000
1043180,574000
1043188,0
1043192,250000
1043199,250000
1043202,150000
1043205,0
1043210,0
1043211,517000
1043217,1070100
1043219,0
1043220,0
1043225,0
1043231,150000
1043237,380000
1043239,0
1043240,0
1043242,0
1043245,150000
1043248,750000
1043253,400000
1043261,682500
1043267,0
1043269,321500
1043270,465500
1043272,400000
1043280,252000
1043287,200000
1043288,0
1043291,400000
1043304,0
1043306,470000
1043322,563500
1043324,753300
1043339,0
1043355,0
1043357,250000
1043359,581000
1043360,351600
1043373,475000
1043378,27409600
1043387,287900
1043388,0
1043402,950000
1043410,563000
1043413,0
1043442,0
1043443,766000
1043444,340300
1043449,987300
1043457,0
1043461,0
1043463,0
1043470,371000
1043478,933800
1043482,200000
1043486,149500
1043492,456000
1043494,0
1043502,0
1043507,0
1043512,160000
1043515,0
1043522,529200
1043537,393000
1043542,0
1043561,70000
1043570,0
1043573,0
1043581,0
1043591,773500
1043602,0
1043604,0
1043606,792600
1043612,200000
1043613,0
1043615,1062800
1043617,702200
1043624,0
1043633,161500
1043635,650000
1043646,54000
1043647,550000
1043649,0
1043651,500000
1043661,594000
1043666,400000
1043673,250000
1043675,165000
1043677,408000
1043678,0
1043688,500000
1043696,0
1043698,30000
1043701,250000
1043707,0
1043720,0
1043731,400200
1043732,680000
1043734,294000
1043736,168000
1043740,0
1043742,200000
1043745,0
1043750,388600
1043758,150000
1043766,484900
1043785,350000
1043799,1198000
1043805,0
1043807,1707600
1043823,632900
1043829,367200
1043833,50000
1043839,340200
1043866,0
1043868,361500
1043871,0
1043873,250000
1043875,747100
1043879,820600
1043881,412500
1043887,0
1043894,370000
1043902,149500
1043904,0
1043912,150000
1043916,789600
1043919,300000
1043921,150000
1043925,917200
1043926,400000
1043929,0
1043932,556800
1043949,188000
1043954,1575000
1043956,372000
1043974,2367500
1043979,638000
1043983,712000
1043988,120000
1043989,0
1043991,365000
1043995,250000
1044002,0
1044010,200000
1044020,637500
1044021,0
1044022,200000
1044024,813600
1044029,500000
1044030,1690200
1044037,0
1044047,300000
1044053,400000
1044054,416700
1044056,0
1044057,150000
1044062,320000
1044077,645200
1044085,0
1044089,732800
1044094,0
1044096,0
1044098,140000
1044104,728000
1044109,562900
1044116,10000
1044122,749800
1044132,0
1044134,400000
1044137,499000
1044139,0
1044141,300000
1044145,1046000
1044150,300000
1044154,0
1044155,0
1044165,378100
1044167,250000
1044189,1130700
1044195,0
1044199,565000
1044204,0
1044206,420000
1044213,390000
1044220,3519000
1044223,400000
1044224,0
1044229,140000
1044231,0
1044234,537700
1044236,150000
1044243,526000
1044249,250000
1044251,410000
1044255,0
1044259,0
1044262,0
1044274,150000
1044280,998900
1044282,499500
1044284,493600
1044285,297000
1044291,0
1044292,0
1044293,450000
1044306,400000
1044320,453000
1044321,552300
1044331,295000
1044339,1185000
1044343,300000
1044344,568000
1044345,225000
1044347,600000
1044349,1581200
1044353,578500
1044355,651400
1044363,857000
1044367,470000
1044370,70000
1044372,588000
1044373,139000
1044376,0
1044377,0
1044380,145000
1044382,200000
1044384,1445600
1044385,245000
1044387,221000
1044389,350000
1044396,0
1044404,351800
1044409,0
1044418,199500
1044424,0
1044433,0
1044437,460000
1044445,1025200
1044447,150000
1044451,0
1044456,378000
1044459,0
1044460,325200
1044461,348600
1044467,375000
1044469,746900
1044472,0
1044486,408000
1044490,554800
1044492,0
1044495,0
1044504,551300
1044509,478000
1044526,300000
1044528,0
1044541,0
1044552,250000
1044565,0
1044572,360000
1044573,682100
1044577,0
1044580,0
1044584,307000
1044585,0
1044589,535000
1044593,671000
1044600,0
1044601,1184600
1044613,0
1044614,2490000
1044616,385200
1044619,250000
1044622,240000
1044624,390000
1044625,200000
1044626,0
1044628,106000
1044630,1763000
1044635,190000
1044645,305700
1044649,300000
1044666,318100
1044669,300000
1044672,415000
1044680,179700
1044681,200000
1044683,295000
1044684,399000
1044687,120000
1044691,350000
1044702,467500
1044706,0
1044707,506500
1044711,366000
1044712,132500
1044719,460500
1044724,0
1044725,411600
1044728,138000
1044730,450000
1044737,623200
1044741,0
1044744,596000
1044748,400000
1044749,581300
1044752,2801000
1044773,0
1044778,0
1044779,265000
1044783,75000
1044784,594600
1044794,1433000
1044795,372000
1044799,365400
1044809,565800
1044810,2093400
1044811,149000
1044815,400000
1044825,267000
1044836,1955800
1044839,136200
1044840,375000
1044850,200000
1044851,412800
1044853,250000
1044858,866400
1044871,320000
1044877,238000
1044882,0
1044887,200000
1044890,502200
1044898,0
1044908,150000
1044909,501200
1044914,0
1044922,369200
1044923,0
1044926,0
1044929,0
1044931,550000
1044934,125000
1044935,564000
1044938,527500
1044939,228000
1044941,0
1044942,0
1044948,0
1044951,0
1044954,0
1044957,0
1044972,419000
1044973,150000
1044977,100000
1044982,250000
1044983,0
1044986,0
1044987,0
1044991,0
1044993,0
1045001,400000
1045002,0
1045004,454000
1045010,200000
1045013,0
1045018,134500
1045020,599000
1045032,0
1045035,2592500
1045041,485800
1045043,647000
1045044,0
1045049,70000
1045051,0
1045058,476300
1045062,766000
1045065,0
1045069,500000
1045070,0
1045075,2786900
1045077,1361900
1045089,0
1045093,0
1045094,0
1045114,0
1045121,0
1045122,0
1045124,480000
1045130,668100
1045134,88500
1045142,200000
1045144,340000
1045149,573500
1045153,400000
1045154,0
1045156,0
1045169,186000
1045171,200000
1045177,447400
1045184,200000
1045202,0
1045205,500000
1045206,477500
1045214,0
1045219,250000
1045234,0
1045243,520000
1045247,70000
1045254,362400
1045257,470000
1045258,0
1045259,150000
1045268,350000
1045270,0
1045276,890000
1045278,601000
1045281,0
1045286,0
1045292,323100
1045295,250000
1045298,490000
1045302,654000
1045304,500000
1045305,0
1045312,0
1045313,0
1045314,0
1045317,250000
1045323,603000
1045325,400000
1045331,717500
1045336,770000
1045338,0
1045340,597000
1045345,2390300
1045347,630000
1045354,263000
1045365,0
1045366,191000
1045374,2156500
1045375,0
1045376,399800
1045378,150000
1045385,1138500
1045386,0
1045391,0
1045393,200000
1045395,933600
1045400,390000
1045402,70000
1045404,150000
1045405,776200
1045407,251400
1045412,0
1045413,0
1045414,876800
1045418,0
1045425,0
1045426,220000
1045428,0
1045430,1533500
1045431,259500
1045433,3420500
1045436,2347800
1045438,390000
1045444,0
1045446,0
1045448,0
1045456,93000
1045457,0
1045461,1094800
1045470,0
1045473,0
1045474,173500
1045478,373200
1045479,360300
1045486,617300
1045488,602500
1045499,0
1045506,275000
1045507,482000
1045510,0
1045511,0
1045512,363000
1045514,559100
1045515,0
1045519,150000
1045521,370000
1045526,728200
1045531,597000
1045539,450000
1045541,525000
1045546,575000
1045555,363000
1045562,500000
1045563,250000
1045568,367200
1045569,130000
1045585,602100
1045587,0
1045594,170000
1045602,844000
1045609,691900
1045611,1000000
1045616,0
1045621,0
1045623,300000
1045624,604600
1045630,0
1045658,410800
1045661,300000
1045673,300000
1045674,940000
1045675,692000
1045681,450000
1045683,200000
1045686,0
1045688,390100
1045690,360000
1045697,1627000
1045698,510000
1045703,1062000
1045705,354000
1045709,875800
1045712,0
1045716,0
1045720,1108000
1045723,330000
1045727,200000
1045728,0
1045731,440000
1045737,0
1045740,416900
1045745,1318000
1045748,295500
1045749,348000
1045750,327000
1045754,350000
1045765,0
1045767,592000
1045768,379200
1045769,2385000
1045771,1289500
1045774,443500
1045781,150000
1045783,448800
1045789,605000
1045790,150000
1045802,3020700
1045804,150000
1045807,318300
1045818,400000
1045821,450000
1045823,1396500
1045826,0
1045830,630000
1045831,0
1045832,410200
1045834,117300
1045838,446100
1045841,556000
1045843,0
1045847,0
1045851,384000
1045861,418800
1045866,0
1045870,142000
1045875,714000
1045880,499500
1045882,478000
1045886,0
1045887,467200
1045888,475000
1045895,405000
1045897,518500
1045898,0
1045905,400000
1045907,135000
1045908,140000
1045909,0
1045911,509000
1045912,111000
1045920,1939800
1045927,0
1045928,367200
1045929,0
1045935,1115800
1045937,0
1045940,390000
1045953,487500
1045954,415000
1045959,67500
1045967,440800
1045968,467500
1045969,150000
1045971,300000
1045972,3488300
1045974,850000
1045976,123900
1045977,3291600
1045978,757000
1045979,543000
1045980,300000
1045985,297000
1045987,700400
1045992,460000
1045997,400000
1046000,0
1046003,274000
1046005,585000
1046011,305900
1046014,426000
1046015,1108600
1046019,0
1046025,150000
1046034,0
1046037,580700
1046042,293500
1046047,315000
1046048,0
1046054,508600
1046056,528300
1046062,250000
1046063,391800
1046068,0
1046073,400000
1046075,408000
1046077,350000
1046091,440000
1046092,300000
1046095,481000
1046100,480000
1046102,384000
1046106,164000
1046113,0
1046114,0
1046117,535200
1046124,925500
1046133,0
1046141,200000
1046142,0
1046143,406000
1046152,0
1046161,261300
1046162,542800
1046168,0
1046170,339400
1046176,1194200
1046177,540000
1046189,307900
1046200,345000
1046206,600000
1046207,618000
1046208,0
1046224,378000
1046225,1304500
1046232,300000
1046235,390600
1046240,1600000
1046241,476800
1046242,0
1046248,350000
1046249,705000
1046251,495800
1046256,179900
1046258,1519100
1046260,345000
1046261,499000
1046263,468600
1046276,1180000
1046279,450000
1046282,0
1046287,0
1046288,0
1046289,1378400
1046292,300000
1046300,0
1046303,398000
1046304,430000
1046306,807400
1046307,180000
1046308,0
1046314,258800
1046320,0
1046321,0
1046322,348500
1046329,600000
1046332,426500
1046340,381400
1046344,800000
1046346,0
1046351,300000
1046356,395000
1046357,0
1046360,300000
1046365,0
1046371,0
1046372,695000
1046373,0
1046377,150000
1046379,520000
1046381,514000
1046390,0
1046391,175000
1046397,9406500
1046398,220000
1046402,0
1046422,435000
1046434,0
1046438,540000
1046440,320000
1046447,1521000
1046461,250000
1046464,550000
1046466,1011000
1046469,469500
1046472,300000
1046474,444000
1046478,384000
1046480,0
1046484,88000
1046489,560000
1046490,345000
1046500,550000
1046504,460500
1046510,150000
1046523,951000
1046524,659900
1046527,550000
1046530,0
1046531,200000
1046538,0
1046540,366000
1046542,28517500
1046546,560000
1046554,417500
1046559,325000
1046560,45000
1046561,0
1046563,637500
1046567,388800
1046570,0
1046574,0
1046575,0
1046579,250000
1046581,0
1046587,740000
1046588,0
1046595,250000
1046599,219300
1046606,413000
1046608,156000
1046610,400000
1046611,180000
1046613,0
1046616,0
1046617,547300
1046619,74500
1046622,0
1046626,150000
1046629,360000
1046630,150000
1046633,0
1046635,1387600
1046642,0
1046646,440200
1046657,0
1046658,447600
1046661,0
1046662,560000
1046664,0
1046666,499000
1046668,165700
1046671,450000
1046682,350000
1046687,377000
1046688,493000
1046692,420000
1046695,307000
1046703,70000
1046709,390900
1046712,482800
1046714,0
1046739,400000
1046749,380200
1046750,0
1046756,0
1046761,600000
1046764,124500
1046766,0
1046773,400000
1046775,391600
1046776,460000
1046784,0
1046785,307000
1046786,781200
1046791,827200
1046799,500000
1046810,0
1046816,0
1046817,0
1046819,400000
1046827,0
1046829,672000
1046830,0
1046831,150000
1046834,0
1046862,1016800
1046868,0
1046870,4552200
1046881,500000
1046886,450000
1046887,0
1046893,442200
1046894,0
1046896,113000
1046899,230000
1046901,0
1046905,0
1046907,13936200
1046908,0
1046913,113000
1046915,0
1046919,0
1046922,0
1046929,776700
1046936,370400
1046950,0
1046959,350000
1046960,0
1046965,0
1046966,0
1046971,0
1046972,378000
1046978,0
1046981,540000
1046982,0
1046983,3601000
1046993,150000
1046994,193000
1046995,150000
1046996,150000
1047000,0
1047005,4975600
1047009,560000
1047029,0
1047033,526000
1047034,0
1047038,494000
1047040,500000
1047041,432500
1047045,200000
1047048,151100
1047049,0
1047060,493600
1047061,200000
1047078,150000
1047090,0
1047094,352500
1047097,73900
1047110,200000
1047120,0
1047124,0
1047128,2017600
1047133,250000
1047136,150000
1047140,0
1047145,371000
1047147,0
1047150,437500
1047151,500000
1047154,3000
1047159,0
1047160,400000
1047174,0
1047176,13400
1047179,135500
1047180,1669200
1047182,500000
1047184,874000
1047189,499000
1047193,400000
1047197,1050000
1047205,0
1047206,400000
1047214,300000
1047217,3000
1047219,400000
1047226,818200
1047227,0
1047228,513400
1047233,0
1047234,560000
1047238,300000
1047239,350000
1047249,0
1047254,0
1047255,70000
1047265,449500
1047267,333300
1047271,195000
1047272,1163000
1047274,70000
1047276,550000
1047281,0
1047282,3000
1047283,1059700
1047291,550000
1047295,0
1047298,267000
1047303,0
1047308,3000
1047310,0
1047313,0
1047321,0
1047325,70000
1047334,400000
1047338,220000
1047339,304500
1047340,0
1047350,397800
1047354,664800
1047356,318000
1047358,0
1047360,0
1047363,0
1047364,499000
1047368,0
1047376,350000
1047383,0
1047384,750000
1047386,1164000
1047396,0
1047407,449000
1047408,350000
1047412,0
1047415,97500
1047421,512000
1047426,0
1047429,0
1047433,600000
1047436,550000
1047444,0
1047445,0
1047448,584000
1047451,882200
1047459,0
1047469,0
1047475,135500
1047483,0
1047490,1163500
1047494,569000
1047495,153000
1047498,0
1047502,359400
1047504,0
1047506,722500
1047507,489400
1047509,124800
1047512,0
1047513,0
1047520,138000
1047524,0
1047532,400000
1047533,0
1047543,473700
1047548,0
1047558,666300
1047561,150000
1047564,434700
1047569,158500
1047576,100000
1047577,284800
1047581,472000
1047582,0
1047589,0
1047595,128000
1047597,0
1047603,433200
1047608,400000
1047609,560000
1047615,778700
1047617,0
1047621,830300
1047622,0
1047625,431000
1047629,584000
1047642,0
1047648,1099700
1047649,855600
1047650,512800
1047656,510000
1047664,430000
1047673,0
1047675,756300
1047677,111300
1047683,0
1047693,0
1047695,361200
1047706,127000
1047707,0
1047716,366700
1047719,637500
1047720,234700
1047722,705000
1047729,0
1047733,319500
1047736,0
1047744,485000
1047745,739000
1047751,0
1047757,0
1047760,774400
1047769,720000
1047774,380000
1047775,0
1047784,643500
1047785,72000
1047792,350000
1047804,550000
1047805,2751000
1047808,0
1047816,2322400
1047819,0
1047820,0
1047826,0
1047829,0
1047833,667500
1047847,0
1047852,145700
1047859,324100
1047864,250000
1047869,0
1047876,1650000
1047883,1762500
1047888,80000
1047902,300000
1047905,0
1047907,1238100
1047909,695000
1047912,0
1047916,0
1047922,180000
1047925,0
1047934,623800
1047940,150000
1047942,400000
1047943,812500
1047944,180000
1047948,374100
1047950,330000
1047961,400000
1047962,450000
1047969,600000
1047973,400000
1047977,370600
1047981,605000
1047983,409000
1047985,500000
1047990,666200
1047992,70000
1047999,559000
1048023,0
1048025,380000
1048027,778000
1048028,482500
1048035,209000
1048043,150000
1048044,285000
1048048,520000
1048051,0
1048052,200000
1048054,0
1048059,455000
1048063,0
1048065,0
1048079,0
1048082,369500
1048086,0
1048093,0
1048101,394200
1048104,0
1048106,3608600
1048111,476800
1048112,550000
1048113,620000
1048122,200000
1048125,1056600
1048126,379500
1048127,2990200
1048131,400000
1048135,0
1048140,150000
1048150,150000
1048153,300000
1048157,220000
1048158,371200
1048173,0
1048179,0
1048180,0
1048184,6402600
1048185,500000
1048186,724800
1048189,0
1048195,0
1048202,0
1048210,600000
1048222,0
1048228,2839700
1048232,625000
1048239,165000
1048240,0
1048244,400000
1048256,225500
1048258,0
1048266,468000
1048269,707000
1048274,550000
1048277,110000
1048281,489400
1048284,0
1048290,0
1048292,300000
1048294,0
1048306,0
1048309,1050000
1048310,400000
1048316,2818800
1048323,526000
1048325,386400
1048326,235000
1048329,36000
1048331,0
1048332,0
1048334,200000
1048339,0
1048343,468600
1048356,450000
1048360,490000
1048371,250000
1048379,0
1048387,250000
1048401,150000
1048419,550000
1048421,280000
1048423,750000
1048432,0
1048433,2020800
1048447,240000
1048451,0
1048459,290100
1048478,200000
1048488,200000
1048493,70000
1048507,150000
1048510,405000
1048513,0
1048525,0
1048526,200000
1048531,306400
1048543,0
1048560,0
1048565,411600
1048566,0
1048588,1365500
1048590,617100
1048596,70000
1048597,822000
1048601,0
1048605,320000
1048609,0
1048612,5000
1048620,0
1048622,415000
1048626,427600
1048631,0
1048634,0
1048635,1006000
1048650,569400
1048661,150000
1048665,20000
1048669,119000
1048674,400000
1048675,0
1048681,350000
1048696,0
1048705,0
1048711,350000
1048714,400000
1048716,400000
1048719,0
1048722,490000
1048741,374400
1048762,70000
1048766,343000
1048769,2199100
1048772,400000
1048774,210000
1048778,200000
1048790,296000
1048795,851200
1048806,0
1048815,0
1048821,0
1048822,150000
1048825,300000
1048848,450000
1048850,200000
1048852,0
1048855,0
1048867,0
1048869,180000
1048874,653500
1048878,150000
1048880,492600
1048881,0
1048883,300000
1048886,520000
1048887,0
1048891,0
1048892,0
1048902,637000
1048922,1050000
1048929,894800
1048932,550000
1048937,761000
1048938,250000
1048941,140000
1048951,350000
1048961,450000
1048966,676000
1048970,500000
1048974,460000
1048975,400000
1048978,3300000
1048979,297000
1048987,0
1048993,616700
1049011,350000
1049012,580000
1049021,0
1049032,150000
1049035,710000
1049036,746100
1049037,2351000
1049049,533500
1049061,150000
1049062,2674500
1049065,0
1049070,487000
1049086,1168100
1049093,0
1049095,250000
1049104,250000
1049143,150000
1049146,0
1049147,585000
1049148,0
1049156,469000
1049169,0
1049199,0
1049200,150000
1049206,0
1049240,150000
1049242,6800
1049251,347300
1049254,200000
1049256,563100
1049258,0
1049266,691000
1049268,300000
1049273,269000
1049282,0
1049291,330000
1049292,0
1049298,0
1049307,400000
1049308,550000
1049314,0
1049319,572000
1049331,489000
1049343,300000
1049354,150000
1049366,750400
1049368,0
1049372,412000
1049376,0
1049381,298500
1049389,0
1049394,0
1049395,150000
1049404,485200
1049406,49500
1049408,450000
1049412,273600
1049422,400000
1049434,607000
1049443,829400
1049446,476500
1049448,460000
1049451,250000
1049453,291000
1049461,0
1049462,598100
1049472,150000
1049477,0
1049478,387900
1049490,105000
1049491,0
1049495,70000
1049504,1512500
1049506,0
1049508,105000
1049509,400000
1049517,0
1049522,0
1049530,400000
1049545,150000
1049549,0
1049550,800000
1049551,0
1049553,0
1049563,542200
1049578,1324200
1049580,0
1049582,1394300
1049585,604000
1049587,784000
1049595,320000
1049604,320000
1049606,95000
1049608,0
1049613,250000
1049614,400000
1049616,539000
1049622,0
1049624,300000
1049627,399000
1049631,400000
1049641,1518200
1049644,341500
1049647,1283000
1049651,347400
1049655,320000
1049659,0
1049663,4610700
1049664,0
1049675,320000
1049676,1088000
1049679,520000
1049680,555100
1049694,5889500
1049697,341000
1049698,70000
1049701,792100
1049705,3354800
1049707,150000
1049717,340200
1049719,286500
1049733,380400
1049737,472000
1049739,0
1049751,438000
1049756,0
1049757,0
1049760,447000
1049763,810000
1049771,322600
1049776,0
1049781,22500
1049796,0
1049800,400000
1049811,230000
1049816,3396100
1049818,1460800
1049824,490000
1049833,0
1049843,0
1049845,190000
1049855,403000
1049859,0
1049870,299000
1049873,354500
1049874,0
1049875,0
1049876,150000
1049878,400000
1049880,5099500
1049882,1200000
1049884,212500
1049895,650000
1049903,70000
1049908,137000
1049911,255000
1049915,517500
1049916,3252200
1049920,0
1049926,0
1049929,0
1049935,0
1049937,365200
1049950,307600
1049955,525500
1049969,150000
1049974,0
1049975,669900
1049977,0
1049984,0
1049985,90000
1049993,379500
1050000,1614000
1050004,494100
1050005,0
1050012,354000
1050014,0
1050016,304000
1050017,0
1050022,481000
1050025,400000
1050026,498400
1050028,425600
1050030,165000
1050031,150000
1050035,1085000
1050036,200800
1050040,467200
1050047,700000
1050050,828000
1050055,200000
1050074,0
1050075,837600
1050081,164000
1050095,390000
1050096,646000
1050099,475000
1050100,0
1050102,1096800
1050117,0
1050121,2223700
1050123,0
1050129,0
1050133,164000
1050136,700000
1050138,431700
1050140,349500
1050143,375000
1050145,390000
1050149,0
1050151,487600
1050154,0
1050157,658800
1050171,400000
1050173,368100
1050174,400000
1050175,0
1050182,520000
1050185,400000
1050200,0
1050202,1216800
1050215,350000
1050230,652400
1050236,350000
1050238,400000
1050239,400000
1050240,664000
1050242,0
1050243,537500
1050251,130000
1050254,804000
1050258,0
1050263,150000
1050265,0
1050274,0
1050275,300000
1050277,150000
1050283,0
1050287,200000
1050288,0
1050290,515000
1050291,0
1050296,0
1050300,62500
1050303,0
1050304,700000
1050306,400000
1050308,400000
1050311,485000
1050317,984400
1050319,1128000
1050325,0
1050333,0
1050337,600000
1050339,300000
1050343,0
1050344,700000
1050345,0
1050347,252000
1050363,1068500
1050365,0
1050368,465000
1050394,70000
1050396,150000
1050397,0
1050400,70000
1050403,639600
1050406,1269500
1050408,0
1050419,0
1050421,825400
1050426,0
1050429,500000
1050431,1061600
1050437,368400
1050448,439800
1050449,0
1050453,490000
1050457,1386200
1050459,395000
1050465,0
1050481,1000
1050492,400000
1050508,212000
1050509,150000
1050513,505600
1050515,538000
1050516,400000
1050527,426500
1050531,548200
1050535,0
1050536,150000
1050540,150000
1050544,544000
1050549,0
1050555,150000
1050560,529000
1050563,0
1050566,0
1050568,400000
1050571,150000
1050584,270000
1050588,725000
1050596,400000
1050609,0
1050610,0
1050611,580000
1050613,200000
1050620,150000
1050623,270000
1050629,0
1050630,200000
1050631,549300
1050633,0
1050634,0
1050636,0
1050639,0
1050640,0
1050650,820000
1050651,0
1050652,0
1050653,317000
1050656,150000
1050660,520000
1050661,70000
1050667,550000
1050668,2703500
1050677,0
1050678,145000
1050680,890200
1050683,200000
1050693,0
1050695,532500
1050698,170000
1050701,70000
1050703,680200
1050708,117500
1050713,400000
1050715,270000
1050720,150000
1050721,450000
1050723,638000
1050725,652000
1050730,0
1050735,0
1050737,270000
1050739,462000
1050740,0
1050741,400000
1050744,130000
1050746,590000
1050747,150000
1050750,0
1050754,333500
1050757,515000
1050761,0
1050765,0
1050774,150000
1050777,120000
1050780,589500
1050788,0
1050792,466600
1050799,150000
1050806,70000
1050807,467800
1050818,637000
1050820,824000
1050825,0
1050826,287300
1050827,0
1050828,826800
1050829,300000
1050830,198000
1050832,0
1050836,0
1050837,0
1050840,760000
1050846,0
1050849,719800
1050850,198000
1050855,360000
1050858,250000
1050859,484000
1050876,350000
1050877,400000
1050880,300000
1050882,26600
1050885,0
1050896,699000
1050898,400000
1050911,0
1050912,0
1050915,400000
1050928,201300
1050935,0
1050937,0
1050938,0
1050940,150000
1050945,1341000
1050947,0
1050951,200000
1050955,0
1050956,552000
1050959,487500
1050961,0
1050964,727000
1050967,3823000
1050969,452200
1050970,150000
1050972,0
1050975,0
1050979,350000
1050980,0
1050983,400000
1050986,0
1050993,0
1051001,400000
1051004,240000
1051012,250000
1051017,400000
1051023,1241000
1051027,733600
1051029,0
1051031,573000
1051034,5000
1051044,400000
1051049,762000
1051050,478000
1051058,743000
1051064,0
1051065,400000
1051069,1067400
1051076,0
1051082,0
1051083,732600
1051085,491200
1051086,0
1051092,0
1051095,150000
1051096,510000
1051100,387500
1051104,977400
1051114,0
1051124,496000
1051133,499000
1051136,556000
1051137,587800
1051138,0
1051139,485500
1051140,622600
1051141,496000
1051143,794000
1051150,200000
1051154,0
1051155,800000
1051158,476200
1051160,0
1051162,535000
1051165,400000
1051166,400000
1051167,636800
1051169,1094000
1051172,0
1051179,517000
1051181,550000
1051188,0
1051195,540000
1051203,0
1051207,536800
1051212,525000
1051215,0
1051216,145000
1051233,0
1051234,635200
1051235,580000
1051247,510500
1051258,0
1051261,0
1051265,0
1051268,1520600
1051270,517500
1051288,0
1051290,1520000
1051292,214000
1051295,733500
1051301,400000
1051306,450000
1051308,700000
1051320,0
1051322,1321300
1051324,162000
1051325,0
1051327,571000
1051337,0
1051338,0
1051342,579000
1051348,488800
1051356,0
1051357,0
1051362,400000
1051367,0
1051370,400000
1051372,1455000
1051374,1164000
1051375,1015700
1051383,0
1051392,295500
1051396,1216900
1051397,250000
1051400,906800
1051403,0
1051411,0
1051422,463000
1051425,250000
1051427,162000
1051428,200000
1051429,442000
1051433,237600
1051434,1856400
1051437,0
1051440,1022600
1051442,382000
1051448,0
1051451,508000
1051459,162000
1051465,0
1051466,250000
1051468,300000
1051478,615400
1051481,0
1051486,562000
1051487,0
1051488,585000
1051504,618000
1051505,0
1051506,400000
1051513,642000
1051515,1804400
1051522,435000
1051524,200000
1051528,0
1051537,479800
1051538,629200
1051540,550000
1051543,777300
1051546,150000
1051553,250000
1051555,554200
1051564,770000
1051565,472000
1051567,267000
1051569,1740000
1051573,0
1051575,0
1051587,0
1051588,400000
1051601,938000
1051604,803500
1051605,180000
1051608,464800
1051609,70000
1051612,0
1051613,0
1051615,1109000
1051616,466000
1051624,970000
1051628,0
1051635,487000
1051636,250000
1051643,424800
1051651,0
1051657,493000
1051662,774800
1051665,574000
1051676,454000
1051682,0
1051686,0
1051688,0
1051689,150000
1051690,200000
1051691,502000
1051692,451100
1051698,0
1051703,385000
1051712,450000
1051714,0
1051718,0
1051719,590000
1051727,595300
1051729,0
1051736,360000
1051737,0
1051742,444000
1051747,0
1051750,620000
1051751,200000
1051752,400000
1051758,0
1051767,0
1051768,1205000
1051769,0
1051776,400000
1051786,150000
1051791,490000
1051797,550000
1051801,1590500
1051821,400000
1051823,707000
1051827,0
1051835,0
1051840,472000
1051846,634400
1051853,606300
1051858,712000
1051863,400000
1051867,346500
1051869,690000
1051871,400000
1051872,390500
1051874,0
1051875,120000
1051877,302400
1051879,400000
1051892,0
1051896,400000
1051897,1231500
1051901,24000
1051908,0
1051909,2025500
1051915,882000
1051919,0
1051922,0
1051926,1239000
1051931,450000
1051937,0
1051940,802000
1051955,0
1051957,452200
1051965,400000
1051969,140000
1051971,909400
1051972,150000
1051982,569500
1051984,0
1051986,597000
1051987,0
1051996,1234500
1051998,400000
1051999,1169000
1052000,690000
1052002,400000
1052004,525400
1052007,0
1052008,0
1052012,469500
1052016,0
1052020,0
1052021,571000
1052024,400000
1052026,532100
1052035,490600
1052038,396000
1052039,0
1052044,472000
1052052,524500
1052053,0
1052058,0
1052068,985000
1052070,975000
1052074,0
1052081,250000
1052082,0
1052083,1170000
1052087,600000
1052098,632200
1052101,801900
1052102,743000
1052104,400000
1052107,618000
1052112,658000
1052125,145000
1052127,1614800
1052129,130000
1052130,0
1052131,400000
1052135,1102600
1052145,565000
1052154,400000
1052160,1486000
1052161,285000
1052168,679000
1052180,586500
1052182,764800
1052194,380000
1052206,0
1052209,1240500
1052210,1302700
1052212,0
1052217,589600
1052219,0
1052223,966000
1052232,150000
1052233,699600
1052236,400000
1052240,400000
1052245,0
1052246,556000
1052267,0
1052272,461200
1052277,7624500
1052279,0
1052284,0
1052290,660000
1052293,150000
1052294,0
1052301,0
1052304,0
1052310,0
1052312,72400
1052313,400000
1052321,866000
1052329,485200
1052331,142000
1052334,640000
1052340,300000
1052345,975400
1052353,513400
1052355,850000
1052357,0
1052359,0
1052361,700000
1052363,502000
1052364,150000
1052373,350000
1052381,0
1052386,150000
1052393,835000
1052396,0
1052397,150000
1052406,0
1052408,553600
1052409,474100
1052410,883200
1052412,150000
1052416,484000
1052420,0
1052421,488800
1052423,150000
1052434,0
1052439,902000
1052440,150000
1052446,440800
1052448,150000
1052452,104900
1052453,468000
1052459,0
1052461,150000
1052462,2260000
1052465,400000
1052468,150000
1052473,724200
1052475,150000
1052477,484000
1052484,707200
1052486,480000
1052488,432000
1052489,472000
1052490,252000
1052492,460000
1052495,0
1052496,707200
1052497,0
1052499,0
1052502,496000
1052504,571000
1052507,707200
1052512,0
1052519,0
1052520,557200
1052523,495900
1052526,200000
1052527,460000
1052528,820000
1052536,460000
1052539,493000
1052547,400000
1052548,450000
1052549,559000
1052560,175400
1052563,140000
1052566,2169000
1052567,475000
1052569,450000
1052570,0
1052573,0
1052577,460000
1052580,0
1052581,200000
1052582,0
1052586,315600
1052592,400000
1052594,1998200
1052598,400000
1052599,696100
1052601,520000
1052603,1228000
1052610,400000
1052613,796900
1052616,748400
1052618,0
1052619,0
1052621,446100
1052622,0
1052632,900000
1052633,0
1052635,559000
1052636,0
1052637,610500
1052638,0
1052644,735000
1052645,812200
1052648,0
1052649,370200
1052656,0
1052662,0
1052664,460000
1052668,0
1052675,454000
1052678,457000
1052683,0
1052688,617500
1052690,400000
1052692,580000
1052698,635000
1052702,1189900
1052707,612000
1052709,271000
1052714,400000
1052715,962200
1052716,365000
1052720,1188000
1052733,1950600
1052740,0
1052748,400000
1052751,0
1052753,150000
1052755,0
1052760,442000
1052771,514000
1052774,966800
1052777,0
1052783,526000
1052784,448200
1052786,0
1052788,2072400
1052789,301500
1052797,634400
1052798,0
1052800,1557100
1052803,400000
1052805,0
1052807,0
1052808,400000
1052812,440200
1052813,366000
1052820,1612200
1052824,400000
1052827,0
1052828,2060000
1052829,470000
1052831,0
1052837,0
1052843,67000
1052847,3392800
1052849,0
1052850,1475800
1052851,1151900
1052852,0
1052855,523600
1052861,637000
1052862,400000
1052866,0
1052867,512800
1052878,0
1052879,0
1052884,544000
1052889,1857700
1052892,300000
1052898,0
1052900,350000
1052905,804000
1052907,581200
1052918,636200
1052919,526000
1052920,352800
1052922,0
1052924,140000
1052925,350000
1052926,400000
1052930,617500
1052932,150000
1052937,0
1052941,0
1052942,474100
1052949,0
1052953,300000
1052962,550000
1052970,1000000
1052982,0
1052985,672500
1052989,0
1052990,0
1052996,0
1053004,350000
1053009,497200
1053010,701800
1053015,0
1053019,553000
1053020,0
1053022,0
1053024,1039000
1053027,0
1053036,1080000
1053043,150000
1053044,400000
1053048,0
1053055,432500
1053057,0
1053061,472000
1053065,70000
1053066,200000
1053069,466000
1053070,0
1053073,641800
1053081,760500
1053082,0
1053086,270000
1053091,0
1053096,0
1053108,400000
1053109,0
1053112,0
1053114,0
1053116,553000
1053119,0
1053123,553600
1053124,423500
1053130,130000
1053131,400000
1053134,0
1053135,584400
1053143,500000
1053145,28800
1053148,82000
1053150,400000
1053153,701800
1053156,130000
1053160,792200
1053166,535000
1053177,309500
1053178,0
1053179,400000
1053181,427000
1053190,580000
1053191,150000
1053192,400000
1053193,400000
1053195,742000
1053198,0
1053203,1310100
1053205,0
1053209,1866000
1053219,564500
1053222,0
1053225,400000
1053228,400000
1053230,500000
1053242,634000
1053248,0
1053259,615000
1053262,0
1053263,500000
1053265,699000
1053272,130000
1053277,500800
1053278,400000
1053284,250000
1053285,400000
1053287,1837500
1053290,766000
1053291,0
1053292,0
1053293,771000
1053294,835000
1053297,0
1053301,0
1053302,400000
1053303,0
1053308,200000
1053316,274500
1053326,0
1053330,400000
1053333,1000000
1053334,0
1053342,747000
1053345,140000
1053346,121500
1053347,460000
1053349,180000
1053354,423500
1053355,400000
1053356,565000
1053358,0
1053362,877600
1053364,467200
1053375,0
1053376,400000
1053379,0
1053382,0
1053386,0
1053390,150000
1053400,0
1053401,400000
1053408,502500
1053415,550000
1053429,619000
1053437,350000
1053438,0
1053439,500000
1053450,784200
1053459,507400
1053461,0
1053466,400000
1053471,180000
1053475,185000
1053476,500000
1053477,0
1053481,555200
1053482,1145800
1053485,430000
1053488,1108200
1053490,611000
1053491,463000
1053495,535000
1053504,472000
1053514,0
1053522,535000
1053523,269000
1053525,350000
1053526,500000
1053544,0
1053552,568000
1053553,752200
1053557,290000
1053566,150000
1053569,782300
1053571,0
1053577,1762000
1053581,668500
1053600,0
1053602,288000
1053603,3250500
1053605,0
1053613,0
1053618,515000
1053619,0
1053621,362000
1053623,776000
1053624,527200
1053628,150000
1053638,0
1053641,0
1053647,1954800
1053658,0
1053663,811500
1053666,495500
1053667,259700
1053672,415000
1053674,1269000
1053676,459000
1053677,407500
1053679,2094700
1053683,1104000
1053687,690000
1053689,544000
1053690,1131500
1053691,285000
1053693,606000
1053695,0
1053696,571000
1053698,383000
1053701,0
1053709,653000
1053711,0
1053714,627200
1053717,315000
1053720,0
1053723,240000
1053728,0
1053737,0
1053738,519000
1053751,626500
1053754,809800
1053764,658000
1053765,0
1053768,0
1053776,0
1053780,536500
1053787,820000
1053789,177000
1053795,447000
1053797,470000
1053801,400000
1053806,190000
1053807,70000
1053814,767000
1053833,195000
1053839,791000
1053856,530000
1053860,538800
1053863,417500
1053864,0
1053871,90000
1053872,150000
1053879,0
1053889,500000
1053905,0
1053906,670400
1053911,483000
1053914,253000
1053919,554200
1053921,203700
1053922,237200
1053933,466800
1053936,388200
1053943,354900
1053952,740000
1053958,0
1053970,492600
1053974,390000
1053975,537600
1053980,626000
1053983,0
1053986,0
1053987,70000
1053990,0
1053992,864800
1053994,381000
1053996,505600
1054004,496000
1054006,610000
1054013,557200
1054014,200000
1054020,610000
1054028,470000
1054031,0
1054035,200000
1054041,220000
1054048,0
1054049,150000
1054051,1707400
1054052,0
1054059,200000
1054061,484000
1054063,4496400
1054069,0
1054076,400000
1054102,761400
1054103,150000
1054105,449500
1054108,0
1054110,0
1054115,0
1054117,374000
1054125,150000
1054127,460000
1054133,150000
1054142,750000
1054150,478500
1054153,2313900
1054157,650000
1054161,450000
1054164,200000
1054166,0
1054167,301000
1054172,895000
1054176,0
1054188,490000
1054190,0
1054196,190000
1054201,878000
1054205,350000
1054211,484000
1054215,0
1054217,0
1054219,484000
1054221,1000900
1054228,0
1054230,492700
1054238,4992300
1054239,0
1054242,1077500
1054250,500000
1054251,297800
1054256,350000
1054258,550000
1054279,0
1054282,0
1054285,400000
1054290,417800
1054291,0
1054302,1000
1054313,1150200
1054315,250000
1054334,0
1054339,350000
1054343,0
1054344,200000
1054351,0
1054353,0
1054356,125000
1054365,0
1054373,362500
1054377,400000
1054378,200000
1054382,400000
1054386,550000
1054395,0
1054409,355000
1054411,0
1054414,565000
1054421,0
1054423,0
1054424,504000
1054425,520000
1054430,297000
1054432,0
1054434,563800
1054454,0
1054455,250000
1054461,0
1054465,0
1054467,0
1054474,17775600
1054479,1747000
1054485,0
1054487,478000
1054492,0
1054498,0
1054499,1870500
1054501,1412000
1054504,1320000
1054508,200000
1054513,0
1054517,0
1054522,400000
1054526,0
1054532,250000
1054551,0
1054566,0
1054569,478000
1054593,0
1054605,350000
1054612,0
1054616,582500
1054618,0
1054627,0
1054629,86800
1054639,300000
1054641,0
1054649,0
1054655,631300
1054657,0
1054671,141000
1054681,517500
1054684,350400
1054686,70000
1054687,452800
1054697,70000
1054704,362000
1054712,0
1054721,632000
1054724,0
1054727,491500
1054740,450000
1054750,0
1054773,440000
1054781,398000
1054806,722000
1054807,240000
1054813,562000
1054821,2572000
1054832,0
1054836,0
1054857,0
1054871,0
1054872,493000
1054877,0
1054888,517000
1054894,0
1054902,0
1054903,777500
1054910,0
1054922,150000
1054936,320000
1054938,0
1054945,320000
1054957,400000
1054966,346500
1054969,992400
1054981,1510500
1054983,0
1054991,150000
1054992,295000
1055008,375000
1055014,488000
1055016,400000
1055028,460000
1055030,0
1055033,400000
1055036,0
1055039,0
1055046,270000
1055047,1747200
1055048,70000
1055050,0
1055055,400000
1055058,617000
1055060,0
1055062,400000
1055065,0
1055073,156000
1055078,0
1055081,350000
1055082,1276900
1055089,473300
1055097,321000
1055098,300000
1055100,0
1055103,531000
1055107,545000
1055110,540000
1055112,270000
1055119,472000
1055126,450000
1055127,589000
1055138,2416200
1055140,0
1055143,350000
1055147,0
1055148,550000
1055149,350000
1055152,700000
1055153,2913000
1055163,150000
1055167,1080600
1055168,485200
1055175,2254000
1055176,477600
1055181,526000
1055185,0
1055188,250300
1055190,487500
1055191,375000
1055202,493100
1055205,657400
1055219,0
1055220,685200
1055228,850400
1055229,33600
1055235,0
1055236,125000
1055242,490000
1055246,374000
1055247,0
1055252,559000
1055256,70000
1055261,206000
1055266,600000
1055268,500000
1055277,414800
1055280,707200
1055287,462400
1055288,1127000
1055305,0
1055310,400000
1055316,0
1055317,1020200
1055323,169000
1055325,478000
1055328,0
1055333,458500
1055335,167500
1055338,553000
1055344,360000
1055349,400000
1055352,0
1055361,827200
1055364,400000
1055365,0
1055368,131300
1055377,678500
1055379,0
1055382,206300
1055383,0
1055384,350000
1055386,585000
1055401,0
1055406,131600
1055412,4400000
1055413,595000
1055429,450000
1055431,1054600
1055440,0
1055441,0
1055455,633500
1055458,600000
1055461,445000
1055462,371200
1055465,0
1055468,550000
1055471,150000
1055474,97100
1055475,0
1055487,350000
1055492,200000
1055494,0
1055495,444000
1055496,300000
1055501,165600
1055502,0
1055511,358000
1055514,778000
1055524,0
1055528,576900
1055535,565700
1055536,128000
1055538,0
1055540,650000
1055547,590000
1055548,466600
1055549,0
1055553,605000
1055563,507000
1055567,656000
1055570,150000
1055577,688000
1055578,541600
1055580,150000
1055585,378000
1055588,232800
1055591,350000
1055596,0
1055600,450000
1055605,200000
1055606,618400
1055610,350000
1055624,400000
1055626,24000
1055634,437000
1055637,250000
1055640,0
1055645,469000
1055646,200000
1055649,624000
1055655,392000
1055666,250000
1055668,450000
1055670,0
1055676,400000
1055679,200000
1055688,400000
1055691,3242100
1055693,0
1055695,0
1055697,450000
1055702,150000
1055705,568000
1055707,0
1055708,457500
1055720,0
1055733,490000
1055741,0
1055742,327400
1055744,0
1055745,802500
1055748,566000
1055755,615000
1055756,717000
1055759,420000
1055762,2051000
1055767,848500
1055773,0
1055775,200000
1055785,577600
1055795,324500
1055797,656000
1055799,1596900
1055800,150000
1055801,493600
1055807,713300
1055811,1812600
1055813,510000
1055817,0
1055818,565000
1055827,429000
1055830,1460000
1055831,310000
1055834,0
1055836,0
1055841,0
1055845,0
1055846,309800
1055861,1600000
1055865,474500
1055869,379800
1055872,0
1055874,350000
1055875,569000
1055878,0
1055880,150000
1055888,656000
1055891,550000
1055894,0
1055898,656000
1055903,0
1055907,395700
1055911,0
1055915,0
1055916,720000
1055918,445000
1055922,858900
1055925,450000
1055926,400000
1055929,8636200
1055939,503500
1055940,0
1055941,0
1055942,342000
1055943,524800
1055947,557200
1055948,433300
1055950,436000
1055958,450000
1055971,0
1055987,400000
1055990,0
1055992,669000
1056004,0
1056020,858900
1056023,450000
1056027,0
1056028,463500
1056030,250000
1056032,355500
1056036,200000
1056042,655000
1056049,495000
1056052,0
1056069,546000
1056076,400000
1056085,450000
1056087,300000
1056089,245000
1056097,3427000
1056103,0
1056108,0
1056110,1208100
1056112,465000
1056127,1596200
1056128,0
1056129,463500
1056131,0
1056134,550000
1056135,400000
1056136,1288800
1056139,2210900
1056140,310000
1056141,552000
1056153,0
1056156,433500
1056158,450400
1056160,150000
1056163,0
1056165,167000
1056176,400000
1056183,89400
1056190,970000
1056195,800000
1056199,1000000
1056203,0
1056205,0
1056211,550000
1056216,2075200
1056221,483000
1056224,271000
1056225,400000
1056226,799000
1056229,0
1056232,650000
1056235,0
1056251,114000
1056252,830000
1056254,0
1056256,130000
1056257,755000
1056258,0
1056260,490600
1056265,0
1056269,0
1056280,0
1056282,307200
1056286,3293500
1056288,0
1056294,5931600
1056303,1350000
1056307,782500
1056309,0
1056310,450000
1056311,1129500
1056312,350000
1056317,1386800
1056322,140000
1056323,0
1056324,550000
1056325,200000
1056327,435000
1056329,630000
1056332,180000
1056334,3696400
1056336,0
1056337,110000
1056338,506000
1056341,712000
1056344,150000
1056349,328000
1056357,660000
1056359,450000
1056360,70000
1056365,502000
1056368,0
1056371,576500
1056375,0
1056378,135000
1056379,790000
1056380,0
1056387,150000
1056389,520000
1056391,0
1056399,150000
1056401,70000
1056405,580000
1056407,0
1056410,962000
1056414,441500
1056416,352500
1056419,551800
1056426,0
1056427,450000
1056428,520100
1056429,150000
1056430,0
1056431,150000
1056440,400000
1056442,456300
1056451,400000
1056452,139000
1056456,0
1056460,0
1056465,0
1056467,660000
1056473,140000
1056474,632000
1056482,426200
1056485,0
1056497,548800
1056502,0
1056509,200000
1056510,363800
1056512,150000
1056518,570000
1056522,1565400
1056529,300000
1056531,422800
1056535,1313600
1056536,0
1056539,0
1056543,435000
1056545,400000
1056546,482600
1056548,400000
1056549,984000
1056568,420900
1056581,530200
1056583,0
1056586,400000
1056596,792000
1056600,300000
1056604,0
1056607,389500
1056612,1146500
1056617,364500
1056630,0
1056634,0
1056641,610500
1056647,145000
1056653,400000
1056655,0
1056662,150000
1056669,1069500
1056671,2840800
1056672,262000
1056677,400000
1056678,400900
1056685,0
1056689,70000
1056690,500000
1056697,539100
1056702,0
1056705,794500
1056706,0
1056713,1000000
1056716,174300
1056719,508000
1056730,350000
1056733,444500
1056740,200000
1056755,586400
1056756,495000
1056762,0
1056763,1557300
1056765,0
1056771,500000
1056793,0
1056806,617500
1056807,847500
1056809,0
1056810,0
1056813,812000
1056815,0
1056824,0
1056827,490000
1056828,0
1056830,400000
1056831,298000
1056832,453000
1056833,0
1056834,600000
1056837,0
1056840,0
1056841,0
1056844,0
1056845,0
1056846,524800
1056855,0
1056859,0
1056862,775000
1056867,500000
1056868,300000
1056870,0
1056878,0
1056879,0
1056887,446500
1056889,671700
1056897,0
1056900,566000
1056906,650000
1056907,0
1056922,142000
1056927,155000
1056935,0
1056937,0
1056938,660000
1056939,0
1056941,532500
1056949,0
1056955,1189700
1056958,0
1056959,0
1056961,250000
1056964,511000
1056968,150000
1056971,0
1056972,550000
1056974,569000
1056976,514000
1056981,461700
1056983,285300
1056985,624000
1056989,441000
1056990,1420000
1056992,400000
1056996,0
1056999,682000
1057002,1130000
1057005,900000
1057008,655600
1057009,0
1057010,979100
1057011,500000
1057014,559000
1057018,0
1057021,320400
1057025,0
1057026,559000
1057027,725500
1057028,560000
1057030,960000
1057031,0
1057037,0
1057038,513500
1057039,400000
1057043,0
1057047,150000
1057048,0
1057051,0
1057055,465000
1057058,0
1057059,722500
1057064,0
1057065,70000
1057067,150000
1057069,557500
1057070,281000
1057071,447000
1057072,460000
1057077,150000
1057079,680000
1057081,3000
1057082,600000
1057085,744000
1057086,1200000
1057096,0
1057099,556800
1057103,0
1057106,0
1057107,901100
1057118,305000
1057122,371000
1057127,415000
1057128,0
1057134,482000
1057138,646900
1057140,0
1057146,0
1057147,145000
1057155,0
1057160,623400
1057165,400000
1057167,250000
1057168,0
1057169,613000
1057170,189000
1057175,0
1057182,1541000
1057191,475000
1057193,0
1057194,0
1057199,497600
1057209,150000
1057210,493500
1057221,0
1057226,1406500
1057228,400000
1057237,400000
1057238,0
1057241,400000
1057246,400000
1057249,0
1057250,0
1057260,400000
1057261,128000
1057262,0
1057265,2183000
1057267,682400
1057273,450000
1057279,456000
1057284,0
1057296,0
1057297,542000
1057301,0
1057305,865100
1057307,150000
1057308,681000
1057309,0
1057313,0
1057314,0
1057321,522500
1057324,370000
1057325,0
1057332,0
1057333,0
1057350,791200
1057353,227500
1057361,459400
1057369,150000
1057373,0
1057375,556300
1057376,400000
1057377,1786500
1057379,837000
1057391,510100
1057395,599000
1057396,249500
1057397,0
1057406,150000
1057416,475000
1057421,300000
1057423,450000
1057430,457500
1057437,19200
1057439,642000
1057440,0
1057441,0
1057442,530000
1057444,400000
1057450,0
1057455,530200
1057463,460000
1057465,330600
1057469,459400
1057482,962700
1057484,0
1057491,471000
1057503,0
1057507,850000
1057510,590100
1057515,0
1057519,752000
1057528,700000
1057531,475000
1057536,670500
1057546,350000
1057553,0
1057556,778200
1057566,500000
1057567,180000
1057581,805100
1057587,0
1057591,750000
1057594,150000
1057595,242000
1057603,0
1057605,583000
1057607,400000
1057610,600000
1057616,73000
1057618,601700
1057621,0
1057631,400000
1057639,0
1057643,707500
1057644,128000
1057646,432500
1057649,1374500
1057655,456000
1057657,0
1057659,333000
1057664,980000
1057669,165000
1057670,0
1057674,150000
1057677,844800
1057681,565000
1057685,0
1057688,150000
1057697,487500
1057706,475000
1057715,400000
1057719,268700
1057720,540000
1057724,503100
1057725,475000
1057727,150000
1057728,150000
1057730,0
1057739,924200
1057742,200000
1057749,0
1057752,150000
1057757,430200
1057758,758300
1057760,350000
1057766,0
1057773,0
1057778,0
1057779,0
1057783,533500
1057788,496000
1057790,893400
1057793,0
1057800,0
1057803,791000
1057807,0
1057811,415000
1057812,465100
1057813,0
1057820,0
1057822,0
1057823,0
1057826,0
1057827,475000
1057828,0
1057835,700000
1057836,200000
1057840,1336500
1057849,0
1057851,0
1057856,500000
1057860,0
1057866,510000
1057870,454500
1057873,0
1057874,0
1057878,495000
1057879,1250000
1057881,460500
1057886,1250000
1057899,595000
1057901,439500
1057903,2463700
1057907,400000
1057909,150000
1057912,0
1057919,0
1057926,25000
1057927,349700
1057928,442500
1057932,400000
1057933,0
1057938,1033300
1057943,341500
1057944,0
1057946,0
1057959,0
1057963,300000
1057970,0
1057973,0
1057979,0
1057984,0
1057988,300000
1057990,400000
1057991,595000
1057993,845900
1057994,0
1058001,192100
1058005,0
1058007,0
1058012,482500
1058018,465000
1058027,359200
1058035,0
1058041,220000
1058042,0
1058052,0
1058053,0
1058060,495000
1058072,0
1058076,0
1058082,705800
1058083,0
1058088,2093000
1058090,0
1058091,308000
1058095,0
1058096,0
1058100,512500
1058101,500000
1058106,144800
1058109,0
1058110,325000
1058115,0
1058120,626000
1058122,0
1058123,350000
1058132,0
1058134,155000
1058135,0
1058136,530100
1058137,130000
1058139,442500
1058141,420000
1058144,0
1058145,557500
1058151,640000
1058156,0
1058159,500000
1058164,0
1058168,0
1058171,0
1058174,645000
1058175,0
1058176,819000
1058188,783400
1058190,482500
1058192,458600
1058195,0
1058196,496700
1058197,0
1058200,0
1058205,218500
1058214,400000
1058220,949500
1058221,571000
1058224,400000
1058228,0
1058230,481000
1058231,1093600
1058233,562000
1058238,146100
1058242,0
1058243,500000
1058246,0
1058257,0
1058259,456000
1058260,514000
1058262,1107000
1058263,1456000
1058264,300100
1058269,315000
1058270,200000
1058275,0
1058278,766600
1058283,758200
1058288,0
1058296,574800
1058300,482500
1058306,0
1058316,0
1058317,452000
1058319,0
1058325,578600
1058326,400000
1058329,399000
1058330,961900
1058336,495000
1058337,517500
1058356,0
1058358,947300
1058364,400000
1058366,0
1058380,0
1058383,0
1058388,1105400
1058389,0
1058391,554000
1058393,400000
1058395,0
1058406,0
1058407,1526500
1058408,400000
1058409,475000
1058413,812000
1058419,0
1058433,580800
1058441,547200
1058444,0
1058449,565000
1058459,0
1058471,400000
1058473,447600
1058479,5000
1058483,0
1058486,0
1058490,423000
1058491,297000
1058502,1598500
1058512,378000
1058514,350000
1058526,0
1058532,452500
1058533,571500
1058545,685000
1058550,0
1058557,0
1058561,180000
1058568,4814000
1058571,430000
1058572,565000
1058575,482600
1058582,276000
1058585,572500
1058592,2418100
1058593,600000
1058596,480000
1058597,0
1058608,1350000
1058612,831000
1058614,0
1058618,200000
1058620,482500
1058621,0
1058625,1329000
1058627,0
1058628,454000
1058633,0
1058635,400000
1058651,0
1058655,0
1058659,565000
1058668,0
1058670,454300
1058673,542500
1058679,400000
1058681,446000
1058686,0
1058687,292000
1058695,626000
1058699,460100
1058705,400000
1058708,525500
1058709,658900
1058713,0
1058720,0
1058721,400400
1058725,39800
1058736,525000
1058737,836900
1058740,0
1058742,3901200
1058746,0
1058747,450000
1058755,365000
1058757,0
1058762,0
1058764,0
1058769,470000
1058770,0
1058776,465000
1058781,165000
1058784,0
1058786,0
1058789,750000
1058791,0
1058792,0
1058798,810700
1058802,0
1058805,0
1058807,452500
1058808,560000
1058810,0
1058811,400000
1058815,0
1058835,0
1058838,755000
1058849,142000
1058855,0
1058858,400000
1058866,447500
1058869,150000
1058874,150000
1058882,350000
1058883,150000
1058884,193800
1058885,0
1058886,165000
1058895,150000
1058897,770000
1058902,150000
1058913,150000
1058916,1000
1058925,150000
1058928,647000
1058929,642200
1058931,1435600
1058932,150000
1058934,288000
1058938,0
1058941,0
1058944,559500
1058945,820000
1058949,427000
1058953,572500
1058956,400000
1058958,512000
1058964,557500
1058977,488000
1058979,473800
1058980,330000
1058981,150000
1058985,0
1058989,360000
1058991,150000
1058993,0
1058994,1057000
1058995,400000
1058997,150000
1058998,719500
1059000,542000
1059001,1215000
1059002,100000
1059006,535800
1059009,550000
1059010,400000
1059011,510000
1059014,467500
1059015,150000
1059018,145000
1059020,150000
1059022,1696100
1059024,0
1059025,350000
1059029,150000
1059033,150000
1059039,250000
1059042,535500
1059047,800000
1059050,0
1059059,165000
1059062,435000
1059064,0
1059066,620800
1059067,0
1059073,598000
1059077,234000
1059085,800000
1059090,552000
1059091,150000
1059092,200000
1059094,400000
1059096,400000
1059104,370000
1059105,660600
1059109,449600
1059113,500000
1059114,1285000
1059118,0
1059122,128000
1059131,0
1059147,1789000
1059148,559800
1059151,334000
1059154,49500
1059159,206400
1059193,1077000
1059205,1000
1059207,900500
1059208,331500
1059214,0
1059218,110000
1059225,466600
1059230,0
1059231,0
1059232,0
1059233,0
1059244,350000
1059245,350000
1059246,0
1059249,0
1059251,587600
1059254,682000
1059256,0
1059257,120000
1059258,658100
1059263,542000
1059265,2689500
1059266,442500
1059267,0
1059268,0
1059270,462600
1059271,510000
1059272,500000
1059275,0
1059276,457200
1059278,1917700
1059281,0
1059284,488000
1059287,557500
1059293,0
1059294,341500
1059295,0
1059296,0
1059300,290000
1059311,150000
1059313,0
1059319,1160700
1059327,480100
1059329,150000
1059334,0
1059336,400000
1059337,0
1059342,684000
1059343,0
1059344,344100
1059349,624000
1059354,325100
1059355,0
1059358,716500
1059366,0
1059372,400000
1059376,350000
1059381,200000
1059399,707500
1059406,0
1059407,199000
1059412,454000
1059417,140000
1059419,589000
1059430,485000
1059448,1213000
1059454,614400
1059466,0
1059467,10462800
1059477,0
1059485,500000
1059486,742000
1059487,475000
1059492,400000
1059500,438000
1059503,367500
1059508,260000
1059510,844200
1059515,387700
1059520,0
1059533,552500
1059540,430000
1059557,400000
1059560,0
1059565,571400
1059574,0
1059582,443200
1059585,490000
1059587,454000
1059607,0
1059608,483800
1059613,579000
1059616,640000
1059633,755000
1059634,887500
1059642,0
1059645,1934600
1059647,559000
1059648,468400
1059653,9772900
1059663,400000
1059664,199000
1059665,2026600
1059669,664000
1059671,199000
1059672,350000
1059674,200000
1059680,0
1059684,199000
1059688,1122000
1059690,0
1059691,0
1059694,0
1059695,408100
1059696,456000
1059712,1858800
1059716,495000
1059717,300000
1059723,400000
1059726,14900
1059734,615000
1059736,450000
1059738,1057400
1059746,160000
1059747,0
1059758,0
1059762,160000
1059766,795000
1059767,500000
1059768,655000
1059775,499000
1059777,150000
1059784,1407200
1059785,385000
1059792,0
1059793,0
1059794,550000
1059797,3461000
1059804,0
1059812,110000
1059814,200000
1059817,0
1059837,505000
1059843,0
1059847,200000
1059848,0
1059852,400000
1059861,5000
1059876,400000
1059880,470000
1059883,0
1059885,0
1059888,500000
1059890,370000
1059893,457000
1059897,0
1059898,6000
1059903,0
1059906,453100
1059907,75000
1059908,400000
1059915,0
1059916,557500
1059920,0
1059922,1343600
1059935,776500
1059943,0
1059946,1079600
1059973,400000
1059975,350000
1059983,370000
1059993,200000
1059999,107100
1060000,391200
1060007,507000
1060015,992300
1060016,649800
1060032,1267500
1060040,962500
1060049,0
1060059,400000
1060063,400000
1060068,612300
1060072,441000
1060078,0
1060087,400000
1060093,0
1060095,300000
1060097,290000
1060106,550000
1060116,1760000
1060133,557500
1060154,300000
1060162,479700
1060164,454000
1060169,443300
1060177,2836600
1060182,935200
1060192,1133000
1060199,400000
1060208,150000
1060220,320000
1060227,428000
1060230,70000
1060243,200000
1060247,349000
1060259,330000
1060280,0
1060287,352500
1060289,1041000
1060290,0
1060293,0
1060302,813500
1060324,559000
1060327,155000
1060353,500000
1060357,1178000
1060379,450000
1060384,774400
1060392,0
1060402,150000
1060405,654000
1060408,37500
1060417,492000
1060419,350000
1060424,660000
1060436,589000
1060438,120000
1060439,0
1060446,150000
1060470,150000
1060473,0
1060496,0
1060500,0
1060502,0
1060519,873800
1060525,210000
1060533,450000
1060534,289500
1060539,450000
1060551,0
1060558,0
1060586,500000
1060587,947900
1060601,440500
1060604,0
1060606,297500
1060618,1443500
1060628,558100
1060630,620800
1060651,938000
1060655,0
1060659,400000
1060662,1395200
1060665,350000
1060672,445500
1060674,514000
1060680,797900
1060699,956200
1060707,472500
1060731,0
1060744,360000
1060760,191400
1060763,1533000
1060765,373500
1060768,1256200
1060776,1297400
1060786,729400
1060790,315000
1060792,5000
1060796,464700
1060835,992400
1060857,1125400
1060871,425000
1060878,478000
1060886,120000
1060911,150000
1060913,458000
1060914,0
1060948,646300
1060949,150000
1060950,500000
1060960,361700
1060964,0
1060973,400000
1060976,337000
1060977,130000
1060984,420000
1061025,467500
1061026,471400
1061030,787000
1061036,490000
1061038,150000
1061042,467200
1061059,495000
1061061,1249000
1061063,306000
1061067,550000
1061073,0
1061088,400000
1061098,600000
1061103,440000
1061107,768500
1061111,675000
1061121,0
1061126,750000
1061129,400000
1061130,0
1061136,550000
1061139,400000
1061141,0
1061144,150000
1061147,844000
1061153,559100
1061157,0
1061160,450000
1061161,450000
1061166,5855500
1061174,472000
1061177,110000
1061179,350000
1061182,400000
1061198,400000
1061213,708000
1061217,510000
1061224,490000
1061225,550000
1061230,832700
1061234,0
1061236,0
1061246,460000
1061251,150000
1061259,1163500
1061261,400000
1061265,600000
1061266,612300
1061268,0
1061270,550000
1061273,248000
1061289,916900
1061290,500000
1061296,550000
1061298,306000
1061305,0
1061335,0
1061336,687600
1061337,500000
1061342,1664200
1061343,0
1061355,557500
1061356,1195800
1061363,532600
1061369,454100
1061377,400000
1061386,400000
1061387,561300
1061390,600000
1061391,462500
1061397,631500
1061398,456300
1061401,1032900
1061405,400000
1061406,0
1061409,473500
1061419,350000
1061422,240000
1061430,400000
1061450,150000
1061455,374400
1061457,3709500
1061458,490000
1061471,220000
1061480,0
1061494,3400000
1061497,1500
1061501,370000
1061502,1103000
1061505,585000
1061512,326000
1061517,0
1061519,615500
1061530,142000
1061532,450000
1061536,0
1061543,156000
1061545,1531900
1061547,200000
1061562,542000
1061571,0
1061575,0
1061576,0
1061581,781400
1061586,1020000
1061598,3253500
1061599,785400
1061651,320000
1061653,588400
1061666,0
1061668,107500
1061670,552000
1061671,0
1061674,324000
1061683,450000
1061685,502000
1061689,1904800
1061693,0
1061696,484000
1061706,400000
1061709,150000
1061710,250000
1061720,70000
1061730,400000
1061732,459000
1061736,576200
1061737,301600
1061738,0
1061748,1239900
1061753,572500
1061755,0
1061758,100000
1061768,625100
1061780,0
1061786,0
1061817,530500
1061822,482500
1061823,606000
1061824,824000
1061831,0
1061834,634000
1061835,400000
1061845,526200
1061849,0
1061851,587000
1061859,140000
1061864,0
1061865,0
1061867,0
1061868,0
1061871,779500
1061874,1457800
1061876,400000
1061891,397500
1061900,1000000
1061903,250000
1061910,0
1061913,0
1061923,0
1061928,549800
1061935,530000
1061938,0
1061948,1030000
1061952,440000
1061955,400000
1061956,400000
1061958,450000
1061960,494500
1061964,0
1061969,1352000
1061973,200000
1061982,400000
1061984,467500
1061988,400000
1061989,130000
1061990,165000
1061998,0
1062005,353500
1062010,655000
1062013,2333400
1062014,0
1062018,0
1062019,3056000
1062029,400000
1062032,0
1062036,336000
1062040,2118000
1062057,0
1062059,0
1062065,0
1062067,0
1062069,0
1062076,0
1062080,961000
1062081,1161600
1062083,356300
1062085,347500
1062091,1101400
1062092,0
1062093,519400
1062096,801100
1062103,620900
1062104,70000
1062115,411000
1062119,250000
1062120,1300300
1062122,250000
1062123,0
1062124,557500
1062126,0
1062131,0
1062142,850800
1062143,0
1062146,0
1062149,5942800
1062151,411500
1062158,0
1062160,926500
1062162,0
1062172,200000
1062179,580000
1062184,343500
1062188,458800
1062195,616200
1062198,0
1062200,458500
1062210,0
1062211,300000
1062213,595000
1062214,145000
1062223,0
1062226,0
1062227,472000
1062236,142000
1062241,0
1062242,0
1062243,0
1062244,533200
1062254,680000
1062256,150000
1062260,0
1062263,0
1062266,0
1062270,0
1062274,1768200
1062278,400000
1062279,250000
1062281,0
1062286,70000
1062292,1035200
1062297,570000
1062305,389400
1062309,261100
1062319,934800
1062321,530000
1062324,267000
1062332,0
1062335,0
1062339,250000
1062340,437500
1062348,515000
1062350,700000
1062352,777500
1062353,0
1062361,0
1062367,150000
1062372,700000
1062387,198500
1062389,0
1062394,200000
1062403,400000
1062407,367500
1062413,1031000
1062414,372000
1062419,0
1062430,0
1062434,0
1062438,31000
1062446,142000
1062447,801600
1062450,604000
1062453,0
1062455,0
1062459,600000
1062460,1035200
1062462,372000
1062463,737000
1062466,0
1062477,0
1062478,0
1062482,400000
1062485,398900
1062487,142000
1062491,0
1062498,630000
1062499,541400
1062504,1349800
1062505,411800
1062510,150000
1062511,0
1062516,601000
1062520,300000
1062524,450000
1062533,1473100
1062535,568000
1062538,218300
1062539,1395400
1062543,520000
1062567,969500
1062572,0
1062573,885000
1062575,500000
1062577,673500
1062583,200000
1062589,545000
1062597,0
1062600,0
1062613,548000
1062632,768000
1062652,200000
1062664,1410500
1062665,0
1062666,0
1062674,538600
1062676,570200
1062681,0
1062683,0
1062684,0
1062690,585800
1062691,0
1062694,0
1062706,724500
1062708,450000
1062739,0
1062744,621300
1062757,400000
1062760,2097500
1062761,200000
1062763,472000
1062771,0
1062776,0
1062833,180000
1062840,0
1062844,0
1062846,0
1062847,110000
1062852,70000
1062858,110000
1062859,310000
1062860,464200
1062863,150000
1062864,200000
1062865,350000
1062873,150000
1062892,70000
1062917,328100
1062922,0
1062924,1592900
1062933,2020000
1062934,844500
1062942,350000
1062944,0
1062948,630000
1062951,250000
1062963,339200
1062966,0
1062975,649000
1062983,1670000
1062984,400000
1062988,1482900
1062990,2042000
1062991,0
1062993,6046900
1062995,0
1062996,0
1063001,490000
1063003,0
1063004,661400
1063006,0
1063007,0
1063017,200000
1063019,50000
1063021,337500
1063022,0
1063025,377000
1063027,320000
1063029,0
1063030,880100
1063035,0
1063037,520000
1063046,412400
1063047,0
1063048,259000
1063051,150000
1063053,0
1063058,350000
1063065,776500
1063067,0
1063070,0
1063075,693000
1063079,1053500
1063080,1230400
1063081,400000
1063086,0
1063092,0
1063096,907500
1063106,550000
1063111,70000
1063115,1761500
1063119,0
1063123,378000
1063124,402700
1063125,404400
1063134,345000
1063137,474300
1063138,460000
1063143,532000
1063144,200000
1063148,532000
1063151,150000
1063160,96000
1063162,2638000
1063179,744000
1063183,0
1063190,0
1063193,0
1063201,0
1063207,1135200
1063209,0
1063212,460000
1063213,300000
1063215,0
1063216,2499000
1063219,850000
1063220,2535200
1063222,1485000
1063225,575100
1063229,0
1063236,0
1063238,767000
1063240,585400
1063248,110000
1063255,469000
1063257,150000
1063259,1556200
1063269,150000
1063271,508000
1063273,1711200
1063275,70000
1063281,1012100
1063286,0
1063291,190000
1063294,131000
1063301,250000
1063304,250000
1063305,110000
1063306,467500
1063308,534100
1063309,145000
1063311,150000
1063313,327500
1063314,1119700
1063315,1190400
1063317,155000
1063318,485000
1063320,526000
1063323,145000
1063326,325000
1063328,545900
1063337,0
1063348,437000
1063350,400000
1063362,266600
1063367,142000
1063368,400900
1063374,0
1063375,0
1063378,0
1063380,0
1063382,552500
1063385,800000
1063393,150000
1063397,600000
1063406,776200
1063411,250000
1063412,320000
1063414,270000
1063424,447200
1063427,306000
1063428,350000
1063430,838600
1063432,0
1063433,350000
1063435,1590000
1063436,1164000
1063442,200000
1063445,140000
1063447,297500
1063451,2078100
1063452,400000
1063453,945800
1063459,3143000
1063463,560000
1063466,0
1063473,400000
1063477,803000
1063481,0
1063483,884000
1063485,356800
1063494,0
1063495,936300
1063502,508000
1063503,1373600
1063504,0
1063509,550000
1063511,328000
1063514,306000
1063515,0
1063516,599000
1063519,150000
1063520,0
1063523,0
1063528,150000
1063529,899000
1063536,155000
1063537,110000
1063539,750000
1063540,400000
1063545,0
1063547,0
1063549,0
1063551,458000
1063552,97100
1063553,0
1063554,157000
1063555,797500
1063558,0
1063564,0
1063565,0
1063568,0
1063573,0
1063576,413500
1063577,400000
1063585,309600
1063586,523500
1063597,0
1063598,631000
1063599,150000
1063611,150000
1063615,463000
1063620,0
1063622,728000
1063624,0
1063626,0
1063629,0
1063630,250000
1063633,0
1063637,0
1063640,316500
1063642,0
1063644,400000
1063646,0
1063649,1225000
1063653,299500
1063660,0
1063662,0
1063664,304000
1063665,0
1063666,0
1063668,0
1063669,0
1063672,30000
1063673,500000
1063674,1044800
1063677,150000
1063682,0
1063683,400000
1063685,1889500
1063688,70000
1063691,0
1063696,0
1063707,580000
1063709,530000
1063713,0
1063716,815000
1063720,537000
1063721,0
1063723,0
1063724,425000
1063728,400000
1063730,600000
1063735,0
1063736,0
1063738,0
1063739,0
1063746,0
1063750,0
1063758,0
1063759,0
1063760,467200
1063761,0
1063764,676000
1063765,694000
1063767,0
1063771,556100
1063773,446200
1063774,0
1063776,0
1063779,545000
1063783,699600
1063785,315000
1063786,0
1063787,1291400
1063789,0
1063791,800000
1063792,400000
1063794,0
1063797,349000
1063801,3049100
1063802,470000
1063806,600000
1063812,578300
1063813,250000
1063817,562000
1063818,649600
1063821,757600
1063822,400000
1063824,0
1063825,0
1063826,676200
1063828,550000
1063830,0
1063832,230000
1063833,300000
1063834,2248800
1063836,0
1063837,150000
1063838,286400
1063845,70000
1063846,565600
1063847,208000
1063849,0
1063857,366800
1063868,142000
1063872,136700
1063874,150000
1063875,0
1063876,638200
1063881,0
1063883,384000
1063885,0
1063888,466000
1063889,1050000
1063892,363000
1063896,467200
1063898,2006500
1063900,278400
1063903,95000
1063904,835000
1063908,345000
1063911,400000
1063917,430200
1063918,0
1063921,687500
1063923,417000
1063927,1061100
1063933,689000
1063934,0
1063940,469600
1063943,886000
1063960,400000
1063962,500000
1063967,693000
1063969,683200
1063972,478000
1063979,0
1063983,809000
1063991,300000
1063992,663000
1063995,306000
1064002,1298300
1064005,511000
1064006,0
1064008,137000
1064010,1186700
1064012,0
1064013,200000
1064014,0
1064018,578200
1064021,724300
1064022,0
1064023,70000
1064025,391000
1064031,2455500
1064034,0
1064036,0
1064041,0
1064044,150000
1064046,617200
1064049,505000
1064053,616600
1064056,522400
1064061,400000
1064062,314000
1064063,400000
1064064,0
1064069,1145000
1064070,1603600
1064072,0
1064073,200000
1064083,523500
1064084,703200
1064087,135000
1064089,150000
1064094,400000
1064095,500000
1064099,795400
1064101,400000
1064103,0
1064105,0
1064106,224900
1064108,508000
1064118,656200
1064120,978000
1064121,484000
1064122,0
1064124,350000
1064125,651000
1064133,150000
1064135,900000
1064140,484000
1064142,615000
1064144,0
1064146,977200
1064153,967700
1064158,508600
1064159,911000
1064160,0
1064161,0
1064163,0
1064164,0
1064166,400000
1064168,943000
1064174,400000
1064176,472000
1064178,856200
1064179,235500
1064180,0
1064184,0
1064187,684500
1064188,425000
1064190,150000
1064193,652000
1064196,70000
1064201,300000
1064205,400000
1064210,829200
1064213,525000
1064219,469600
1064220,0
1064224,2154000
1064226,0
1064227,250000
1064228,1030000
1064230,0
1064233,0
1064235,400000
1064241,476800
1064246,0
1064249,475000
1064254,499000
1064257,523000
1064260,550000
1064261,800000
1064264,500000
1064265,0
1064267,633000
1064268,469600
1064271,342100
1064276,150000
1064280,629100
1064281,400000
1064283,909000
1064286,1808000
1064290,6565800
1064299,602000
1064305,488200
1064314,440200
1064328,390000
1064329,369500
1064330,300000
1064331,1013100
1064346,419300
1064349,744000
1064353,0
1064355,150000
1064360,0
1064361,935000
1064362,509700
1064364,894500
1064366,532000
1064368,0
1064372,0
1064383,750000
1064390,0
1064391,400000
1064394,484000
1064404,477500
1064407,1111400
1064408,0
1064412,494000
1064414,2788000
1064416,705000
1064417,4754800
1064418,270700
1064420,600000
1064421,965100
1064422,150000
1064426,271500
1064433,702200
1064434,0
1064439,135000
1064441,921000
1064448,149000
1064450,500000
1064454,300000
1064456,373500
1064460,470800
1064461,0
1064465,3032900
1064466,400000
1064472,1500
1064476,503200
1064479,514900
1064480,580000
1064482,0
1064484,619500
1064490,0
1064493,453900
1064499,128000
1064502,0
1064504,0
1064508,613000
1064509,400000
1064516,466900
1064519,642200
1064521,849000
1064529,455000
1064532,0
1064538,343000
1064546,752000
1064556,525500
1064557,476500
1064561,400000
1064563,400000
1064565,750000
1064567,577000
1064569,0
1064582,650000
1064583,4500
1064586,885200
1064589,150000
1064590,0
1064593,450000
1064594,0
1064595,610000
1064597,25000
1064598,0
1064605,0
1064610,471400
1064611,0
1064612,230200
1064618,712000
1064621,0
1064623,0
1064640,400000
1064641,175000
1064643,1195300
1064644,526000
1064648,0
1064652,0
1064653,0
1064656,0
1064658,560000
1064659,617200
1064663,0
1064664,270000
1064665,310000
1064679,452800
1064682,700000
1064685,0
1064696,95000
1064705,849000
1064708,650000
1064714,175000
1064716,0
1064717,400000
1064723,1150000
1064724,0
1064725,627000
1064727,0
1064730,1145400
1064733,782100
1064745,370000
1064747,606000
1064751,350000
1064759,700000
1064760,144000
1064765,0
1064779,324000
1064780,715200
1064782,802500
1064784,469600
1064785,302000
1064786,514000
1064791,0
1064794,470000
1064799,918000
1064801,460000
1064802,634000
1064803,478600
1064804,650000
1064808,567200
1064812,70000
1064817,200000
1064818,694200
1064822,340000
1064823,0
1064831,0
1064833,2588400
1064836,0
1064841,800000
1064842,476200
1064844,2000000
1064849,826000
1064851,200000
1064852,200000
1064853,400000
1064854,442000
1064856,0
1064857,647000
1064867,580000
1064868,400000
1064870,0
1064874,400000
1064880,762000
1064882,0
1064885,0
1064893,476500
1064894,0
1064896,681700
1064903,813000
1064907,1010000
1064910,150000
1064911,0
1064915,906200
1064919,550000
1064921,475000
1064922,225000
1064923,469600
1064925,550000
1064926,454000
1064929,0
1064934,545000
1064939,931200
1064942,0
1064943,470000
1064945,550000
1064950,0
1064952,1377800
1064958,440400
1064961,604000
1064962,1149000
1064966,1395500
1064969,2594600
1064978,400000
1064979,1358200
1064980,2331500
1064986,0
1064988,0
1064991,467200
1064996,665000
1065000,514000
1065001,866200
1065002,0
1065008,498800
1065017,250000
1065024,812000
1065026,882700
1065034,134900
1065035,51800
1065036,653400
1065038,550000
1065043,0
1065049,488200
1065055,84000
1065059,0
1065062,469600
1065065,540000
1065068,863800
1065072,400000
1065092,400000
1065100,472000
1065103,115000
1065104,587000
1065106,685000
1065109,476800
1065110,0
1065112,2480700
1065115,0
1065116,0
1065121,521200
1065128,150000
1065129,100000
1065131,401000
1065135,2544400
1065139,164500
1065140,400000
1065152,400000
1065155,371300
1065157,2027500
1065159,0
1065166,764200
1065168,718000
1065176,0
1065178,683600
1065179,542800
1065185,100000
1065186,703900
1065188,508000
1065190,527300
1065191,472600
1065194,490000
1065199,1006000
1065200,1496000
1065205,0
1065209,0
1065210,0
1065212,472100
1065216,0
1065217,350000
1065219,487000
1065224,0
1065228,250000
1065229,474400
1065230,1593000
1065231,150000
1065234,250000
1065236,0
1065237,439000
1065240,680000
1065241,500000
1065244,349500
1065248,472000
1065256,1023900
1065257,600000
1065260,662800
1065266,718900
1065273,472000
1065275,306500
1065276,553000
1065281,150000
1065294,352500
1065297,606000
1065298,0
1065299,448000
1065300,0
1065304,487000
1065305,400000
1065311,604600
1065314,400000
1065315,500000
1065316,0
1065323,400000
1065326,150000
1065329,0
1065332,0
1065339,107500
1065341,505000
1065349,615000
1065351,400000
1065356,570000
1065363,437000
1065372,250000
1065373,0
1065378,0
1065380,700000
1065388,463500
1065389,143700
1065392,0
1065397,553500
1065398,400000
1065401,1212500
1065403,770000
1065404,0
1065405,568000
1065407,0
1065410,0
1065416,494000
1065417,147700
1065419,0
1065420,460100
1065425,487000
1065431,400000
1065432,0
1065442,150000
1065443,600000
1065447,502000
1065448,0
1065450,244800
1065458,0
1065467,300000
1065469,1581700
1065474,475000
1065475,822500
1065477,470000
1065481,400000
1065482,400000
1065484,1607100
1065485,400000
1065488,400000
1065489,720000
1065494,0
1065496,505000
1065498,0
1065505,550000
1065506,700000
1065509,1476000
1065518,0
1065519,300000
1065520,256800
1065534,472500
1065537,700000
1065538,477500
1065541,1336000
1065545,220000
1065547,1411600
1065549,468500
1065551,500000
1065554,460000
1065565,730000
1065574,698000
1065582,0
1065589,399500
1065592,1150000
1065595,0
1065600,150000
1065607,809900
1065608,74100
1065610,0
1065612,0
1065613,450000
1065620,383800
1065622,0
1065633,489500
1065643,475000
1065645,0
1065661,0
1065662,476500
1065664,187000
1065665,792300
1065670,0
1065673,200000
1065675,1298000
1065678,670400
1065679,624500
1065680,366800
1065684,498500
1065686,400000
1065687,300000
1065691,400000
1065692,0
1065697,150000
1065699,0
1065700,0
1065707,641000
1065710,0
1065718,250000
1065720,0
1065724,0
1065725,350000
1065729,431000
1065730,150000
1065733,440200
1065735,150000
1065736,750000
1065738,350000
1065739,542500
1065741,2671400
1065745,470500
1065755,0
1065756,2966100
1065760,935000
1065763,286000
1065765,0
1065767,1642500
1065770,898000
1065774,960100
1065780,392400
1065781,0
1065782,535000
1065784,491800
1065787,70000
1065797,150000
1065800,787600
1065805,505000
1065807,825000
1065811,0
1065816,718500
1065823,145000
1065826,0
1065827,650700
1065832,150000
1065842,598000
1065844,195000
1065847,339600
1065850,710000
1065856,400000
1065859,465600
1065864,400000
1065866,0
1065873,947300
1065876,1074800
1065879,0
1065880,0
1065883,542400
1065892,400000
1065900,901000
1065907,816600
1065923,150000
1065927,145000
1065929,440000
1065935,400000
1065937,689500
1065947,200000
1065965,463500
1065966,653500
1065967,0
1065972,612500
1065977,0
1065981,0
1065986,0
1065994,702000
1066001,460000
1066006,454500
1066014,493000
1066016,532500
1066018,0
1066027,482000
1066029,454000
1066034,1022000
1066036,1413200
1066038,929000
1066041,501500
1066044,4320200
1066045,574000
1066049,260000
1066057,490000
1066063,1050000
1066064,0
1066065,462500
1066066,283100
1066070,5127100
1066075,150000
1066077,480000
1066081,708300
1066082,0
1066083,562500
1066085,270000
1066086,0
1066087,939100
1066089,385200
1066091,502500
1066092,135000
1066093,667500
1066096,683500
1066097,650000
1066100,561300
1066102,560000
1066105,450000
1066108,0
1066109,0
1066110,550000
1066116,710500
1066129,533200
1066133,467200
1066135,594800
1066142,426900
1066144,0
1066145,372000
1066146,490000
1066150,0
1066151,645100
1066152,488000
1066161,0
1066162,0
1066166,1016000
1066167,297500
1066173,0
1066175,1650200
1066186,448500
1066189,776500
1066192,655000
1066193,250000
1066196,400000
1066200,550000
1066203,400000
1066205,0
1066209,0
1066210,495000
1066213,0
1066222,145000
1066223,610000
1066224,0
1066225,298000
1066236,699000
1066248,3157000
1066252,520000
1066256,391400
1066263,455000
1066265,550000
1066266,0
1066270,490000
1066276,247200
1066278,0
1066282,670200
1066284,268000
1066285,462500
1066286,92800
1066290,0
1066299,512600
1066303,536000
1066304,1378000
1066313,460000
1066318,927500
1066320,0
1066322,786500
1066325,0
1066327,0
1066329,2251100
1066330,200000
1066331,450000
1066340,200000
1066343,0
1066344,1258000
1066348,322000
1066354,466000
1066355,0
1066361,616000
1066366,0
1066367,575200
1066373,0
1066374,0
1066375,443500
1066379,450000
1066381,598500
1066383,854300
1066386,512400
1066387,1059500
1066390,980200
1066394,600100
1066404,307300
1066405,1123500
1066406,450000
1066408,1137400
1066410,595000
1066413,1302000
1066419,0
1066420,0
1066425,99200
1066430,0
1066433,653000
1066436,262800
1066438,531000
1066442,0
1066445,130000
1066446,0
1066447,871500
1066456,0
1066457,500000
1066462,1738000
1066470,459000
1066483,613900
1066488,0
1066491,0
1066493,0
1066495,200000
1066498,600000
1066499,0
1066501,325000
1066504,600000
1066507,1069200
1066512,0
1066514,760700
1066518,400000
1066519,540000
1066523,1107000
1066525,525000
1066527,165000
1066529,0
1066530,88500
1066535,476000
1066541,805000
1066545,0
1066550,239600
1066556,0
1066558,476600
1066560,400000
1066561,0
1066562,496000
1066563,446200
1066566,0
1066567,463000
1066568,250000
1066575,70000
1066577,205800
1066585,941400
1066586,0
1066590,700000
1066594,0
1066595,293300
1066598,1733000
1066603,450000
1066608,306100
1066611,125000
1066613,702500
1066614,450000
1066618,0
1066621,200000
1066624,740000
1066625,783500
1066633,400000
1066635,150000
1066639,0
1066644,283500
1066645,155700
1066652,0
1066653,0
1066654,502500
1066659,516400
1066660,0
1066661,70000
1066668,0
1066669,300000
1066672,0
1066673,557800
1066674,350000
1066675,1705000
1066676,568000
1066677,608000
1066680,130000
1066688,666000
1066693,763200
1066694,0
1066710,1776500
1066711,0
1066721,145000
1066737,0
1066743,0
1066744,0
1066746,5229000
1066751,497100
1066752,0
1066754,0
1066758,1890400
1066759,77800
1066761,0
1066774,145000
1066776,0
1066778,550000
1066782,537300
1066784,0
1066787,200000
1066789,400000
1066792,199000
1066795,450000
1066797,848000
1066799,0
1066801,500000
1066804,0
1066808,718500
1066810,490000
1066812,495000
1066818,400000
1066826,0
1066835,150000
1066836,568600
1066850,592200
1066852,0
1066854,658000
1066861,700000
1066867,0
1066868,883800
1066873,0
1066876,0
1066879,0
1066885,328500
1066886,488000
1066891,800000
1066897,400000
1066900,25000
1066902,400000
1066912,400000
1066921,767500
1066922,629100
1066925,0
1066926,0
1066941,400000
1066944,250000
1066950,605000
1066953,0
1066954,522300
1066955,532000
1066959,0
1066962,400000
1066965,0
1066969,0
1066970,498400
1066971,0
1066975,0
1066980,0
1066981,0
1066984,470000
1066986,400000
1066987,533000
1066989,0
1066992,70000
1066997,318500
1067003,0
1067015,0
1067016,0
1067019,70000
1067022,469000
1067024,0
1067029,0
1067042,442300
1067044,400000
1067046,200000
1067049,250000
1067055,142000
1067071,279000
1067096,150000
1067098,650000
1067105,400000
1067108,716200
1067109,500000
1067118,200000
1067121,150000
1067124,467500
1067133,644400
1067134,150000
1067136,0
1067138,0
1067139,0
1067140,0
1067146,0
1067147,150000
1067150,0
1067151,0
1067152,1189300
1067156,150000
1067159,1853600
1067160,0
1067162,0
1067169,0
1067171,0
1067176,451700
1067177,0
1067179,0
1067180,270000
1067181,0
1067186,0
1067188,200000
1067190,0
1067192,0
1067193,0
1067194,0
1067197,0
1067200,0
1067201,0
1067202,0
1067205,0
1067209,0
1067211,200000
1067213,0
1067214,0
1067225,145000
1067229,145000
1067232,145000
1067236,0
1067238,150000
1067246,600000
1067247,1649600
1067260,309100
1067271,627500
1067273,400000
1067274,400000
1067275,689000
1067278,232000
1067289,491800
1067297,570400
1067302,300000
1067305,650000
1067313,515300
1067324,400000
1067334,1895500
1067342,250000
1067345,250000
1067349,200000
1067350,482500
1067370,200000
1067381,381500
1067389,110000
1067396,426500
1067397,240000
1067399,0
1067400,600000
1067402,606000
1067408,0
1067412,800000
1067414,481000
1067421,703000
1067426,0
1067428,375000
1067432,0
1067436,499900
1067440,0
1067448,0
1067450,400000
1067457,363000
1067460,440000
1067461,500000
1067485,440000
1067490,632000
1067496,187500
1067498,220000
1067504,466000
1067517,400000
1067519,150000
1067526,250000
1067542,400000
1067545,457200
1067546,0
1067548,583500
1067549,0
1067563,0
1067570,0
1067575,150000
1067581,458500
1067582,600000
1067587,400000
1067590,0
1067595,0
1067600,0
1067604,510400
1067610,0
1067613,5628100
1067614,1410000
1067615,385200
1067624,400000
1067630,0
1067631,0
1067633,0
1067634,0
1067637,400000
1067642,837800
1067644,2723700
1067647,250000
1067649,4496000
1067665,797200
1067667,250000
1067669,300000
1067675,250000
1067676,2772700
1067677,250000
1067686,525000
1067688,326000
1067692,102900
1067693,513400
1067694,559000
1067706,400000
1067709,160000
1067713,150000
1067725,0
1067732,490000
1067736,832900
1067738,335000
1067741,5032800
1067745,0
1067747,0
1067751,150000
1067753,500000
1067758,250000
1067759,376000
1067763,150000
1067770,740000
1067771,325000
1067772,312000
1067779,768500
1067780,491000
1067781,643500
1067792,450000
1067795,700000
1067796,250000
1067799,0
1067801,544000
1067803,481000
1067809,200000
1067812,0
1067815,530000
1067817,362500
1067823,0
1067824,601700
1067825,599800
1067831,140000
1067833,250000
1067848,330000
1067850,425000
1067851,1022500
1067852,145000
1067853,0
1067854,488000
1067855,0
1067858,0
1067861,295000
1067863,625500
1067865,984400
1067866,217500
1067873,686500
1067880,0
1067884,200000
1067887,150000
1067891,2395200
1067893,70000
1067897,463000
1067899,283500
1067907,905000
1067908,0
1067909,837500
1067912,625600
1067914,0
1067916,0
1067922,243500
1067923,0
1067927,310100
1067933,0
1067941,463900
1067955,691000
1067957,785000
1067966,250000
1067971,490000
1067975,346000
1067982,490600
1067983,428600
1067989,250000
1067992,250000
1067995,586000
1067997,150000
1068009,399000
1068017,0
1068024,0
1068026,2045000
1068036,763100
1068038,4750200
1068042,634500
1068048,0
1068049,0
1068051,155000
1068056,150000
1068065,0
1068067,300000
1068074,0
1068075,550000
1068078,250000
1068090,70000
1068097,460700
1068111,0
1068116,0
1068120,1117400
1068123,508000
1068124,3632700
1068125,560000
1068129,711400
1068130,400000
1068131,400000
1068138,190000
1068139,881000
1068145,200000
1068146,345000
1068154,486000
1068157,638000
1068159,84700
1068178,338600
1068179,549000
1068182,0
1068185,150000
1068188,250000
1068192,0
1068194,2278700
1068199,250000
1068205,511000
1068207,0
1068212,450000
1068219,0
1068228,0
1068229,250000
1068232,960600
1068233,0
1068234,540000
1068241,529000
1068242,450000
1068246,566300
1068247,0
1068249,1050000
1068258,714000
1068261,387600
1068263,757000
1068267,400000
1068272,622000
1068277,0
1068286,767500
1068288,1000000
1068292,529000
1068293,0
1068294,536200
1068296,0
1068299,400000
1068307,0
1068312,0
1068313,571500
1068316,0
1068317,700000
1068319,424500
1068321,145000
1068322,479200
1068328,2483300
1068334,980400
1068335,0
1068341,672000
1068347,370000
1068348,463000
1068350,1092800
1068355,534000
1068356,388500
1068357,0
1068361,608400
1068362,1015000
1068363,150000
1068369,148500
1068370,0
1068371,759900
1068375,145000
1068376,1218000
1068377,289500
1068384,10118300
1068386,467200
1068394,538000
1068400,587800
1068402,1325000
1068403,485100
1068410,490600
1068413,0
1068422,405100
1068424,515000
1068425,472000
1068428,0
1068429,400000
1068439,1278800
1068440,1280200
1068441,350000
1068442,923500
1068443,574000
1068445,476200
1068447,155000
1068448,350000
1068454,279000
1068459,532000
1068466,0
1068470,1842700
1068472,568000
1068479,184000
1068484,504900
1068485,400000
1068487,0
1068494,320000
1068495,0
1068498,0
1068500,400000
1068502,450000
1068503,474700
1068505,658600
1068506,2355900
1068511,1525300
1068516,467200
1068529,0
1068532,499000
1068534,508000
1068542,940000
1068545,410000
1068546,400000
1068547,0
1068552,298000
1068553,400000
1068554,262000
1068559,0
1068560,0
1068562,590000
1068564,0
1068571,0
1068572,553000
1068574,400000
1068575,0
1068579,437200
1068591,150000
1068592,0
1068593,1335100
1068594,0
1068605,605000
1068613,900000
1068618,0
1068620,0
1068622,960000
1068623,467200
1068625,250000
1068628,0
1068630,0
1068631,0
1068632,0
1068635,702500
1068636,1550500
1068642,0
1068643,3054400
1068646,0
1068647,0
1068650,0
1068651,1104000
1068652,0
1068662,706600
1068663,0
1068664,478500
1068668,1753900
1068675,567000
1068679,280400
1068681,350000
1068683,538000
1068688,0
1068691,0
1068692,538000
1068696,0
1068697,0
1068700,0
1068701,0
1068707,0
1068708,0
1068709,1233000
1068712,467200
1068715,0
1068717,400000
1068724,0
1068729,620600
1068732,491200
1068733,464700
1068736,0
1068737,600000
1068740,0
1068745,643800
1068747,463000
1068750,0
1068751,150000
1068752,883200
1068753,0
1068757,469600
1068759,536800
1068760,0
1068767,16500
1068770,0
1068774,512200
1068777,0
1068780,0
1068781,720000
1068783,634000
1068785,99000
1068790,725500
1068792,546900
1068798,400000
1068799,0
1068803,0
1068808,750000
1068809,0
1068811,1744400
1068812,0
1068816,380000
1068825,400000
1068831,0
1068832,70000
1068841,0
1068843,567400
1068844,0
1068845,0
1068847,365000
1068848,600500
1068855,0
1068856,0
1068857,0
1068858,467500
1068859,0
1068860,0
1068862,432500
1068865,793900
1068868,0
1068872,1701000
1068873,494200
1068875,135000
1068878,0
1068879,0
1068881,400000
1068885,1307800
1068891,0
1068907,490200
1068911,529000
1068913,0
1068915,0
1068924,572200
1068940,490000
1068941,663000
1068944,0
1068945,0
1068947,289500
1068955,468700
1068958,508400
1068959,725500
1068963,0
1068965,400000
1068968,703000
1068971,400000
1068974,0
1068979,825000
1068980,0
1068981,200000
1068982,864200
1068983,814000
1068985,887200
1068986,0
1068989,302400
1068990,450000
1068991,0
1068994,3478000
1069002,0
1069003,1256000
1069013,536800
1069014,400000
1069015,2102600
1069016,0
1069020,0
1069024,0
1069026,400000
1069028,300000
1069029,4187100
1069030,0
1069032,460000
1069039,490000
1069045,0
1069048,831000
1069050,0
1069053,300000
1069054,0
1069062,0
1069063,556000
1069070,0
1069074,622000
1069076,0
1069079,0
1069080,400000
1069081,535000
1069083,0
1069086,0
1069090,70000
1069095,0
1069097,0
1069098,878700
1069099,400000
1069102,0
1069103,0
1069104,149000
1069106,484000
1069108,634000
1069111,400000
1069116,0
1069118,524200
1069125,499000
1069126,1378900
1069135,580000
1069136,15000
1069141,0
1069143,0
1069145,400000
1069146,0
1069147,712000
1069149,299200
1069152,652000
1069155,350000
1069161,0
1069162,440000
1069163,0
1069166,0
1069169,1431400
1069176,0
1069180,0
1069181,0
1069184,0
1069192,0
1069201,0
1069206,569000
1069208,0
1069209,0
1069210,400000
1069211,0
1069212,0
1069214,0
1069216,150000
1069219,160000
1069225,386100
1069226,0
1069231,0
1069234,150000
1069235,0
1069240,400000
1069241,0
1069245,722500
1069247,767600
1069248,15000
1069250,0
1069252,2418100
1069256,450000
1069257,400000
1069261,520000
1069267,338600
1069268,440500
1069269,0
1069279,470000
1069280,200000
1069282,0
1069298,321000
1069300,200000
1069303,400000
1069305,2762200
1069306,450000
1069308,1678800
1069309,469000
1069311,0
1069312,400000
1069314,0
1069316,0
1069318,300000
1069322,0
1069323,0
1069324,496000
1069325,466000
1069327,463000
1069328,460000
1069332,508700
1069334,0
1069338,561000
1069339,70000
1069340,0
1069345,1484000
1069347,376700
1069351,400000
1069352,517000
1069362,150000
1069363,0
1069368,872400
1069369,1467000
1069372,0
1069378,644800
1069390,912800
1069393,530000
1069396,0
1069403,0
1069405,660500
1069406,508700
1069409,3526000
1069412,0
1069417,0
1069419,800500
1069428,130000
1069429,0
1069433,503200
1069438,480000
1069439,544000
1069440,1444900
1069442,115000
1069444,520000
1069445,0
1069446,717500
1069449,400000
1069452,350000
1069454,0
1069457,0
1069462,0
1069463,539400
1069466,642500
1069468,307500
1069476,499600
1069479,0
1069487,1211600
1069489,400000
1069493,0
1069495,400000
1069498,762500
1069499,280000
1069501,3309800
1069502,1117900
1069504,784700
1069506,0
1069508,1231500
1069509,0
1069511,622000
1069512,150000
1069517,0
1069520,0
1069525,250000
1069527,778600
1069528,0
1069529,627800
1069530,490000
1069531,0
1069534,479200
1069535,1216500
1069539,0
1069540,997000
1069541,896700
1069544,643000
1069546,450500
1069548,186600
1069549,0
1069553,742000
1069560,801900
1069564,853000
1069565,0
1069569,574800
1069572,400000
1069576,0
1069577,0
1069578,0
1069579,0
1069581,0
1069586,324700
1069591,400000
1069592,250600
1069593,400000
1069594,0
1069598,0
1069606,428300
1069607,0
1069610,0
1069614,667000
1069618,735000
1069621,499000
1069626,405000
1069637,0
1069647,502000
1069659,400000
1069660,880000
1069661,0
1069663,0
1069672,461200
1069678,0
1069684,1875300
1069688,2000000
1069690,140000
1069691,0
1069694,0
1069697,2150000
1069698,0
1069700,583600
1069701,70000
1069709,0
1069714,407600
1069716,460000
1069717,0
1069718,1381800
1069720,2883900
1069723,232000
1069731,778000
1069734,0
1069739,270000
1069745,0
1069749,0
1069750,487000
1069752,522400
1069753,834500
1069754,70000
1069756,766500
1069758,0
1069761,511600
1069763,500000
1069773,514000
1069774,449000
1069779,490000
1069781,0
1069782,884000
1069785,0
1069786,499300
1069790,0
1069793,478600
1069795,0
1069797,271000
1069799,0
1069803,0
1069806,150000
1069808,610000
1069809,0
1069812,400000
1069813,400000
1069814,0
1069817,499000
1069820,0
1069821,593200
1069826,713900
1069830,400000
1069832,450000
1069833,0
1069835,0
1069838,672000
1069842,0
1069844,644200
1069846,505600
1069847,380000
1069850,250000
1069852,0
1069853,250000
1069855,524800
1069857,296000
1069864,0
1069867,0
1069868,0
1069872,735300
1069873,0
1069879,0
1069884,0
1069891,0
1069896,631000
1069897,0
1069901,514000
1069903,0
1069908,150000
1069910,648000
1069911,685600
1069912,0
1069918,508000
1069921,782200
1069923,649300
1069924,0
1069931,180000
1069932,200000
1069933,1151000
1069936,467500
1069939,482200
1069941,659200
1069944,0
1069947,14500
1069951,0
1069953,671700
1069956,225000
1069957,400000
1069959,0
1069969,0
1069971,0
1069979,400000
1069983,652000
1069993,0
1069995,199900
1070005,760500
1070010,2080000
1070014,0
1070019,914000
1070026,538000
1070030,400000
1070031,615200
1070034,0
1070036,1465700
1070045,400000
1070048,400000
1070053,150000
1070066,0
1070067,300000
1070070,150000
1070071,150000
1070075,1132000
1070084,150000
1070098,150000
1070108,500000
1070109,400000
1070111,400000
1070113,467600
1070115,478000
1070120,919000
1070123,0
1070126,920000
1070128,280000
1070130,1544400
1070132,150000
1070137,0
1070138,0
1070142,0
1070144,150000
1070148,0
1070151,650000
1070153,150000
1070156,400000
1070157,554800
1070164,150000
1070166,2207500
1070169,145000
1070172,0
1070174,150000
1070188,150000
1070189,0
1070190,526600
1070191,706000
1070192,502000
1070193,0
1070199,450000
1070201,655600
1070202,500000
1070203,489400
1070207,150000
1070209,0
1070211,1492800
1070214,750000
1070215,454100
1070217,150000
1070227,1276000
1070229,150000
1070231,0
1070237,4014000
1070240,775000
1070243,643000
1070246,565400
1070248,150000
1070255,400000
1070260,160000
1070263,86400
1070268,509200
1070273,150000
1070274,532600
1070275,350000
1070283,437200
1070284,578200
1070292,533800
1070299,45000
1070300,1946700
1070303,2834700
1070305,150000
1070308,570000
1070310,400000
1070311,380000
1070315,465700
1070323,150000
1070331,781000
1070332,524800
1070341,300000
1070343,776200
1070345,0
1070352,458700
1070353,603500
1070356,400000
1070361,400000
1070362,4099400
1070363,15000
1070371,460000
1070372,490000
1070378,0
1070379,0
1070380,489400
1070381,502000
1070385,450000
1070388,466000
1070389,0
1070390,1071500
1070391,325100
1070407,611000
1070416,520000
1070421,1114000
1070425,0
1070428,520000
1070431,950800
1070433,0
1070435,200000
1070437,490000
1070438,400000
1070440,150000
1070445,1321700
1070446,496000
1070449,457600
1070451,274000
1070454,150000
1070460,457000
1070463,0
1070464,208000
1070465,520100
1070469,400000
1070470,1435500
1070473,400000
1070476,889600
1070483,513500
1070485,665300
1070486,485200
1070491,1142000
1070492,0
1070502,1059900
1070503,472000
1070505,175000
1070506,577000
1070507,1096000
1070508,712500
1070509,538000
1070511,422400
1070515,2378100
1070516,400000
1070517,618500
1070523,1257900
1070537,0
1070538,150000
1070539,451000
1070542,3591500
1070543,400000
1070545,0
1070548,220000
1070552,0
1070554,1000000
1070557,0
1070558,150000
1070559,1860000
1070564,290000
1070565,695000
1070567,0
1070569,150000
1070570,0
1070574,0
1070578,150000
1070580,680000
1070583,0
1070584,0
1070591,0
1070592,531600
1070596,534500
1070601,0
1070602,640000
1070604,1759000
1070607,150000
1070608,150000
1070613,547400
1070614,0
1070617,0
1070618,150000
1070624,150000
1070625,470000
1070628,467500
1070633,100000
1070634,601000
1070638,0
1070639,460000
1070640,503500
1070641,452200
1070642,150000
1070647,800000
1070648,520200
1070649,554800
1070657,125000
1070661,2120200
1070662,458800
1070664,238000
1070667,872000
1070668,501200
1070671,0
1070675,615000
1070676,262500
1070678,466100
1070682,0
1070683,138500
1070685,150000
1070688,0
1070694,579400
1070695,400000
1070697,1916200
1070698,0
1070699,150000
1070700,606800
1070702,400000
1070703,550000
1070711,400000
1070712,894000
1070713,100000
1070716,315800
1070722,420000
1070723,150000
1070727,467800
1070733,150000
1070736,0
1070739,1739500
1070740,800000
1070741,348000
1070742,0
1070744,150000
1070745,0
1070746,952300
1070748,0
1070749,3000000
1070751,478000
1070753,350000
1070759,450000
1070761,150000
1070762,649000
1070767,729800
1070768,497200
1070769,524500
1070770,310000
1070771,0
1070773,1045500
1070774,150000
1070775,596800
1070776,282000
1070778,0
1070780,499000
1070785,0
1070786,1300000
1070794,3563600
1070796,649000
1070800,2052000
1070802,400000
1070804,250000
1070805,0
1070807,548000
1070809,150000
1070811,53000
1070813,606800
1070817,0
1070818,400000
1070821,668000
1070823,493000
1070824,400000
1070827,150000
1070830,150000
1070832,485200
1070838,632200
1070845,0
1070846,400000
1070847,0
1070852,0
1070854,567500
1070856,547000
1070861,135000
1070870,400000
1070873,400900
1070875,950500
1070878,605200
1070879,500000
1070880,150000
1070888,132000
1070889,870900
1070891,150000
1070893,150000
1070895,0
1070896,400000
1070899,0
1070901,551200
1070903,0
1070905,513500
1070906,1024000
1070914,342000
1070916,400000
1070919,400000
1070920,15000
1070922,508000
1070924,1316800
1070927,0
1070928,180000
1070933,400000
1070934,490000
1070936,660800
1070937,1104700
1070938,461200
1070945,140000
1070949,0
1070951,450000
1070955,660000
1070958,200000
1070965,320000
1070967,361400
1070969,965100
1070972,400000
1070976,2399400
1070978,734800
1070986,400000
1070988,0
1070994,70000
1070997,150000
1070999,0
1071003,250000
1071004,196100
1071008,550000
1071009,400000
1071010,5106700
1071011,661000
1071012,611200
1071015,463100
1071022,2088000
1071023,1900000
1071024,1169800
1071029,400000
1071031,481000
1071033,805600
1071036,0
1071037,489400
1071040,510300
1071042,461200
1071049,1830000
1071050,485200
1071058,145000
1071059,702400
1071071,491800
1071075,0
1071076,400000
1071081,150000
1071084,358000
1071090,526000
1071091,1106500
1071092,920800
1071093,562600
1071099,691200
1071100,317500
1071108,544000
1071109,382400
1071118,400000
1071119,111000
1071122,841400
1071123,0
1071131,499000
1071133,0
1071138,292000
1071147,745000
1071149,0
1071150,393000
1071155,250000
1071156,514000
1071158,0
1071164,799500
1071165,5000
1071171,469000
1071175,400000
1071176,0
1071177,543400
1071180,626000
1071182,0
1071183,0
1071185,453400
1071186,0
1071187,517500
1071189,430000
1071191,0
1071194,0
1071203,412300
1071204,0
1071213,499000
1071218,0
1071223,0
1071224,0
1071230,0
1071236,1415000
1071242,484000
1071244,548200
1071247,0
1071253,70000
1071267,0
1071271,315000
1071272,500000
1071276,0
1071277,168000
1071280,499000
1071288,1656500
1071292,0
1071298,600300
1071303,150000
1071305,0
1071306,390000
1071313,518000
1071314,938000
1071315,70000
1071317,135000
1071318,0
1071319,1037000
1071320,163800
1071329,332500
1071336,300000
1071352,562600
1071354,1277500
1071356,624000
1071357,1019000
1071358,0
1071359,0
1071367,70000
1071372,0
1071374,749400
1071376,800000
1071383,70000
1071389,350000
1071391,250000
1071396,0
1071406,0
1071412,711000
1071414,0
1071427,0
1071434,1965900
1071439,312000
1071443,0
1071446,1129300
1071447,527200
1071452,0
1071454,0
1071457,1057600
1071458,1131800
1071459,596600
1071460,0
1071461,0
1071465,400000
1071466,200000
1071468,0
1071484,497200
1071486,115000
1071490,135000
1071492,0
1071501,572800
1071502,891200
1071519,326900
1071528,562000
1071530,150000
1071532,0
1071533,609000
1071536,0
1071541,0
1071543,500000
1071548,0
1071550,0
1071551,450000
1071554,736000
1071564,0
1071566,1516400
1071567,0
1071571,0
1071577,431000
1071580,250000
1071582,0
1071583,150000
1071584,527200
1071586,0
1071588,0
1071589,8541300
1071590,148100
1071591,200000
1071596,0
1071597,0
1071600,1062200
1071611,70000
1071612,350000
1071613,70000
1071615,1376900
1071616,390000
1071620,409500
1071622,400000
1071623,633500
1071627,490000
1071632,0
1071635,359400
1071637,691000
1071638,364500
1071641,390000
1071646,565000
1071647,150000
1071648,490500
1071649,400000
1071651,0
1071653,200000
1071656,490000
1071664,487500
1071665,309000
1071669,160000
1071672,0
1071674,597000
1071683,753300
1071685,350000
1071687,125000
1071695,0
1071699,500000
1071701,394000
1071704,790000
1071709,9290000
1071710,482500
1071713,490000
1071718,398800
1071725,27500
1071736,696200
1071740,0
1071750,200000
1071754,611800
1071759,627000
1071763,0
1071770,511000
1071775,342900
1071776,0
1071779,0
1071791,984900
1071811,0
1071815,658700
1071817,391500
1071818,425200
1071824,125000
1071835,399000
1071844,150000
1071869,381900
1071870,0
1071873,400000
1071874,0
1071882,0
1071883,0
1071885,718000
1071887,0
1071898,672700
1071900,0
1071901,0
1071912,1303700
1071921,300000
1071930,0
1071941,0
1071942,0
1071946,400000
1071948,0
1071950,481000
1071951,0
1071952,0
1071953,0
1071954,406000
1071958,0
1071964,490000
1071968,386100
1071971,490000
1071972,0
1071976,0
1071984,400000
1071986,0
1071995,0
1071996,200000
1071997,972200
1071999,0
1072003,0
1072006,0
1072008,375000
1072015,600000
1072024,400000
1072033,0
1072035,1242400
1072038,500000
1072043,399800
1072049,0
1072063,0
1072075,1393200
1072077,575100
1072085,0
1072093,0
1072095,0
1072097,0
1072101,12026500
1072116,0
1072126,478100
1072130,877500
1072134,517600
1072138,0
1072140,0
1072142,490000
1072155,1102000
1072157,70000
1072162,0
1072170,850000
1072171,500200
1072178,842800
1072191,150000
1072193,35000
1072200,850400
1072213,1405000
1072234,200000
1072244,0
1072249,0
1072252,450000
1072273,150000
1072276,0
1072282,328700
1072283,463000
1072297,200000
1072309,721000
1072327,350000
1072332,592000
1072351,400000
1072353,480000
1072357,444000
1072365,400000
1072367,0
1072368,390500
1072369,0
1072371,0
1072391,535000
1072396,0
1072397,419400
1072401,926200
1072404,557400
1072411,0
1072413,450000
1072417,0
1072425,0
1072434,0
1072437,1204500
1072438,463000
1072440,520000
1072442,731000
1072445,490000
1072449,634100
1072451,0
1072458,250000
1072459,0
1072465,204000
1072466,1415600
1072474,390000
1072481,550000
1072496,426000
1072503,1847700
1072505,600000
1072507,0
1072512,0
1072513,1675400
1072516,150000
1072518,0
1072521,472000
1072522,0
1072528,0
1072538,396000
1072545,0
1072549,0
1072550,0
1072558,150000
1072561,150000
1072573,0
1072578,0
1072584,500000
1072587,1278600
1072588,800000
1072597,0
1072607,1517900
1072617,450000
1072620,160000
1072624,0
1072626,455100
1072629,0
1072634,281500
1072641,290000
1072644,0
1072655,535000
1072661,0
1072663,721200
1072672,0
1072678,831100
1072681,475500
1072685,0
1072686,464000
1072687,0
1072690,70000
1072691,765900
1072692,375000
1072693,150000
1072695,550000
1072697,0
1072700,546500
1072702,813600
1072715,350000
1072717,0
1072718,502000
1072721,550000
1072722,200000
1072724,520000
1072726,3881500
1072737,550000
1072743,490000
1072745,360000
1072752,0
1072757,460000
1072763,0
1072767,0
1072770,0
1072772,395000
1072778,200000
1072781,180000
1072786,0
1072790,150000
1072797,0
1072798,417000
1072802,0
1072803,0
1072806,0
1072811,0
1072813,0
1072814,586500
1072817,0
1072818,0
1072824,1078800
1072826,414000
1072830,0
1072834,1086400
1072840,1107600
1072842,0
1072848,507500
1072849,400000
1072852,0
1072854,761000
1072859,0
1072864,1800000
1072868,0
1072869,0
1072875,2430000
1072880,140000
1072881,0
1072883,4051500
1072884,400000
1072901,455000
1072905,0
1072907,592600
1072909,0
1072910,0
1072911,606000
1072913,0
1072916,0
1072918,816000
1072921,200000
1072922,0
1072923,653000
1072926,0
1072928,400000
1072933,150000
1072938,0
1072942,530000
1072944,480000
1072945,150000
1072946,250000
1072949,500000
1072952,0
1072953,4255800
1072957,0
1072972,664400
1072973,0
1072979,480000
1072980,250000
1072982,475000
1072983,502000
1072990,0
1072992,0
1073001,450000
1073009,150000
1073010,0
1073016,492500
1073022,530000
1073023,0
1073024,1305900
1073026,500000
1073027,519600
1073033,460000
1073035,420000
1073040,500000
1073041,250000
1073046,765500
1073061,450000
1073063,800000
1073068,472500
1073069,601200
1073079,0
1073083,520000
1073084,0
1073098,387000
1073099,0
1073103,450000
1073108,471000
1073115,0
1073117,528400
1073119,444000
1073122,0
1073123,0
1073129,715000
1073130,0
1073132,683000
1073137,0
1073142,600000
1073146,2383400
1073151,240500
1073157,434000
1073159,0
1073161,461200
1073162,1021000
1073163,68000
1073168,499000
1073170,11109000
1073174,479500
1073175,457500
1073176,518500
1073179,410600
1073180,1065000
1073190,561000
1073198,758100
1073208,400000
1073209,730000
1073215,300000
1073222,628000
1073224,485000
1073228,280300
1073229,400000
1073230,565100
1073231,425000
1073233,400000
1073239,150000
1073246,0
1073258,462000
1073270,378400
1073277,573500
1073278,442000
1073279,0
1073281,200000
1073282,439500
1073283,450000
1073285,460000
1073288,70000
1073292,400000
1073298,820200
1073300,385400
1073301,594500
1073312,0
1073316,378800
1073317,300000
1073319,250000
1073326,470000
1073327,512600
1073332,490000
1073335,460000
1073337,150000
1073343,0
1073345,482500
1073355,0
1073358,641500
1073379,600000
1073385,127000
1073389,370000
1073390,474000
1073392,0
1073397,21779600
1073399,250000
1073404,622600
1073407,60000
1073409,5043000
1073410,476000
1073416,0
1073419,320000
1073421,250000
1073426,477500
1073428,0
1073431,400000
1073436,400000
1073439,250000
1073441,895200
1073444,340500
1073447,0
1073449,0
1073455,0
1073462,532000
1073463,532300
1073466,231000
1073467,507600
1073472,1449000
1073473,693900
1073474,2712600
1073476,482500
1073478,787500
1073482,574400
1073486,544400
1073499,0
1073500,0
1073507,842500
1073508,490000
1073510,238700
1073515,350000
1073516,741000
1073519,200000
1073520,400000
1073521,450400
1073522,136000
1073540,532000
1073545,305000
1073546,500000
1073549,0
1073550,400000
1073552,500000
1073553,0
1073555,567000
1073557,0
1073562,348900
1073568,120000
1073570,437700
1073574,431500
1073575,2344500
1073576,678500
1073581,551800
1073586,532500
1073595,0
1073597,346500
1073599,599500
1073601,400000
1073607,540000
1073610,0
1073611,0
1073618,472500
1073619,677500
1073623,482500
1073625,700000
1073626,0
1073632,1293800
1073643,0
1073651,0
1073660,493600
1073669,999000
1073679,0
1073690,320000
1073704,438500
1073715,310000
1073717,150000
1073729,0
1073734,200000
1073738,0
1073740,576000
1073741,1160600
1073742,559000
1073745,0
1073748,0
1073751,480000
1073757,471000
1073760,511300
1073761,1477600
1073762,700000
1073764,830700
1073765,472000
1073766,0
1073772,550000
1073774,1622700
1073783,101200
1073792,0
1073793,400000
1073800,926200
1073805,0
1073806,492300
1073810,450000
1073811,450000
1073813,0
1073823,400000
1073824,400000
1073827,0
1073828,470000
1073832,0
1073834,1245800
1073835,0
1073838,725400
1073845,400000
1073851,477500
1073853,0
1073857,400000
1073870,0
1073872,400000
1073879,8551400
1073880,740000
1073883,525000
1073888,620100
1073893,200000
1073899,450000
1073900,0
1073903,265000
1073905,0
1073906,325000
1073912,498500
1073918,2578900
1073919,0
1073921,150000
1073923,550000
1073933,350000
1073950,0
1073962,81000
1073965,0
1073970,490000
1073972,474000
1073974,1461000
1073979,400000
1073980,1594300
1073981,811200
1073982,1101000
1073983,487000
1073985,489100
1073986,1087600
1073989,485200
1073997,500000
1074000,478000
1074001,501000
1074004,640800
1074008,0
1074010,0
1074013,484000
1074014,0
1074015,477500
1074016,495000
1074018,150000
1074021,0
1074022,0
1074025,450100
1074028,0
1074030,700000
1074031,0
1074038,400000
1074040,487500
1074042,459000
1074043,0
1074047,450000
1074052,0
1074054,400000
1074055,0
1074058,465000
1074064,0
1074066,0
1074069,593600
1074070,0
1074071,0
1074072,1400000
1074073,250000
1074075,0
1074088,482500
1074089,1669000
1074091,0
1074095,0
1074101,530800
1074103,400000
1074109,0
1074112,450000
1074115,549500
1074118,0
1074121,3075900
1074122,0
1074125,250000
1074128,463500
1074137,150000
1074138,478000
1074139,658000
1074140,1200000
1074144,177000
1074145,400000
1074147,400000
1074152,70000
1074153,400000
1074154,2564000
1074167,0
1074172,969700
1074178,535000
1074181,450000
1074184,0
1074188,0
1074193,550000
1074197,400000
1074200,502000
1074203,935000
1074204,395000
1074205,0
1074206,610200
1074211,0
1074213,470000
1074215,509800
1074222,517500
1074225,400000
1074228,400000
1074233,1141000
1074234,1000000
1074236,1405800
1074237,454500
1074238,150000
1074249,753400
1074254,150000
1074256,150000
1074268,250000
1074270,1235500
1074282,522600
1074288,0
1074293,150000
1074297,308000
1074298,585200
1074301,526100
1074302,0
1074306,0
1074308,474000
1074311,590500
1074319,150000
1074323,488800
1074324,400000
1074326,600000
1074328,0
1074329,883800
1074332,300000
1074333,325000
1074337,470000
1074338,1866000
1074350,700000
1074357,338000
1074366,500000
1074368,495000
1074372,0
1074380,201500
1074392,0
1074393,1537100
1074394,0
1074398,380000
1074402,0
1074403,1646100
1074404,0
1074406,886300
1074427,400000
1074429,16031100
1074434,0
1074435,250000
1074438,538000
1074446,0
1074448,465000
1074451,456000
1074455,997500
1074456,482500
1074458,250000
1074464,483600
1074465,150000
1074475,200000
1074482,0
1074484,150000
1074486,0
1074488,940000
1074494,493600
1074497,400000
1074501,0
1074502,0
1074504,485000
1074506,0
1074509,478500
1074515,381000
1074517,468600
1074518,0
1074520,203600
1074527,832400
1074535,70000
1074538,1117000
1074541,1287400
1074542,150000
1074547,575300
1074548,947500
1074552,417500
1074554,0
1074558,477500
1074561,544000
1074567,534000
1074571,562500
1074572,280500
1074574,472500
1074575,400000
1074576,567500
1074579,0
1074580,400000
1074586,0
1074590,350000
1074593,400000
1074601,500000
1074602,534500
1074605,359600
1074607,550000
1074610,456000
1074613,610000
1074616,400000
1074619,1765500
1074624,705000
1074629,484000
1074631,880000
1074632,450000
1074638,701900
1074642,785200
1074654,622500
1074656,400000
1074661,447500
1074662,562000
1074669,0
1074677,0
1074678,400000
1074680,150000
1074681,500000
1074686,700000
1074688,237000
1074691,0
1074693,938800
1074694,0
1074695,465000
1074702,400000
1074703,839300
1074705,0
1074708,0
1074710,0
1074711,400000
1074715,400000
1074717,250000
1074718,150000
1074719,467500
1074724,150000
1074727,447000
1074733,465000
1074735,459300
1074737,450000
1074738,0
1074740,0
1074741,417600
1074743,598500
1074744,449100
1074749,493600
1074751,513000
1074760,434000
1074773,1196400
1074783,2539600
1074791,298500
1074794,501000
1074798,0
1074801,0
1074804,0
1074805,524000
1074806,476900
1074814,186000
1074815,2100500
1074823,150000
1074832,0
1074839,150000
1074840,0
1074844,0
1074845,0
1074846,410000
1074847,480000
1074849,250000
1074854,125000
1074862,0
1074867,3166100
1074870,0
1074873,400000
1074880,250000
1074883,250000
1074886,537400
1074888,0
1074890,0
1074895,464000
1074896,6455000
1074900,400000
1074902,619000
1074908,0
1074909,340000
1074910,145000
1074911,0
1074913,511000
1074915,489500
1074916,150000
1074917,0
1074918,492500
1074926,467200
1074927,474300
1074930,486900
1074933,350000
1074934,200000
1074937,318500
1074949,0
1074950,430000
1074951,400000
1074954,150000
1074961,150000
1074962,0
1074968,1809700
1074970,770000
1074979,145000
1074982,660100
1074991,715800
1074992,70000
1074996,0
1074997,150000
1074999,725400
1075003,297500
1075005,472000
1075010,615000
1075014,0
1075015,568400
1075032,0
1075033,400000
1075048,278000
1075049,0
1075050,400000
1075055,329500
1075061,700000
1075073,550000
1075077,0
1075082,150000
1075089,495000
1075091,950800
1075097,695200
1075105,688300
1075107,493000
1075108,0
1075116,528000
1075119,544000
1075124,0
1075126,300000
1075128,0
1075129,765400
1075131,0
1075133,150000
1075135,0
1075138,2205400
1075139,941300
1075144,125000
1075145,720000
1075153,452300
1075155,0
1075160,0
1075161,724000
1075164,669000
1075166,80000
1075168,634000
1075170,400000
1075171,400000
1075173,500000
1075179,0
1075180,450000
1075186,150000
1075187,0
1075189,398600
1075192,0
1075193,150000
1075198,0
1075202,0
1075206,675000
1075212,1036500
1075216,1091000
1075218,676000
1075220,150000
1075221,0
1075223,0
1075226,0
1075230,0
1075234,540000
1075237,865200
1075239,499000
1075240,250000
1075242,602000
1075243,400000
1075244,400000
1075253,200000
1075255,500000
1075263,575600
1075264,2000000
1075265,606000
1075266,460000
1075276,460000
1075277,0
1075278,0
1075279,945600
1075284,0
1075285,712000
1075286,898000
1075287,743000
1075290,511000
1075296,700000
1075302,511000
1075303,577000
1075307,200500
1075308,733300
1075309,463000
1075310,1345600
1075316,19458300
1075318,2010800
1075319,400000
1075325,450000
1075328,586000
1075330,1124000
1075337,811400
1075338,580000
1075340,70000
1075346,400000
1075352,400000
1075353,150000
1075358,1611600
1075362,405500
1075364,586000
1075375,993500
1075379,472000
1075382,475000
1075384,150000
1075386,0
1075388,1280000
1075389,400000
1075392,307000
1075394,641600
1075395,456000
1075396,150000
1075398,460000
1075400,0
1075401,200000
1075404,350000
1075405,0
1075406,5400
1075407,380000
1075414,0
1075415,559000
1075416,333500
1075417,400000
1075419,640000
1075420,0
1075421,250000
1075422,763200
1075423,920000
1075436,0
1075438,150000
1075439,0
1075442,758000
1075443,0
1075444,150000
1075446,0
1075448,490600
1075450,5297800
1075451,0
1075454,0
1075457,526000
1075458,867400
1075460,0
1075461,0
1075462,446200
1075466,400000
1075470,472000
1075473,0
1075475,400000
1075476,586100
1075477,469600
1075478,400000
1075482,0
1075483,0
1075484,694000
1075485,115800
1075488,80600
1075493,0
1075495,400000
1075499,979000
1075502,0
1075503,150000
1075511,431000
1075514,1066300
1075522,0
1075524,512200
1075529,734200
1075532,256700
1075536,888700
1075539,0
1075540,285000
1075541,300000
1075543,0
1075544,0
1075546,518600
1075547,0
1075548,0
1075550,498400
1075554,820000
1075557,300000
1075560,150000
1075562,450000
1075563,0
1075574,150000
1075576,0
1075577,1124000
1075580,150000
1075583,400000
1075591,467200
1075594,863000
1075595,0
1075596,0
1075598,400000
1075601,476200
1075602,560800
1075604,400000
1075605,0
1075606,400000
1075610,2298000
1075612,150000
1075613,0
1075615,0
1075616,3188100
1075620,550000
1075623,0
1075627,469000
1075628,0
1075630,532000
1075632,0
1075633,250000
1075634,400000
1075635,658000
1075642,138000
1075647,529200
1075651,19143900
1075654,464200
1075655,400000
1075656,0
1075658,145000
1075661,661000
1075663,0
1075665,0
1075666,809500
1075669,0
1075670,150000
1075673,0
1075675,511000
1075681,0
1075682,0
1075687,448600
1075688,790000
1075689,1361600
1075691,617400
1075692,462000
1075693,472600
1075695,0
1075696,400000
1075700,586000
1075702,0
1075704,490000
1075705,0
1075707,12000
1075710,300000
1075712,0
1075721,500000
1075723,470000
1075725,450000
1075728,300100
1075729,400000
1075730,7909400
1075732,0
1075741,739000
1075757,1899200
1075758,485200
1075759,1314500
1075763,640000
1075767,0
1075771,0
1075772,475000
1075773,383500
1075775,0
1075776,430200
1075782,150000
1075783,490500
1075784,0
1075789,392000
1075791,914600
1075793,400000
1075794,0
1075798,484000
1075802,400000
1075810,512200
1075811,150000
1075812,150000
1075814,1122800
1075817,0
1075818,0
1075819,0
1075820,440200
1075822,731000
1075823,360500
1075829,0
1075834,0
1075835,150000
1075838,467200
1075839,6800
1075847,1091400
1075853,0
1075856,0
1075859,247600
1075861,150000
1075863,0
1075869,800000
1075873,822000
1075877,0
1075878,0
1075887,556600
1075894,2072800
1075897,524200
1075899,855600
1075903,490000
1075904,150000
1075907,400000
1075909,0
1075911,152800
1075914,400000
1075916,0
1075918,0
1075919,250000
1075920,150000
1075924,0
1075926,461200
1075928,490000
1075929,440200
1075930,0
1075935,950000
1075938,645000
1075940,0
1075946,0
1075948,150000
1075953,0
1075955,0
1075956,1381800
1075958,486000
1075959,180000
1075961,460000
1075966,0
1075970,737000
1075972,400000
1075975,512800
1075978,256000
1075981,370000
1075984,450000
1075985,0
1075990,589000
1075992,785000
1075994,908200
1076000,438500
1076001,0
1076002,562000
1076004,1410800
1076011,700000
1076017,0
1076021,0
1076022,0
1076023,442000
1076026,250000
1076035,845000
1076043,400000
1076045,0
1076053,400000
1076055,471100
1076057,4398700
1076059,124300
1076069,546000
1076072,176900
1076078,454000
1076082,439200
1076083,400000
1076087,493600
1076089,0
1076091,150000
1076092,362000
1076094,0
1076097,0
1076106,790000
1076108,70000
1076109,0
1076112,699500
1076114,300000
1076116,355500
1076122,0
1076123,494500
1076128,748600
1076130,350000
1076132,250000
1076133,0
1076142,0
1076149,0
1076150,0
1076158,1109900
1076160,0
1076166,543400
1076168,0
1076169,710000
1076171,1155100
1076179,250000
1076181,0
1076183,819400
1076185,0
1076187,70000
1076188,0
1076189,546000
1076190,481000
1076195,475100
1076196,0
1076198,2342000
1076199,295500
1076200,485200
1076205,0
1076207,0
1076209,19600
1076210,946400
1076213,592300
1076217,0
1076218,544000
1076220,517800
1076222,1035000
1076224,500000
1076226,400000
1076228,476200
1076229,502000
1076230,435500
1076232,250000
1076233,575000
1076237,689800
1076238,150000
1076241,1605500
1076243,868200
1076244,0
1076245,150000
1076252,0
1076254,150000
1076256,400000
1076257,500000
1076260,198000
1076261,680000
1076263,610700
1076266,400000
1076278,0
1076279,300000
1076280,0
1076281,378000
1076282,0
1076285,200000
1076287,824700
1076290,400000
1076291,150000
1076297,400000
1076304,0
1076305,1099800
1076308,506000
1076310,712000
1076315,0
1076319,1076900
1076326,801000
1076328,400000
1076329,326000
1076331,488000
1076335,579400
1076337,500000
1076346,0
1076348,250000
1076349,400000
1076352,778000
1076355,250000
1076356,400000
1076358,150000
1076362,0
1076364,470000
1076365,400000
1076366,400000
1076372,0
1076376,760000
1076377,1500000
1076378,742400
1076381,150000
1076386,169000
1076389,439600
1076395,600000
1076405,0
1076407,0
1076416,1650000
1076417,400000
1076418,350000
1076419,200000
1076420,586000
1076430,454000
1076431,0
1076434,350000
1076437,650000
1076444,350000
1076448,810000
1076449,0
1076450,610100
1076456,0
1076457,110000
1076459,3370800
1076460,504500
1076462,0
1076464,503200
1076468,1089500
1076469,511000
1076470,5541100
1076475,135000
1076478,327900
1076480,0
1076483,85000
1076486,150000
1076487,590000
1076489,563800
1076490,0
1076492,0
1076495,400000
1076497,184200
1076501,0
1076502,0
1076503,4013400
1076506,914600
1076510,257400
1076518,835000
1076519,0
1076522,0
1076524,757700
1076528,342000
1076530,399000
1076533,150000
1076547,0
1076551,467900
1076555,200000
1076561,100000
1076562,470000
1076564,1111300
1076569,350000
1076572,545200
1076573,0
1076576,503200
1076582,455000
1076583,1050000
1076590,849000
1076592,0
1076593,472500
1076594,472100
1076603,0
1076604,1214200
1076605,1226500
1076610,481000
1076611,0
1076612,8772400
1076613,160000
1076617,0
1076620,400000
1076622,70000
1076623,0
1076626,514800
1076628,0
1076630,400000
1076634,200000
1076636,472000
1076641,0
1076642,0
1076643,0
1076647,0
1076648,325800
1076650,200000
1076651,150000
1076655,0
1076659,70000
1076662,490000
1076667,297800
1076669,150000
1076675,545000
1076679,0
1076683,225000
1076684,150000
1076687,0
1076689,350000
1076691,428900
1076693,0
1076695,476500
1076696,300000
1076700,145000
1076701,0
1076704,417100
1076706,0
1076707,411500
1076709,150000
1076711,0
1076712,390000
1076714,659600
1076719,150000
1076722,2225600
1076728,0
1076729,647000
1076732,285800
1076735,150000
1076744,0
1076764,0
1076766,0
1076767,150000
1076771,0
1076773,250000
1076777,550000
1076782,0
1076783,0
1076787,400000
1076794,70000
1076805,0
1076807,1025500
1076811,444400
1076814,0
1076817,0
1076820,485000
1076822,200000
1076824,0
1076825,0
1076829,48000
1076831,0
1076837,0
1076841,0
1076850,2550000
1076852,0
1076856,431000
1076858,365000
1076860,451000
1076865,1015000
1076871,488000
1076873,350000
1076875,0
1076882,0
1076884,135000
1076886,70000
1076890,157000
1076896,145000
1076899,250000
1076900,95000
1076905,700000
1076912,432500
1076916,291000
1076917,0
1076918,229000
1076919,150000
1076920,0
1076924,0
1076925,700000
1076929,150000
1076933,150000
1076935,2155500
1076937,351000
1076938,150000
1076943,611200
1076946,150000
1076947,300000
1076951,150000
1076952,300000
1076960,150000
1076962,0
1076963,150000
1076964,1912900
1076970,150000
1076975,150000
1076978,150000
1076979,0
1076980,150000
1076981,450400
1076984,150000
1076990,150000
1076993,200000
1076994,460000
1076996,150000
1076998,1952800
1077001,22985000
1077011,250000
1077013,250000
1077014,0
1077018,496000
1077025,650000
1077027,1631000
1077029,467500
1077030,200000
1077034,0
1077036,656500
1077038,0
1077048,0
1077052,550000
1077057,250000
1077064,150000
1077065,0
1077083,0
1077093,250000
1077094,422000
1077108,0
1077111,0
1077119,610500
1077126,1022700
1077142,757000
1077147,450000
1077149,200000
1077163,250000
1077168,200000
1077169,667000
1077172,419400
1077173,400000
1077180,70000
1077182,991500
1077187,0
1077198,2764200
1077199,200000
1077205,200000
1077207,1330000
1077216,0
1077219,0
1077220,200000
1077229,708000
1077245,0
1077247,150000
1077260,250000
1077263,783300
1077268,450000
1077301,0
1077309,400000
1077311,0
1077320,0
1077324,300000
1077335,0
1077344,600000
1077349,150000
1077364,0
1077367,445800
1077368,331000
1077375,150000
1077379,0
1077382,0
1077383,250000
1077384,765000
1077395,700000
1077398,492000
1077412,1085000
1077422,292400
1077426,824400
1077434,466000
1077435,145000
1077437,450000
1077440,0
1077442,0
1077445,320000
1077446,0
1077455,400000
1077462,486400
1077463,200000
1077473,0
1077478,467500
1077485,0
1077486,400000
1077488,400000
1077519,800000
1077520,350000
1077524,0
1077531,0
1077534,600000
1077544,616000
1077548,195000
1077553,450000
1077560,465000
1077562,450000
1077569,450000
1077571,0
1077575,1202000
1077579,952500
1077583,0
1077584,0
1077598,6157400
1077610,472000
1077612,500000
1077615,6800
1077617,250000
1077620,0
1077627,1767300
1077630,1034000
1077634,786500
1077637,339500
1077638,250000
1077639,605000
1077644,782000
1077647,0
1077658,321000
1077659,0
1077664,300000
1077668,989500
1077673,500000
1077679,400000
1077693,283500
1077695,800000
1077699,6800
1077704,620000
1077711,0
1077726,430000
1077733,395000
1077737,345000
1077742,0
1077743,470800
1077746,0
1077750,550000
1077752,732000
1077754,458500
1077763,0
1077774,484000
1077783,200000
1077787,0
1077792,750500
1077794,677500
1077796,327500
1077801,844000
1077806,150000
1077822,377500
1077823,400000
1077833,470800
1077834,749700
1077835,0
1077847,440200
1077848,0
1077850,424700
1077851,0
1077854,875000
1077858,973800
1077864,0
1077865,200000
1077866,0
1077871,470800
1077872,440200
1077876,250000
1077877,350000
1077878,3800
1077890,606700
1077894,0
1077895,350000
1077900,580000
1077907,454000
1077909,150000
1077915,1500
1077918,1000
1077924,503200
1077930,525000
1077938,1090000
1077939,0
1077945,400000
1077949,467500
1077969,490000
1077972,547000
1077974,499000
1077979,150000
1077983,400000
1077986,723800
1077988,514000
1077989,926300
1077993,500000
1077994,0
1077997,348600
1078010,1000
1078012,400000
1078013,1007000
1078018,499000
1078022,393800
1078026,1006800
1078031,700000
1078039,384000
1078041,208000
1078042,210000
1078043,1094600
1078046,0
1078047,485200
1078051,0
1078054,1000
1078076,400000
1078081,400000
1078085,259000
1078095,799000
1078097,250000
1078099,150000
1078100,0
1078105,0
1078106,790300
1078108,0
1078113,0
1078119,255000
1078120,0
1078124,500000
1078126,0
1078132,400000
1078133,953200
1078135,0
1078138,1503900
1078144,350000
1078145,577400
1078147,643500
1078157,0
1078162,606000
1078163,654000
1078164,203700
1078168,400000
1078190,400000
1078193,747500
1078194,0
1078198,400000
1078200,466000
1078204,450000
1078205,2319500
1078213,70000
1078214,435000
1078225,0
1078231,776800
1078232,320000
1078233,0
1078241,518000
1078244,0
1078247,0
1078248,387700
1078250,1512200
1078253,512800
1078260,1156200
1078261,475000
1078263,606600
1078270,530000
1078280,0
1078285,490000
1078287,833400
1078291,493000
1078292,150000
1078293,490000
1078299,628000
1078302,225000
1078304,7525900
1078306,564000
1078309,0
1078310,568000
1078311,656200
1078312,0
1078314,0
1078315,310000
1078316,1026000
1078321,0
1078322,460000
1078326,225000
1078335,3000
1078337,400000
1078339,442000
1078347,466000
1078348,70000
1078359,2110000
1078367,466000
1078368,0
1078369,250000
1078371,0
1078373,0
1078375,525400
1078377,745000
1078378,397000
1078379,0
1078395,0
1078397,850800
1078398,336000
1078403,626800
1078407,75000
1078408,488500
1078411,0
1078418,0
1078419,400000
1078420,0
1078427,150000
1078429,300000
1078430,589000
1078431,0
1078442,488800
1078443,250000
1078445,477400
1078446,704600
1078448,460000
1078452,1425700
1078453,2100000
1078462,319000
1078465,0
1078467,0
1078471,6500
1078474,0
1078476,520600
1078477,530200
1078478,817700
1078481,541000
1078482,596400
1078484,433500
1078489,1320000
1078498,0
1078499,1983600
1078500,0
1078501,470800
1078502,285000
1078503,895100
1078506,0
1078511,0
1078525,400000
1078527,613800
1078528,400000
1078532,0
1078534,250000
1078541,738500
1078542,755500
1078544,0
1078551,600000
1078555,733000
1078561,250000
1078564,150000
1078568,470800
1078573,755000
1078577,0
1078582,0
1078583,336000
1078587,608200
1078591,1000000
1078593,500000
1078594,150000
1078596,200000
1078598,851000
1078599,0
1078600,491500
1078601,400000
1078606,0
1078607,410400
1078609,466600
1078613,556000
1078614,0
1078616,0
1078619,0
1078620,525000
1078621,0
1078622,0
1078629,0
1078630,960600
1078639,448000
1078644,532000
1078646,531500
1078654,228000
1078658,133500
1078665,350000
1078666,460000
1078667,562000
1078669,0
1078670,36400
1078675,350000
1078679,470800
1078680,0
1078681,0
1078683,829000
1078688,0
1078691,401700
1078701,940000
1078702,400000
1078705,360000
1078707,727000
1078710,1368000
1078716,545000
1078726,1235200
1078727,304000
1078728,0
1078730,650000
1078734,0
1078737,150000
1078740,5659700
1078742,0
1078755,0
1078757,1227000
1078762,150000
1078763,400000
1078767,948400
1078775,400000
1078776,150000
1078784,744000
1078786,469000
1078790,150000
1078791,550000
1078795,400000
1078797,1000000
1078799,151800
1078800,506500
1078811,710300
1078815,95000
1078817,357200
1078820,0
1078823,1590800
1078830,459400
1078835,0
1078836,300000
1078839,250000
1078844,152000
1078845,529600
1078851,1222500
1078859,300000
1078860,0
1078861,393400
1078867,643200
1078869,150000
1078876,150000
1078877,1107800
1078883,0
1078886,0
1078893,450000
1078894,307300
1078895,420000
1078896,0
1078899,0
1078905,1088000
1078914,742000
1078918,466000
1078919,150000
1078920,294000
1078929,150000
1078930,0
1078932,646000
1078936,463000
1078942,440800
1078950,0
1078952,150000
1078955,0
1078960,400000
1078965,447400
1078966,489800
1078970,150000
1078971,550000
1078977,0
1078978,450000
1078979,300000
1078982,0
1078984,0
1078987,0
1078991,445000
1078995,250000
1078998,150000
1079001,150000
1079005,150000
1079007,905000
1079010,0
1079013,717100
1079015,150000
1079016,0
1079017,0
1079025,400000
1079032,1030500
1079033,2270000
1079037,412500
1079039,550000
1079043,481600
1079048,0
1079050,440200
1079055,489400
1079056,70000
1079058,0
1079059,622600
1079076,400000
1079079,150000
1079080,595000
1079086,70000
1079090,70000
1079094,550000
1079096,2410100
1079101,106400
1079102,400000
1079105,179200
1079109,1699900
1079118,320000
1079121,0
1079124,400000
1079127,0
1079130,49000
1079131,250000
1079132,2328500
1079136,483000
1079143,180000
1079152,691600
1079155,1064000
1079157,0
1079160,604000
1079164,780000
1079167,0
1079168,440200
1079178,1605400
1079179,484000
1079180,481000
1079184,475200
1079185,402700
1079191,399400
1079204,949500
1079208,358000
1079209,400000
1079210,744000
1079212,941700
1079216,1732000
1079223,1916200
1079226,400000
1079242,0
1079244,178600
1079253,0
1079254,300000
1079256,0
1079264,0
1079270,0
1079275,698200
1079278,575000
1079281,1236900
1079301,561200
1079308,400000
1079310,1640600
1079311,0
1079314,710500
1079316,1400000
1079323,0
1079327,0
1079351,2770500
1079359,400000
1079362,0
1079369,0
1079382,400000
1079389,639400
1079391,0
1079396,1104000
1079403,413000
1079404,0
1079407,0
1079410,415500
1079411,250000
1079418,447400
1079422,596800
1079427,250000
1079430,3111100
1079431,482800
1079433,750000
1079435,900100
1079436,624600
1079440,490000
1079444,842800
1079445,400000
1079446,535000
1079447,595000
1079452,454000
1079453,0
1079455,508000
1079457,0
1079464,443600
1079469,0
1079472,4191300
1079474,472000
1079476,1500000
1079485,630000
1079491,476500
1079495,493000
1079499,400000
1079501,500200
1079507,0
1079511,0
1079514,300000
1079521,400000
1079523,0
1079526,0
1079527,688000
1079529,62400
1079542,400000
1079547,310000
1079548,576400
1079550,250000
1079555,453000
1079560,0
1079568,1981200
1079572,130000
1079579,740300
1079580,63000
1079581,699000
1079585,547000
1079586,1150000
1079591,479200
1079592,0
1079593,0
1079601,150000
1079605,6000
1079607,0
1079618,580000
1079619,585600
1079621,425700
1079623,0
1079626,0
1079627,500000
1079629,400000
1079632,315400
1079637,0
1079640,0
1079642,250000
1079653,500800
1079658,475000
1079659,481500
1079662,250000
1079666,200000
1079676,482200
1079678,400000
1079684,251800
1079693,0
1079699,0
1079701,595000
1079702,648400
1079704,593000
1079708,0
1079709,906000
1079731,215200
1079732,680000
1079743,0
1079744,150000
1079746,6800
1079747,400000
1079752,644800
1079756,520000
1079757,350000
1079770,725000
1079772,463000
1079774,200000
1079782,0
1079785,574000
1079787,0
1079788,0
1079791,826000
1079795,445000
1079802,472000
1079804,0
1079805,330000
1079807,215000
1079810,850000
1079815,68700
1079817,630500
1079819,470000
1079823,635800
1079827,1308000
1079828,470100
1079831,817400
1079841,0
1079842,887000
1079843,0
1079845,1867100
1079847,450000
1079848,500000
1079849,599200
1079856,0
1079858,500000
1079861,806000
1079871,490000
1079872,493000
1079874,132700
1079879,647000
1079885,371300
1079891,400000
1079893,435700
1079902,150000
1079913,434000
1079919,452800
1079923,0
1079925,571000
1079926,140000
1079939,633400
1079945,584000
1079948,1081000
1079949,400000
1079959,0
1079960,568000
1079963,0
1079965,400000
1079967,350000
1079972,471000
1079973,0
1079975,761800
1079980,350000
1079981,0
1079984,250000
1079992,400000
1079995,250000
1079999,0
1080009,770000
1080011,250000
1080013,0
1080018,306000
1080019,601000
1080020,350000
1080023,201500
1080027,0
1080032,604000
1080034,467200
1080036,1026200
1080039,843200
1080050,0
1080053,200000
1080055,0
1080058,0
1080060,836000
1080061,235000
1080064,493000
1080069,664000
1080071,567600
1080072,594800
1080076,803800
1080078,131300
1080086,0
1080088,0
1080089,400000
1080099,106600
1080100,0
1080110,547800
1080113,106600
1080114,350000
1080117,0
1080120,550000
1080126,1626200
1080130,0
1080135,290800
1080138,664000
1080143,476800
1080145,0
1080147,0
1080148,664000
1080150,15100
1080153,550000
1080154,677100
1080156,500000
1080157,729600
1080160,448000
1080161,0
1080167,390000
1080173,0
1080178,0
1080182,473200
1080184,70000
1080186,754400
1080187,390000
1080188,516400
1080190,1500
1080203,300000
1080206,0
1080210,692200
1080212,87400
1080220,532000
1080226,4274000
1080230,918000
1080233,591700
1080239,913000
1080241,0
1080243,195000
1080248,740000
1080249,70000
1080257,484000
1080260,0
1080266,0
1080274,1500
1080293,0
1080295,890000
1080296,526100
1080297,1000000
1080312,460000
1080313,449200
1080314,696900
1080329,0
1080331,484600
1080336,1536500
1080340,508000
1080341,600000
1080342,550000
1080347,5362500
1080358,502000
1080360,0
1080362,0
1080367,633000
1080369,490000
1080371,0
1080376,440200
1080378,460000
1080382,1700000
1080388,983300
1080389,0
1080400,309000
1080405,0
1080407,0
1080410,551200
1080416,0
1080418,844000
1080419,486400
1080420,315000
1080424,0
1080425,0
1080428,0
1080430,0
1080432,0
1080433,4660600
1080435,754000
1080440,442000
1080445,609800
1080458,0
1080463,631200
1080467,565300
1080471,0
1080488,150000
1080489,407100
1080491,521400
1080492,416300
1080501,535000
1080504,490000
1080510,400000
1080511,470000
1080513,487000
1080518,578700
1080529,713100
1080530,454000
1080534,481000
1080535,526000
1080540,548200
1080542,550000
1080546,145000
1080548,0
1080556,400000
1080557,508000
1080561,1500
1080563,150000
1080569,400000
1080571,520000
1080586,563200
1080587,510000
1080591,145000
1080594,0
1080603,70000
1080605,0
1080606,450000
1080608,359000
1080612,0
1080614,145000
1080616,431000
1080619,450000
1080620,1030000
1080621,252800
1080624,389300
1080630,250000
1080637,808000
1080639,0
1080643,0
1080644,0
1080645,709800
1080646,540000
1080647,0
1080650,450100
1080653,7629900
1080654,509200
1080659,450100
1080663,0
1080664,523600
1080665,690000
1080666,350000
1080667,0
1080670,450000
1080673,498400
1080676,613800
1080678,150000
1080683,978600
1080687,550000
1080688,400000
1080693,1049000
1080694,0
1080698,655500
1080699,650000
1080704,598000
1080705,400000
1080709,435500
1080713,659800
1080717,700000
1080719,0
1080724,0
1080726,466000
1080728,615800
1080729,801300
1080741,461200
1080742,350000
1080744,0
1080750,0
1080753,500200
1080761,119000
1080765,0
1080769,0
1080773,1914300
1080781,599300
1080785,0
1080787,400000
1080788,360000
1080791,451000
1080792,0
1080799,0
1080801,370000
1080806,530000
1080812,0
1080813,0
1080822,470000
1080823,803200
1080826,467200
1080830,400000
1080833,859600
1080835,400000
1080837,0
1080840,464000
1080843,0
1080846,653200
1080847,497000
1080851,255000
1080852,0
1080860,387000
1080861,0
1080862,576600
1080875,0
1080877,0
1080879,200000
1080881,400000
1080882,297500
1080885,0
1080886,512600
1080887,0
1080895,400000
1080897,260000
1080905,500000
1080906,0
1080908,400000
1080915,140000
1080918,600000
1080922,400000
1080924,469000
1080927,470000
1080930,768000
1080931,450000
1080932,2714800
1080934,0
1080936,0
1080938,400000
1080939,323400
1080940,503200
1080945,400000
1080950,400000
1080953,400000
1080956,0
1080960,200000
1080965,337800
1080971,545000
1080976,0
1080985,250000
1080986,623800
1080988,325400
1080990,1808200
1080998,400000
1081001,250000
1081002,400000
1081007,0
1081015,1624200
1081021,450000
1081031,0
1081032,0
1081046,545000
1081048,400000
1081050,300000
1081053,0
1081055,550000
1081059,679000
1081062,400000
1081065,200000
1081070,400000
1081072,568000
1081073,482000
1081076,250000
1081079,700000
1081080,0
1081083,483400
1081085,635000
1081087,120000
1081091,0
1081096,818000
1081097,0
1081101,478000
1081110,0
1081111,550000
1081118,0
1081120,0
1081125,2376800
1081128,0
1081132,0
1081136,400000
1081147,0
1081149,524800
1081157,1499300
1081159,537500
1081160,400000
1081163,638200
1081164,511000
1081165,0
1081166,550000
1081169,475000
1081170,350000
1081171,500200
1081177,305500
1081179,258500
1081180,0
1081183,859000
1081186,439600
1081187,530000
1081189,0
1081197,150000
1081203,0
1081205,495000
1081206,0
1081210,0
1081217,0
1081219,400000
1081223,0
1081224,280500
1081227,497800
1081230,580000
1081232,395000
1081237,592600
1081238,400000
1081239,0
1081251,550000
1081252,0
1081253,460000
1081255,687900
1081258,0
1081264,0
1081266,0
1081277,572500
1081281,0
1081283,0
1081284,400000
1081287,1729700
1081292,650000
1081293,400000
1081297,685400
1081301,1267400
1081305,1573100
1081314,0
1081315,400000
1081319,554200
1081321,175000
1081322,0
1081328,400000
1081339,472000
1081341,0
1081342,0
1081346,0
1081351,0
1081352,0
1081353,255000
1081354,150000
1081362,0
1081364,0
1081366,475000
1081368,0
1081369,0
1081374,675000
1081378,400000
1081379,400000
1081380,582000
1081381,565600
1081386,400000
1081387,141300
1081389,490000
1081394,0
1081396,200000
1081400,0
1081401,150000
1081402,372900
1081407,0
1081413,596800
1081415,2370000
1081416,859000
1081418,150000
1081421,0
1081424,709000
1081425,1062000
1081427,440200
1081433,689300
1081438,307500
1081440,565000
1081441,0
1081443,540000
1081444,513000
1081447,476200
1081449,0
1081450,0
1081453,0
1081456,716100
1081457,0
1081458,400000
1081460,115000
1081463,675800
1081469,392000
1081473,0
1081478,0
1081480,550000
1081481,0
1081482,400000
1081488,305000
1081494,1026400
1081497,0
1081499,442000
1081501,750000
1081502,400000
1081503,525300
1081519,2231000
1081529,263100
1081536,400000
1081541,427000
1081544,0
1081547,370000
1081557,150000
1081558,150000
1081564,150000
1081569,0
1081570,485500
1081571,467500
1081572,0
1081574,826000
1081582,3224200
1081584,150000
1081588,0
1081602,0
1081603,0
1081605,400000
1081607,568000
1081610,0
1081615,506500
1081623,605200
1081631,1344500
1081632,300000
1081633,250000
1081636,465000
1081638,460000
1081641,0
1081651,1240000
1081656,400000
1081658,0
1081659,559000
1081661,200000
1081664,0
1081668,412500
1081678,0
1081681,390900
1081686,463000
1081688,0
1081692,0
1081698,450000
1081701,979000
1081702,510400
1081703,0
1081704,0
1081708,334000
1081710,925300
1081717,200000
1081719,350000
1081720,0
1081721,0
1081722,1849800
1081724,730800
1081725,474000
1081728,400000
1081729,0
1081731,0
1081736,0
1081737,549400
1081742,1367000
1081750,520500
1081756,400000
1081759,433000
1081760,452500
1081771,709000
1081773,456000
1081778,550000
1081779,0
1081790,584000
1081797,0
1081799,400000
1081804,1149500
1081805,851100
1081807,450000
1081809,137000
1081815,0
1081816,60000
1081818,750500
1081819,1035800
1081820,480000
1081821,400000
1081822,1757200
1081824,349300
1081826,400000
1081828,550000
1081829,0
1081830,143800
1081835,150000
1081837,895000
1081839,349000
1081843,0
1081849,0
1081853,146900
1081858,1085200
1081860,454000
1081867,400000
1081880,306000
1081882,500000
1081885,293800
1081890,385600
1081909,0
1081910,454600
1081912,460100
1081914,258900
1081923,496000
1081925,1010000
1081931,180000
1081932,470000
1081935,508000
1081938,475000
1081939,400000
1081943,465100
1081947,700000
1081959,450000
1081962,605600
1081963,150000
1081967,652000
1081968,1500
1081969,0
1081971,0
1081973,472000
1081974,467200
1081975,0
1081976,0
1081981,619000
1081987,0
1081990,517000
1081991,452800
1081992,0
1081996,490000
1081999,250000
1082004,0
1082005,140000
1082006,666400
1082012,0
1082013,0
1082014,338000
1082016,0
1082018,485200
1082019,0
1082020,0
1082023,130000
1082038,0
1082039,0
1082044,379600
1082045,0
1082047,400000
1082052,840900
1082058,400000
1082059,70000
1082063,0
1082064,550000
1082069,470000
1082073,490000
1082079,0
1082080,0
1082088,270000
1082090,0
1082099,0
1082101,556800
1082103,150000
1082109,0
1082123,0
1082125,130000
1082128,460000
1082138,956500
1082142,0
1082144,396000
1082145,70000
1082151,592000
1082159,0
1082166,0
1082171,308500
1082181,469300
1082187,1172300
1082188,0
1082195,0
1082197,0
1082199,70000
1082200,608000
1082202,0
1082208,350000
1082214,0
1082220,0
1082225,250000
1082227,0
1082229,0
1082231,1570800
1082238,457500
1082243,250000
1082246,0
1082253,592400
1082255,744000
1082261,605000
1082262,0
1082264,0
1082272,0
1082273,299000
1082274,200000
1082275,293500
1082285,145000
1082288,0
1082295,0
1082300,674500
1082302,400000
1082309,463000
1082312,550000
1082313,505000
1082317,0
1082332,734400
1082338,763800
1082339,450000
1082341,400000
1082346,0
1082354,850000
1082363,508000
1082364,0
1082376,0
1082377,696600
1082381,477200
1082389,0
1082392,456000
1082400,70000
1082402,0
1082403,371800
1082409,508000
1082411,351000
1082417,0
1082421,228800
1082427,0
1082431,0
1082433,702000
1082444,550000
1082448,280000
1082450,135000
1082461,276000
1082473,2070800
1082475,0
1082488,478000
1082490,455000
1082491,0
1082497,400000
1082502,553000
1082503,0
1082517,432000
1082522,300000
1082538,250000
1082539,455000
1082546,700000
1082559,799400
1082560,654200
1082563,0
1082568,450000
1082572,545000
1082577,500000
1082579,200000
1082581,650000
1082582,1169500
1082585,538000
1082588,0
1082592,0
1082597,492000
1082598,0
1082602,592600
1082617,424500
1082618,0
1082620,996400
1082624,877500
1082632,150000
1082635,250000
1082649,150000
1082653,300000
1082656,350000
1082660,0
1082661,350000
1082668,0
1082670,0
1082671,0
1082675,600000
1082676,788000
1082677,0
1082688,0
1082696,0
1082704,418500
1082705,0
1082712,331000
1082718,522000
1082726,351500
1082730,0
1082734,0
1082742,645000
1082744,0
1082749,200000
1082752,502500
1082754,652600
1082757,0
1082759,0
1082763,0
1082767,0
1082774,0
1082776,0
1082783,0
1082790,0
1082796,144000
1082800,6074900
1082802,0
1082803,555000
1082805,0
1082809,0
1082810,0
1082813,0
1082821,0
1082829,170000
1082830,150000
1082835,300000
1082836,210000
1082837,1564400
1082839,0
1082844,0
1082850,0
1082853,574400
1082857,0
1082861,0
1082864,0
1082867,250000
1082870,563000
1082872,950500
1082877,350000
1082878,0
1082880,0
1082881,80000
1082884,0
1082886,1568600
1082896,630000
1082907,0
1082912,501500
1082919,1194200
1082923,578000
1082927,554800
1082941,3455000
1082942,404700
1082948,1081000
1082959,252000
1082960,400000
1082975,0
1082983,400000
1082987,350000
1083003,200000
1083004,322000
1083006,2070000
1083008,150000
1083009,0
1083010,1044000
1083037,996400
1083042,1516700
1083044,700000
1083047,600000
1083048,376700
1083068,70000
1083070,143000
1083083,200000
1083089,0
1083099,0
1083104,314300
1083113,250000
1083123,0
1083139,288000
1083149,180000
1083152,0
1083153,437000
1083167,401400
1083173,0
1083184,0
1083185,520000
1083189,250000
1083196,70000
1083199,0
1083200,470000
1083214,0
1083221,0
1083228,290000
1083229,435200
1083241,468600
1083247,716900
1083253,0
1083256,486400
1083257,0
1083262,550000
1083263,0
1083270,328000
1083274,0
1083275,0
1083282,0
1083284,0
1083288,0
1083291,350000
1083304,0
1083307,337500
1083320,2170400
1083329,250000
1083330,349900
1083331,114000
1083337,496400
1083338,576000
1083339,0
1083341,354000
1083348,150000
1083350,250000
1083352,0
1083358,525600
1083362,400000
1083363,250000
1083364,350000
1083368,938900
1083378,0
1083384,700000
1083396,0
1083398,0
1083399,450000
1083406,497700
1083410,600000
1083411,0
1083417,390000
1083423,2649800
1083435,1318600
1083445,285000
1083447,636000
1083453,145000
1083459,0
1083461,200000
1083462,0
1083464,428400
1083493,373500
1083496,0
1083497,0
1083498,0
1083506,0
1083508,0
1083514,804600
1083515,330000
1083520,0
1083521,0
1083523,306000
1083525,0
1083530,250000
1083534,514500
1083535,70000
1083538,0
1083550,1271900
1083563,500000
1083572,339500
1083573,0
1083574,250000
1083582,0
1083587,0
1083590,200000
1083591,450000
1083604,0
1083605,400000
1083610,0
1083616,468900
1083619,350000
1083624,0
1083629,400000
1083638,625000
1083644,400000
1083648,350000
1083654,801600
1083657,496000
1083660,255300
1083664,1525100
1083669,0
1083676,367500
1083679,0
1083684,594500
1083689,460500
1083692,0
1083699,600000
1083711,0
1083715,250000
1083717,683000
1083720,400000
1083731,701500
1083736,0
1083740,515600
1083745,522500
1083760,0
1083762,70000
1083765,0
1083784,510000
1083785,0
1083787,0
1083789,1288600
1083793,0
1083797,305000
1083807,150000
1083809,530800
1083816,400000
1083819,0
1083821,470000
1083827,379800
1083832,565000
1083836,1000600
1083838,0
1083845,0
1083847,0
1083849,400000
1083851,620500
1083853,748100
1083855,0
1083859,700000
1083860,450000
1083875,462500
1083878,448200
1083886,400000
1083892,369000
1083896,898600
1083897,3259000
1083898,0
1083905,459500
1083906,208000
1083907,0
1083913,0
1083914,0
1083924,400000
1083926,1195500
1083928,0
1083929,150000
1083931,592000
1083934,350000
1083936,400000
1083937,501000
1083944,0
1083945,0
1083946,411900
1083950,790000
1083951,0
1083953,696500
1083958,342000
1083975,400000
1083982,0
1083987,535000
1083988,0
1083989,477500
1083991,415100
1083996,0
1083998,722400
1083999,600000
1084000,456000
1084001,400000
1084002,570000
1084004,0
1084006,0
1084012,0
1084014,0
1084017,0
1084020,0
1084021,600000
1084035,450000
1084036,312000
1084042,475000
1084049,482000
1084051,400000
1084055,70000
1084058,0
1084060,351000
1084062,0
1084065,400000
1084066,525000
1084068,1500
1084075,0
1084076,439500
1084083,0
1084084,0
1084085,646500
1084087,1647500
1084091,800000
1084094,150000
1084096,947300
1084102,0
1084110,0
1084114,0
1084120,806000
1084121,499000
1084125,400000
1084134,0
1084135,553000
1084138,0
1084140,0
1084143,349000
1084152,1274000
1084156,400000
1084165,550000
1084174,555000
1084184,0
1084185,455000
1084186,470000
1084187,250000
1084195,901300
1084197,544100
1084200,0
1084201,150000
1084203,445000
1084210,864500
1084215,0
1084217,230000
1084222,0
1084232,500000
1084238,552000
1084242,400000
1084249,476500
1084252,400000
1084253,0
1084254,457000
1084258,640900
1084260,0
1084270,546000
1084273,450000
1084275,140000
1084282,0
1084285,0
1084290,0
1084292,462600
1084293,585000
1084305,0
1084306,400000
1084308,200000
1084309,0
1084311,500000
1084316,400000
1084325,1034000
1084327,460000
1084329,542500
1084330,0
1084332,381000
1084334,311600
1084335,450000
1084336,145000
1084337,505000
1084346,315500
1084347,0
1084351,358500
1084354,504000
1084358,476800
1084360,70000
1084362,1500
1084378,836800
1084384,507000
1084391,0
1084396,400000
1084398,747400
1084410,400000
1084415,0
1084418,550000
1084425,400000
1084427,200000
1084432,0
1084434,500000
1084438,0
1084450,461300
1084454,0
1084459,338500
1084460,250000
1084468,760600
1084470,0
1084471,0
1084477,1834000
1084478,345200
1084485,150000
1084491,0
1084501,440200
1084505,0
1084506,150000
1084507,482500
1084512,110000
1084518,0
1084526,538000
1084530,437800
1084531,11600
1084535,400000
1084538,400000
1084547,381000
1084548,142000
1084549,150000
1084550,550000
1084557,972000
1084559,490000
1084564,885000
1084568,150000
1084571,980000
1084574,0
1084575,584000
1084580,510000
1084582,350000
1084587,0
1084590,579100
1084595,250000
1084597,444000
1084602,698300
1084603,465000
1084607,0
1084608,300000
1084611,0
1084614,150000
1084626,145000
1084629,1505600
1084632,300000
1084635,0
1084639,487600
1084640,495000
1084648,711600
1084651,250000
1084658,541000
1084659,0
1084661,555000
1084664,534000
1084674,475500
1084675,0
1084677,3650800
1084690,609400
1084691,350000
1084699,213000
1084705,40000
1084706,300000
1084711,754100
1084712,485000
1084715,800000
1084718,0
1084723,450000
1084724,696100
1084727,1084000
1084731,679000
1084739,0
1084742,985000
1084746,1730000
1084747,536000
1084748,628000
1084750,70000
1084755,0
1084757,477500
1084761,440000
1084763,770000
1084764,1673300
1084766,454000
1084768,200000
1084770,400000
1084782,630000
1084787,0
1084789,0
1084792,525000
1084794,628000
1084801,455000
1084807,1997500
1084814,0
1084815,400000
1084824,460000
1084827,0
1084832,430000
1084833,0
1084836,0
1084844,460000
1084845,886500
1084847,1780500
1084857,475000
1084860,718900
1084863,145000
1084866,0
1084869,7182100
1084871,875000
1084876,538300
1084877,1000000
1084883,468500
1084887,89400
1084891,135000
1084893,400000
1084894,400000
1084896,150000
1084897,450000
1084901,465000
1084902,430200
1084905,0
1084908,150000
1084923,1060000
1084925,150000
1084926,0
1084927,0
1084928,0
1084931,250000
1084934,475000
1084937,472800
1084939,200000
1084940,550000
1084942,400000
1084944,455000
1084947,400000
1084948,881000
1084950,455100
1084960,520000
1084963,400000
1084966,0
1084967,0
1084968,0
1084971,0
1084973,615600
1084984,452500
1084986,0
1084994,400000
1084995,350000
1084998,350000
1085007,112000
1085009,70000
1085011,500000
1085013,689800
1085016,643000
1085021,460000
1085026,394000
1085027,0
1085031,780000
1085032,325000
1085035,2300
1085041,512000
1085044,482500
1085047,583100
1085056,947500
1085057,0
1085062,947700
1085063,628500
1085068,150000
1085072,479400
1085076,0
1085083,350000
1085084,0
1085086,0
1085093,6134300
1085102,497500
1085104,780000
1085107,550000
1085110,369400
1085117,646000
1085119,400000
1085121,0
1085122,457500
1085128,470000
1085132,500000
1085135,462500
1085136,367500
1085139,0
1085140,400000
1085145,400100
1085152,0
1085157,1679300
1085159,490000
1085166,0
1085168,450000
1085172,0
1085174,150000
1085175,360000
1085180,0
1085188,400000
1085191,709000
1085192,100000
1085193,1443200
1085194,150000
1085195,835200
1085196,0
1085198,250000
1085208,460000
1085221,0
1085223,400000
1085227,157500
1085229,431500
1085237,0
1085238,250000
1085242,456000
1085243,0
1085256,485000
1085257,550000
1085264,472600
1085270,497500
1085276,0
1085277,346500
1085278,0
1085292,0
1085295,700000
1085296,560000
1085297,695000
1085305,0
1085310,0
1085314,350000
1085315,1059000
1085327,420000
1085329,550000
1085331,300000
1085338,300000
1085339,400000
1085340,490000
1085347,0
1085349,720300
1085353,859000
1085356,0
1085359,483500
1085362,700000
1085364,482500
1085370,480000
1085374,317600
1085380,469500
1085386,500000
1085393,400000
1085395,0
1085401,508000
1085402,550000
1085407,0
1085413,300000
1085416,740000
1085417,0
1085418,752300
1085421,634000
1085422,0
1085426,0
1085430,0
1085433,560000
1085434,403000
1085437,2594400
1085449,2075300
1085451,400000
1085456,482500
1085461,544400
1085462,1174300
1085465,850000
1085469,490000
1085475,0
1085483,687500
1085487,469000
1085489,0
1085492,475000
1085494,1100000
1085497,493600
1085500,400000
1085505,149000
1085506,0
1085507,490000
1085510,400000
1085514,0
1085520,150000
1085521,640000
1085524,400000
1085527,400000
1085528,609000
1085529,250000
1085531,0
1085532,0
1085539,580500
1085547,500000
1085564,0
1085565,550000
1085567,0
1085576,343000
1085580,400000
1085583,0
1085589,482500
1085604,0
1085610,421500
1085611,709000
1085618,595000
1085625,610000
1085632,0
1085637,0
1085641,465300
1085643,0
1085645,250000
1085656,150000
1085659,1574500
1085663,0
1085664,978600
1085668,0
1085675,610000
1085677,450000
1085679,400000
1085683,170000
1085686,0
1085688,350000
1085689,250000
1085694,357600
1085702,685000
1085704,0
1085710,0
1085712,348400
1085723,399900
1085724,910600
1085725,0
1085728,475000
1085729,475100
1085731,600000
1085733,447500
1085740,1199800
1085747,0
1085750,400000
1085752,150000
1085753,29000
1085763,875000
1085764,583000
1085767,518000
1085776,468500
1085778,762000
1085780,150000
1085783,0
1085784,0
1085785,447500
1085787,300000
1085792,0
1085795,400000
1085798,22500
1085800,0
1085804,1229500
1085806,0
1085816,0
1085818,400000
1085827,452000
1085832,1344600
1085836,0
1085839,546600
1085844,739600
1085859,0
1085860,653000
1085861,754600
1085862,315600
1085869,511100
1085873,400000
1085874,0
1085879,70000
1085882,1017800
1085884,0
1085886,540400
1085890,652000
1085894,0
1085896,456000
1085897,2957300
1085899,0
1085915,0
1085916,0
1085921,0
1085925,400000
1085929,628000
1085930,1661000
1085936,0
1085946,0
1085948,450000
1085956,250000
1085958,0
1085964,0
1085977,0
1085985,0
1085992,688000
1085996,300000
1085998,2526000
1085999,0
1086001,848000
1086002,437200
1086004,0
1086005,490000
1086009,0
1086016,450000
1086018,1496000
1086028,38000
1086035,430200
1086037,496000
1086042,424300
1086043,0
1086044,0
1086045,1190000
1086052,350000
1086056,550000
1086062,70000
1086063,0
1086066,721200
1086068,426500
1086074,475000
1086089,460000
1086092,670500
1086097,652000
1086098,731800
1086100,400000
1086102,467200
1086104,568000
1086121,0
1086124,520000
1086133,0
1086144,415100
1086150,478000
1086153,150000
1086157,0
1086158,439600
1086160,400000
1086162,960100
1086163,478000
1086165,512200
1086166,1590000
1086167,250100
1086170,470000
1086176,250000
1086191,484000
1086202,400000
1086204,1136800
1086206,0
1086208,490000
1086219,169600
1086222,548000
1086230,642200
1086233,0
1086234,300000
1086238,195000
1086247,350000
1086248,793400
1086259,390200
1086261,482200
1086262,0
1086271,1115700
1086272,876600
1086277,1051000
1086282,0
1086283,0
1086284,0
1086288,0
1086291,200000
1086297,395700
1086302,360000
1086304,585500
1086305,246900
1086318,610000
1086319,250000
1086321,440000
1086323,571600
1086334,0
1086339,0
1086340,372400
1086342,0
1086344,727000
1086348,0
1086350,0
1086354,850000
1086361,818000
1086362,0
1086366,468500
1086377,400000
1086378,468500
1086380,448000
1086384,962500
1086385,0
1086387,400000
1086391,584000
1086394,400000
1086395,3466300
1086398,0
1086405,0
1086406,165400
1086410,0
1086413,0
1086414,365000
1086415,628000
1086422,400000
1086425,0
1086430,250000
1086434,0
1086438,400000
1086441,478000
1086446,457000
1086448,0
1086456,619500
1086458,400000
1086460,1845000
1086462,550000
1086471,0
1086472,442600
1086473,0
1086484,511000
1086485,571000
1086489,400000
1086493,834000
1086500,884000
1086501,476900
1086513,0
1086514,61200
1086516,580600
1086517,0
1086520,552400
1086523,280000
1086524,0
1086527,810400
1086528,328000
1086537,585000
1086543,602500
1086545,430000
1086556,0
1086559,0
1086572,0
1086585,0
1086594,476800
1086600,0
1086605,373600
1086607,400000
1086612,650000
1086614,436600
1086620,0
1086623,1368000
1086624,460000
1086625,1017000
1086627,467500
1086633,450000
1086635,6923500
1086638,748000
1086647,1032900
1086649,0
1086655,0
1086660,408900
1086668,70000
1086669,463600
1086673,0
1086676,500000
1086682,486200
1086684,908400
1086690,150000
1086693,0
1086703,672500
1086706,400000
1086709,449000
1086711,461200
1086712,0
1086715,472000
1086723,0
1086724,110000
1086725,110000
1086729,350000
1086730,400000
1086731,110000
1086734,460000
1086735,0
1086743,150000
1086745,0
1086748,79000
1086754,586000
1086765,0
1086769,550000
1086773,0
1086777,0
1086778,520000
1086789,1950600
1086794,5005000
1086804,454000
1086807,4532900
1086808,0
1086809,576000
1086814,1048400
1086815,414000
1086816,279800
1086821,0
1086828,614900
1086836,400000
1086840,5605900
1086841,1174300
1086843,502000
1086844,665200
1086845,660000
1086849,586000
1086854,150000
1086857,330000
1086859,557700
1086862,629200
1086863,529600
1086865,0
1086869,478500
1086870,0
1086871,400000
1086876,0
1086878,311300
1086880,493000
1086881,400000
1086882,0
1086883,0
1086894,598400
1086898,400000
1086902,250000
1086905,147600
1086915,0
1086917,0
1086922,493600
1086923,0
1086924,0
1086929,768000
1086932,726000
1086935,120000
1086940,0
1086941,0
1086951,0
1086952,0
1086956,0
1086957,1089600
1086958,455000
1086959,284300
1086962,511800
1086964,500000
1086969,0
1086982,685000
1086988,0
1086994,750000
1086996,567400
1086998,0
1087000,0
1087003,250000
1087007,393000
1087013,1074200
1087032,585000
1087034,400000
1087035,0
1087037,150000
1087038,662000
1087044,612500
1087046,200000
1087047,490000
1087050,0
1087053,0
1087057,501400
1087058,448000
1087059,400000
1087060,0
1087066,450000
1087090,300000
1087099,315500
1087102,448000
1087107,662800
1087111,418000
1087112,0
1087113,977000
1087123,572000
1087125,0
1087126,475000
1087132,475000
1087138,2071800
1087140,70000
1087143,650000
1087146,514000
1087148,400000
1087150,293300
1087153,628000
1087155,790000
1087160,0
1087163,0
1087166,0
1087168,500000
1087170,0
1087171,250000
1087182,400000
1087187,150000
1087192,0
1087203,250000
1087204,479700
1087205,250000
1087207,472000
1087217,709000
1087219,0
1087231,906400
1087234,742000
1087260,273000
1087265,495000
1087270,460000
1087272,300000
1087273,70000
1087275,150000
1087276,0
1087277,804000
1087290,259800
1087298,523000
1087302,642500
1087304,378600
1087305,476200
1087309,624000
1087311,0
1087314,261000
1087316,400000
1087319,605600
1087322,654500
1087327,645000
1087330,838000
1087331,765000
1087332,341300
1087333,0
1087334,495000
1087336,250000
1087341,313500
1087348,571000
1087362,150000
1087364,769000
1087366,300000
1087371,250000
1087372,811000
1087373,0
1087378,847100
1087381,150000
1087382,457500
1087384,702000
1087385,1435000
1087388,295000
1087391,0
1087395,400000
1087397,861600
1087417,478000
1087421,0
1087423,110000
1087425,505100
1087431,805000
1087433,1972900
1087436,484000
1087441,414700
1087443,837900
1087445,464400
1087446,557200
1087447,469000
1087451,550000
1087453,402000
1087454,356000
1087456,600000
1087458,0
1087461,0
1087464,490000
1087465,0
1087466,0
1087470,508000
1087475,735200
1087479,488200
1087480,0
1087482,700000
1087483,0
1087484,848500
1087487,0
1087491,150000
1087494,1375000
1087497,400000
1087499,625000
1087500,0
1087503,550000
1087506,400000
1087511,400000
1087516,400000
1087517,0
1087518,1267500
1087522,0
1087534,0
1087535,825000
1087545,0
1087546,460000
1087548,879500
1087549,466000
1087551,484000
1087554,550000
1087555,750000
1087557,0
1087565,0
1087566,0
1087567,482500
1087569,0
1087571,150000
1087578,622500
1087583,372900
1087589,530000
1087591,0
1087598,484000
1087600,250000
1087602,529000
1087604,400000
1087606,636000
1087607,145000
1087614,570000
1087621,250000
1087624,400000
1087626,400000
1087630,799300
1087634,0
1087635,1453400
1087637,1383900
1087640,0
1087642,586000
1087646,400000
1087649,500000
1087652,452800
1087662,0
1087664,0
1087666,0
1087674,464800
1087677,949600
1087679,150000
1087680,0
1087681,0
1087685,0
1087687,316300
1087689,150000
1087690,481000
1087691,0
1087694,0
1087695,395000
1087697,486500
1087698,0
1087699,150000
1087702,0
1087708,350000
1087710,440200
1087712,0
1087715,472000
1087718,0
1087719,400000
1087720,0
1087728,947800
1087732,0
1087734,250000
1087736,465000
1087738,821000
1087739,0
1087741,900000
1087742,533200
1087743,0
1087746,494000
1087748,478000
1087756,0
1087757,0
1087759,575000
1087762,0
1087763,400000
1087764,420600
1087767,465000
1087775,690000
1087776,0
1087777,0
1087782,9158400
1087783,677500
1087786,698000
1087787,0
1087788,550000
1087791,550000
1087797,70000
1087800,431500
1087801,0
1087807,400000
1087809,0
1087811,466000
1087812,1200000
1087814,512000
1087819,505500
1087823,0
1087828,442300
1087829,776000
1087830,0
1087831,250000
1087833,0
1087837,400000
1087844,0
1087845,1374000
1087849,0
1087850,150000
1087856,400000
1087860,0
1087866,665000
1087870,548500
1087871,481000
1087873,0
1087874,0
1087877,0
1087885,400000
1087886,0
1087888,400000
1087889,0
1087892,267600
1087895,105600
1087896,594000
1087897,308300
1087898,0
1087909,502400
1087912,70000
1087913,1078100
1087918,820700
1087921,400000
1087922,1115200
1087927,0
1087931,400000
1087940,0
1087942,150000
1087945,0
1087946,0
1087961,673700
1087962,550000
1087967,417600
1087976,0
1087977,797800
1087978,0
1087982,538500
1087983,356500
1087987,175000
1087989,0
1087992,150000
1088001,740000
1088003,0
1088007,567500
1088020,345000
1088027,654900
1088029,0
1088035,520000
1088041,625500
1088042,1799300
1088048,0
1088049,0
1088050,487500
1088058,150000
1088063,240000
1088064,0
1088065,70000
1088070,535000
1088079,919000
1088083,516900
1088088,250000
1088092,0
1088096,470000
1088097,475000
1088098,1050000
1088099,550000
1088105,626500
1088116,650000
1088118,300000
1088119,0
1088122,549100
1088134,0
1088142,150000
1088143,720700
1088144,0
1088146,417600
1088153,615500
1088158,757800
1088163,748300
1088167,0
1088171,400000
1088172,206100
1088176,960000
1088184,550000
1088189,200000
1088195,493700
1088202,0
1088203,0
1088205,0
1088207,550000
1088208,200000
1088209,0
1088211,350000
1088216,520000
1088217,250000
1088236,555000
1088237,800000
1088239,200000
1088241,0
1088252,709000
1088253,0
1088256,446000
1088259,8809100
1088261,406000
1088268,0
1088270,0
1088271,200000
1088291,416900
1088302,0
1088307,755000
1088308,304500
1088312,475500
1088315,547200
1088318,715600
1088321,150000
1088322,200000
1088325,540000
1088338,500000
1088340,350000
1088343,0
1088353,298000
1088354,1182300
1088355,250000
1088357,626500
1088363,80000
1088366,0
1088367,270000
1088369,250000
1088372,0
1088379,1474000
1088380,315000
1088382,0
1088385,150000
1088388,400000
1088393,0
1088395,150000
1088396,385000
1088398,536000
1088399,932300
1088400,470000
1088407,617500
1088409,500000
1088410,0
1088411,400000
1088412,0
1088426,1063500
1088433,180000
1088435,375000
1088443,507500
1088445,0
1088455,281000
1088456,0
1088457,0
1088477,147000
1088478,396000
1088482,430000
1088484,452500
1088489,250000
1088490,684800
1088499,146000
1088520,200000
1088526,612500
1088536,4145000
1088547,495000
1088548,1061000
1088550,600000
1088555,527500
1088565,0
1088566,0
1088567,300000
1088568,0
1088569,150000
1088583,400000
1088586,200000
1088592,1872400
1088593,545000
1088597,140000
1088598,400000
1088599,555400
1088600,325000
1088602,450000
1088605,200000
1088606,0
1088609,0
1088619,250000
1088620,1098900
1088634,0
1088642,0
1088650,488000
1088655,1826400
1088659,687900
1088660,24000
1088674,500000
1088676,0
1088679,500000
1088681,959300
1088686,1000000
1088693,1719000
1088695,703000
1088698,421000
1088701,200000
1088706,545000
1088709,1366200
1088711,1500000
1088712,70000
1088717,246900
1088724,0
1088726,1218100
1088730,0
1088739,0
1088750,770100
1088752,805000
1088753,659500
1088759,545000
1088765,638000
1088783,400000
1088786,1116500
1088796,1234100
1088799,0
1088803,0
1088804,537400
1088806,0
1088807,769500
1088809,550000
1088812,577500
1088832,110000
1088833,400000
1088838,0
1088840,358400
1088855,0
1088857,391500
1088872,150000
1088874,200000
1088888,150000
1088893,0
1088897,250000
1088900,0
1088902,0
1088904,1082100
1088908,0
1088924,713400
1088928,150000
1088933,70000
1088939,250000
1088940,0
1088942,390000
1088950,99000
1088951,1055000
1088954,70000
1088964,1741000
1088973,930000
1088975,661700
1088978,1143500
1088979,338500
1088980,0
1088983,0
1088993,0
1089001,665600
1089002,1027500
1089005,400000
1089010,400000
1089011,0
1089013,400000
1089029,200000
1089038,0
1089058,385000
1089067,300000
1089070,220100
1089071,0
1089078,0
1089081,150000
1089097,150000
1089109,545000
1089114,621000
1089116,332800
1089122,200000
1089128,0
1089130,400000
1089133,501600
1089145,447500
1089148,0
1089158,105000
1089194,2038900
1089203,296000
1089204,1113600
1089213,0
1089223,456300
1089231,400000
1089235,650000
1089257,0
1089275,425000
1089276,0
1089284,0
1089288,550000
1089292,1010100
1089295,966000
1089305,150000
1089319,400000
1089322,500000
1089323,20500
1089328,0
1089343,592000
1089346,0
1089348,315000
1089355,0
1089358,500000
1089363,395000
1089370,150000
1089372,1656800
1089391,477600
1089394,0
1089418,250000
1089420,0
1089424,454000
1089425,445000
1089429,180000
1089430,350000
1089436,500000
1089437,337500
1089438,0
1089471,400000
1089472,560100
1089473,493500
1089474,312500
1089475,800000
1089482,842000
1089483,0
1089498,475100
1089499,460000
1089506,500000
1089507,899000
1089516,500000
1089520,500000
1089522,220000
1089527,800000
1089529,110000
1089539,1854500
1089550,0
1089553,0
1089559,400000
1089560,0
1089569,1000
1089574,354000
1089579,470000
1089583,600000
1089587,901500
1089588,557400
1089598,403500
1089602,460000
1089607,470000
1089609,400000
1089615,480000
1089616,2879000
1089618,400000
1089632,70000
1089640,337500
1089643,314000
1089647,460600
1089654,0
1089659,470800
1089668,250000
1089670,0
1089671,1000
1089672,1116500
1089683,1737300
1089684,320000
1089687,280000
1089688,353900
1089689,400000
1089690,3422200
1089691,757100
1089695,0
1089697,250000
1089705,0
1089708,728000
1089710,122500
1089719,0
1089729,426500
1089730,0
1089732,0
1089740,1415600
1089743,0
1089745,317500
1089746,427500
1089755,0
1089758,250000
1089765,0
1089769,160000
1089776,660000
1089780,386600
1089783,370500
1089786,0
1089792,0
1089793,376500
1089795,1037000
1089808,438700
1089812,698500
1089820,340000
1089826,540000
1089831,200000
1089842,0
1089843,300000
1089844,369000
1089847,0
1089850,0
1089872,594500
1089874,0
1089877,595000
1089878,357200
1089879,0
1089882,1110300
1089883,575800
1089892,844000
1089895,294000
1089914,508000
1089916,515000
1089918,300000
1089920,0
1089923,4061500
1089926,146000
1089940,150000
1089943,0
1089946,375000
1089964,550000
1089965,2162500
1089966,564000
1089967,547000
1089970,0
1089978,0
1089979,400000
1089980,1841700
1089982,0
1089983,400000
1089987,400000
1089995,250000
1089999,1189000
1090003,389600
1090006,0
1090010,437800
1090012,400000
1090015,565000
1090019,70000
1090021,0
1090023,0
1090024,0
1090026,400000
1090032,448600
1090042,626500
1090046,1005100
1090047,752500
1090050,0
1090053,144000
1090054,0
1090055,400000
1090058,0
1090059,400000
1090067,2932900
1090073,150000
1090079,0
1090081,324500
1090083,0
1090090,0
1090093,0
1090100,0
1090101,594800
1090102,0
1090103,88000
1090108,457500
1090109,400000
1090110,460000
1090114,668800
1090118,0
1090120,600000
1090121,0
1090122,680000
1090123,594000
1090125,525300
1090127,600000
1090138,0
1090142,0
1090143,808600
1090145,490000
1090153,315000
1090154,548000
1090156,400000
1090157,593500
1090158,517000
1090164,0
1090167,250000
1090169,600000
1090171,0
1090176,929000
1090181,595000
1090187,250000
1090188,513500
1090190,400000
1090194,600000
1090199,7282100
1090200,0
1090201,400000
1090202,0
1090212,574000
1090214,629300
1090216,0
1090217,649000
1090219,0
1090240,350000
1090244,450100
1090248,412500
1090249,1687500
1090254,0
1090256,500000
1090257,400000
1090260,1032500
1090262,311000
1090264,150000
1090267,400000
1090269,0
1090273,0
1090277,669500
1090278,485000
1090283,546500
1090287,500000
1090289,350000
1090292,424700
1090295,0
1090296,0
1090305,343000
1090314,0
1090315,623700
1090317,0
1090320,943400
1090323,472500
1090329,400000
1090332,0
1090338,2698200
1090341,676000
1090345,623500
1090347,472500
1090350,627500
1090353,0
1090356,400000
1090359,350000
1090365,647500
1090369,987000
1090379,400000
1090381,737000
1090388,348900
1090389,0
1090390,775000
1090400,291500
1090409,150000
1090410,300000
1090414,0
1090416,400000
1090422,60000
1090425,350000
1090427,0
1090453,0
1090454,400000
1090459,442000
1090460,150000
1090462,0
1090468,400000
1090469,444000
1090476,300100
1090477,1620900
1090480,515000
1090481,997500
1090484,999900
1090485,450000
1090487,725500
1090488,80000
1090500,510000
1090501,0
1090505,1500
1090513,980400
1090514,0
1090518,0
1090520,0
1090531,300000
1090558,410000
1090563,637500
1090569,1240000
1090572,400000
1090574,0
1090576,314700
1090596,392500
1090599,400000
1090601,0
1090607,0
1090613,400000
1090617,1516500
1090619,0
1090622,400000
1090626,150000
1090630,400000
1090634,464000
1090636,0
1090645,0
1090650,498000
1090653,917800
1090655,694700
1090660,250000
1090662,1500
1090665,1009400
1090667,0
1090671,447000
1090672,965900
1090682,440500
1090686,619000
1090691,0
1090692,626100
1090698,0
1090704,200000
1090712,400000
1090719,400000
1090727,150000
1090729,0
1090733,750000
1090736,200000
1090740,1293200
1090746,507500
1090750,616000
1090754,0
1090755,628600
1090757,490000
1090758,890000
1090759,750000
1090761,0
1090762,445000
1090764,150000
1090765,380000
1090767,475000
1090770,522500
1090772,0
1090775,1500
1090776,3420000
1090779,400000
1090781,148100
1090783,0
1090785,0
1090787,590000
1090789,876000
1090790,456000
1090792,484500
1090795,0
1090796,526800
1090805,0
1090814,436000
1090815,596500
1090824,268300
1090828,590000
1090831,400000
1090835,0
1090837,400000
1090845,400000
1090850,442500
1090851,200000
1090858,305000
1090862,0
1090865,427500
1090866,450000
1090871,933000
1090874,550000
1090880,0
1090881,290000
1090882,712000
1090885,497500
1090896,0
1090898,0
1090909,600000
1090910,0
1090918,550000
1090919,228000
1090920,2708000
1090930,400000
1090931,620000
1090932,348000
1090935,0
1090939,70000
1090942,400000
1090949,350000
1090950,450100
1090952,400000
1090956,535000
1090959,350000
1090965,0
1090967,559000
1090968,558000
1090972,475000
1090973,601300
1090974,0
1090986,445000
1090989,601300
1090993,220000
1090995,400000
1090999,2400100
1091000,520000
1091002,110000
1091004,0
1091005,845000
1091012,431500
1091015,0
1091017,633500
1091020,601300
1091024,2966000
1091026,400000
1091038,457500
1091041,490000
1091044,0
1091046,0
1091047,444000
1091061,470000
1091062,0
1091063,218000
1091075,625000
1091078,902500
1091079,760000
1091088,550000
1091089,500000
1091093,850000
1091096,954500
1091105,475000
1091107,634600
1091108,482500
1091111,782100
1091115,434000
1091119,509000
1091122,120000
1091123,0
1091126,150000
1091127,148100
1091134,835000
1091137,4255500
1091138,595000
1091141,526000
1091144,400000
1091145,1365000
1091150,363700
1091151,431500
1091157,498000
1091159,478500
1091169,0
1091176,0
1091178,536000
1091181,142000
1091182,463400
1091189,532000
1091195,475000
1091197,200000
1091205,475000
1091206,475000
1091208,400000
1091211,383300
1091212,1574100
1091213,450000
1091228,810000
1091230,444500
1091234,320000
1091235,1080800
1091236,874500
1091238,400000
1091244,0
1091247,818900
1091248,638700
1091249,568500
1091250,0
1091251,1229100
1091252,0
1091254,486000
1091256,597400
1091259,1678000
1091260,520000
1091263,475000
1091264,400000
1091271,482500
1091279,463000
1091280,0
1091283,420800
1091286,417200
1091287,812000
1091291,705000
1091295,1638100
1091300,902000
1091302,1650400
1091303,0
1091310,310000
1091312,378800
1091316,278500
1091317,250000
1091327,250000
1091328,1193500
1091331,425300
1091334,337500
1091336,511700
1091338,395600
1091343,600000
1091345,1500000
1091348,370000
1091349,406800
1091350,400000
1091351,376500
1091353,500000
1091356,601000
1091358,704900
1091359,400000
1091362,585000
1091365,145000
1091366,0
1091368,150000
1091370,443500
1091371,400000
1091376,610000
1091377,70000
1091386,0
1091390,250000
1091396,150000
1091398,473500
1091402,400000
1091406,443500
1091408,0
1091410,498200
1091412,575100
1091417,520000
1091418,511000
1091419,250000
1091420,307600
1091424,375400
1091426,853800
1091427,434000
1091429,400000
1091430,183000
1091448,550000
1091449,492500
1091450,678000
1091451,150000
1091452,350000
1091465,565000
1091469,550000
1091477,400000
1091478,400000
1091479,0
1091484,0
1091488,480000
1091491,544500
1091492,434200
1091493,0
1091498,150000
1091500,150000
1091503,537000
1091518,400000
1091524,400000
1091526,150000
1091527,482500
1091534,0
1091536,458500
1091547,400000
1091554,0
1091563,140000
1091564,250000
1091567,200000
1091571,483500
1091573,300000
1091574,400000
1091575,0
1091576,688000
1091584,0
1091589,0
1091597,0
1091598,407500
1091600,460000
1091608,236000
1091609,500000
1091613,250000
1091617,804800
1091619,0
1091620,935000
1091621,439500
1091622,460000
1091625,831500
1091626,459000
1091629,450000
1091631,523500
1091633,400000
1091642,593500
1091645,372000
1091647,130000
1091655,757800
1091658,0
1091662,150000
1091670,0
1091673,400000
1091674,522500
1091675,490000
1091679,150000
1091685,600000
1091686,587100
1091693,552500
1091697,0
1091705,9673900
1091706,465000
1091710,396500
1091720,1193000
1091721,364500
1091723,0
1091727,150000
1091731,250000
1091734,912500
1091735,0
1091737,0
1091741,475000
1091747,0
1091749,400000
1091753,400000
1091755,0
1091758,400000
1091761,460000
1091764,150000
1091767,0
1091773,480000
1091774,0
1091777,0
1091786,335400
1091787,475000
1091790,831800
1091793,400000
1091796,0
1091798,494500
1091804,991400
1091806,625000
1091807,0
1091808,490000
1091810,358900
1091811,509100
1091819,0
1091822,600000
1091824,70000
1091832,1522200
1091836,64000
1091839,444500
1091846,150000
1091847,0
1091850,182300
1091853,450000
1091857,0
1091858,0
1091859,0
1091860,0
1091862,642500
1091863,150000
1091865,574000
1091866,466500
1091876,0
1091880,498500
1091895,559800
1091898,418600
1091901,0
1091904,1198500
1091905,2005000
1091911,733000
1091916,0
1091920,3705800
1091924,440000
1091928,303000
1091932,676500
1091935,550000
1091943,1183300
1091946,550000
1091947,467500
1091952,475500
1091958,0
1091960,490000
1091963,695000
1091976,224000
1091980,363000
1091990,550000
1091994,464000
1091995,596400
1091997,609000
1092005,835500
1092015,1261400
1092019,0
1092028,400000
1092029,2300700
1092035,0
1092036,824000
1092037,508000
1092038,130000
1092043,505000
1092046,0
1092052,1480500
1092053,350000
1092058,150000
1092064,400000
1092067,0
1092069,0
1092074,431500
1092086,0
1092102,625000
1092115,487600
1092116,750000
1092117,1202000
1092129,0
1092130,67000
1092141,0
1092144,250000
1092146,457500
1092151,0
1092156,1446900
1092158,450000
1092160,1330000
1092161,694500
1092162,680500
1092164,0
1092165,400000
1092172,600000
1092174,342900
1092180,0
1092184,996000
1092185,444000
1092190,0
1092191,595000
1092193,629000
1092196,780000
1092200,0
1092203,0
1092205,719000
1092209,564200
1092214,406800
1092215,896500
1092216,478800
1092227,810500
1092229,0
1092230,0
1092234,0
1092236,572500
1092238,150000
1092250,579500
1092252,0
1092254,2800200
1092267,1151000
1092268,0
1092270,931200
1092273,582000
1092274,0
1092276,469800
1092278,1304000
1092281,842200
1092288,0
1092290,450000
1092299,0
1092302,1092000
1092308,480000
1092310,453500
1092314,0
1092315,540000
1092317,543900
1092319,332500
1092328,941200
1092329,745000
1092330,711000
1092333,885700
1092335,0
1092336,550000
1092340,575000
1092349,469000
1092351,58400
1092354,0
1092356,0
1092361,400000
1092369,0
1092373,475000
1092374,0
1092377,0
1092381,462500
1092386,428000
1092388,0
1092390,375400
1092394,452500
1092405,0
1092412,0
1092417,450000
1092420,502000
1092422,590000
1092423,0
1092425,0
1092427,0
1092428,934000
1092431,1171900
1092435,0
1092440,0
1092441,1000000
1092442,400000
1092444,490000
1092448,400000
1092450,0
1092460,550000
1092461,751000
1092475,0
1092476,525300
1092483,400000
1092486,515500
1092488,0
1092490,750000
1092491,0
1092493,400000
1092496,0
1092498,482400
1092499,250000
1092508,303000
1092509,467500
1092510,677000
1092511,650000
1092514,150000
1092529,0
1092533,0
1092536,504000
1092537,0
1092544,440000
1092549,372500
1092550,0
1092551,471000
1092552,0
1092554,399000
1092555,475000
1092559,2143300
1092560,400000
1092561,200000
1092564,400000
1092568,471000
1092569,400000
1092578,0
1092584,400000
1092586,0
1092588,598000
1092590,0
1092591,590000
1092593,125000
1092595,570000
1092606,750000
1092609,3035200
1092613,813800
1092614,400000
1092625,0
1092626,897500
1092628,250000
1092630,0
1092632,554700
1092637,277000
1092645,430600
1092648,465000
1092651,567500
1092656,250000
1092658,880500
1092660,0
1092661,614000
1092667,330000
1092668,842500
1092675,400000
1092676,2359000
1092682,518000
1092692,0
1092701,70000
1092707,363000
1092708,2037500
1092709,630000
1092714,1135500
1092715,0
1092717,469000
1092720,601500
1092727,170200
1092729,523700
1092734,400000
1092735,0
1092742,444000
1092744,642000
1092745,400000
1092747,0
1092748,456000
1092752,1300000
1092754,0
1092757,450000
1092758,347500
1092762,424500
1092765,1329500
1092769,607100
1092773,444000
1092774,471000
1092779,234000
1092781,429900
1092784,462500
1092785,500000
1092792,471000
1092805,463500
1092809,300000
1092824,400000
1092829,400000
1092834,0
1092836,150000
1092845,550000
1092846,269500
1092854,70000
1092859,1602600
1092867,980000
1092871,585000
1092876,617900
1092880,400000
1092884,0
1092885,447600
1092887,400000
1092892,0
1092900,466700
1092902,459300
1092913,534000
1092915,0
1092918,0
1092920,550000
1092924,450000
1092930,440500
1092933,0
1092940,444000
1092941,0
1092943,400000
1092948,607500
1092957,0
1092958,400000
1092968,601000
1092969,380000
1092990,250000
1092993,462500
1092997,0
1092998,517000
1092999,611000
1093001,783000
1093002,400000
1093007,0
1093013,0
1093023,447500
1093029,400000
1093035,345000
1093036,635000
1093038,356500
1093039,479200
1093042,0
1093044,120000
1093047,1445000
1093050,1884300
1093055,150000
1093061,747500
1093065,751500
1093067,400000
1093069,506500
1093070,0
1093079,598000
1093081,400000
1093085,536000
1093087,586000
1093088,239400
1093089,468000
1093096,356500
1093098,653500
1093100,2480000
1093104,506500
1093107,270000
1093109,497500
1093110,400000
1093113,350000
1093114,297500
1093118,0
1093119,0
1093122,0
1093123,550000
1093126,0
1093127,633000
1093133,238000
1093134,533000
1093136,0
1093138,150000
1093139,910000
1093144,0
1093146,467500
1093148,533200
1093149,600000
1093154,622000
1093155,448000
1093156,295000
1093158,473000
1093159,238000
1093172,0
1093173,712500
1093175,723000
1093176,0
1093177,0
1093178,0
1093183,460100
1093190,628500
1093191,0
1093197,459000
1093198,0
1093199,481000
1093201,200000
1093204,70000
1093207,150000
1093209,47300
1093210,0
1093215,413000
1093216,356000
1093218,400000
1093219,250000
1093222,483300
1093223,2930000
1093224,550000
1093228,0
1093232,0
1093235,1247000
1093237,907800
1093238,400000
1093242,413000
1093245,400000
1093246,250000
1093247,1704000
1093249,400000
1093250,148000
1093252,399000
1093254,448000
1093260,0
1093261,1095400
1093263,469500
1093265,500000
1093268,817600
1093273,0
1093276,1227000
1093287,0
1093289,463600
1093298,684600
1093301,2239700
1093302,400000
1093304,459500
1093306,552200
1093308,955000
1093313,400000
1093316,2701200
1093318,1557800
1093320,606300
1093323,467500
1093324,509400
1093327,435000
1093332,148100
1093335,400000
1093336,0
1093339,448000
1093341,120000
1093342,150000
1093343,458500
1093352,400000
1093355,475000
1093356,0
1093360,350000
1093361,552500
1093364,562500
1093367,321000
1093370,455000
1093375,70000
1093382,448000
1093383,485100
1093384,475000
1093389,1770700
1093394,482500
1093399,534000
1093402,375000
1093403,0
1093404,400000
1093405,1440000
1093414,400000
1093415,539400
1093418,405000
1093425,0
1093429,319400
1093435,560000
1093441,475000
1093442,400000
1093446,0
1093447,0
1093448,550800
1093453,400000
1093455,0
1093461,305000
1093462,0
1093466,467500
1093470,0
1093472,638500
1093473,538700
1093478,400000
1093480,854500
1093484,569200
1093490,1374300
1093497,413000
1093499,0
1093501,455000
1093503,0
1093504,0
1093506,600000
1093507,1395100
1093510,495000
1093515,1150000
1093518,400000
1093520,742600
1093523,413000
1093524,400000
1093530,400000
1093535,357900
1093538,768000
1093544,400000
1093545,540000
1093557,600000
1093560,307500
1093567,600000
1093568,0
1093570,93600
1093571,250000
1093575,500000
1093577,0
1093579,0
1093582,0
1093584,1615000
1093586,150000
1093589,472500
1093594,467500
1093595,440000
1093599,350000
1093600,0
1093604,0
1093607,355100
1093608,0
1093610,0
1093615,150000
1093618,710000
1093620,1372000
1093626,150000
1093627,3280400
1093628,0
1093631,400000
1093633,860000
1093635,527500
1093640,0
1093642,485000
1093643,0
1093647,537500
1093650,718000
1093654,0
1093656,938500
1093660,0
1093662,400000
1093665,523800
1093666,400000
1093673,0
1093674,150000
1093675,565000
1093677,0
1093686,650100
1093689,390000
1093690,0
1093691,550000
1093693,400000
1093695,470000
1093703,0
1093704,459000
1093707,390000
1093712,0
1093713,0
1093719,0
1093722,565000
1093725,342000
1093726,0
1093727,0
1093728,400000
1093734,0
1093735,400000
1093737,780000
1093738,475000
1093744,0
1093745,0
1093748,470000
1093750,0
1093752,825000
1093753,800000
1093757,651100
1093759,150000
1093761,0
1093771,0
1093779,568000
1093788,0
1093789,0
1093795,600000
1093798,468000
1093799,147500
1093800,246200
1093802,1046300
1093803,806000
1093806,460000
1093811,0
1093812,785000
1093816,150000
1093822,250000
1093826,294000
1093828,454000
1093829,0
1093830,450000
1093834,0
1093840,444000
1093842,400000
1093852,400000
1093853,736000
1093858,2477500
1093861,0
1093862,477600
1093864,859000
1093865,475100
1093866,0
1093870,367500
1093872,469000
1093874,497700
1093884,0
1093885,0
1093890,400000
1093891,0
1093892,400000
1093895,568000
1093901,0
1093902,490000
1093907,0
1093913,503500
1093915,364600
1093920,996000
1093922,492000
1093930,0
1093934,0
1093936,650000
1093940,457500
1093949,786000
1093951,0
1093955,60000
1093957,457600
1093963,833200
1093966,309200
1093967,400000
1093968,0
1093969,0
1093970,786500
1093971,0
1093976,0
1093986,0
1093989,0
1093996,480000
1093999,417000
1094002,224000
1094007,576000
1094008,400000
1094011,0
1094015,400000
1094018,397200
1094021,0
1094022,384200
1094023,0
1094036,0
1094039,471000
1094041,347500
1094054,0
1094055,250000
1094056,550000
1094057,486000
1094064,0
1094066,1979500
1094070,596800
1094071,0
1094075,368100
1094081,400000
1094082,572600
1094083,456000
1094084,512500
1094087,150000
1094091,462500
1094092,286500
1094094,0
1094102,0
1094104,1180000
1094105,600000
1094115,0
1094123,0
1094124,0
1094125,505000
1094133,728400
1094134,477500
1094135,0
1094137,0
1094138,150000
1094141,250000
1094142,325000
1094146,0
1094148,445500
1094150,700000
1094152,514000
1094158,565000
1094159,250000
1094160,0
1094163,0
1094165,400000
1094167,475000
1094169,0
1094171,0
1094172,0
1094185,400000
1094187,520000
1094188,0
1094196,553500
1094198,400000
1094201,185000
1094202,0
1094207,0
1094209,363000
1094212,497000
1094213,0
1094215,500000
1094216,495100
1094217,285000
1094221,788900
1094230,818400
1094238,0
1094240,150000
1094245,0
1094247,0
1094252,222000
1094258,400000
1094260,700000
1094263,858000
1094270,0
1094272,0
1094273,850000
1094274,1648000
1094277,250000
1094278,0
1094283,525000
1094287,518400
1094289,550000
1094291,355100
1094293,400000
1094294,475000
1094296,232000
1094297,259000
1094298,0
1094299,222000
1094302,0
1094303,400000
1094304,150000
1094309,457600
1094313,0
1094314,651300
1094316,500000
1094318,350000
1094322,0
1094327,596900
1094330,0
1094331,1113000
1094333,480000
1094337,372000
1094344,681000
1094347,0
1094348,973000
1094350,477600
1094352,0
1094354,0
1094361,679600
1094365,150000
1094366,0
1094372,400000
1094377,525000
1094381,150000
1094382,462500
1094384,623100
1094386,517500
1094388,0
1094390,0
1094392,369000
1094394,740000
1094398,650000
1094399,0
1094401,490000
1094409,1162300
1094415,0
1094420,500000
1094421,0
1094422,150000
1094426,431000
1094429,0
1094432,3555300
1094433,0
1094441,400000
1094443,0
1094444,0
1094445,473100
1094446,0
1094449,462500
1094451,781200
1094452,0
1094453,0
1094454,546700
1094459,798000
1094461,608000
1094462,310800
1094465,250000
1094466,400000
1094467,646100
1094469,496000
1094471,0
1094472,592500
1094473,492500
1094474,222000
1094475,460000
1094476,0
1094477,2055900
1094480,400000
1094483,0
1094484,400000
1094487,0
1094493,2502400
1094497,640000
1094502,110000
1094504,312500
1094509,500000
1094518,222000
1094519,0
1094527,400000
1094530,460000
1094532,351500
1094537,0
1094540,0
1094541,964000
1094549,572000
1094561,530000
1094570,0
1094571,379200
1094572,0
1094573,452800
1094593,589800
1094594,2225000
1094595,0
1094610,1146800
1094622,1706500
1094629,250000
1094631,480000
1094637,1096500
1094638,351100
1094640,400000
1094648,724000
1094663,210000
1094664,0
1094665,1024300
1094671,400000
1094674,400000
1094694,105000
1094703,250000
1094711,148300
1094714,400000
1094717,605000
1094722,70000
1094723,0
1094726,445000
1094732,330000
1094734,535000
1094740,638200
1094744,1032000
1094751,0
1094752,0
1094753,400000
1094755,400000
1094760,630100
1094768,400000
1094772,0
1094778,474800
1094784,0
1094788,595100
1094789,450000
1094790,0
1094798,1469600
1094799,450000
1094804,438000
1094805,400000
1094807,1045000
1094813,785000
1094822,400000
1094825,0
1094828,594700
1094833,0
1094842,172500
1094850,0
1094854,0
1094856,369400
1094870,365800
1094871,350000
1094874,405000
1094886,491800
1094896,701800
1094901,0
1094906,389600
1094909,0
1094910,0
1094912,490000
1094923,400000
1094926,1051200
1094929,475100
1094947,350000
1094948,177000
1094949,0
1094952,680000
1094954,383000
1094959,0
1094963,200000
1094965,0
1094968,900000
1094970,1300400
1094976,300000
1094977,1103800
1094980,400000
1094988,435000
1094991,400000
1095001,730000
1095006,466100
1095010,0
1095015,586000
1095021,420000
1095023,0
1095025,240000
1095026,0
1095033,331000
1095057,3958700
1095058,0
1095063,200000
1095066,388800
1095069,1019000
1095076,70000
1095080,0
1095084,544000
1095086,0
1095096,0
1095105,400000
1095116,0
1095119,150000
1095134,150000
1095145,0
1095158,0
1095174,490300
1095176,0
1095177,0
1095180,250000
1095181,350000
1095182,0
1095183,0
1095189,413500
1095195,0
1095202,653000
1095208,440000
1095210,432000
1095214,150000
1095216,0
1095218,400000
1095228,420000
1095232,0
1095234,0
1095251,217800
1095252,150000
1095254,358200
1095259,500000
1095273,402000
1095280,1227100
1095281,0
1095282,334000
1095284,444000
1095289,426500
1095310,899300
1095322,0
1095327,1136200
1095329,433500
1095333,433500
1095335,594500
1095336,400000
1095345,0
1095351,385000
1095353,630000
1095358,0
1095360,0
1095363,1184000
1095365,0
1095366,200000
1095373,350000
1095389,700000
1095407,200000
1095440,0
1095445,542500
1095446,0
1095451,140000
1095453,0
1095456,0
1095480,300400
1095489,0
1095498,1600000
1095502,1050000
1095510,0
1095512,610000
1095522,1136600
1095533,0
1095535,518000
1095539,432500
1095547,0
1095552,712000
1095553,800000
1095558,0
1095562,937000
1095570,0
1095575,0
1095577,700000
1095578,350000
1095581,503000
1095582,550000
1095597,958300
1095605,400000
1095607,865000
1095626,70000
1095636,614500
1095643,250000
1095644,17400
1095648,185000
1095653,308100
1095658,292500
1095679,250000
1095681,250000
1095684,357500
1095693,385000
1095694,2282400
1095695,70000
1095701,392600
1095710,397200
1095714,0
1095715,405000
1095723,250000
1095731,62000
1095733,0
1095739,350000
1095740,354000
1095741,0
1095747,400000
1095761,250000
1095763,340000
1095765,0
1095766,421600
1095773,366000
1095776,500000
1095778,290000
1095783,950800
1095786,472000
1095788,150000
1095791,0
1095800,3750000
1095802,320000
1095810,0
1095811,389000
1095812,0
1095813,710700
1095820,619400
1095822,665000
1095823,690000
1095836,340000
1095844,400000
1095847,448000
1095875,70000
1095879,391100
1095881,250000
1095882,0
1095902,0
1095903,250000
1095908,0
1095913,2320000
1095914,0
1095917,250000
1095919,300000
1095921,0
1095924,0
1095925,0
1095926,350100
1095937,399600
1095938,673500
1095963,0
1095965,345000
1095974,840000
1095978,1389000
1095983,1396000
1095986,500000
1095988,0
1095990,340000
1095996,471600
1096001,0
1096004,400000
1096006,709000
1096033,329400
1096034,430000
1096035,332500
1096036,250000
1096037,400000
1096041,400000
1096042,315000
1096043,250000
1096052,1159000
1096055,250000
1096056,350000
1096061,577500
1096062,710000
1096070,300000
1096073,250000
1096074,668000
1096075,345000
1096076,537000
1096077,707000
1096080,803500
1096083,528000
1096084,670000
1096087,405700
1096094,400000
1096099,405000
1096100,445000
1096104,0
1096108,150000
1096110,1009000
1096113,499500
1096122,467300
1096138,400000
1096142,0
1096143,0
1096148,609400
1096151,313500
1096153,0
1096158,0
1096165,0
1096169,0
1096171,250000
1096178,0
1096183,0
1096184,474400
1096188,550000
1096199,350000
1096211,0
1096218,2061500
1096225,636500
1096229,0
1096230,850000
1096233,512800
1096234,402000
1096236,400000
1096240,700000
1096242,525400
1096245,400000
1096249,250000
1096252,450000
1096256,1037100
1096264,0
1096271,483100
1096275,0
1096276,658300
1096280,400000
1096286,532000
1096288,150000
1096294,650000
1096297,421000
1096305,400000
1096310,553000
1096314,744000
1096318,708200
1096319,0
1096320,720000
1096330,250000
1096331,400000
1096332,0
1096334,0
1096337,200000
1096339,0
1096345,400000
1096350,466000
1096352,400000
1096354,500000
1096381,449000
1096382,0
1096389,0
1096392,240000
1096394,423800
1096397,0
1096399,8365900
1096400,0
1096406,400000
1096408,0
1096410,270000
1096411,525500
1096412,2694500
1096415,0
1096420,400000
1096423,0
1096428,0
1096430,0
1096432,481000
1096440,305000
1096446,400000
1096449,526000
1096450,0
1096453,0
1096462,0
1096464,750000
1096465,386400
1096469,1101000
1096472,0
1096478,0
1096479,460000
1096480,0
1096481,688000
1096487,0
1096488,2964700
1096490,150000
1096492,0
1096495,0
1096496,0
1096500,0
1096501,400000
1096503,400000
1096504,440000
1096505,0
1096507,510000
1096508,400000
1096512,590800
1096513,0
1096515,890200
1096517,4389200
1096523,678000
1096524,0
1096526,1271000
1096532,0
1096533,0
1096541,0
1096544,297000
1096545,1249500
1096548,350000
1096549,0
1096550,452800
1096552,496000
1096555,460000
1096558,297500
1096559,0
1096561,1110000
1096562,508000
1096563,0
1096567,327600
1096571,502000
1096572,350000
1096576,0
1096580,1070000
1096587,433200
1096589,748700
1096591,400000
1096592,0
1096595,478500
1096599,400000
1096600,837700
1096601,1198200
1096602,949600
1096606,523600
1096607,1168800
1096608,0
1096610,0
1096611,250000
1096620,0
1096621,305000
1096626,0
1096628,550000
1096629,0
1096633,963800
1096635,0
1096636,400000
1096638,0
1096639,0
1096641,511000
1096642,700000
1096644,528500
1096645,400000
1096646,528500
1096649,304000
1096653,469000
1096660,528500
1096668,0
1096672,528500
1096674,486400
1096675,520000
1096682,0
1096685,550000
1096689,543500
1096692,621400
1096693,0
1096705,528500
1096709,529000
1096713,528500
1096723,528500
1096724,400000
1096725,1116000
1096727,344500
1096729,543500
1096742,533000
1096748,612200
1096757,535000
1096760,370000
1096763,0
1096765,0
1096771,550000
1096774,1005000
1096776,444100
1096777,720000
1096784,1060500
1096785,457000
1096787,0
1096788,0
1096789,492000
1096790,442000
1096791,21657600
1096792,556000
1096797,535000
1096802,900000
1096806,400000
1096809,596000
1096816,457000
1096820,492000
1096824,1092000
1096830,400000
1096834,500000
1096835,932000
1096839,500800
1096842,0
1096844,968900
1096846,150000
1096847,0
1096851,475000
1096854,601000
1096857,0
1096858,507400
1096878,361500
1096879,0
1096883,619200
1096885,406500
1096887,0
1096890,0
1096891,530800
1096894,0
1096896,0
1096899,150000
1096900,1092500
1096904,233700
1096907,916000
1096913,400000
1096915,150000
1096916,885700
1096919,250000
1096920,400000
1096923,250000
1096926,0
1096928,0
1096933,741400
1096934,601000
1096940,270000
1096941,466000
1096944,72000
1096945,390000
1096949,0
1096950,445000
1096952,484000
1096955,350000
1096958,1287400
1096961,305000
1096964,550000
1096971,200000
1096974,752000
1096977,350000
1096980,547600
1096985,400000
1096987,570000
1096988,400000
1096992,400000
1096996,0
1096997,0
1097000,0
1097003,665600
1097008,315000
1097009,238000
1097014,400000
1097015,0
1097020,2134200
1097022,757000
1097026,415500
1097027,0
1097029,0
1097030,400000
1097041,679600
1097042,463000
1097045,445500
1097047,497000
1097052,470000
1097054,268000
1097055,0
1097060,512500
1097061,250000
1097062,200000
1097063,347200
1097069,600000
1097075,400000
1097080,0
1097085,471200
1097088,0
1097090,567500
1097091,508000
1097093,150000
1097096,0
1097106,304500
1097114,0
1097116,150000
1097120,405000
1097121,0
1097122,70000
1097125,572800
1097129,70000
1097131,0
1097135,980300
1097137,300000
1097139,478600
1097140,375600
1097147,169000
1097150,0
1097157,350000
1097160,519000
1097161,650000
1097165,135000
1097166,0
1097180,490600
1097199,0
1097200,0
1097206,732400
1097209,514000
1097215,518600
1097218,314500
1097221,0
1097222,200000
1097224,0
1097226,400000
1097231,753000
1097233,519400
1097236,0
1097238,496000
1097240,0
1097241,816000
1097247,0
1097255,0
1097256,481000
1097264,664000
1097266,0
1097268,400000
1097272,0
1097275,1589300
1097276,400000
1097278,464000
1097286,449400
1097287,3096000
1097290,1134000
1097294,375000
1097299,400000
1097301,0
1097305,483400
1097308,379500
1097309,306000
1097312,0
1097313,0
1097314,400000
1097329,0
1097331,0
1097336,1359300
1097337,150000
1097344,400000
1097345,512800
1097347,653800
1097355,0
1097357,150000
1097359,422500
1097363,600000
1097366,857200
1097368,758200
1097373,0
1097376,499000
1097377,1143600
1097379,12259000
1097381,250000
1097382,558400
1097385,564400
1097389,478000
1097390,0
1097393,474000
1097394,457000
1097402,550000
1097403,493000
1097405,503200
1097408,1239500
1097411,250000
1097413,529000
1097414,5010500
1097416,445000
1097419,0
1097421,235000
1097424,500000
1097425,472000
1097426,202000
1097428,400000
1097431,250000
1097433,200000
1097435,400000
1097438,400000
1097441,87200
1097443,0
1097444,506200
1097452,150000
1097454,472000
1097456,0
1097460,4161500
1097462,0
1097468,200000
1097473,367500
1097475,400000
1097476,493000
1097479,664600
1097483,550000
1097485,0
1097486,0
1097490,450000
1097491,0
1097493,0
1097497,577600
1097498,0
1097501,0
1097502,0
1097503,0
1097508,1215000
1097511,550400
1097513,0
1097514,946000
1097519,649000
1097520,529600
1097522,1092800
1097523,455000
1097524,481000
1097525,400000
1097526,469000
1097527,137000
1097528,2226700
1097530,372000
1097546,550000
1097547,0
1097550,475000
1097554,125000
1097555,980600
1097557,130000
1097560,0
1097562,466000
1097565,1215400
1097566,0
1097567,614800
1097573,1100000
1097577,500000
1097578,1266300
1097579,400000
1097582,405000
1097584,150000
1097587,556000
1097605,488000
1097606,400000
1097609,400000
1097611,0
1097615,700000
1097616,0
1097621,0
1097622,0
1097624,400000
1097628,467200
1097629,584800
1097631,0
1097639,0
1097642,550000
1097646,1613000
1097647,0
1097650,550000
1097658,442800
1097663,0
1097664,400000
1097665,815000
1097669,400000
1097671,62500
1097683,530000
1097684,0
1097686,0
1097688,363600
1097689,330000
1097691,472000
1097699,400000
1097700,70000
1097705,150000
1097709,0
1097710,328600
1097711,0
1097713,670000
1097716,0
1097717,675000
1097719,440800
1097723,250000
1097724,399000
1097726,400000
1097730,0
1097733,0
1097734,1127600
1097737,0
1097746,0
1097748,1002200
1097749,200000
1097758,463000
1097761,1635600
1097766,187800
1097769,0
1097771,508000
1097775,488200
1097776,517000
1097777,400000
1097780,0
1097786,250000
1097787,50500
1097791,450000
1097792,0
1097795,609400
1097796,350000
1097798,426900
1097799,350000
1097800,1397200
1097802,901800
1097803,1728700
1097805,400000
1097806,465700
1097807,400000
1097811,499000
1097815,1048000
1097817,478000
1097819,677000
1097832,930000
1097833,451500
1097836,0
1097838,534400
1097840,559000
1097841,0
1097842,0
1097844,400000
1097849,793700
1097850,913200
1097852,440000
1097853,0
1097856,0
1097857,435800
1097858,500000
1097865,400000
1097867,0
1097869,628600
1097872,372000
1097874,0
1097875,442000
1097876,50500
1097881,0
1097895,150000
1097896,0
1097900,0
1097902,0
1097903,103500
1097907,1012700
1097912,0
1097913,0
1097916,978200
1097919,400000
1097921,990000
1097925,1726300
1097926,463000
1097927,0
1097934,400000
1097939,400000
1097941,0
1097942,519000
1097943,400000
1097950,791700
1097953,350000
1097955,460000
1097956,0
1097963,0
1097964,501400
1097966,393300
1097968,150000
1097970,510000
1097971,4327600
1097982,314000
1097985,343500
1097991,0
1097992,477000
1097993,598600
1097995,50200
1097996,350000
1098002,150000
1098005,752400
1098007,1324000
1098009,0
1098016,4976900
1098021,0
1098029,790000
1098032,0
1098037,260000
1098038,0
1098039,216700
1098043,728000
1098046,511000
1098050,311700
1098051,288900
1098052,150000
1098059,0
1098060,490000
1098062,488800
1098070,554200
1098071,0
1098078,0
1098079,400000
1098081,483000
1098083,594000
1098084,560500
1098089,623600
1098096,0
1098105,491100
1098107,910000
1098108,529400
1098112,0
1098129,0
1098136,445000
1098140,429000
1098142,471400
1098143,665000
1098153,150000
1098157,140000
1098158,0
1098166,1904600
1098168,640000
1098178,0
1098184,623400
1098187,648400
1098193,121000
1098195,450000
1098197,465000
1098200,0
1098201,302200
1098204,320000
1098207,640000
1098210,526000
1098212,0
1098215,210000
1098220,0
1098222,580000
1098223,390000
1098228,150000
1098229,350000
1098230,576500
1098232,390000
1098234,475600
1098245,400000
1098248,400000
1098253,2264200
1098254,600000
1098255,150000
1098262,454000
1098269,435000
1098272,547000
1098275,0
1098283,1161000
1098288,694000
1098291,0
1098292,759300
1098294,35700
1098300,0
1098303,199000
1098304,0
1098305,0
1098313,250000
1098315,403900
1098321,10032100
1098323,476200
1098330,550000
1098333,0
1098336,316000
1098338,0
1098347,70000
1098348,0
1098356,0
1098357,858300
1098358,0
1098359,337500
1098361,693000
1098365,1039000
1098368,0
1098371,496000
1098372,620200
1098374,531600
1098378,459400
1098390,611400
1098391,350000
1098393,750000
1098397,531300
1098401,0
1098405,385000
1098409,135000
1098410,400000
1098416,150000
1098417,489400
1098421,250000
1098424,0
1098431,0
1098436,563200
1098438,460000
1098440,520000
1098441,702400
1098442,800000
1098447,363600
1098451,303000
1098454,390000
1098459,0
1098462,0
1098484,600000
1098487,250000
1098495,0
1098496,472100
1098509,0
1098512,643000
1098517,335800
1098518,1019000
1098530,651200
1098531,0
1098536,0
1098538,2770000
1098542,150000
1098544,561000
1098548,996400
1098552,0
1098555,0
1098558,557500
1098561,678400
1098565,546400
1098566,604300
1098570,437800
1098572,476800
1098577,250000
1098578,1010500
1098584,322800
1098588,478800
1098590,350000
1098592,350000
1098595,132100
1098596,350000
1098599,250000
1098602,0
1098606,484000
1098608,1050000
1098611,478000
1098614,538000
1098615,2136800
1098617,0
1098619,492400
1098621,397100
1098625,318500
1098626,0
1098631,457000
1098633,460000
1098635,150000
1098637,1632000
1098647,2580500
1098651,472000
1098653,340000
1098666,484000
1098667,503800
1098671,1100000
1098672,150000
1098677,1440000
1098678,0
1098679,0
1098681,580000
1098684,0
1098685,350000
1098687,0
1098692,0
1098698,653000
1098703,330000
1098704,0
1098709,0
1098713,538500
1098714,400000
1098722,0
1098725,130000
1098727,550000
1098731,42000
1098734,270000
1098736,0
1098737,535000
1098739,520000
1098740,461400
1098745,4415600
1098751,0
1098756,0
1098763,500000
1098765,507000
1098767,0
1098769,453000
1098772,0
1098775,490000
1098781,692000
1098783,250000
1098785,420000
1098789,500000
1098793,400000
1098799,640000
1098800,400000
1098801,456600
1098803,196000
1098808,475000
1098809,350000
1098816,763500
1098817,1186800
1098818,0
1098826,478000
1098827,154000
1098837,350000
1098844,0
1098849,0
1098854,550000
1098859,0
1098861,725000
1098866,387000
1098872,0
1098874,604000
1098875,490900
1098878,627000
1098882,2452300
1098886,0
1098890,708500
1098907,877000
1098912,540000
1098913,400000
1098916,0
1098926,469300
1098928,411800
1098929,400000
1098932,362000
1098935,182000
1098938,500000
1098940,149000
1098941,250000
1098943,412500
1098947,0
1098954,639000
1098956,400000
1098959,1052800
1098967,0
1098971,0
1098974,200000
1098977,0
1098979,400000
1098980,926000
1098981,500000
1098983,400000
1098984,396000
1098985,908600
1098988,686700
1098989,839400
1098990,750000
1098994,130000
1098995,1078600
1098996,707500
1098997,650000
1099001,390000
1099004,0
1099005,470800
1099007,329000
1099008,0
1099009,400000
1099015,406500
1099017,399000
1099020,0
1099021,360000
1099022,504000
1099023,850100
1099024,250000
1099026,404500
1099034,509000
1099038,748900
1099045,0
1099047,450000
1099048,0
1099051,0
1099052,0
1099060,476400
1099067,549800
1099071,150000
1099076,291000
1099080,1191000
1099081,1408800
1099084,858300
1099088,400000
1099092,0
1099095,0
1099096,350000
1099102,400000
1099106,179800
1099117,550000
1099123,0
1099125,1745800
1099133,495000
1099135,1402600
1099146,0
1099148,400000
1099149,400000
1099155,1334500
1099156,400000
1099161,122200
1099162,536800
1099163,0
1099164,460000
1099166,433900
1099173,0
1099180,383600
1099184,70000
1099188,249300
1099189,0
1099191,539400
1099192,2159200
1099195,3925500
1099197,0
1099198,1180000
1099204,911000
1099215,0
1099218,400000
1099224,450000
1099226,315000
1099232,456000
1099233,642000
1099237,398400
1099246,360000
1099255,478000
1099258,779900
1099259,2000000
1099267,360400
1099271,761000
1099273,550000
1099274,968300
1099277,526500
1099280,0
1099282,0
1099291,450000
1099293,400000
1099295,479500
1099296,400000
1099304,450000
1099305,0
1099308,387000
1099310,450000
1099316,2533300
1099324,0
1099333,0
1099338,0
1099339,0
1099344,0
1099350,460000
1099353,0
1099355,671200
1099363,0
1099372,250000
1099377,516000
1099379,249500
1099380,0
1099382,357000
1099387,846100
1099395,500000
1099396,434400
1099397,250000
1099401,0
1099404,490000
1099413,304500
1099418,0
1099428,836000
1099429,0
1099431,0
1099433,0
1099436,400000
1099438,400000
1099439,540000
1099443,421300
1099455,504000
1099459,150000
1099460,140000
1099462,590000
1099463,647000
1099465,0
1099466,570000
1099472,0
1099473,0
1099474,0
1099475,400000
1099476,567500
1099479,237000
1099480,0
1099488,400000
1099490,1918700
1099491,599700
1099495,0
1099500,0
1099502,108000
1099503,750000
1099504,0
1099505,450800
1099517,351300
1099518,400000
1099520,0
1099521,500000
1099522,450000
1099526,574000
1099531,300000
1099538,377200
1099540,106000
1099542,550000
1099543,500000
1099550,542000
1099551,431800
1099553,497000
1099554,1599200
1099558,1165600
1099562,0
1099567,400000
1099568,400000
1099573,291000
1099578,507000
1099584,343200
1099589,310000
1099591,941000
1099596,0
1099598,508000
1099599,702800
1099605,1380600
1099612,1193000
1099614,469300
1099618,0
1099621,0
1099625,2750000
1099633,450000
1099634,0
1099636,150000
1099637,130000
1099638,714000
1099640,0
1099641,0
1099645,1142000
1099649,0
1099653,299500
1099654,438000
1099655,250000
1099656,400000
1099657,400000
1099663,486000
1099664,400000
1099666,786000
1099667,299600
1099669,508000
1099672,400000
1099682,550000
1099688,500000
1099689,308000
1099692,0
1099698,523600
1099700,352500
1099711,476500
1099712,400000
1099715,0
1099717,1132000
1099722,618400
1099723,0
1099726,400000
1099732,0
1099734,150000
1099736,0
1099743,28000
1099749,325000
1099754,499800
1099758,342000
1099763,325100
1099765,0
1099766,0
1099772,532000
1099773,0
1099774,0
1099777,0
1099778,200000
1099782,200000
1099785,0
1099794,400000
1099798,0
1099801,200000
1099808,0
1099810,360000
1099811,681900
1099816,301000
1099817,115000
1099819,600000
1099822,246900
1099828,0
1099830,510900
1099834,0
1099849,360000
1099853,2148900
1099856,400000
1099859,430800
1099862,360000
1099865,393000
1099866,0
1099872,360000
1099880,576000
1099881,569500
1099883,400000
1099886,2213700
1099889,400000
1099892,460000
1099895,45000
1099897,600000
1099903,450000
1099904,366000
1099905,417500
1099910,712200
1099916,0
1099921,434000
1099931,801000
1099934,405000
1099948,357000
1099949,764000
1099950,400000
1099952,150000
1099953,400000
1099959,1088900
1099963,400000
1099967,388200
1099971,400000
1099974,459400
1099983,858500
1099987,431500
1099988,250000
1099991,0
1099998,624000
1100003,505000
1100004,1035100
1100006,500000
1100009,0
1100013,325500
1100015,650000
1100016,0
1100017,723800
1100024,504500
1100028,0
1100031,1024000
1100036,402000
1100041,285000
1100046,0
1100055,300000
1100056,384100
1100066,0
1100074,879600
1100082,0
1100083,400000
1100084,600000
1100088,2646700
1100089,0
1100092,400000
1100094,579200
1100095,0
1100097,1250000
1100098,0
1100115,1150000
1100116,1025900
1100119,1018400
1100122,150000
1100124,330000
1100125,0
1100136,0
1100141,400000
1100142,3887800
1100143,410400
1100160,400000
1100165,350000
1100166,0
1100168,384000
1100170,375000
1100172,436400
1100175,400000
1100178,763000
1100179,0
1100180,0
1100182,400000
1100186,0
1100187,388200
1100188,1911000
1100197,703500
1100198,400000
1100201,566500
1100202,0
1100203,400000
1100206,590000
1100208,0
1100214,150000
1100215,499000
1100229,540000
1100230,400000
1100231,1793000
1100241,478000
1100244,719800
1100246,0
1100248,0
1100251,150000
1100255,0
1100256,0
1100263,150000
1100264,352500
1100266,492000
1100271,397800
1100288,429000
1100289,348000
1100296,870400
1100298,1801500
1100301,542000
1100305,0
1100309,495400
1100312,366000
1100315,150000
1100318,150000
1100321,349200
1100329,502000
1100331,486000
1100346,400000
1100349,250000
1100359,400000
1100361,480000
1100371,1070000
1100373,300000
1100379,4156500
1100383,456300
1100388,615000
1100390,535000
1100391,250000
1100392,407500
1100393,288000
1100394,760000
1100399,667200
1100401,450400
1100402,449500
1100404,150000
1100406,760000
1100407,1956700
1100413,474000
1100415,0
1100416,0
1100417,0
1100418,526000
1100422,0
1100429,250000
1100430,400000
1100434,591200
1100441,0
1100444,0
1100447,250000
1100449,110000
1100450,0
1100451,660000
1100454,450000
1100456,0
1100467,0
1100478,477400
1100480,451000
1100486,400000
1100487,300200
1100492,300000
1100496,3214400
1100498,0
1100500,300000
1100502,857500
1100505,300000
1100507,568000
1100510,594500
1100515,350000
1100516,0
1100519,400000
1100525,0
1100530,0
1100532,420500
1100550,630000
1100552,575000
1100553,550000
1100554,150000
1100556,481500
1100562,472000
1100566,300000
1100567,283500
1100568,400000
1100584,412500
1100593,474000
1100599,140000
1100603,389400
1100606,350000
1100615,747000
1100616,150000
1100617,325000
1100619,180000
1100620,0
1100621,0
1100622,432500
1100626,0
1100628,450000
1100639,450000
1100647,1106000
1100655,350000
1100661,447300
1100663,400000
1100665,387000
1100668,945000
1100670,511600
1100677,519000
1100681,494500
1100684,0
1100686,485000
1100692,0
1100698,0
1100701,510000
1100702,700000
1100705,477000
1100707,0
1100708,684800
1100709,424200
1100715,0
1100716,600000
1100721,324000
1100725,0
1100733,500000
1100736,562200
1100748,135000
1100754,600000
1100755,900000
1100765,122500
1100773,0
1100776,655000
1100781,357000
1100783,441700
1100786,400000
1100788,428200
1100800,483200
1100807,0
1100810,0
1100813,0
1100814,105000
1100817,0
1100818,1166800
1100820,0
1100821,325000
1100827,429000
1100828,490000
1100829,490000
1100834,400000
1100837,5664900
1100838,142000
1100840,440700
1100848,0
1100849,243600
1100854,297000
1100856,638700
1100857,500000
1100860,1500
1100866,728700
1100869,130000
1100873,350000
1100874,280500
1100892,404100
1100894,300000
1100896,500200
1100898,382000
1100901,475000
1100905,762000
1100907,432500
1100914,486000
1100916,140000
1100919,485500
1100925,450500
1100928,285000
1100930,740000
1100933,0
1100942,431100
1100945,200000
1100953,520000
1100954,0
1100961,150000
1100971,70000
1100974,150000
1100975,140000
1100981,350000
1100986,0
1100992,384000
1100993,0
1100996,0
1100997,250000
1100998,0
1101000,500000
1101007,511000
1101015,0
1101016,100000
1101017,0
1101018,577900
1101028,0
1101034,0
1101038,1029000
1101043,0
1101045,868000
1101046,360000
1101057,0
1101058,1316500
1101059,749500
1101065,450000
1101070,0
1101077,0
1101079,204000
1101085,0
1101090,0
1101091,365400
1101103,0
1101105,250000
1101107,349700
1101110,350000
1101119,0
1101130,825200
1101132,0
1101133,520500
1101136,0
1101139,629400
1101140,0
1101141,0
1101145,595000
1101149,525000
1101150,0
1101155,526000
1101159,250000
1101160,150000
1101163,0
1101169,0
1101173,0
1101203,639500
1101204,250000
1101205,250000
1101209,400000
1101218,0
1101222,635800
1101223,0
1101228,0
1101229,2012200
1101230,350000
1101237,300000
1101246,1092500
1101248,576000
1101249,70000
1101251,466000
1101255,538200
1101256,599000
1101259,0
1101261,0
1101264,147300
1101265,253800
1101276,2358800
1101282,1110000
1101287,95000
1101300,0
1101306,590100
1101308,0
1101314,0
1101318,390000
1101319,917800
1101321,0
1101322,0
1101325,683000
1101327,0
1101331,250000
1101332,0
1101345,780000
1101350,182500
1101356,0
1101359,0
1101361,312000
1101364,0
1101366,0
1101370,650000
1101372,200000
1101373,112000
1101375,390000
1101381,0
1101385,0
1101389,450000
1101395,472500
1101405,0
1101407,870000
1101412,868000
1101414,150000
1101416,150000
1101427,0
1101431,357000
1101433,0
1101450,0
1101468,413000
1101474,264800
1101477,3858100
1101480,653000
1101484,390000
1101485,654600
1101487,400000
1101503,125000
1101509,332000
1101515,354000
1101520,150000
1101528,547500
1101541,150000
1101546,520000
1101547,150000
1101558,0
1101559,237900
1101565,0
1101567,1500
1101573,274200
1101575,398300
1101578,550000
1101581,195600
1101590,255400
1101591,0
1101592,250000
1101593,457200
1101596,0
1101598,0
1101605,400000
1101631,0
1101634,0
1101637,542000
1101639,271300
1101646,550000
1101649,0
1101656,70000
1101661,0
1101664,0
1101666,563100
1101676,0
1101677,0
1101694,200000
1101704,585000
1101705,200000
1101707,414300
1101718,250000
1101722,0
1101723,813000
1101724,2308000
1101729,250000
1101730,3163600
1101733,567800
1101734,399500
1101747,328000
1101750,415000
1101752,632700
1101753,450000
1101756,1513000
1101762,890000
1101766,0
1101769,586800
1101774,0
1101777,0
1101787,200000
1101794,0
1101814,0
1101823,291000
1101829,0
1101832,673400
1101834,676000
1101856,250000
1101863,134500
1101871,0
1101892,0
1101893,361500
1101894,0
1101898,672700
1101901,585000
1101902,461500
1101907,924000
1101908,0
1101915,0
1101920,0
1101921,850000
1101922,70000
1101923,604200
1101924,0
1101927,0
1101934,250000
1101940,0
1101949,150000
1101953,1085500
1101955,400000
1101959,217900
1101960,1747900
1101973,0
1101981,300000
1101986,0
1101995,350000
1102000,0
1102002,200000
1102005,0
1102007,0
1102012,410300
1102022,0
1102025,0
1102035,0
1102037,505100
1102038,0
1102049,455000
1102050,300000
1102052,522000
1102054,600000
1102056,300000
1102060,0
1102063,400000
1102072,455100
1102081,250000
1102100,0
1102102,550000
1102106,496000
1102133,134600
1102137,486000
1102138,2672000
1102141,636600
1102143,1800000
1102146,450000
1102154,870100
1102156,0
1102159,0
1102161,450000
1102164,784500
1102165,250000
1102168,0
1102178,67500
1102182,662500
1102187,675000
1102191,220000
1102194,450000
1102195,308000
1102202,824000
1102215,544600
1102216,0
1102217,310000
1102219,520000
1102220,462000
1102223,440200
1102243,355500
1102244,412500
1102249,412800
1102252,400000
1102254,0
1102261,537800
1102264,250000
1102274,350000
1102276,1624100
1102278,750000
1102281,250000
1102286,375000
1102291,0
1102292,250000
1102307,432000
1102313,150000
1102321,385000
1102331,290000
1102332,537500
1102333,400000
1102346,530000
1102356,412000
1102360,250000
1102363,337500
1102366,500000
1102399,400000
1102402,250000
1102408,150000
1102412,310000
1102425,0
1102434,347500
1102435,264500
1102438,400000
1102444,283500
1102456,0
1102461,120000
1102469,0
1102474,618000
1102476,0
1102481,270000
1102490,550000
1102492,461400
1102498,683000
1102507,680500
1102510,637600
1102513,325000
1102517,450000
1102518,0
1102520,0
1102525,242000
1102533,350000
1102535,250000
1102536,350000
1102539,315000
1102547,490000
1102550,0
1102564,200000
1102565,250000
1102569,0
1102572,150000
1102573,250000
1102577,900800
1102579,1384600
1102592,0
1102593,0
1102598,0
1102603,0
1102606,300000
1102611,515000
1102613,517000
1102614,332500
1102616,0
1102619,305600
1102624,0
1102626,450000
1102633,305300
1102634,876500
1102639,384000
1102644,535000
1102647,0
1102649,300000
1102672,230000
1102678,570000
1102686,488500
1102696,525100
1102698,384000
1102708,425600
1102709,285800
1102710,0
1102721,516600
1102734,384300
1102753,252000
1102754,350000
1102757,0
1102760,250000
1102761,699400
1102765,0
1102768,367200
1102773,0
1102775,0
1102777,0
1102787,140000
1102790,483200
1102795,79000
1102800,136000
1102801,0
1102804,0
1102807,450000
1102808,369900
1102813,5148500
1102814,657200
1102816,4519600
1102817,0
1102828,0
1102830,507000
1102832,650000
1102836,300000
1102842,450000
1102846,653300
1102849,0
1102856,1608600
1102857,0
1102867,2889400
1102868,1555600
1102869,250000
1102875,350000
1102876,0
1102882,0
1102884,376500
1102886,643000
1102897,0
1102898,1343000
1102901,0
1102902,0
1102908,133400
1102909,747500
1102911,300000
1102916,0
1102919,0
1102928,0
1102930,544500
1102933,0
1102942,200000
1102948,188200
1102952,0
1102959,527500
1102962,0
1102963,250000
1102967,0
1102971,0
1102973,250000
1102975,450000
1102981,2937000
1102987,400000
1102988,543400
1102991,414000
1102994,1110100
1102996,951000
1102999,480000
1103000,410400
1103001,333000
1103008,285000
1103010,0
1103011,250000
1103015,450000
1103018,0
1103020,0
1103021,440000
1103022,1047200
1103024,150000
1103032,0
1103040,2517400
1103042,447000
1103044,384000
1103045,400000
1103046,1002000
1103051,358300
1103054,300000
1103055,0
1103056,135000
1103058,913400
1103059,0
1103070,399500
1103074,390000
1103078,390000
1103080,328400
1103084,1014900
1103099,400000
1103100,377400
1103102,0
1103103,0
1103106,0
1103107,629400
1103108,640800
1103113,0
1103118,0
1103124,496000
1103125,88500
1103128,375600
1103136,350000
1103137,150000
1103147,420800
1103151,4433000
1103152,0
1103153,0
1103155,403200
1103158,120000
1103164,0
1103166,558500
1103167,400000
1103175,0
1103176,800000
1103180,300000
1103183,0
1103190,300000
1103194,361800
1103198,437000
1103200,761800
1103202,4069000
1103203,300000
1103207,0
1103208,565600
1103209,1015300
1103228,612000
1103231,511800
1103234,0
1103248,430500
1103252,300000
1103256,447300
1103257,3832000
1103266,140000
1103274,0
1103277,437200
1103283,445500
1103292,0
1103297,0
1103302,0
1103304,300000
1103305,630700
1103306,366600
1103307,315300
1103308,200000
1103310,0
1103313,890000
1103318,410000
1103324,739600
1103328,566000
1103330,0
1103332,500000
1103338,410400
1103339,0
1103344,628000
1103350,450000
1103352,333600
1103355,0
1103358,300000
1103359,208000
1103360,843000
1103366,530100
1103368,0
1103371,322800
1103373,1292500
1103378,0
1103380,737200
1103385,0
1103387,959500
1103392,350000
1103393,250000
1103399,1035000
1103404,150000
1103406,150000
1103407,0
1103410,395800
1103416,360000
1103422,331500
1103425,105000
1103427,474800
1103428,368400
1103429,128100
1103430,150000
1103431,393000
1103432,0
1103435,1030400
1103439,0
1103447,348000
1103451,400000
1103456,465000
1103458,101600
1103459,2391900
1103466,0
1103468,713300
1103471,400000
1103472,0
1103474,0
1103477,0
1103478,450000
1103480,350000
1103484,0
1103486,519000
1103493,0
1103496,265800
1103503,350000
1103504,1268900
1103506,0
1103507,461400
1103510,300000
1103522,500000
1103524,495800
1103535,1227000
1103537,250000
1103540,200000
1103543,450000
1103547,0
1103548,298000
1103550,0
1103551,372000
1103555,941000
1103558,357000
1103562,624500
1103563,0
1103564,500000
1103569,796500
1103581,350000
1103583,918400
1103585,0
1103592,300000
1103594,0
1103598,390000
1103611,0
1103614,704000
1103615,530000
1103616,0
1103620,0
1103625,399600
1103630,580000
1103633,450000
1103634,300000
1103638,300000
1103639,0
1103642,321000
1103643,228400
1103645,432000
1103646,250000
1103649,421500
1103657,0
1103658,386000
1103659,268000
1103660,300000
1103664,2140000
1103668,250000
1103669,70000
1103682,628200
1103684,300000
1103692,300000
1103700,0
1103704,1406800
1103709,378000
1103712,560400
1103714,550000
1103716,450000
1103717,2244200
1103718,478800
1103722,0
1103728,150000
1103729,388800
1103735,345000
1103736,0
1103739,591600
1103740,350000
1103749,101500
1103753,400000
1103757,0
1103759,1815000
1103763,390100
1103766,0
1103769,0
1103771,473400
1103777,357000
1103779,600000
1103780,305000
1103782,777800
1103792,300000
1103799,150000
1103804,390000
1103806,0
1103809,484500
1103811,0
1103813,0
1103819,350000
1103822,408000
1103823,0
1103824,680000
1103832,250000
1103838,58000
1103840,0
1103842,604000
1103850,250000
1103852,0
1103857,880000
1103859,601000
1103860,70000
1103868,530000
1103869,0
1103870,668000
1103873,0
1103874,470000
1103882,0
1103883,556000
1103885,0
1103886,580000
1103889,390000
1103890,1778800
1103893,530000
1103896,1206100
1103901,0
1103903,469400
1103907,0
1103910,525000
1103911,100000
1103917,580000
1103920,530000
1103927,0
1103928,480300
1103935,480000
1103939,150000
1103940,512800
1103941,300000
1103946,564200
1103948,0
1103949,0
1103950,150000
1103951,0
1103952,150000
1103955,438700
1103962,300000
1103970,385100
1103974,339700
1103976,392500
1103979,174000
1103980,408000
1103990,0
1103991,0
1104002,1043500
1104003,250000
1104004,513500
1104007,218400
1104008,0
1104018,450000
1104022,1450000
1104023,390000
1104024,291000
1104031,424300
1104033,0
1104034,1800900
1104036,444000
1104047,300000
1104048,800000
1104054,747700
1104055,0
1104056,0
1104062,150000
1104063,0
1104070,354000
1104073,0
1104084,3395700
1104085,300000
1104086,453500
1104091,0
1104092,671900
1104097,244600
1104106,240000
1104111,372000
1104116,509900
1104117,0
1104120,0
1104123,0
1104124,700000
1104125,0
1104130,1053500
1104131,658700
1104132,925000
1104133,0
1104144,430000
1104145,406300
1104146,300000
1104147,450000
1104150,71000
1104155,393000
1104159,0
1104160,354000
1104166,0
1104172,0
1104174,225000
1104175,300000
1104181,550000
1104188,416700
1104199,250000
1104202,300000
1104205,590000
1104206,1131700
1104207,306000
1104212,576800
1104216,0
1104217,432000
1104218,345500
1104221,300000
1104224,1191000
1104227,14143400
1104230,300000
1104231,528500
1104234,806000
1104244,390000
1104246,420000
1104247,796100
1104248,0
1104249,400000
1104252,4622100
1104253,381000
1104262,0
1104264,300000
1104269,0
1104274,618000
1104278,0
1104284,423600
1104287,1500000
1104290,494000
1104296,400000
1104298,0
1104300,0
1104303,0
1104304,381000
1104307,400000
1104310,1800000
1104318,462500
1104321,448800
1104324,300000
1104335,0
1104339,450000
1104343,999900
1104344,852500
1104353,0
1104359,270000
1104361,450000
1104362,285000
1104372,322800
1104373,450000
1104375,440000
1104376,662000
1104380,150000
1104381,70000
1104382,405000
1104387,0
1104389,150000
1104392,0
1104396,361500
1104400,0
1104402,771400
1104406,0
1104407,352200
1104414,400000
1104419,1000000
1104424,11500
1104431,567100
1104435,500000
1104437,0
1104440,0
1104444,1541000
1104445,360000
1104447,300000
1104452,0
1104456,307800
1104457,250000
1104462,1050000
1104463,350000
1104464,450000
1104467,581500
1104471,0
1104472,0
1104481,0
1104493,150000
1104499,3216200
1104502,481000
1104507,821200
1104510,807700
1104515,270000
1104522,210500
1104523,562200
1104524,1055200
1104528,300000
1104531,450000
1104534,0
1104535,0
1104539,250000
1104542,550000
1104544,0
1104545,0
1104546,349300
1104558,479000
1104559,348600
1104564,619800
1104566,424500
1104569,393000
1104571,250000
1104572,300000
1104577,150000
1104579,2594100
1104586,300000
1104587,150000
1104589,370600
1104590,587300
1104591,0
1104595,471400
1104598,300000
1104600,504000
1104602,915800
1104606,740000
1104613,300000
1104620,404100
1104626,250000
1104636,300000
1104639,381000
1104642,300000
1104643,1133600
1104645,426000
1104652,195000
1104666,5230100
1104676,2446500
1104679,1500
1104681,0
1104685,438600
1104687,390000
1104693,436200
1104700,509700
1104707,405100
1104710,438700
1104719,250000
1104723,300000
1104724,0
1104726,625900
1104729,250000
1104730,3854900
1104732,2933600
1104733,655000
1104737,363000
1104740,310000
1104742,0
1104745,155000
1104748,1500
1104751,0
1104758,420000
1104762,334500
1104770,330700
1104773,315600
1104784,376800
1104788,150000
1104789,423000
1104790,0
1104792,250000
1104795,1156300
1104797,270000
1104798,170000
1104803,334000
1104807,450000
1104808,0
1104810,570000
1104814,417000
1104817,584700
1104820,366000
1104825,0
1104831,0
1104833,0
1104834,128000
1104836,850000
1104842,300000
1104849,535000
1104852,0
1104859,350000
1104863,441000
1104868,405000
1104871,562600
1104874,450000
1104877,350000
1104878,0
1104885,880000
1104886,792500
1104887,0
1104888,404100
1104889,497500
1104894,0
1104896,566000
1104897,595000
1104898,402800
1104901,1187000
1104902,466600
1104903,250000
1104904,450000
1104915,300000
1104916,504000
1104923,0
1104924,509300
1104925,0
1104926,372500
1104930,0
1104934,315000
1104938,740000
1104945,300000
1104948,450000
1104953,0
1104955,390000
1104966,362500
1104967,0
1104968,300000
1104969,0
1104972,385200
1104977,628300
1104987,289600
1104989,0
1105000,360000
1105001,0
1105005,400000
1105006,0
1105007,444000
1105008,150000
1105016,0
1105021,150000
1105022,0
1105027,300000
1105029,250000
1105030,0
1105039,0
1105046,412800
1105051,388800
1105053,0
1105061,0
1105064,300000
1105077,713200
1105078,300000
1105079,350000
1105090,390000
1105093,0
1105095,276600
1105097,0
1105098,440000
1105100,0
1105103,250000
1105107,130000
1105108,0
1105109,387000
1105110,2924000
1105112,562700
1105113,540000
1105122,0
1105132,600000
1105133,0
1105135,703000
1105136,925400
1105137,463000
1105142,0
1105146,400000
1105152,0
1105153,250000
1105157,0
1105159,1554600
1105161,70000
1105162,250000
1105163,370000
1105167,1030000
1105172,360000
1105174,300000
1105175,455000
1105176,422000
1105179,330000
1105182,0
1105183,933200
1105189,0
1105190,500000
1105191,0
1105194,422700
1105196,300000
1105197,300000
1105198,450000
1105200,0
1105210,390000
1105216,0
1105219,0
1105227,150000
1105229,0
1105234,375000
1105235,2215200
1105237,408000
1105238,300000
1105240,0
1105243,450000
1105244,492000
1105245,867500
1105248,584400
1105249,433000
1105253,2875800
1105255,1197500
1105256,0
1105260,0
1105262,0
1105263,0
1105265,0
1105272,527400
1105282,0
1105287,0
1105293,0
1105294,1390000
1105295,519000
1105297,0
1105301,0
1105306,270000
1105308,0
1105310,0
1105316,633000
1105318,0
1105319,0
1105322,0
1105325,315000
1105327,360000
1105329,578400
1105332,0
1105334,0
1105339,0
1105341,0
1105345,150000
1105351,350000
1105360,494400
1105361,650000
1105364,0
1105366,0
1105367,300000
1105368,442500
1105370,355000
1105381,0
1105384,300000
1105385,624900
1105392,450000
1105405,400000
1105408,0
1105409,0
1105424,1380200
1105426,0
1105427,508600
1105431,0
1105433,556000
1105436,0
1105449,1155100
1105454,0
1105459,418800
1105474,394200
1105475,406200
1105493,0
1105494,1123400
1105501,787700
1105511,2058500
1105513,7177400
1105522,150000
1105528,672500
1105532,467000
1105535,0
1105538,450000
1105540,408600
1105541,0
1105542,479200
1105544,150000
1105547,518000
1105548,399000
1105551,428000
1105561,2048600
1105565,150000
1105569,373800
1105580,0
1105593,450000
1105601,0
1105603,2060500
1105611,2549000
1105618,2125900
1105619,500000
1105624,450000
1105625,451800
1105627,0
1105630,300000
1105631,966100
1105639,0
1105640,370200
1105653,387000
1105660,0
1105670,0
1105671,0
1105673,0
1105677,0
1105690,0
1105695,400000
1105698,251000
1105711,300000
1105713,1978200
1105718,806600
1105723,0
1105727,0
1105731,885000
1105734,2045000
1105735,300000
1105738,150000
1105748,0
1105749,0
1105761,642000
1105762,634600
1105769,0
1105773,294000
1105781,1027000
1105783,500000
1105786,871300
1105788,135000
1105794,0
1105803,85000
1105804,0
1105805,270000
1105808,550000
1105813,0
1105819,0
1105823,145000
1105828,2434800
1105829,680100
1105830,395000
1105832,450000
1105835,334400
1105836,0
1105840,0
1105844,497800
1105847,454000
1105852,0
1105863,565000
1105864,0
1105865,0
1105870,327500
1105872,0
1105878,0
1105881,417000
1105884,600000
1105885,150000
1105886,600000
1105892,140000
1105898,0
1105906,0
1105907,1576000
1105919,0
1105922,0
1105929,583500
1105930,623200
1105936,757500
1105944,354600
1105947,0
1105951,726000
1105952,0
1105953,0
1105955,809000
1105957,0
1105961,250000
1105962,0
1105965,0
1105967,385000
1105968,0
1105971,638700
1105980,0
1105986,804200
1105987,420000
1105988,400000
1105992,0
1106000,0
1106001,0
1106007,1017900
1106033,250000
1106041,360000
1106043,390000
1106046,385000
1106047,0
1106051,517000
1106061,388500
1106074,1000000
1106076,0
1106079,417600
1106088,992400
1106089,384000
1106091,425400
1106099,399500
1106103,435000
1106106,0
1106108,525200
1106109,414000
1106112,518000
1106113,836000
1106117,250000
1106120,674000
1106121,150000
1106122,0
1106123,1565400
1106127,0
1106128,250000
1106134,300000
1106137,178800
1106138,0
1106143,0
1106149,93000
1106153,1999600
1106155,1057000
1106161,300000
1106167,0
1106171,70000
1106172,384000
1106183,400000
1106184,358400
1106186,0
1106202,343800
1106203,0
1106206,566200
1106210,158400
1106212,352200
1106215,240000
1106218,0
1106219,400000
1106220,250000
1106230,150000
1106239,300000
1106245,314700
1106247,106000
1106249,0
1106252,2800
1106255,0
1106259,412200
1106260,2417000
1106262,300000
1106264,366000
1106267,0
1106273,459200
1106274,0
1106278,150000
1106282,378000
1106289,360000
1106291,509700
1106295,3453800
1106299,250000
1106300,0
1106305,0
1106306,509700
1106309,0
1106316,0
1106318,376200
1106319,0
1106320,500000
1106321,0
1106325,0
1106327,0
1106329,0
1106333,450000
1106338,350000
1106340,378000
1106351,372000
1106352,538000
1106353,1553300
1106355,0
1106362,0
1106363,300000
1106364,0
1106366,0
1106367,300000
1106369,0
1106374,0
1106379,583000
1106381,0
1106387,434600
1106390,0
1106394,0
1106396,0
1106399,0
1106400,490000
1106406,309000
1106415,367200
1106418,0
1106427,130000
1106429,365700
1106430,500000
1106437,423900
1106440,365400
1106442,0
1106454,615900
1106455,20000
1106456,0
1106461,0
1106468,288000
1106469,0
1106471,175000
1106472,300000
1106473,902000
1106477,150000
1106478,697500
1106481,600000
1106490,0
1106493,300000
1106495,473500
1106497,556800
1106498,0
1106520,0
1106522,500000
1106523,150000
1106524,408000
1106526,800000
1106527,450000
1106528,450000
1106529,0
1106532,850000
1106533,0
1106539,0
1106540,300000
1106553,1379100
1106557,300000
1106566,450000
1106567,0
1106568,0
1106577,340200
1106578,1545000
1106585,77100
1106588,28000
1106589,369000
1106590,600000
1106596,0
1106604,400000
1106616,395000
1106618,0
1106619,0
1106625,505300
1106654,300000
1106661,450000
1106665,480000
1106666,250000
1106669,300000
1106671,0
1106674,400000
1106679,55100
1106680,0
1106689,0
1106696,425000
1106697,0
1106698,450000
1106700,311500
1106707,145000
1106711,450000
1106712,0
1106715,400000
1106719,796000
1106721,0
1106726,0
1106736,372000
1106739,357000
1106740,232000
1106744,1015500
1106746,0
1106753,0
1106756,363000
1106757,0
1106761,0
1106763,372000
1106770,300000
1106780,372000
1106782,300000
1106787,0
1106790,514500
1106794,0
1106796,0
1106798,300000
1106803,477800
1106806,0
1106808,108000
1106810,0
1106821,1218400
1106827,150000
1106845,0
1106846,1010000
1106850,377500
1106860,300000
1106862,0
1106871,400000
1106874,270000
1106896,0
1106902,0
1106903,332500
1106912,0
1106917,538800
1106919,0
1106922,300000
1106924,770000
1106929,250000
1106944,0
1106961,300000
1106963,300000
1106965,0
1106973,600000
1106985,500000
1106989,0
1106990,150000
1106995,0
1107007,322000
1107014,700000
1107022,472000
1107041,360600
1107044,300000
1107046,132100
1107047,0
1107050,678400
1107052,443400
1107061,90000
1107063,395000
1107068,0
1107069,401800
1107070,1045700
1107078,566000
1107079,0
1107081,227400
1107082,415200
1107083,410000
1107090,0
1107091,195000
1107111,379200
1107113,150000
1107120,0
1107125,700000
1107129,300000
1107133,605600
1107135,130000
1107137,135000
1107143,300000
1107144,420000
1107153,300000
1107154,0
1107155,358200
1107161,0
1107167,400000
1107168,0
1107176,150000
1107177,110000
1107182,250000
1107190,468900
1107192,0
1107196,0
1107199,264400
1107200,0
1107202,1758000
1107210,150000
1107212,0
1107213,745500
1107215,248800
1107222,1052900
1107223,1971000
1107232,425000
1107237,0
1107240,0
1107244,443300
1107260,300000
1107264,150000
1107267,411600
1107269,649000
1107272,0
1107273,0
1107278,310100
1107282,0
1107291,350000
1107307,400800
1107313,450000
1107319,0
1107321,0
1107328,300000
1107331,676000
1107334,985500
1107346,595000
1107347,0
1107349,0
1107356,372000
1107357,987000
1107358,589100
1107359,0
1107362,385500
1107363,531600
1107367,0
1107370,202500
1107372,297000
1107373,32500
1107377,0
1107388,1220000
1107391,60000
1107396,0
1107398,300000
1107405,0
1107406,270000
1107407,108000
1107410,440000
1107411,140000
1107423,1258500
1107429,0
1107451,0
1107453,0
1107454,340500
1107456,1168400
1107461,300000
1107462,135800
1107479,581000
1107485,849200
1107487,467500
1107489,200000
1107491,0
1107493,744400
1107495,150000
1107497,150000
1107509,0
1107512,0
1107513,372500
1107515,150000
1107521,605000
1107524,21859000
1107531,0
1107535,0
1107539,150000
1107540,150000
1107552,800000
1107558,570000
1107560,0
1107563,670200
1107566,400000
1107567,980000
1107572,350000
1107578,1160000
1107581,778700
1107593,150000
1107594,441300
1107598,150000
1107614,350000
1107617,392000
1107619,0
1107623,294200
1107628,400000
1107632,495000
1107634,0
1107635,455500
1107640,0
1107641,179500
1107642,450000
1107643,450000
1107644,140000
1107665,1300000
1107675,1355000
1107678,0
1107705,0
1107715,886300
1107717,587600
1107729,150000
1107730,0
1107732,2243700
1107737,304700
1107739,200000
1107744,0
1107747,150000
1107751,0
1107752,426300
1107755,500000
1107765,771500
1107770,0
1107771,400000
1107772,0
1107774,257700
1107781,0
1107784,310100
1107786,448300
1107797,5024100
1107800,401000
1107809,0
1107816,166000
1107829,400000
1107836,469100
1107838,0
1107847,813000
1107854,325000
1107855,0
1107856,630000
1107859,547500
1107867,500000
1107886,550000
1107890,440000
1107896,574000
1107897,250000
1107904,770200
1107910,0
1107930,550000
1107941,0
1107955,889000
1107957,400000
1107964,0
1107972,1876100
1107974,450000
1107975,250000
1107978,499900
1107988,0
1107991,0
1107999,0
1108004,300400
1108014,0
1108025,150000
1108037,439600
1108047,400000
1108048,309000
1108061,830000
1108063,459600
1108090,140000
1108099,200000
1108108,100000
1108111,300000
1108116,70000
1108118,799300
1108126,400000
1108130,290000
1108148,0
1108153,70000
1108160,0
1108167,250000
1108168,0
1108181,0
1108189,70000
1108193,400000
1108213,0
1108224,399000
1108232,0
1108235,350000
1108238,542000
1108248,0
1108249,1504000
1108253,400000
1108256,0
1108257,731000
1108258,0
1108260,150000
1108269,250000
1108270,598000
1108281,250000
1108287,0
1108304,964200
1108306,0
1108311,0
1108318,150000
1108321,712300
1108327,572000
1108336,0
1108337,356000
1108345,705000
1108352,0
1108354,458000
1108357,400000
1108363,250000
1108377,0
1108381,600000
1108384,0
1108394,551500
1108399,100000
1108407,1282000
1108410,190000
1108412,663000
1108424,367500
1108429,384000
1108432,0
1108438,462000
1108439,0
1108441,1348000
1108456,560000
1108471,0
1108472,200000
1108473,400000
1108493,232500
1108494,398000
1108496,0
1108502,447200
1108505,313500
1108506,750000
1108512,6753000
1108517,0
1108523,4034400
1108524,300000
1108531,150000
1108532,488700
1108535,550000
1108536,0
1108541,150000
1108543,0
1108545,300000
1108557,119000
1108560,0
1108562,490000
1108567,179000
1108569,488700
1108579,550000
1108582,720000
1108583,0
1108591,250000
1108592,550000
1108601,240400
1108616,1000000
1108622,180000
1108641,550000
1108652,488700
1108658,488700
1108661,145000
1108674,0
1108678,228200
1108679,0
1108681,365000
1108682,550000
1108691,321000
1108703,770000
1108707,1105900
1108714,0
1108716,1155200
1108725,0
1108732,0
1108768,0
1108773,0
1108780,180000
1108837,0
1108844,2361100
1108855,350000
1108857,150000
1108862,200000
1108865,350000
1108877,400000
1108884,1439800
1108887,0
1108889,0
1108891,780000
1108892,0
1108896,0
1108907,350000
1108922,0
1108925,381000
1108936,570000
1108950,309500
1108951,1659900
1108966,3922700
1108981,250000
1108985,400000
1108994,400000
1108997,400000
1109016,147600
1109018,0
1109030,1398700
1109031,603300
1109033,805000
1109034,0
1109035,0
1109049,321500
1109053,287000
1109054,354800
1109057,250000
1109076,370400
1109080,686000
1109082,0
1109084,0
1109086,380000
1109087,400000
1109089,360000
1109091,771600
1109099,80000
1109102,142000
1109109,477800
1109113,530200
1109114,0
1109119,0
1109121,0
1109123,450000
1109124,250000
1109131,0
1109134,0
1109135,350000
1109136,140000
1109142,861000
1109145,0
1109146,400000
1109149,958000
1109150,0
1109151,0
1109154,495000
1109155,304800
1109157,398300
1109163,0
1109164,1180000
1109168,0
1109172,287600
1109173,63000
1109178,393000
1109198,400000
1109199,549700
1109200,0
1109205,0
1109224,787500
1109230,2602100
1109237,950000
1109242,300000
1109246,657300
1109252,1117500
1109254,671400
1109266,0
1109274,584500
1109278,70000
1109279,381300
1109280,650000
1109282,250000
1109283,0
1109284,600000
1109287,0
1109289,150000
1109291,781200
1109302,471900
1109305,652600
1109306,350000
1109309,150000
1109315,519500
1109319,150000
1109323,150000
1109331,389600
1109333,0
1109337,889700
1109340,0
1109347,496000
1109350,344000
1109351,362900
1109358,0
1109359,450000
1109360,250000
1109363,0
1109365,0
1109377,0
1109379,400000
1109380,476500
1109388,1616400
1109389,340000
1109392,0
1109394,300000
1109414,130000
1109423,755000
1109424,1594600
1109425,0
1109428,432500
1109431,0
1109434,400000
1109437,400100
1109439,397700
1109440,312500
1109443,385000
1109453,305000
1109455,471000
1109467,250000
1109480,250000
1109484,442500
1109487,534300
1109489,164000
1109491,0
1109492,0
1109493,503500
1109497,350000
1109499,600000
1109500,0
1109501,400000
1109502,0
1109504,950000
1109506,0
1109514,400000
1109518,420000
1109519,0
1109522,330200
1109524,340000
1109527,664000
1109528,0
1109529,349500
1109540,70000
1109542,400000
1109544,0
1109559,324400
1109562,1944700
1109566,0
1109569,0
1109574,191400
1109576,285800
1109581,150000
1109584,0
1109585,315000
1109586,989000
1109590,986000
1109603,200000
1109607,250000
1109609,245900
1109614,90000
1109618,328800
1109623,0
1109645,400000
1109646,500000
1109647,178000
1109652,400000
1109656,0
1109670,0
1109671,516400
1109673,250000
1109675,363900
1109676,0
1109685,332500
1109689,306300
1109692,0
1109693,0
1109697,150000
1109701,366100
1109705,0
1109706,279600
1109709,0
1109714,150000
1109715,2592400
1109717,400000
1109723,799000
1109732,150000
1109739,646600
1109742,300000
1109745,0
1109750,0
1109752,357600
1109753,0
1109761,0
1109770,550000
1109771,687900
1109780,3083900
1109789,790000
1109793,400000
1109795,711100
1109796,150000
1109798,300000
1109799,0
1109800,150000
1109815,0
1109816,3460200
1109820,400000
1109822,628600
1109835,1327000
1109841,325000
1109847,150000
1109855,747000
1109865,150000
1109869,250000
1109870,13100000
1109877,690000
1109884,1390000
1109885,602500
1109893,0
1109900,228000
1109903,750000
1109911,211500
1109913,576900
1109920,350000
1109922,0
1109937,0
1109943,540000
1109945,0
1109948,0
1109949,449500
1109953,0
1109954,315600
1109955,400000
1109957,314000
1109960,396500
1109967,0
1109971,130000
1109978,471500
1109983,250000
1109985,740000
1109986,250000
1109987,379000
1109997,540000
1110006,0
1110008,317500
1110013,450000
1110037,615000
1110039,665900
1110053,773500
1110056,0
1110057,450000
1110060,449500
1110065,0
1110068,1720000
1110074,250000
1110077,340000
1110081,300000
1110087,524000
1110091,943800
1110099,417500
1110105,388600
1110106,490000
1110113,150000
1110115,675000
1110120,569000
1110123,250000
1110124,0
1110126,435000
1110142,704600
1110143,1812000
1110144,600000
1110147,374000
1110158,0
1110163,334600
1110164,497300
1110171,400000
1110172,360000
1110179,557500
1110181,300000
1110183,0
1110188,0
1110189,550000
1110190,0
1110199,350000
1110200,0
1110201,0
1110202,0
1110205,360000
1110213,400000
1110215,255200
1110216,0
1110223,0
1110225,145000
1110227,150000
1110236,306300
1110242,0
1110244,789800
1110247,1000500
1110249,300000
1110250,0
1110257,250000
1110265,387800
1110268,0
1110269,190600
1110270,0
1110274,70000
1110275,0
1110281,367900
1110283,0
1110288,313900
1110293,326500
1110295,690000
1110302,0
1110303,816800
1110307,0
1110310,0
1110315,0
1110317,0
1110319,0
1110323,201000
1110324,0
1110326,0
1110328,337500
1110331,950000
1110332,413000
1110339,150000
1110350,0
1110351,445000
1110362,0
1110363,0
1110366,0
1110367,250000
1110372,0
1110377,375500
1110379,400000
1110403,500000
1110407,0
1110408,43000
1110410,390500
1110418,400000
1110422,0
1110423,250000
1110425,334300
1110427,325300
1110429,150000
1110433,250000
1110439,909300
1110442,201000
1110446,353700
1110450,501000
1110452,0
1110454,250000
1110481,250000
1110485,0
1110492,0
1110495,331200
1110508,373500
1110512,250000
1110513,165000
1110515,639000
1110516,521000
1110518,35000
1110528,250000
1110529,150000
1110530,677000
1110531,415300
1110533,363000
1110539,674900
1110546,0
1110549,450000
1110553,1206900
1110556,0
1110561,7396200
1110563,0
1110569,0
1110571,325100
1110572,1115200
1110573,0
1110576,682500
1110579,0
1110581,210000
1110587,0
1110590,0
1110595,1047500
1110596,381000
1110597,89500
1110598,0
1110599,0
1110600,0
1110603,390200
1110604,0
1110611,0
1110615,0
1110622,0
1110623,448600
1110625,400000
1110629,250000
1110630,0
1110634,728000
1110637,100000
1110644,0
1110645,300000
1110646,400000
1110650,0
1110651,249000
1110652,0
1110656,0
1110659,250300
1110661,313500
1110663,0
1110665,112000
1110671,700000
1110673,0
1110674,70000
1110675,448000
1110678,0
1110679,0
1110680,0
1110692,350000
1110694,398000
1110697,130000
1110700,375100
1110701,375000
1110704,0
1110705,0
1110711,970000
1110714,550000
1110715,250000
1110717,280000
1110721,271500
1110727,0
1110729,530000
1110731,150000
1110739,0
1110744,150000
1110748,150000
1110755,0
1110756,100000
1110758,400000
1110759,0
1110760,0
1110762,387900
1110766,600000
1110767,350000
1110770,529500
1110781,0
1110782,0
1110785,0
1110789,955700
1110791,0
1110801,278500
1110802,250000
1110807,250000
1110808,0
1110812,0
1110814,0
1110819,0
1110821,283600
1110825,720000
1110826,358000
1110827,301200
1110834,2789800
1110846,0
1110850,0
1110854,238000
1110855,228200
1110859,0
1110862,0
1110865,0
1110875,351300
1110878,0
1110882,0
1110890,150000
1110891,150000
1110894,1425000
1110897,0
1110900,0
1110902,0
1110904,488700
1110922,752000
1110925,0
1110926,0
1110930,0
1110934,575000
1110938,453000
1110942,400000
1110945,310000
1110948,360000
1110949,965300
1110951,350000
1110955,0
1110966,340500
1110972,1721700
1110973,0
1110982,0
1110983,350000
1110987,0
1110989,0
1110991,180000
1110992,250000
1110995,0
1110996,219300
1111001,0
1111014,0
1111021,0
1111023,0
1111024,48000
1111025,95000
1111027,428800
1111028,0
1111036,0
1111042,0
1111045,0
1111047,0
1111049,245000
1111055,400000
1111056,425200
1111059,0
1111070,326500
1111073,1523800
1111074,0
1111075,250000
1111080,0
1111083,787700
1111085,230800
1111086,0
1111087,250000
1111099,0
1111104,529000
1111105,0
1111107,250000
1111117,0
1111121,150000
1111123,0
1111124,400000
1111129,0
1111131,0
1111134,300000
1111136,200000
1111138,579900
1111143,327500
1111151,452700
1111152,350000
1111168,250000
1111173,170000
1111175,250000
1111192,404000
1111203,0
1111209,0
1111212,250000
1111217,460000
1111218,310800
1111219,780000
1111223,491200
1111227,485000
1111230,1222000
1111231,0
1111232,150000
1111233,362500
1111235,250000
1111240,250000
1111243,383100
1111246,0
1111247,250000
1111249,250000
1111252,0
1111265,221900
1111275,356700
1111295,1047800
1111300,922500
1111302,150000
1111319,631000
1111321,400000
1111325,160000
1111332,297000
1111335,650000
1111336,358800
1111339,526000
1111340,1417800
1111343,400000
1111353,255500
1111356,0
1111359,250000
1111380,0
1111387,992100
1111388,550000
1111395,295000
1111398,520000
1111409,250000
1111412,0
1111413,3715900
1111418,0
1111429,0
1111431,400000
1111436,0
1111441,0
1111442,250000
1111443,0
1111448,365000
1111451,746000
1111458,469600
1111462,0
1111463,270000
1111464,0
1111469,430000
1111474,244000
1111483,150000
1111485,150000
1111486,150000
1111489,0
1111492,336000
1111496,225000
1111499,250000
1111500,0
1111503,395000
1111504,431000
1111506,375500
1111507,449500
1111508,0
1111514,1050000
1111516,713600
1111517,0
1111536,302800
1111537,0
1111540,239500
1111548,1440000
1111551,0
1111553,550000
1111555,400000
1111556,350000
1111557,0
1111564,506300
1111568,250000
1111573,0
1111575,7688100
1111581,600000
1111583,330000
1111589,401300
1111592,150000
1111597,360000
1111599,223200
1111609,303600
1111610,101500
1111611,353500
1111613,250000
1111617,0
1111628,0
1111635,120000
1111647,471200
1111650,0
1111652,322400
1111664,0
1111669,224000
1111672,463300
1111688,278500
1111690,0
1111694,545000
1111707,149000
1111712,520000
1111713,1160000
1111714,0
1111716,400000
1111720,0
1111721,0
1111724,0
1111732,1637100
1111755,690000
1111756,150000
1111771,440000
1111773,424000
1111780,250000
1111792,0
1111804,476500
1111811,5222000
1111815,146600
1111822,0
1111828,0
1111829,400000
1111831,136000
1111836,397100
1111839,0
1111845,1834200
1111846,0
1111852,498000
1111860,0
1111867,250000
1111886,500000
1111890,0
1111892,837300
1111895,0
1111902,250000
1111906,150000
1111907,245500
1111915,366000
1111920,250000
1111934,383300
1111935,309400
1111936,0
1111937,250000
1111939,0
1111941,150000
1111957,292300
1111958,744500
1111968,250500
1111972,1439800
1111979,1637400
1111985,481800
1111990,1715000
1112001,0
1112003,0
1112006,600000
1112010,413400
1112012,2189900
1112013,629000
1112015,638500
1112021,0
1112025,12700
1112042,0
1112045,509700
1112047,202900
1112054,400000
1112055,46000
1112056,163000
1112059,554000
1112061,259000
1112062,1078000
1112065,331700
1112067,250000
1112073,0
1112078,0
1112080,1052400
1112090,303000
1112091,350000
1112092,250000
1112094,0
1112095,215000
1112097,0
1112104,1003000
1112109,250000
1112113,450000
1112118,0
1112121,375000
1112122,0
1112125,326500
1112127,394000
1112130,0
1112136,290300
1112137,250000
1112138,210000
1112139,600000
1112145,550000
1112147,350000
1112156,331700
1112159,529700
1112164,597800
1112166,694000
1112169,400000
1112174,1350000
1112175,0
1112177,120000
1112188,150000
1112189,0
1112190,400000
1112196,350000
1112202,0
1112205,0
1112209,2150200
1112210,150000
1112215,470000
1112216,240000
1112226,470300
1112227,150000
1112232,600000
1112236,0
1112237,0
1112238,1693000
1112245,0
1112249,689700
1112251,0
1112252,1401000
1112254,517500
1112256,150000
1112257,150000
1112262,74700
1112266,400000
1112273,2953700
1112276,250000
1112284,437900
1112287,404100
1112293,0
1112294,340000
1112301,0
1112304,250000
1112309,500000
1112312,0
1112320,0
1112322,400000
1112325,786500
1112328,0
1112330,2927500
1112335,0
1112352,623000
1112353,0
1112355,0
1112356,175000
1112357,342900
1112362,0
1112363,0
1112364,400000
1112368,293600
1112369,489000
1112370,417500
1112380,345000
1112383,250000
1112390,0
1112391,678000
1112394,0
1112401,350000
1112403,360000
1112404,0
1112405,900000
1112407,430000
1112408,0
1112423,214000
1112426,157400
1112431,5590000
1112432,200000
1112437,150000
1112440,261600
1112443,492500
1112449,250000
1112457,758300
1112465,0
1112467,0
1112468,332500
1112469,310000
1112474,0
1112481,227700
1112492,0
1112494,450000
1112496,295000
1112504,350000
1112515,0
1112516,350000
1112519,400000
1112529,299500
1112533,0
1112534,702700
1112535,500000
1112537,0
1112540,0
1112541,1683400
1112551,0
1112561,250000
1112566,350000
1112567,0
1112568,379400
1112569,824000
1112570,546400
1112572,500000
1112580,3614700
1112581,500000
1112582,546400
1112585,396000
1112595,350000
1112604,1335000
1112614,406000
1112623,458500
1112626,150000
1112631,250000
1112639,440000
1112649,0
1112651,0
1112653,150000
1112657,497500
1112658,290000
1112669,400000
1112675,240000
1112677,324300
1112678,0
1112681,0
1112691,0
1112700,800000
1112703,520000
1112707,150000
1112708,0
1112715,201000
1112729,0
1112733,240000
1112738,500500
1112753,240000
1112760,247400
1112768,250000
1112771,582000
1112775,150000
1112780,454000
1112783,250000
1112785,400000
1112793,150000
1112799,250000
1112803,586200
1112809,400000
1112814,620700
1112819,150000
1112824,547000
1112826,250000
1112827,546400
1112845,200000
1112852,250000
1112853,870500
1112855,345000
1112858,0
1112859,0
1112860,744200
1112873,353800
1112876,450000
1112881,501000
1112882,0
1112883,1322200
1112903,2174100
1112915,150000
1112916,307600
1112917,400000
1112919,1025000
1112922,273500
1112923,53000
1112925,1003000
1112930,400000
1112932,150000
1112936,335000
1112946,0
1112952,150000
1112957,190000
1112967,318100
1112971,125000
1112976,996000
1112979,524200
1112982,0
1112988,500000
1112992,400000
1112999,362500
1113008,324300
1113010,0
1113012,500000
1113016,0
1113024,563500
1113031,888600
1113036,3715000
1113037,334500
1113041,980500
1113046,437300
1113047,0
1113048,2071100
1113059,250000
1113065,417800
1113068,0
1113069,0
1113074,32800
1113077,345000
1113080,275000
1113086,201000
1113100,500000
1113108,70000
1113112,0
1113114,0
1113115,950500
1113117,0
1113124,0
1113132,236600
1113149,0
1113157,500000
1113160,0
1113164,250000
1113166,378500
1113173,275000
1113174,210000
1113177,0
1113183,20300
1113186,0
1113189,0
1113190,0
1113193,250000
1113196,489300
1113202,0
1113204,250000
1113222,0
1113239,586000
1113242,250000
1113243,0
1113256,0
1113258,324800
1113259,1026200
1113260,526500
1113262,600000
1113273,524500
1113278,350000
1113280,2648600
1113288,500600
1113302,0
1113306,150000
1113309,0
1113320,386100
1113327,2576100
1113335,120000
1113341,450000
1113345,714000
1113348,0
1113356,1016800
1113364,297500
1113368,280000
1113370,326500
1113373,0
1113384,400000
1113403,649300
1113404,0
1113406,939100
1113407,0
1113410,0
1113411,290000
1113419,150000
1113422,307600
1113424,0
1113428,0
1113436,115000
1113441,2918500
1113443,220000
1113444,0
1113451,0
1113454,332300
1113462,491000
1113466,0
1113471,400000
1113482,314000
1113490,700000
1113491,0
1113492,99300
1113494,446000
1113497,295000
1113508,0
1113513,300400
1113515,0
1113517,0
1113522,299600
1113525,250000
1113529,492700
1113534,523500
1113541,250000
1113545,925000
1113546,210000
1113547,1102100
1113550,0
1113552,150000
1113553,0
1113555,270000
1113556,0
1113561,646900
1113564,300000
1113568,501400
1113570,307600
1113571,382900
1113575,150000
1113578,0
1113579,250000
1113601,913100
1113619,250000
1113620,690400
1113624,150000
1113625,505000
1113628,126000
1113629,775000
1113631,0
1113636,86800
1113639,1005800
1113641,278000
1113643,130000
1113648,327600
1113662,0
1113664,1500
1113665,326500
1113667,200000
1113670,1854900
1113675,600000
1113677,950000
1113679,0
1113691,570000
1113694,300000
1113700,150000
1113701,271000
1113709,150000
1113710,1101600
1113714,902000
1113717,1853800
1113719,0
1113721,150000
1113727,780500
1113728,481500
1113732,0
1113735,0
1113739,300000
1113756,498500
1113757,0
1113762,400000
1113775,200000
1113777,456100
1113806,385000
1113810,120000
1113812,70000
1113816,297000
1113832,185000
1113835,935000
1113848,333800
1113876,0
1113881,306000
1113888,250000
1113897,0
1113898,1297100
1113901,506000
1113903,1171600
1113906,400000
1113908,0
1113913,332800
1113914,825000
1113916,505000
1113918,400000
1113921,0
1113929,1231000
1113930,0
1113935,400000
1113943,1075200
1113945,648100
1113950,316000
1113953,2300
1113956,506000
1113967,638000
1113976,376000
1113981,400000
1113989,0
1114003,450000
1114007,382500
1114017,436500
1114026,0
1114041,0
1114047,87100
1114058,150000
1114059,1676400
1114071,345000
1114074,0
1114077,0
1114081,0
1114087,150000
1114115,760000
1114116,0
1114123,150000
1114127,450000
1114133,400000
1114138,240000
1114142,0
1114152,0
1114165,496000
1114169,499700
1114170,570000
1114183,0
1114192,577000
1114201,250000
1114215,205600
1114229,510100
1114234,400500
1114237,550000
1114240,145000
1114249,0
1114258,450000
1114263,250000
1114278,782200
1114281,331200
1114284,530000
1114286,0
1114288,350000
1114295,200000
1114305,136000
1114306,562000
1114309,114800
1114311,486800
1114319,235000
1114320,400000
1114331,140000
1114333,211000
1114337,0
1114340,0
1114344,0
1114354,250000
1114361,250000
1114373,0
1114376,0
1114379,886900
1114380,0
1114385,0
1114386,150000
1114396,0
1114398,0
1114407,0
1114411,1044500
1114417,0
1114419,0
1114435,250000
1114456,200000
1114458,350000
1114460,0
1114461,250000
1114480,480000
1114482,661000
1114483,150000
1114485,0
1114487,877600
1114489,712500
1114490,0
1114498,0
1114500,250000
1114530,0
1114533,250000
1114537,0
1114543,0
1114548,0
1114554,550000
1114562,0
1114564,763000
1114565,400000
1114570,922800
1114573,1257000
1114574,0
1114578,150000
1114585,250000
1114586,0
1114590,0
1114592,467500
1114593,220000
1114597,150000
1114608,680000
1114612,0
1114621,0
1114622,594000
1114630,318900
1114647,300000
1114658,0
1114659,480000
1114668,450000
1114670,350000
1114679,0
1114703,150000
1114712,523000
1114718,1704800
1114739,120000
1114753,200000
1114754,498000
1114757,364000
1114758,200000
1114765,420000
1114769,0
1114771,0
1114774,496000
1114777,666000
1114781,315000
1114788,640900
1114790,188500
1114794,1144000
1114808,1875000
1114811,1250500
1114823,400000
1114830,0
1114835,250000
1114839,0
1114845,350000
1114862,357000
1114871,0
1114875,1088500
1114880,0
1114893,0
1114896,0
1114901,0
1114903,0
1114905,150000
1114907,0
1114910,400000
1114929,120000
1114930,461800
1114937,763600
1114938,0
1114940,800000
1114947,542000
1114953,0
1114955,150000
1114965,120000
1114968,1208500
1114979,1681400
1114984,250000
1114992,717500
1114996,0
1115006,150000
1115008,4480000
1115021,1697100
1115038,302500
1115045,1271600
1115050,0
1115073,564300
1115078,0
1115085,250000
1115104,150000
1115105,450000
1115107,196000
1115109,141400
1115113,4525700
1115120,333000
1115141,250000
1115142,0
1115147,1567000
1115151,0
1115155,0
1115158,545300
1115168,338000
1115189,0
1115191,400000
1115193,400400
1115199,400000
1115215,0
1115229,652900
1115237,442800
1115261,0
1115265,145000
1115272,571300
1115273,1046000
1115275,388000
1115280,0
1115284,676000
1115285,746800
1115289,350000
1115297,450000
1115298,1730000
1115307,647500
1115320,0
1115335,325000
1115337,132500
1115339,495000
1115344,220000
1115353,250000
1115363,650000
1115386,0
1115410,414000
1115416,0
1115418,432600
1115419,0
1115429,0
1115433,0
1115435,250000
1115438,0
1115454,456000
1115459,295000
1115462,1200000
1115473,250000
1115474,332500
1115478,175000
1115480,0
1115491,0
1115498,388000
1115500,230000
1115501,223100
1115502,434900
1115511,936000
1115514,520000
1115523,597300
1115524,334000
1115539,280000
1115540,150000
1115546,329000
1115552,350000
1115561,517000
1115562,0
1115573,450000
1115579,0
1115580,332500
1115592,0
1115598,349000
1115606,400000
1115611,0
1115615,1588800
1115618,252000
1115620,307500
1115624,250000
1115628,0
1115630,570000
1115638,0
1115640,0
1115642,29700
1115651,2090200
1115665,320000
1115667,414800
1115671,400000
1115675,247500
1115681,459000
1115682,150000
1115686,43000
1115687,412100
1115690,1827000
1115691,150000
1115697,0
1115699,551500
1115702,0
1115704,568400
1115705,0
1115707,325000
1115708,0
1115711,307500
1115713,150000
1115717,250000
1115719,636000
1115722,350000
1115724,250000
1115725,0
1115728,1000000
1115732,0
1115733,492700
1115738,290000
1115743,300000
1115745,150000
1115748,150000
1115759,250000
1115763,221600
1115769,0
1115783,450000
1115792,339500
1115801,0
1115803,391500
1115814,500000
1115822,0
1115830,0
1115832,1505500
1115839,470000
1115850,0
1115851,250000
1115852,1000000
1115859,350000
1115862,1617100
1115865,0
1115869,150000
1115870,315000
1115871,0
1115879,250000
1115881,2462500
1115889,674000
1115894,849100
1115899,888000
1115906,250000
1115913,0
1115921,4112700
1115923,431500
1115924,1000000
1115926,731100
1115930,0
1115931,405000
1115933,0
1115934,150000
1115949,352500
1115951,654300
1115957,392300
1115960,0
1115964,445000
1115976,300000
1115977,150000
1115984,200000
1115985,0
1115996,0
1115999,150000
1116005,0
1116009,0
1116016,0
1116018,714000
1116023,0
1116029,450000
1116030,370900
1116034,372400
1116035,539600
1116037,0
1116039,200000
1116047,346800
1116049,250000
1116055,777800
1116064,650000
1116065,313500
1116066,0
1116074,380300
1116078,463500
1116082,350000
1116087,332500
1116093,250000
1116106,254500
1116109,283500
1116111,400000
1116116,0
1116137,219000
1116142,590000
1116151,672000
1116158,0
1116167,2810000
1116170,449500
1116185,250000
1116191,315000
1116196,145000
1116202,136000
1116205,0
1116207,0
1116212,0
1116218,145000
1116225,70000
1116226,0
1116229,0
1116232,250000
1116235,386000
1116244,427500
1116251,200000
1116254,0
1116257,500000
1116263,0
1116272,1350000
1116275,150000
1116277,458500
1116280,626300
1116288,500000
1116292,170000
1116296,250000
1116302,0
1116306,0
1116307,365000
1116311,250000
1116313,0
1116314,0
1116317,400000
1116319,212000
1116325,0
1116331,250000
1116336,145000
1116346,0
1116348,597500
1116355,0
1116359,986700
1116362,300000
1116365,1543500
1116369,400000
1116371,650000
1116374,340000
1116380,500000
1116381,0
1116391,634100
1116393,150000
1116402,0
1116405,475000
1116409,0
1116411,978500
1116413,0
1116415,510000
1116416,218800
1116418,0
1116420,150000
1116423,250000
1116432,359500
1116434,250000
1116439,530500
1116440,400000
1116442,750000
1116448,0
1116449,331900
1116450,0
1116456,635000
1116459,0
1116465,0
1116466,361000
1116485,580000
1116491,600000
1116492,560000
1116495,1311600
1116498,0
1116501,613700
1116503,250000
1116509,350000
1116511,0
1116515,866800
1116518,0
1116521,0
1116523,150000
1116524,0
1116528,550000
1116531,400000
1116539,150000
1116544,695400
1116551,0
1116564,754500
1116566,343500
1116585,0
1116591,0
1116598,0
1116601,45500
1116602,345000
1116606,0
1116614,0
1116615,0
1116624,150000
1116627,984400
1116631,0
1116632,489600
1116641,455000
1116642,1190000
1116650,467500
1116651,250000
1116656,974300
1116659,250000
1116665,0
1116666,331500
1116667,474000
1116675,537800
1116676,1141400
1116684,100000
1116687,503500
1116690,500000
1116695,762000
1116696,150000
1116698,0
1116699,0
1116701,402500
1116702,0
1116704,417500
1116708,0
1116718,0
1116723,215000
1116727,370000
1116733,325500
1116744,400000
1116746,410500
1116769,0
1116771,0
1116776,354000
1116777,0
1116784,320000
1116788,0
1116790,283500
1116792,3465400
1116793,301500
1116797,488000
1116801,2604200
1116802,1114700
1116808,454000
1116809,350000
1116812,1448200
1116825,150000
1116837,400000
1116840,820000
1116851,444500
1116853,500000
1116854,0
1116868,369800
1116870,408500
1116875,1240500
1116876,1014000
1116880,0
1116881,119500
1116883,400000
1116886,151700
1116891,0
1116894,488000
1116907,70000
1116915,0
1116916,0
1116919,356000
1116927,400000
1116936,499600
1116940,277000
1116944,547500
1116947,0
1116952,675000
1116959,400000
1116964,250000
1116965,0
1116968,0
1116972,669500
1116985,0
1116987,70000
1116989,1187100
1116999,318800
1117010,0
1117024,1505300
1117037,810000
1117040,343800
1117041,565500
1117045,372000
1117054,400000
1117058,1931000
1117059,273000
1117063,400000
1117065,145000
1117066,655000
1117073,1366100
1117077,449500
1117079,1874300
1117087,920700
1117088,250000
1117103,450000
1117109,1844400
1117122,1048500
1117125,0
1117134,350000
1117135,400000
1117138,127000
1117142,246900
1117156,250000
1117164,650000
1117173,0
1117178,0
1117181,250000
1117184,569300
1117189,0
1117197,0
1117198,180000
1117199,319800
1117204,478000
1117205,501000
1117216,354800
1117218,150000
1117227,326500
1117240,0
1117257,0
1117259,0
1117263,488700
1117272,145000
1117274,685000
1117276,0
1117281,585200
1117288,782700
1117292,0
1117299,322000
1117306,467500
1117309,400000
1117315,0
1117316,200000
1117318,150000
1117321,0
1117327,250000
1117329,431000
1117330,150000
1117342,0
1117347,294200
1117356,0
1117363,299700
1117366,0
1117370,800600
1117374,488000
1117380,400000
1117381,286800
1117392,293400
1117397,262500
1117434,0
1117440,0
1117441,336000
1117449,575000
1117456,368000
1117460,0
1117466,53500
1117480,429200
1117498,0
1117507,326500
1117508,1187900
1117511,1451900
1117523,324800
1117526,137000
1117529,0
1117539,520000
1117545,0
1117547,0
1117551,450000
1117560,349000
1117569,466200
1117573,435200
1117583,519300
1117588,0
1117591,0
1117593,349000
1117599,0
1117601,0
1117603,150000
1117604,300000
1117607,565200
1117608,4645000
1117609,343000
1117611,400000
1117613,274000
1117623,0
1117629,334200
1117638,470200
1117648,676700
1117650,0
1117656,378000
1117657,0
1117663,0
1117675,634800
1117677,407500
1117686,0
1117695,0
1117699,221900
1117702,0
1117705,805600
1117713,150000
1117715,618000
1117719,459500
1117726,0
1117728,362300
1117731,0
1117741,0
1117745,367500
1117747,70000
1117752,250000
1117755,0
1117757,317500
1117758,821000
1117760,1180000
1117764,466000
1117765,400000
1117775,0
1117782,250000
1117787,320100
1117798,962000
1117801,652000
1117809,120000
1117826,0
1117828,488700
1117834,333000
1117835,0
1117840,0
1117849,96700
1117850,393000
1117851,0
1117855,293000
1117856,235100
1117861,150000
1117863,2593000
1117873,446800
1117875,346500
1117876,150000
1117887,494500
1117889,0
1117897,250000
1117901,557000
1117902,556800
1117910,782000
1117911,0
1117916,0
1117924,523900
1117929,400000
1117936,461500
1117940,0
1117951,250000
1117952,204000
1117954,0
1117957,0
1117961,340000
1117969,655000
1117978,474300
1117990,993700
1117993,0
1117995,325000
1118000,0
1118002,500000
1118003,813300
1118007,660000
1118016,250000
1118018,0
1118029,500000
1118051,578500
1118052,150000
1118053,500000
1118054,950000
1118055,406500
1118056,0
1118058,287500
1118061,1041500
1118062,730000
1118068,250000
1118071,0
1118076,377500
1118083,715400
1118095,0
1118100,0
1118103,0
1118104,150000
1118113,467500
1118120,500000
1118123,459500
1118124,353000
1118135,0
1118136,890000
1118138,30000
1118144,355000
1118153,536500
1118155,0
1118158,250000
1118159,0
1118169,317500
1118176,0
1118177,453000
1118179,454500
1118187,484600
1118189,642000
1118193,0
1118195,270000
1118199,144000
1118203,150000
1118205,0
1118219,150000
1118223,150000
1118228,489100
1118234,945000
1118237,257400
1118245,0
1118251,522400
1118263,250000
1118264,650000
1118267,868400
1118268,100000
1118269,0
1118277,0
1118279,852500
1118282,0
1118285,350000
1118287,0
1118289,2012100
1118293,250000
1118295,389400
1118296,919300
1118299,714000
1118300,0
1118305,500000
1118310,0
1118311,350000
1118317,350000
1118323,492500
1118324,250000
1118326,403800
1118337,350000
1118338,150000
1118342,274600
1118350,0
1118351,400000
1118365,250000
1118372,624400
1118375,0
1118376,400000
1118377,575800
1118381,271400
1118384,0
1118386,250000
1118387,0
1118395,0
1118399,250000
1118407,345000
1118414,0
1118426,400000
1118431,0
1118435,750000
1118449,136000
1118455,304000
1118459,350000
1118462,866500
1118470,0
1118474,0
1118481,350000
1118485,194000
1118490,150000
1118493,192000
1118494,560000
1118500,560400
1118504,250000
1118514,2799800
1118517,783400
1118519,0
1118531,652900
1118534,394000
1118541,0
1118543,295300
1118550,250000
1118553,0
1118566,426200
1118581,2200000
1118587,366000
1118588,1913500
1118592,509500
1118595,440000
1118596,0
1118602,321300
1118606,0
1118609,358000
1118612,277200
1118619,0
1118624,0
1118625,0
1118629,295000
1118633,0
1118636,150000
1118638,0
1118647,0
1118655,70000
1118659,250000
1118661,0
1118667,0
1118669,297000
1118671,250000
1118673,0
1118674,150000
1118677,308500
1118681,325000
1118684,800000
1118685,145000
1118686,560000
1118688,0
1118690,0
1118698,250000
1118699,238200
1118702,399000
1118709,0
1118710,0
1118712,600000
1118713,271000
1118714,190600
1118721,283200
1118726,0
1118730,0
1118732,250000
1118734,306300
1118743,6005300
1118746,70000
1118747,0
1118748,0
1118749,150000
1118753,0
1118757,0
1118765,439600
1118767,0
1118770,424500
1118772,250000
1118775,475700
1118782,500000
1118785,0
1118786,400000
1118787,290000
1118789,659100
1118791,495000
1118793,860000
1118798,0
1118805,654000
1118811,350000
1118818,0
1118821,0
1118822,0
1118841,255000
1118844,320000
1118853,500000
1118854,263300
1118861,459000
1118891,297300
1118901,0
1118903,450000
1118905,250000
1118914,540000
1118918,150000
1118923,0
1118932,781400
1118934,150000
1118935,0
1118939,584000
1118951,357500
1118958,500000
1118971,0
1118973,0
1118985,563300
1118987,0
1118989,0
1119003,356000
1119005,530000
1119008,0
1119031,0
1119032,400000
1119035,800000
1119048,250000
1119050,410500
1119051,450000
1119052,0
1119055,386000
1119056,471300
1119059,157500
1119062,560000
1119065,300000
1119075,0
1119078,150000
1119080,0
1119082,295900
1119083,2328800
1119085,400000
1119091,150000
1119092,392400
1119100,250000
1119104,264200
1119115,300000
1119116,5071500
1119121,306300
1119122,697000
1119123,150000
1119127,250000
1119131,319800
1119134,0
1119135,250400
1119137,962100
1119138,150000
1119146,989700
1119154,0
1119162,0
1119165,31600
1119167,146000
1119169,150000
1119178,420000
1119180,317000
1119189,878600
1119190,400000
1119195,284200
1119197,145000
1119199,535500
1119206,350000
1119211,650000
1119217,250000
1119222,642000
1119230,0
1119231,0
1119233,515500
1119235,150000
1119239,297000
1119244,400000
1119247,257900
1119254,0
1119258,0
1119261,150000
1119262,145000
1119272,150000
1119274,300000
1119278,500000
1119282,757500
1119295,0
1119300,0
1119303,591600
1119313,352500
1119318,0
1119320,389500
1119323,150000
1119343,21000
1119344,300000
1119350,309300
1119353,460000
1119356,0
1119357,400000
1119358,500400
1119359,590500
1119363,150000
1119364,0
1119370,350000
1119371,661200
1119375,0
1119385,477300
1119389,450000
1119390,200000
1119400,0
1119402,0
1119403,5257900
1119405,400000
1119414,499000
1119420,150000
1119421,767400
1119423,413300
1119426,140000
1119431,550000
1119433,0
1119435,321000
1119436,265000
1119444,513000
1119446,0
1119447,430000
1119448,400000
1119450,0
1119453,319800
1119461,463900
1119484,0
1119486,0
1119487,337500
1119489,70000
1119492,190200
1119499,0
1119500,306300
1119508,523500
1119518,904500
1119522,0
1119523,0
1119532,0
1119534,0
1119542,0
1119543,0
1119545,250000
1119547,400000
1119555,328000
1119556,400000
1119563,400000
1119567,0
1119570,0
1119573,250000
1119575,400000
1119576,450000
1119580,600000
1119581,512500
1119588,0
1119592,500000
1119599,0
1119603,0
1119606,184000
1119616,367500
1119624,1243200
1119634,4200000
1119636,350000
1119640,300000
1119642,379500
1119644,250000
1119647,150000
1119654,400000
1119662,360000
1119668,0
1119682,487500
1119685,0
1119686,400000
1119687,326500
1119691,650000
1119702,150000
1119703,172000
1119712,200000
1119721,288000
1119724,150000
1119727,550100
1119735,400000
1119741,308500
1119743,0
1119746,0
1119751,400000
1119762,0
1119772,0
1119777,606000
1119786,307600
1119789,284500
1119793,0
1119798,250000
1119799,250000
1119814,750000
1119815,0
1119816,292800
1119818,3603100
1119841,450000
1119843,300400
1119844,0
1119847,477000
1119854,1213000
1119862,0
1119863,354200
1119884,915500
1119892,250000
1119900,301000
1119905,866600
1119911,0
1119919,450000
1119928,1063300
1119935,333200
1119937,314000
1119941,334000
1119942,0
1119952,357100
1119956,369900
1119958,0
1119968,0
1119987,0
1120003,40000
1120020,400000
1120028,5664900
1120029,550000
1120037,310800
1120038,500000
1120041,309600
1120042,374400
1120045,150000
1120047,1293500
1120049,1935900
1120051,0
1120052,1104000
1120056,0
1120060,0
1120061,257500
1120063,0
1120064,363500
1120069,445500
1120070,487400
1120071,0
1120081,0
1120090,400000
1120091,0
1120098,0
1120104,157600
1120140,0
1120150,400000
1120155,0
1120156,0
1120165,200000
1120168,446500
1120176,500000
1120178,250000
1120179,825500
1120180,283500
1120181,260000
1120184,0
1120185,1177400
1120188,660000
1120191,0
1120192,400000
1120196,0
1120202,480000
1120205,0
1120222,150000
1120224,0
1120227,0
1120228,0
1120235,198100
1120259,0
1120265,0
1120267,0
1120272,147000
1120274,0
1120275,575000
1120278,800000
1120288,2934500
1120291,150000
1120293,300000
1120296,0
1120303,0
1120313,508900
1120319,150000
1120320,150000
1120326,0
1120328,348000
1120331,0
1120337,137000
1120341,0
1120344,550000
1120345,335000
1120354,0
1120370,0
1120372,1950900
1120374,0
1120399,300000
1120401,204000
1120402,0
1120405,0
1120412,70000
1120423,325000
1120427,1126800
1120432,150000
1120435,0
1120438,0
1120450,305100
1120458,4723000
1120467,350000
1120478,563300
1120485,395000
1120506,0
1120513,591000
1120514,478800
1120520,379600
1120521,200000
1120525,240000
1120527,460900
1120543,0
1120548,0
1120550,252000
1120554,1103000
1120557,0
1120560,799900
1120561,500000
1120570,0
1120582,298000
1120605,432000
1120618,0
1120620,0
1120631,0
1120632,0
1120633,0
1120638,350000
1120639,300000
1120649,350000
1120660,300000
1120666,250000
1120688,0
1120692,372000
1120700,721600
1120707,250000
1120715,200000
1120720,447300
1120723,764700
1120734,0
1120735,392400
1120741,468000
1120746,297400
1120753,220000
1120755,1980000
1120756,211500
1120763,686000
1120764,1187700
1120768,599700
1120771,20041200
1120772,500000
1120774,402500
1120778,0
1120786,500000
1120790,5296700
1120793,2176500
1120806,994100
1120808,0
1120809,406000
1120811,150000
1120816,573000
1120818,600000
1120821,647400
1120823,500000
1120824,59500
1120826,965000
1120833,500000
1120834,350000
1120837,665700
1120839,545200
1120844,150000
1120845,122000
1120847,350000
1120855,150000
1120859,80000
1120867,597000
1120868,286000
1120880,0
1120884,0
1120886,426000
1120899,490000
1120908,823400
1120913,320000
1120914,0
1120931,150000
1120946,200000
1120950,0
1120960,3009100
1120978,654400
1120981,332500
1120983,430500
1120992,0
1120994,0
1120997,400000
1121001,0
1121013,416400
1121016,1072000
1121019,549000
1121027,343000
1121028,0
1121029,335100
1121041,250000
1121051,70000
1121053,600000
1121059,474300
1121063,350000
1121069,567400
1121086,125000
1121088,0
1121092,140000
1121094,2087000
1121095,353100
1121099,400000
1121102,2193700
1121105,240000
1121108,250000
1121113,0
1121124,0
1121126,1559300
1121134,600000
1121140,250000
1121143,0
1121145,150000
1121146,112500
1121148,400000
1121157,0
1121158,250000
1121167,500000
1121171,500000
1121173,0
1121176,547100
1121179,500000
1121186,350000
1121190,781800
1121192,150000
1121202,278400
1121207,0
1121209,150000
1121210,425000
1121217,500000
1121227,500000
1121231,0
1121233,0
1121246,1102700
1121247,0
1121248,208000
1121267,400000
1121268,279000
1121273,0
1121278,150000
1121279,0
1121282,0
1121289,0
1121290,0
1121300,625000
1121301,826000
1121306,400000
1121317,250000
1121318,0
1121337,2621400
1121340,1430700
1121372,0
1121373,0
1121381,0
1121407,913500
1121414,0
1121415,375000
1121419,294000
1121441,455000
1121446,2587700
1121453,215000
1121468,0
1121478,0
1121491,0
1121523,0
1121529,1344600
1121536,120000
1121546,150000
1121554,0
1121561,676400
1121564,0
1121571,757100
1121575,390000
1121576,464000
1121578,304000
1121594,520000
1121614,376000
1121619,1861300
1121623,400000
1121632,397500
1121641,200000
1121655,0
1121658,1044500
1121661,0
1121665,150000
1121668,0
1121670,250000
1121672,350000
1121682,82500
1121692,0
1121703,350000
1121717,600000
1121718,549400
1121728,487500
1121732,450000
1121742,1103900
1121746,0
1121747,547000
1121759,400000
1121762,458700
1121768,250000
1121776,0
1121777,1174200
1121788,265000
1121801,150000
1121809,423800
1121810,0
1121818,627500
1121823,164800
1121824,1725600
1121826,0
1121827,335000
1121828,242000
1121832,400000
1121841,123500
1121845,675000
1121847,454200
1121853,70000
1121856,150000
1121863,371000
1121869,344000
1121883,843000
1121889,685400
1121892,0
1121903,432000
1121910,0
1121913,532500
1121922,0
1121924,0
1121929,800000
1121933,500000
1121934,0
1121938,0
1121940,0
1121945,277000
1121946,357800
1121948,0
1121955,414000
1121963,0
1121964,0
1121965,0
1121967,400000
1121968,400000
1121975,560000
1121976,277600
1121980,201800
1121982,0
1121985,0
1121988,320000
1121991,670000
1121993,0
1121995,338500
1121998,250000
1122005,0
1122012,752400
1122030,0
1122032,386000
1122034,0
1122036,0
1122040,678000
1122043,602000
1122046,456300
1122050,310000
1122058,0
1122059,0
1122064,0
1122069,0
1122071,610400
1122075,400000
1122079,324000
1122082,150000
1122084,0
1122087,0
1122088,0
1122094,250000
1122099,400000
1122104,0
1122107,0
1122111,310000
1122114,457000
1122122,690400
1122127,200000
1122128,494500
1122130,230100
1122132,793300
1122133,0
1122138,400000
1122139,350000
1122148,0
1122151,0
1122163,0
1122165,302500
1122168,70000
1122172,312000
1122173,516200
1122184,0
1122191,0
1122207,659800
1122215,601500
1122221,400000
1122233,437300
1122242,545000
1122247,285500
1122260,400000
1122263,386500
1122268,150000
1122272,0
1122278,0
1122285,145000
1122291,0
1122293,700000
1122306,0
1122311,314000
1122313,0
1122316,0
1122325,0
1122330,500000
1122333,2875400
1122337,0
1122342,967500
1122344,0
1122351,318000
1122355,0
1122357,165000
1122359,550000
1122366,800000
1122373,250000
1122377,413000
1122385,150000
1122395,0
1122397,0
1122400,304000
1122413,0
1122415,158400
1122416,263500
1122421,0
1122422,350000
1122425,9307600
1122426,0
1122431,700000
1122449,823000
1122452,0
1122459,292300
1122471,0
1122476,300000
1122484,396000
1122491,0
1122492,0
1122495,395000
1122503,0
1122504,0
1122508,0
1122513,972800
1122516,820000
1122525,495000
1122527,300000
1122536,500000
1122540,400000
1122554,915200
1122587,150000
1122592,1199100
1122596,450000
1122601,0
1122603,380000
1122612,0
1122616,436400
1122622,415500
1122623,0
1122625,0
1122628,283300
1122630,0
1122632,0
1122634,337500
1122635,51600
1122642,0
1122645,290000
1122654,0
1122661,650000
1122663,474600
1122664,0
1122672,350000
1122673,557800
1122683,0
1122688,419700
1122690,0
1122692,502500
1122694,0
1122696,0
1122708,0
1122714,1318300
1122718,150000
1122719,0
1122720,203300
1122729,0
1122731,250000
1122737,500000
1122741,266800
1122746,410000
1122749,0
1122755,0
1122761,250000
1122764,335500
1122769,1038000
1122771,0
1122772,470000
1122778,390000
1122779,1015000
1122780,0
1122785,332500
1122786,140000
1122787,0
1122800,0
1122805,400000
1122811,410300
1122825,0
1122826,250000
1122832,216000
1122837,390500
1122845,0
1122856,0
1122857,424300
1122866,0
1122871,460000
1122881,500000
1122888,1428500
1122896,0
1122898,546700
1122901,400000
1122908,0
1122910,297500
1122926,328200
1122930,0
1122931,150000
1122933,374300
1122936,549200
1122939,391300
1122944,300000
1122946,450000
1122949,659500
1122951,0
1122953,2149000
1122956,431000
1122963,450000
1122969,0
1122972,364600
1122975,0
1122980,250000
1122994,245300
1123000,0
1123003,0
1123004,321500
1123006,0
1123009,187000
1123012,1048400
1123023,410000
1123030,0
1123031,310200
1123049,300000
1123051,2381900
1123055,167000
1123056,375500
1123058,490000
1123061,0
1123062,375200
1123066,0
1123068,499000
1123072,0
1123080,300000
1123083,330800
1123085,758400
1123086,714400
1123102,0
1123103,0
1123106,300000
1123113,591500
1123121,0
1123138,442500
1123139,0
1123142,600000
1123150,247000
1123155,881900
1123163,279600
1123165,274000
1123171,201000
1123175,0
1123187,119000
1123189,0
1123190,245000
1123193,750000
1123208,309500
1123214,845200
1123227,90000
1123240,1220400
1123241,300000
1123244,228500
1123246,0
1123248,850400
1123249,950300
1123251,999900
1123256,400000
1123258,311700
1123259,536300
1123265,250000
1123271,440600
1123286,410300
1123292,0
1123305,400000
1123306,1416200
1123310,520000
1123311,150000
1123314,526000
1123327,0
1123328,511200
1123342,400000
1123345,150000
1123347,476800
1123350,500000
1123355,970400
1123358,2370000
1123359,0
1123365,0
1123366,222000
1123372,0
1123375,300000
1123379,0
1123380,483000
1123383,1469000
1123386,0
1123387,390900
1123393,0
1123395,0
1123401,1268900
1123415,0
1123416,1150000
1123418,493600
1123422,420000
1123428,1063500
1123430,959200
1123432,0
1123434,700000
1123436,150000
1123440,250000
1123445,339000
1123446,687300
1123448,211500
1123451,405500
1123452,320400
1123460,265100
1123462,250000
1123468,520000
1123474,150000
1123484,0
1123485,150000
1123491,140000
1123498,0
1123500,400000
1123501,297500
1123503,219500
1123507,1270000
1123508,0
1123513,0
1123515,804000
1123516,150000
1123518,280500
1123520,284000
1123521,523300
1123524,28400
1123530,345000
1123542,0
1123545,450000
1123546,282000
1123547,329000
1123548,467700
1123559,469200
1123563,397500
1123566,293300
1123584,0
1123585,496900
1123595,436500
1123598,653100
1123599,500000
1123600,0
1123602,695000
1123604,606200
1123608,350500
1123609,313000
1123612,320000
1123617,381000
1123622,540000
1123623,301500
1123625,300000
1123629,424000
1123640,197500
1123647,2586000
1123659,320000
1123661,600000
1123667,0
1123672,270800
1123686,250000
1123698,0
1123699,0
1123702,300000
1123707,835900
1123718,491800
1123720,2061100
1123730,0
1123739,282500
1123742,352500
1123746,0
1123751,1338800
1123752,0
1123762,428300
1123764,425100
1123785,150000
1123794,600000
1123797,865000
1123804,0
1123820,419700
1123821,390000
1123826,300000
1123830,269600
1123835,506500
1123846,0
1123856,406400
1123862,320600
1123866,252000
1123869,410000
1123872,0
1123881,723800
1123885,0
1123889,940000
1123911,350000
1123920,0
1123931,342500
1123933,0
1123934,0
1123935,667500
1123936,0
1123946,424300
1123948,150000
1123955,300000
1123964,400000
1123965,300000
1123968,338900
1123973,542300
1123981,594000
1123983,805500
1123985,1207000
1123987,0
1123993,400000
1124002,694000
1124011,402100
1124032,642800
1124038,0
1124044,450000
1124060,488700
1124072,0
1124080,341300
1124083,0
1124085,150000
1124097,250000
1124099,0
1124101,0
1124107,0
1124124,150000
1124125,682100
1124134,0
1124140,0
1124144,308500
1124148,350000
1124155,781100
1124156,0
1124160,0
1124161,270000
1124169,317500
1124171,226500
1124175,150000
1124177,883800
1124180,500000
1124181,400000
1124185,827000
1124186,0
1124189,400000
1124197,565800
1124201,0
1124204,150000
1124206,485000
1124208,379300
1124210,0
1124217,297000
1124234,150000
1124239,1713000
1124240,398300
1124241,382500
1124242,428000
1124253,0
1124259,583800
1124262,0
1124267,546000
1124269,150000
1124279,850000
1124283,309000
1124287,344000
1124296,750000
1124299,705500
1124300,717000
1124301,388500
1124307,350000
1124313,400000
1124315,335000
1124316,1025600
1124322,483300
1124323,796100
1124327,234000
1124329,834000
1124341,0
1124344,0
1124350,520000
1124354,439200
1124361,419300
1124363,0
1124370,400000
1124372,450000
1124377,734000
1124387,0
1124391,310300
1124394,332000
1124397,400000
1124399,0
1124410,225000
1124423,375000
1124426,440000
1124437,350000
1124438,0
1124440,278000
1124441,0
1124442,267100
1124444,750000
1124446,528000
1124447,559000
1124452,531500
1124455,984200
1124456,0
1124457,437300
1124466,0
1124475,0
1124477,272100
1124489,0
1124493,902700
1124495,0
1124496,0
1124497,124800
1124505,0
1124509,231500
1124514,0
1124516,0
1124531,100000
1124532,530000
1124533,0
1124538,372000
1124542,898500
1124555,0
1124557,890000
1124560,424000
1124561,238000
1124565,0
1124567,400000
1124570,0
1124572,350000
1124596,428000
1124600,350000
1124612,320700
1124616,415700
1124620,355200
1124622,354000
1124639,0
1124642,2050000
1124646,283400
1124652,769100
1124662,150000
1124664,0
1124668,370000
1124673,559500
1124677,1489200
1124678,500000
1124681,372000
1124683,520000
1124691,140000
1124693,859500
1124697,0
1124702,0
1124709,209500
1124711,271300
1124712,3420000
1124715,255900
1124719,236000
1124722,626500
1124723,150000
1124724,0
1124725,865200
1124731,350000
1124745,472000
1124752,0
1124757,500000
1124764,0
1124770,0
1124772,378000
1124774,140000
1124775,3618200
1124776,0
1124777,0
1124784,339000
1124788,847000
1124798,0
1124815,1000000
1124816,0
1124819,463000
1124824,1000000
1124827,0
1124844,327500
1124849,284000
1124866,0
1124877,0
1124885,0
1124894,150000
1124900,2000500
1124906,0
1124910,301000
1124913,250000
1124915,239400
1124917,0
1124920,405000
1124923,414800
1124925,0
1124929,150000
1124933,150000
1124936,681000
1124941,0
1124946,656500
1124947,0
1124949,360600
1124957,0
1124958,1157800
1124959,348600
1124960,0
1124961,0
1124963,0
1124966,0
1124973,0
1124990,400000
1124991,0
1124995,272500
1124997,0
1125002,363000
1125011,300000
1125013,250000
1125026,2460700
1125030,2678000
1125038,639500
1125045,0
1125056,660000
1125063,150000
1125066,300000
1125068,0
1125069,0
1125070,960000
1125076,518800
1125086,523400
1125088,330200
1125095,685000
1125096,407600
1125114,330000
1125120,432000
1125125,476500
1125129,400000
1125131,318000
1125137,0
1125138,150000
1125157,150000
1125170,451500
1125172,150000
1125175,150000
1125193,1653000
1125194,0
1125196,410000
1125197,0
1125207,300000
1125214,241500
1125232,0
1125234,250000
1125235,0
1125237,704000
1125244,150000
1125247,383300
1125248,481700
1125252,0
1125253,400000
1125256,0
1125261,0
1125262,220000
1125266,223200
1125279,0
1125280,0
1125295,523400
1125301,350000
1125302,2466300
1125310,350000
1125331,96000
1125332,350000
1125340,0
1125350,439500
1125355,0
1125356,703000
1125361,391500
1125362,234000
1125369,1011600
1125373,300000
1125375,271000
1125378,923400
1125381,450900
1125383,2075400
1125384,145000
1125385,250000
1125391,640000
1125403,450000
1125405,466600
1125406,2040900
1125411,0
1125412,508500
1125413,202000
1125418,0
1125421,490000
1125426,330600
1125436,529500
1125438,954000
1125443,130000
1125444,468000
1125452,150000
1125456,800000
1125469,150000
1125470,0
1125481,206800
1125490,450000
1125494,755000
1125496,0
1125497,673800
1125502,0
1125504,0
1125511,599500
1125516,513500
1125517,338400
1125519,744900
1125522,485000
1125527,1307200
1125529,273500
1125534,400000
1125537,0
1125540,350000
1125541,1284500
1125545,476300
1125547,657000
1125549,303500
1125551,405000
1125554,0
1125558,392000
1125572,6522100
1125573,247800
1125578,310000
1125583,1375000
1125584,0
1125588,0
1125589,0
1125590,0
1125594,549400
1125601,70000
1125612,1869300
1125613,584500
1125618,935500
1125629,267100
1125632,0
1125642,643100
1125651,6706500
1125653,454000
1125657,350000
1125658,626000
1125664,520000
1125670,450000
1125677,334000
1125683,0
1125684,405000
1125687,593700
1125688,781900
1125700,0
1125701,1020000
1125709,235500
1125712,338000
1125720,0
1125725,150000
1125739,145000
1125753,379600
1125758,0
1125759,989400
1125762,395600
1125774,390000
1125776,747500
1125777,0
1125778,0
1125794,0
1125796,403100
1125797,306000
1125800,0
1125801,0
1125808,360500
1125809,96000
1125815,150000
1125822,150000
1125825,150000
1125827,70000
1125829,342300
1125830,550000
1125857,250000
1125858,260000
1125859,150000
1125866,291000
1125874,3197400
1125878,500000
1125886,1285300
1125891,328400
1125892,400000
1125899,1566900
1125900,406800
1125901,2045500
1125903,188000
1125910,290000
1125917,360500
1125927,788000
1125928,0
1125932,0
1125949,720000
1125959,701000
1125960,403800
1125963,0
1125965,412500
1125982,477600
1125985,300000
1125989,0
1125992,1035300
1125997,150000
1126001,459000
1126003,0
1126013,517600
1126015,212000
1126017,400000
1126023,188000
1126025,450000
1126031,0
1126034,0
1126038,1155900
1126042,26546200
1126044,0
1126054,300000
1126056,3076400
1126070,334000
1126076,527000
1126085,77000
1126092,705000
1126096,1231500
1126100,3427700
1126119,450000
1126121,250000
1126127,0
1126130,579000
1126132,500000
1126138,383300
1126155,500000
1126159,644500
1126166,406500
1126175,344500
1126181,0
1126187,539800
1126189,210000
1126192,399600
1126193,364500
1126203,850000
1126204,0
1126205,254500
1126208,300000
1126215,320000
1126217,462200
1126234,0
1126240,654600
1126268,882000
1126280,350000
1126282,238800
1126292,0
1126294,270400
1126299,550000
1126310,0
1126313,650000
1126329,455100
1126333,350000
1126334,462400
1126336,346600
1126340,319300
1126348,450000
1126357,600000
1126369,628000
1126380,374300
1126389,699000
1126391,0
1126394,4060000
1126401,185000
1126402,543300
1126405,407200
1126406,1147000
1126426,0
1126430,0
1126446,0
1126447,8022500
1126448,450000
1126460,427900
1126471,468900
1126481,0
1126482,732000
1126483,250000
1126484,320000
1126488,0
1126495,417500
1126498,395900
1126499,0
1126502,400000
1126506,1396000
1126507,395000
1126510,0
1126513,60000
1126516,588000
1126528,428300
1126529,400000
1126536,451400
1126538,596500
1126542,0
1126543,0
1126556,450000
1126560,720000
1126561,0
1126582,884400
1126583,250000
1126591,250000
1126601,241700
1126603,0
1126614,0
1126619,500000
1126630,509800
1126632,562800
1126634,400000
1126635,0
1126638,1092700
1126640,375800
1126644,0
1126646,0
1126651,449500
1126655,0
1126656,0
1126661,1296200
1126663,819700
1126665,0
1126674,850000
1126679,378900
1126681,759400
1126682,649500
1126683,0
1126699,0
1126703,2312000
1126704,804700
1126709,0
1126715,0
1126729,488000
1126732,404000
1126734,200000
1126736,0
1126743,500000
1126747,853200
1126749,550000
1126760,490000
1126796,238600
1126799,450000
1126807,225000
1126810,250000
1126823,500400
1126828,132000
1126832,326000
1126840,400000
1126855,2374500
1126871,0
1126881,350000
1126882,578400
1126889,0
1126890,0
1126891,400000
1126906,668500
1126913,400000
1126917,282000
1126924,414000
1126934,723500
1126947,70000
1126957,468400
1126961,0
1126972,0
1126976,281600
1126980,0
1126982,150000
1126984,0
1126989,345000
1126996,400000
1127000,0
1127008,520000
1127017,0
1127038,342000
1127052,529600
1127054,0
1127066,0
1127068,0
1127073,650000
1127080,2446400
1127087,298000
1127106,250000
1127107,0
1127108,350000
1127126,490000
1127138,1246500
1127145,200000
1127160,300000
1127165,1259600
1127167,250000
1127169,0
1127173,1294200
1127175,200000
1127180,145000
1127185,500000
1127189,150000
1127190,0
1127192,0
1127194,0
1127199,822500
1127207,0
1127212,380800
1127219,341600
1127221,150000
1127230,444000
1127240,0
1127259,0
1127260,150000
1127261,200000
1127269,250000
1127272,410000
1127281,383400
1127291,340000
1127299,689200
1127300,561800
1127301,420800
1127309,327000
1127318,150000
1127320,624800
1127323,1685600
1127325,842000
1127337,0
1127339,1324000
1127346,600000
1127347,469600
1127348,0
1127355,441300
1127358,0
1127363,1053000
1127366,547400
1127375,366800
1127378,150000
1127380,225000
1127386,500100
1127399,370100
1127404,450000
1127414,0
1127417,0
1127422,250000
1127425,150000
1127426,469600
1127431,1100000
1127441,498800
1127449,648300
1127457,0
1127475,0
1127479,337400
1127489,250000
1127508,0
1127514,555300
1127523,445000
1127525,303200
1127540,200000
1127543,0
1127546,268200
1127550,0
1127559,0
1127565,0
1127566,3040000
1127569,0
1127578,0
1127584,0
1127586,0
1127589,90000
1127591,0
1127593,3869600
1127596,471600
1127599,500000
1127606,0
1127611,0
1127619,0
1127627,0
1127631,0
1127634,352600
1127639,0
1127659,200000
1127661,0
1127666,540000
1127670,574400
1127674,800000
1127680,789000
1127688,0
1127705,613300
1127712,303600
1127718,0
1127725,150000
1127737,600000
1127740,0
1127741,295000
1127751,150000
1127755,958700
1127758,624800
1127762,0
1127775,340000
1127791,670000
1127794,434100
1127796,400000
1127800,665500
1127807,399000
1127831,250000
1127832,500000
1127848,300000
1127877,0
1127880,400000
1127886,140000
1127891,306000
1127896,220000
1127905,317500
1127915,734500
1127916,0
1127921,310000
1127929,0
1127935,0
1127940,315000
1127952,545000
1127964,500000
1128004,607000
1128008,650000
1128011,350000
1128021,310000
1128041,522500
1128058,0
1128072,878600
1128082,334000
1128084,300000
1128085,225000
1128088,0
1128089,0
1128100,482600
1128101,306000
1128113,0
1128118,400000
1128120,312500
1128122,0
1128127,464000
1128139,0
1128144,0
1128146,475000
1128167,920500
1128168,0
1128173,395000
1128190,510300
1128196,369300
1128203,400000
1128205,534500
1128208,422000
1128209,250000
1128210,0
1128217,2071200
1128218,0
1128225,759100
1128228,0
1128229,1001500
1128234,0
1128243,0
1128248,800000
1128249,498600
1128251,678000
1128258,617100
1128267,400000
1128268,0
1128272,150000
1128274,1270100
1128279,250000
1128281,335000
1128283,500000
1128292,0
1128293,0
1128302,340000
1128304,665800
1128311,2911000
1128312,0
1128319,200000
1128320,400000
1128327,250000
1128329,567100
1128330,250000
1128333,0
1128353,0
1128365,460800
1128372,150000
1128378,328500
1128390,480000
1128392,0
1128396,520000
1128397,450000
1128398,328000
1128405,0
1128414,0
1128423,768000
1128432,744200
1128443,109500
1128445,105000
1128451,0
1128452,456300
1128468,200000
1128470,293900
1128473,75000
1128479,395000
1128483,487700
1128486,0
1128489,305000
1128491,0
1128496,0
1128499,311100
1128506,0
1128516,279700
1128517,0
1128526,0
1128529,717100
1128536,0
1128538,1450000
1128541,0
1128544,0
1128554,0
1128555,208000
1128560,0
1128561,783200
1128562,0
1128565,0
1128568,350000
1128580,0
1128582,204000
1128588,285000
1128591,492700
1128592,686800
1128593,0
1128602,0
1128610,390000
1128613,0
1128615,0
1128617,356000
1128627,489100
1128632,0
1128636,162800
1128637,498000
1128639,463900
1128644,0
1128646,392400
1128653,0
1128658,0
1128661,0
1128662,0
1128667,0
1128668,400000
1128670,395000
1128674,430200
1128679,150000
1128680,0
1128681,1500
1128694,0
1128696,0
1128698,1535500
1128699,375400
1128700,508700
1128706,337000
1128710,416000
1128712,488000
1128718,0
1128723,471500
1128726,345000
1128727,3829900
1128736,379800
1128739,441300
1128741,0
1128743,0
1128745,487500
1128749,0
1128762,70000
1128769,700300
1128770,0
1128775,352300
1128777,630000
1128784,253500
1128793,310000
1128794,0
1128797,0
1128800,0
1128807,0
1128821,0
1128829,0
1128830,0
1128834,224000
1128835,150000
1128839,250000
1128843,0
1128849,720000
1128853,150000
1128855,350000
1128858,347400
1128859,0
1128861,250000
1128863,516000
1128864,150000
1128866,430000
1128871,2964100
1128873,325000
1128884,0
1128885,0
1128886,415400
1128889,437800
1128895,125000
1128904,3296300
1128906,0
1128911,118500
1128917,1026600
1128928,0
1128929,0
1128936,7652400
1128942,145000
1128950,121000
1128952,0
1128959,182500
1128963,0
1128969,0
1128973,435200
1128975,718400
1128979,422000
1128986,553300
1128988,1333200
1128989,0
1128991,400000
1129004,350000
1129017,322000
1129019,272800
1129021,470000
1129022,300000
1129024,450000
1129038,0
1129040,470200
1129043,499900
1129044,461900
1129050,617500
1129061,772500
1129070,350000
1129071,295000
1129082,500000
1129083,562800
1129089,230300
1129090,598500
1129093,0
1129102,400000
1129105,0
1129116,500000
1129120,1162800
1129125,350300
1129126,0
1129133,296000
1129137,0
1129151,0
1129155,750000
1129158,150000
1129159,0
1129162,1029400
1129164,0
1129171,299900
1129172,150000
1129177,0
1129178,562500
1129195,403800
1129198,400000
1129203,0
1129204,330500
1129217,0
1129252,761200
1129255,340800
1129268,718400
1129271,250000
1129272,305100
1129278,439500
1129282,1000000
1129287,250000
1129289,354000
1129292,310000
1129297,300400
1129300,340000
1129303,310000
1129305,407300
1129308,5979100
1129316,950000
1129318,1235600
1129326,300000
1129330,614500
1129337,576000
1129339,190000
1129356,0
1129363,0
1129380,777500
1129381,0
1129382,430700
1129385,269900
1129389,0
1129390,0
1129391,360500
1129393,350000
1129398,150000
1129399,63000
1129400,140000
1129402,1115000
1129406,0
1129407,350000
1129411,424300
1129418,300000
1129423,2543900
1129425,300000
1129429,350000
1129433,0
1129435,0
1129436,500000
1129440,446200
1129446,400000
1129460,338400
1129470,150000
1129472,0
1129473,1104700
1129475,0
1129481,417500
1129485,195600
1129492,150000
1129502,453200
1129504,375000
1129505,0
1129507,0
1129508,400000
1129519,150000
1129522,339200
1129525,350000
1129527,0
1129537,406500
1129544,282000
1129548,350000
1129551,0
1129559,300000
1129560,0
1129572,0
1129575,0
1129579,0
1129592,0
1129599,5018200
1129600,494000
1129601,240000
1129605,2142500
1129610,0
1129611,350000
1129613,350000
1129627,400000
1129639,297200
1129642,0
1129644,369500
1129647,500000
1129653,145000
1129658,0
1129668,350000
1129670,232000
1129671,0
1129672,140000
1129679,520000
1129680,0
1129684,379100
1129696,467800
1129697,0
1129700,300000
1129703,0
1129710,1057800
1129715,247300
1129717,918600
1129727,120000
1129730,0
1129731,316000
1129732,145400
1129734,925500
1129744,360000
1129747,495700
1129753,672600
1129755,150000
1129762,250000
1129765,0
1129766,0
1129770,2409500
1129771,627800
1129775,529100
1129776,202200
1129778,250000
1129784,250000
1129790,534000
1129791,865000
1129795,250000
1129800,400000
1129801,321000
1129803,0
1129813,1070000
1129822,345000
1129826,675000
1129828,250000
1129834,380600
1129837,434000
1129838,0
1129842,0
1129851,0
1129855,466200
1129858,0
1129860,350000
1129865,792000
1129869,350000
1129872,598900
1129878,1134800
1129883,0
1129891,600000
1129893,956700
1129895,431000
1129897,638700
1129898,1354000
1129900,391100
1129911,350000
1129915,311900
1129919,449000
1129920,209600
1129922,492500
1129923,736500
1129925,278500
1129929,145000
1129930,0
1129938,650000
1129940,385000
1129946,379500
1129948,70000
1129950,0
1129954,607200
1129959,436000
1129961,438300
1129965,250000
1129968,367700
1129972,286900
1129978,435700
1129984,629100
1129991,490500
1129996,285000
1130001,647600
1130002,0
1130003,250000
1130005,0
1130013,692500
1130016,250000
1130019,400000
1130021,470000
1130022,733700
1130025,182500
1130026,0
1130028,589800
1130030,500000
1130045,367500
1130049,253200
1130051,150000
1130073,340800
1130075,150000
1130079,0
1130081,350000
1130086,270000
1130089,500000
1130090,250000
1130093,350000
1130101,306800
1130104,417500
1130116,350000
1130120,377700
1130123,235600
1130125,600000
1130126,330000
1130134,530000
1130136,330000
1130137,759100
1130143,0
1130144,0
1130147,0
1130153,340300
1130158,2398000
1130160,404000
1130181,0
1130182,2580400
1130187,0
1130192,0
1130195,350000
1130196,0
1130198,813600
1130202,251000
1130204,0
1130212,450000
1130213,307300
1130217,300000
1130219,730000
1130221,160000
1130226,0
1130228,1624000
1130229,380700
1130233,1592900
1130243,0
1130246,1398200
1130277,232500
1130282,520000
1130285,298000
1130290,70000
1130303,295100
1130304,450000
1130312,350000
1130318,70000
1130324,406000
1130326,575800
1130329,0
1130330,0
1130331,495200
1130337,837500
1130342,302000
1130343,3927000
1130347,433700
1130351,250000
1130355,1729000
1130367,0
1130370,400000
1130371,428000
1130373,500000
1130376,2229400
1130382,433300
1130383,288200
1130394,0
1130409,0
1130417,350000
1130422,1110000
1130432,445000
1130435,0
1130436,473200
1130440,0
1130441,412900
1130442,0
1130443,0
1130445,312000
1130451,0
1130459,0
1130461,350500
1130471,160900
1130473,391500
1130478,0
1130480,444800
1130483,502600
1130491,132000
1130492,481000
1130504,2800000
1130505,350000
1130506,0
1130507,506600
1130517,0
1130525,0
1130526,575000
1130534,0
1130537,0
1130540,400000
1130542,435600
1130543,250000
1130545,400000
1130555,49000
1130559,254300
1130560,1463500
1130573,330000
1130575,246000
1130587,0
1130591,368300
1130594,330000
1130595,350000
1130599,256600
1130603,2974800
1130613,520000
1130616,0
1130618,0
1130619,0
1130625,400000
1130627,530500
1130628,650000
1130630,190000
1130634,0
1130646,0
1130647,150000
1130654,0
1130663,4620000
1130664,615000
1130666,0
1130668,334700
1130675,0
1130676,578000
1130678,450000
1130682,0
1130687,509500
1130690,9225300
1130691,297000
1130696,499700
1130699,170000
1130703,330000
1130715,0
1130718,385100
1130719,0
1130732,0
1130738,0
1130739,400000
1130748,492600
1130756,70000
1130763,0
1130767,315000
1130777,570900
1130784,2112000
1130787,400000
1130795,0
1130808,0
1130814,481000
1130822,350000
1130828,970800
1130833,0
1130835,0
1130845,224900
1130851,3056000
1130852,0
1130855,250000
1130856,335000
1130857,330000
1130861,495000
1130862,0
1130863,1326500
1130867,256800
1130869,450000
1130871,406300
1130873,800000
1130878,2202800
1130879,0
1130880,0
1130902,0
1130903,167000
1130908,58100
1130912,803800
1130914,223000
1130916,400000
1130918,200000
1130921,3699400
1130927,0
1130930,450000
1130938,0
1130939,520000
1130940,282000
1130942,306200
1130944,0
1130945,0
1130946,0
1130955,220000
1130956,400000
1130960,0
1130963,0
1130976,434500
1130981,121000
1130997,0
1131006,6392700
1131015,0
1131019,0
1131020,656000
1131029,500000
1131031,1389900
1131035,588500
1131036,400000
1131044,1306000
1131070,840000
1131077,650000
1131083,150000
1131084,478000
1131109,436000
1131110,1338800
1131119,579000
1131124,520000
1131130,439100
1131135,342000
1131141,250000
1131145,0
1131153,450000
1131164,0
1131168,344500
1131173,453000
1131177,559700
1131180,450000
1131184,0
1131188,536400
1131190,366000
1131197,600000
1131208,150000
1131212,454100
1131219,250000
1131224,875000
1131236,1170000
1131239,150000
1131247,250000
1131258,1145000
1131262,0
1131264,218400
1131271,314700
1131278,0
1131281,470000
1131284,360000
1131285,0
1131299,250000
1131303,1875300
1131310,559000
1131319,250000
1131321,734000
1131341,400000
1131346,280200
1131349,190000
1131361,236000
1131362,0
1131363,437500
1131388,381000
1131391,400000
1131392,573000
1131397,350000
1131403,420000
1131404,1524700
1131409,400000
1131410,330000
1131417,2150000
1131419,0
1131426,600000
1131434,1736000
1131443,446300
1131454,439800
1131455,326500
1131456,2334800
1131461,924500
1131464,414000
1131481,120000
1131485,185000
1131491,0
1131493,469800
1131497,2146500
1131502,300000
1131503,325000
1131507,0
1131509,0
1131511,330000
1131516,0
1131524,338000
1131525,300000
1131527,0
1131528,794600
1131530,325000
1131531,776000
1131534,400000
1131536,875800
1131540,495000
1131541,258300
1131542,2662600
1131543,119300
1131549,0
1131554,0
1131557,0
1131567,718800
1131568,400000
1131570,0
1131571,298800
1131583,327200
1131584,1129600
1131587,560000
1131588,473800
1131589,425000
1131591,0
1131594,350000
1131595,0
1131599,300000
1131601,473900
1131603,1181500
1131616,470500
1131623,439800
1131631,0
1131635,661000
1131637,0
1131639,0
1131641,418000
1131646,449000
1131652,500000
1131660,354500
1131663,481500
1131664,550000
1131671,0
1131673,694300
1131679,150000
1131686,447600
1131687,250000
1131706,420900
1131708,230200
1131711,312000
1131715,320000
1131716,0
1131727,155000
1131729,400000
1131731,150000
1131732,330000
1131734,280000
1131737,414500
1131738,400000
1131742,492000
1131758,1641200
1131760,330000
1131764,1277500
1131780,0
1131794,524000
1131796,454000
1131800,0
1131801,350000
1131804,1495000
1131808,1266700
1131811,2042900
1131814,0
1131815,330000
1131816,1070000
1131819,417500
1131826,190000
1131830,250000
1131831,0
1131840,482000
1131844,200000
1131845,0
1131849,450000
1131881,237300
1131884,0
1131889,0
1131892,400000
1131900,1442000
1131908,338000
1131910,0
1131913,62500
1131915,1079500
1131933,0
1131955,150000
1131957,825500
1131959,408000
1131963,250000
1131980,400000
1131987,350000
1131992,0
1131995,322000
1132000,215000
1132002,500000
1132003,637900
1132018,0
1132020,357600
1132022,250000
1132023,400000
1132026,670000
1132035,540900
1132036,400000
1132040,276700
1132047,350000
1132050,776000
1132051,379000
1132068,0
1132073,0
1132077,500000
1132083,250000
1132086,0
1132087,168000
1132088,944000
1132092,350000
1132093,0
1132098,400000
1132099,247500
1132102,1450000
1132105,0
1132108,930200
1132116,200000
1132118,540500
1132126,800000
1132127,1170000
1132136,458800
1132138,0
1132141,0
1132155,330500
1132157,492000
1132167,0
1132175,3038200
1132176,0
1132177,817600
1132187,1021900
1132195,250000
1132200,535000
1132205,950000
1132214,150000
1132215,429000
1132216,0
1132221,380400
1132223,2987400
1132224,300000
1132228,0
1132232,200000
1132234,0
1132235,302500
1132244,220800
1132245,400000
1132248,0
1132255,472800
1132264,650000
1132267,401600
1132268,249100
1132270,800000
1132279,600000
1132280,0
1132281,352500
1132283,432400
1132287,1022200
1132290,318600
1132296,2069800
1132307,0
1132312,261000
1132318,0
1132323,150000
1132328,0
1132330,580000
1132331,200000
1132334,0
1132342,288800
1132346,0
1132358,9600000
1132361,921600
1132369,352500
1132374,0
1132386,400000
1132390,5015100
1132391,0
1132402,393000
1132406,0
1132407,0
1132413,915000
1132430,300600
1132435,213000
1132444,607800
1132452,400000
1132462,150000
1132466,2135400
1132473,739200
1132480,0
1132495,0
1132497,150000
1132505,507600
1132507,230400
1132515,601800
1132521,0
1132524,1985400
1132536,735000
1132537,352500
1132541,1315000
1132543,180000
1132555,322000
1132558,571500
1132559,0
1132565,120000
1132575,355000
1132576,0
1132579,0
1132584,0
1132585,0
1132586,350000
1132594,150000
1132596,0
1132597,0
1132598,310000
1132599,910000
1132601,276600
1132603,120000
1132605,450000
1132606,1576000
1132613,356000
1132615,0
1132616,556100
1132625,408500
1132626,0
1132631,1205600
1132636,113500
1132651,0
1132652,250000
1132653,250000
1132658,700000
1132665,340000
1132668,150000
1132669,440400
1132670,274000
1132684,386000
1132688,0
1132691,250000
1132692,312000
1132695,536000
1132696,494500
1132700,1371700
1132701,410500
1132712,886000
1132719,463000
1132730,0
1132736,488200
1132739,422000
1132748,1389000
1132762,200000
1132766,662800
1132774,0
1132784,237000
1132788,744000
1132797,0
1132809,236400
1132810,150000
1132816,401300
1132818,227700
1132825,0
1132827,294000
1132833,150000
1132836,238800
1132846,0
1132853,0
1132861,150000
1132867,1112500
1132878,0
1132880,350000
1132882,398700
1132884,0
1132886,1791300
1132893,418500
1132900,707500
1132906,0
1132910,0
1132911,0
1132919,500000
1132925,115000
1132926,0
1132935,0
1132944,0
1132945,351000
1132958,0
1132959,0
1132978,250000
1132979,350000
1132981,200000
1132983,0
1133008,2349500
1133012,0
1133025,314000
1133028,0
1133037,164000
1133039,790800
1133046,0
1133048,837700
1133051,0
1133068,0
1133069,0
1133075,0
1133080,250000
1133102,845000
1133108,70000
1133119,0
1133122,0
1133125,200000
1133126,620000
1133130,0
1133133,718900
1133134,403800
1133136,316000
1133137,300000
1133149,0
1133156,670000
1133164,447700
1133178,240000
1133180,0
1133188,330000
1133192,0
1133195,600000
1133204,439800
1133208,1697000
1133211,2555700
1133225,633600
1133246,30000
1133254,1006400
1133260,0
1133264,1775500
1133265,250000
1133269,450000
1133274,200000
1133298,200000
1133299,1334000
1133314,1891200
1133317,150000
1133322,450000
1133325,210600
1133333,0
1133335,292600
1133348,70000
1133350,1246000
1133354,70000
1133361,449000
1133385,0
1133387,400000
1133395,250000
1133400,150000
1133401,1120000
1133402,0
1133410,300000
1133416,70000
1133419,250000
1133422,467500
1133435,2231300
1133437,1627000
1133441,432500
1133443,715600
1133446,200000
1133458,200000
1133464,0
1133471,0
1133475,400000
1133476,791000
1133477,450000
1133485,3012200
1133490,38900
1133497,150000
1133500,395000
1133528,1915500
1133534,399000
1133540,174500
1133545,0
1133555,150000
1133557,400000
1133564,0
1133568,250000
1133571,1550500
1133572,0
1133579,325000
1133581,500000
1133599,0
1133619,200000
1133624,238800
1133627,650000
1133629,14550000
1133632,0
1133642,80000
1133648,0
1133651,0
1133653,0
1133656,0
1133662,1007100
1133663,0
1133664,250000
1133670,484500
1133672,550000
1133684,0
1133689,0
1133691,175000
1133694,500000
1133695,200000
1133701,232000
1133703,238800
1133705,200000
1133706,400000
1133711,0
1133728,3060000
1133729,0
1133740,90000
1133752,750000
1133754,300000
1133764,70000
1133768,3820000
1133773,477500
1133783,500000
1133791,185000
1133792,568500
1133793,142000
1133798,649900
1133808,70000
1133821,442500
1133823,0
1133834,0
1133839,0
1133840,0
1133845,0
1133859,0
1133873,360000
1133880,0
1133881,450000
1133882,200000
1133885,479400
1133887,0
1133891,0
1133893,70000
1133898,0
1133901,0
1133905,250000
1133906,144300
1133907,0
1133911,0
1133913,0
1133916,0
1133918,0
1133922,0
1133924,0
1133926,0
1133929,7604000
1133931,631500
1133932,0
1133933,200000
1133936,0
1133939,0
1133944,0
1133946,0
1133948,0
1133951,0
1133954,799500
1133958,0
1133959,0
1133964,0
1133969,0
1133970,424200
1133975,0
1133976,0
1133978,412200
1133980,0
1133984,0
1133985,0
1133988,200000
1133990,0
1133992,0
1133993,0
1133994,150000
1133998,412200
1133999,0
1134000,0
1134001,0
1134003,636000
1134005,0
1134007,412200
1134009,0
1134012,0
1134014,0
1134016,0
1134017,412200
1134022,0
1134023,150000
1134026,0
1134027,400000
1134028,0
1134035,0
1134038,0
1134040,0
1134043,0
1134046,0
1134047,233700
1134050,0
1134051,0
1134054,0
1134055,443300
1134068,330800
1134069,0
1134084,150000
1134086,344900
1134097,0
1134101,0
1134102,70000
1134103,150000
1134109,336000
1134116,127000
1134121,250000
1134126,558400
1134168,450000
1134170,0
1134171,306000
1134175,106400
1134181,350000
1134198,2939000
1134202,0
1134207,634000
1134208,1388000
1134220,345000
1134222,2508000
1134224,460000
1134228,1033400
1134236,0
1134238,300000
1134242,0
1134251,0
1134253,448800
1134254,425100
1134256,0
1134259,499900
1134262,511200
1134264,550000
1134270,200000
1134271,0
1134272,0
1134282,0
1134286,250000
1134290,250000
1134293,302600
1134294,0
1134298,450000
1134300,250000
1134301,220500
1134307,0
1134309,0
1134318,150000
1134321,0
1134325,150000
1134326,939100
1134337,0
1134341,250000
1134349,0
1134350,650000
1134358,415000
1134361,250000
1134362,0
1134366,413000
1134370,426000
1134372,302500
1134380,200000
1134385,0
1134389,0
1134391,300000
1134393,6984500
1134397,711500
1134399,442500
1134401,445800
1134404,0
1134411,321000
1134417,753000
1134430,674000
1134431,400000
1134440,0
1134443,0
1134448,3420500
1134455,457200
1134460,312000
1134462,273600
1134463,320000
1134464,361000
1134479,2692700
1134483,402500
1134487,350000
1134499,429000
1134504,400000
1134507,500000
1134521,312600
1134527,0
1134528,0
1134529,457200
1134535,283400
1134552,0
1134555,0
1134557,400000
1134561,0
1134562,1100000
1134563,0
1134564,400000
1134569,475600
1134570,250000
1134581,0
1134595,327500
1134612,459000
1134620,0
1134622,439300
1134626,372000
1134638,0
1134639,391500
1134640,485500
1134642,0
1134644,0
1134651,637500
1134654,350000
1134655,93500
1134657,0
1134681,250000
1134682,508000
1134691,250000
1134693,1507000
1134695,0
1134704,297900
1134707,284000
1134710,1764300
1134724,0
1134735,400000
1134741,250000
1134743,770300
1134745,0
1134750,12258300
1134756,250000
1134763,314000
1134770,516000
1134773,422500
1134775,540000
1134776,450000
1134779,360000
1134781,444000
1134784,0
1134787,0
1134794,0
1134795,0
1134803,225000
1134813,0
1134815,399900
1134822,786400
1134826,319900
1134829,250000
1134842,150000
1134846,1155000
1134848,70000
1134851,0
1134853,0
1134862,0
1134863,242500
1134872,444600
1134877,0
1134879,439200
1134880,0
1134886,0
1134890,0
1134894,250000
1134897,350400
1134899,0
1134903,250000
1134904,327500
1134920,0
1134924,408000
1134929,0
1134935,350000
1134937,367000
1134939,207800
1134948,228000
1134950,300000
1134952,827900
1134953,686800
1134959,612500
1134968,0
1134970,0
1134983,400000
1134985,100000
1134990,0
1134992,500000
1134995,520000
1134998,0
1135001,382000
1135013,0
1135014,352500
1135017,250000
1135023,400000
1135025,420800
1135027,400000
1135032,140000
1135033,480900
1135040,462600
1135044,691300
1135046,499000
1135055,0
1135060,3780500
1135061,0
1135062,0
1135063,0
1135067,520000
1135068,400000
1135069,412500
1135072,0
1135074,388100
1135075,478000
1135078,0
1135085,1195000
1135087,490000
1135088,0
1135090,0
1135096,517000
1135100,400000
1135101,1593600
1135103,0
1135105,428000
1135108,434300
1135109,451800
1135114,0
1135115,300000
1135116,387000
1135118,420000
1135120,493600
1135123,0
1135124,1794900
1135132,0
1135138,455000
1135139,447800
1135140,1824000
1135146,419500
1135149,371300
1135150,346500
1135152,0
1135155,1170000
1135160,0
1135162,0
1135167,0
1135170,200000
1135171,0
1135174,0
1135179,0
1135180,997200
1135182,0
1135187,605000
1135195,0
1135197,0
1135199,0
1135200,400000
1135201,400000
1135202,819400
1135207,0
1135218,851000
1135221,601500
1135223,0
1135227,311300
1135228,293500
1135229,0
1135234,825500
1135242,0
1135244,0
1135249,612700
1135250,0
1135252,0
1135256,400000
1135258,0
1135262,0
1135274,0
1135275,150000
1135276,445000
1135278,270000
1135280,0
1135286,0
1135287,0
1135288,0
1135291,72000
1135294,250000
1135296,700000
1135297,255000
1135305,0
1135307,400000
1135308,1971300
1135311,0
1135315,0
1135320,562000
1135321,309800
1135324,0
1135329,400000
1135331,0
1135334,451800
1135336,605000
1135337,345000
1135342,0
1135349,360000
1135352,0
1135354,420000
1135356,339000
1135359,260900
1135360,0
1135361,520000
1135363,600000
1135364,478800
1135367,0
1135376,0
1135380,0
1135384,652500
1135385,381900
1135390,0
1135391,345200
1135392,760000
1135394,0
1135397,544000
1135401,0
1135404,0
1135408,550000
1135414,0
1135415,0
1135417,300000
1135433,400000
1135436,250000
1135439,547500
1135444,390000
1135448,0
1135451,0
1135458,137000
1135467,270000
1135471,250000
1135472,0
1135476,1500
1135478,360000
1135481,467500
1135482,0
1135484,760000
1135485,617400
1135487,101900
1135488,0
1135491,662500
1135493,0
1135494,300000
1135505,345000
1135507,0
1135510,180000
1135512,0
1135518,500000
1135519,449100
1135521,400000
1135523,0
1135525,346500
1135530,315000
1135537,0
1135541,0
1135542,0
1135547,375000
1135549,464300
1135554,1289500
1135556,330000
1135560,1113000
1135561,463900
1135562,405000
1135565,360000
1135587,200000
1135599,300000
1135610,434300
1135619,520000
1135623,700000
1135626,194000
1135632,250000
1135633,476500
1135643,654300
1135645,70000
1135649,624000
1135654,533400
1135662,240000
1135665,0
1135668,218000
1135674,300000
1135676,628000
1135678,300200
1135681,467500
1135687,135000
1135692,288000
1135698,0
1135704,400000
1135706,350000
1135715,964500
1135723,351000
1135746,609000
1135750,0
1135751,800000
1135766,1754100
1135773,1800000
1135777,315000
1135778,330000
1135790,501300
1135802,423700
1135806,300000
1135813,0
1135816,927500
1135819,333000
1135824,0
1135827,454000
1135839,376900
1135841,685000
1135843,416600
1135848,233700
1135852,0
1135857,0
1135859,369000
1135863,400000
1135872,393000
1135885,323000
1135893,503500
1135905,638700
1135906,0
1135922,399200
1135925,1618000
1135929,488700
1135938,368300
1135940,520000
1135943,670000
1135949,694500
1135961,120000
1135966,417500
1135967,399500
1135968,400000
1135974,140000
1135975,323500
1135976,495500
1135983,485500
1135987,150000
1135994,520000
1135995,1795000
1135998,608000
1136002,1318500
1136004,680600
1136013,360000
1136017,512700
1136022,442100
1136031,382500
1136032,0
1136038,457200
1136039,399600
1136042,400000
1136049,0
1136050,1000000
1136052,492000
1136053,300000
1136067,550000
1136068,434200
1136069,520000
1136075,0
1136096,330800
1136098,0
1136099,300000
1136102,240000
1136103,150000
1136104,510000
1136109,350000
1136110,400000
1136123,824400
1136128,535000
1136129,541100
1136132,400000
1136136,696500
1136140,550000
1136143,1007800
1136150,0
1136151,3481900
1136153,582500
1136159,520000
1136160,0
1136164,0
1136166,0
1136168,396000
1136171,312900
1136179,0
1136184,310500
1136192,408300
1136194,0
1136195,0
1136200,0
1136204,0
1136205,385500
1136208,300000
1136213,250000
1136218,0
1136222,400000
1136226,1411700
1136234,432000
1136237,0
1136239,1670000
1136244,1030000
1136245,2728400
1136246,670000
1136253,0
1136267,537000
1136268,637600
1136274,0
1136277,382400
1136281,0
1136289,0
1136291,149000
1136294,100000
1136295,3802500
1136298,520000
1136301,0
1136309,372000
1136313,354000
1136314,507600
1136319,0
1136323,0
1136327,661800
1136337,401300
1136344,319500
1136352,400000
1136354,312000
1136356,445000
1136363,427000
1136369,400000
1136371,0
1136392,400000
1136393,250000
1136403,255000
1136409,422300
1136412,381000
1136416,0
1136417,508500
1136423,1273000
1136424,130000
1136425,0
1136429,353700
1136430,501000
1136432,513400
1136440,454000
1136442,954000
1136446,431400
1136457,525000
1136458,520000
1136459,349900
1136463,490000
1136467,0
1136468,0
1136471,0
1136476,862500
1136478,270000
1136481,408200
1136489,400000
1136499,387600
1136503,360600
1136504,1061000
1136508,400000
1136511,372000
1136518,400000
1136520,555500
1136522,825500
1136524,1927500
1136526,1101300
1136529,0
1136533,488700
1136539,391500
1136540,377000
1136542,755800
1136543,400000
1136546,420000
1136547,0
1136556,730800
1136562,0
1136569,373000
1136575,400000
1136581,245000
1136584,360800
1136585,0
1136587,307100
1136590,150000
1136598,0
1136602,850900
1136603,610800
1136606,0
1136607,500000
1136617,0
1136623,696000
1136624,346500
1136637,654200
1136653,9159900
1136655,0
1136657,400000
1136658,452500
1136660,474300
1136662,400000
1136671,362600
1136677,0
1136679,0
1136686,0
1136690,355500
1136698,0
1136701,682200
1136705,0
1136707,1480800
1136709,8279000
1136721,0
1136722,0
1136724,355100
1136735,0
1136738,400000
1136741,300000
1136743,1546700
1136744,300000
1136746,2099100
1136748,421500
1136756,0
1136761,435100
1136764,571000
1136770,355100
1136773,315000
1136776,474700
1136783,400000
1136784,0
1136785,2155300
1136790,520000
1136799,1860000
1136803,800000
1136804,212900
1136811,0
1136814,390000
1136825,389700
1136832,360000
1136833,0
1136836,402700
1136846,611100
1136851,150000
1136855,400000
1136856,355500
1136858,0
1136866,488000
1136872,874000
1136873,1176500
1136874,2478600
1136876,400000
1136881,500000
1136882,105000
1136884,450000
1136887,1431500
1136888,0
1136889,519300
1136894,739000
1136898,488000
1136904,437900
1136905,375100
1136907,2097500
1136912,350000
1136914,480900
1136917,0
1136921,280700
1136925,500000
1136928,405000
1136930,467500
1136934,0
1136938,339100
1136939,500000
1136941,0
1136952,150000
1136958,525000
1136959,836500
1136960,604400
1136961,1402300
1136963,489100
1136973,1977400
1136978,500000
1136979,0
1136981,435000
1136992,0
1136996,0
1136999,457500
1137001,494000
1137004,427600
1137007,150000
1137008,530000
1137011,520000
1137013,311000
1137016,581700
1137020,775000
1137022,997500
1137031,0
1137032,0
1137042,0
1137043,540000
1137044,804000
1137045,500000
1137069,466600
1137077,378900
1137080,426000
1137081,250000
1137083,757500
1137088,275000
1137091,0
1137093,0
1137096,454000
1137100,300000
1137101,500000
1137110,1336000
1137115,458100
1137118,68000
1137128,150000
1137136,809000
1137137,350000
1137138,420000
1137139,487200
1137150,431500
1137152,0
1137158,520000
1137164,400000
1137173,622000
1137179,0
1137182,350000
1137183,650000
1137187,0
1137195,400000
1137202,274000
1137203,243000
1137204,0
1137207,372000
1137213,446000
1137214,236800
1137215,450000
1137218,0
1137227,0
1137233,550000
1137236,0
1137239,480000
1137249,859500
1137253,0
1137257,420000
1137262,768500
1137264,906400
1137267,150000
1137270,250000
1137275,520000
1137276,400000
1137288,0
1137291,550500
1137294,0
1137300,300000
1137301,470200
1137313,0
1137316,150000
1137317,2231400
1137319,650000
1137323,409800
1137337,375600
1137339,458800
1137345,2045400
1137346,485000
1137347,0
1137348,389700
1137351,504400
1137355,715000
1137359,454000
1137361,200000
1137362,0
1137363,770000
1137372,400000
1137375,200000
1137377,470000
1137379,250000
1137383,398000
1137389,621700
1137392,1009000
1137394,581500
1137397,250000
1137402,0
1137409,412500
1137413,0
1137415,350000
1137417,353700
1137419,1665000
1137423,0
1137427,250000
1137432,2265000
1137435,0
1137438,0
1137447,2984300
1137451,0
1137454,0
1137455,1226600
1137456,363000
1137458,384000
1137463,315000
1137467,350000
1137468,468000
1137470,645700
1137474,766000
1137477,662700
1137478,312000
1137484,568000
1137489,0
1137495,481000
1137503,0
1137504,0
1137505,0
1137515,474700
1137524,315000
1137528,500000
1137532,600000
1137536,682600
1137543,0
1137554,311500
1137557,150000
1137559,400000
1137565,462600
1137567,423900
1137568,0
1137569,400000
1137572,520000
1137582,465300
1137584,863500
1137586,400000
1137592,747500
1137595,150000
1137602,607500
1137607,550000
1137616,300000
1137619,0
1137620,150000
1137637,0
1137644,417600
1137647,0
1137650,0
1137653,998000
1137655,190000
1137656,360000
1137660,400000
1137662,512600
1137664,400000
1137667,285000
1137670,400300
1137673,500000
1137674,938700
1137681,556800
1137687,994000
1137693,425000
1137695,0
1137711,720000
1137713,400000
1137716,228800
1137717,0
1137720,2249000
1137727,150000
1137729,375000
1137731,427400
1137735,0
1137743,470200
1137758,520000
1137760,400000
1137769,488700
1137773,0
1137776,0
1137777,522000
1137789,517000
1137793,0
1137812,859500
1137815,600500
1137818,0
1137821,324000
1137825,550000
1137843,300000
1137844,431500
1137848,0
1137849,130000
1137855,820000
1137856,478500
1137858,0
1137860,400000
1137863,0
1137872,133000
1137875,400000
1137884,457500
1137888,402400
1137892,0
1137895,350000
1137896,417400
1137897,0
1137899,400000
1137902,550000
1137906,0
1137915,551000
1137918,475800
1137922,256000
1137923,250000
1137930,0
1137933,0
1137934,0
1137935,4221400
1137936,505000
1137937,0
1137948,0
1137954,520000
1137957,581500
1137959,0
1137965,0
1137967,904300
1137968,561600
1137969,0
1137974,0
1137976,0
1137993,658800
1138002,482200
1138008,462500
1138014,656000
1138015,400000
1138024,346300
1138029,390000
1138034,0
1138035,520000
1138036,104000
1138038,350300
1138042,3620000
1138054,400000
1138065,1519000
1138066,150000
1138068,0
1138070,359400
1138072,358800
1138074,0
1138079,400000
1138086,520000
1138088,400000
1138108,456900
1138114,255000
1138117,150000
1138123,1121300
1138129,0
1138133,193600
1138151,199000
1138159,511000
1138165,195000
1138179,400000
1138180,400000
1138181,150000
1138182,0
1138183,543000
1138184,315000
1138193,500000
1138205,70000
1138207,508000
1138208,150000
1138211,350000
1138213,577000
1138214,0
1138218,1371900
1138221,0
1138224,0
1138230,150000
1138232,150000
1138235,150000
1138236,495000
1138243,488700
1138254,368100
1138256,503500
1138258,0
1138260,400000
1138267,0
1138272,0
1138274,297000
1138278,0
1138279,1036700
1138281,784000
1138289,0
1138292,400000
1138296,0
1138299,467500
1138301,846000
1138313,431500
1138320,450000
1138325,285000
1138334,300000
1138344,0
1138347,0
1138351,656600
1138358,0
1138362,499000
1138367,150000
1138373,342900
1138376,0
1138379,324000
1138381,0
1138384,0
1138385,481300
1138386,359400
1138392,590500
1138394,0
1138409,150000
1138410,350000
1138411,536000
1138413,0
1138414,132400
1138421,0
1138430,519100
1138443,520000
1138453,582500
1138457,400000
1138459,500000
1138480,0
1138481,438900
1138485,432000
1138486,0
1138491,260000
1138492,121000
1138494,474700
1138500,0
1138502,270000
1138506,700000
1138518,35000
1138521,0
1138522,400000
1138527,2685600
1138528,0
1138540,200000
1138553,513000
1138555,1118300
1138556,250000
1138560,1216500
1138570,1474500
1138577,400000
1138582,0
1138585,324900
1138589,0
1138590,350000
1138600,450000
1138614,138000
1138615,492000
1138617,584100
1138622,406000
1138626,150000
1138628,393800
1138630,0
1138632,378900
1138634,0
1138638,416300
1138642,450000
1138653,140000
1138659,0
1138666,624200
1138667,250000
1138676,600000
1138679,1050600
1138680,941800
1138682,0
1138684,121000
1138700,393000
1138701,0
1138706,0
1138717,450000
1138725,200000
1138736,400000
1138738,0
1138740,550000
1138744,0
1138751,336900
1138752,476500
1138761,329400
1138768,917700
1138770,0
1138775,0
1138783,694700
1138786,0
1138787,481000
1138798,400000
1138802,292500
1138818,0
1138821,474700
1138823,820000
1138826,0
1138828,397500
1138829,449500
1138837,150000
1138844,465000
1138853,0
1138861,400000
1138863,0
1138867,546400
1138876,1000000
1138891,291000
1138892,350000
1138905,450000
1138909,996000
1138910,0
1138915,0
1138920,744600
1138924,150000
1138925,0
1138933,0
1138946,554000
1138980,400000
1138984,472900
1138989,250000
1138997,401800
1138998,476400
1138999,0
1139002,662200
1139013,959000
1139028,399000
1139030,455000
1139032,0
1139034,514800
1139038,0
1139040,347400
1139041,397800
1139048,0
1139052,95000
1139063,369000
1139074,388800
1139076,276200
1139077,137000
1139084,0
1139092,70000
1139096,482500
1139105,1559500
1139107,200000
1139116,250000
1139122,0
1139140,746000
1139149,380000
1139160,400000
1139161,395000
1139162,0
1139165,396000
1139169,223000
1139172,1138400
1139181,270000
1139185,0
1139189,710400
1139191,0
1139193,150000
1139197,250000
1139198,417200
1139199,250000
1139205,150000
1139211,656800
1139213,0
1139219,10154500
1139224,200000
1139228,0
1139229,399000
1139233,0
1139235,350000
1139240,0
1139245,1101400
1139246,426600
1139251,700000
1139252,70000
1139263,0
1139265,97500
1139272,385500
1139273,211500
1139275,70000
1139279,968400
1139289,6981000
1139294,690500
1139296,210000
1139297,700000
1139311,0
1139312,500000
1139313,488700
1139314,0
1139321,304000
1139323,200000
1139334,423000
1139338,0
1139341,150000
1139352,466300
1139372,750400
1139380,250000
1139384,500000
1139400,0
1139401,987500
1139411,400000
1139414,70000
1139434,410000
1139438,1190000
1139446,400000
1139454,0
1139455,770000
1139457,1209000
1139458,344700
1139461,13342300
1139462,515700
1139464,0
1139467,120000
1139472,593000
1139481,250000
1139486,108000
1139487,250000
1139489,250000
1139493,3325800
1139496,522000
1139498,200000
1139510,0
1139512,418500
1139533,540100
1139534,2428600
1139541,408000
1139544,1657600
1139545,309900
1139549,0
1139553,250000
1139556,200000
1139558,1042000
1139559,300000
1139564,700000
1139566,159000
1139573,250000
1139584,291500
1139591,395400
1139597,108000
1139604,500000
1139606,0
1139607,309600
1139609,0
1139624,0
1139631,777200
1139636,669000
1139642,750000
1139643,1482100
1139648,300000
1139653,800000
1139656,140000
1139658,622500
1139659,0
1139660,0
1139665,500000
1139668,0
1139672,655800
1139677,1150200
1139678,200000
1139682,250000
1139687,250000
1139688,600000
1139691,387000
1139692,328100
1139693,255000
1139713,0
1139725,363000
1139736,322500
1139741,0
1139747,1665000
1139754,400000
1139757,250000
1139758,400400
1139759,200000
1139760,335000
1139762,200000
1139768,675000
1139783,604500
1139793,145000
1139801,607000
1139802,964000
1139805,0
1139806,200000
1139822,650000
1139823,319000
1139825,484500
1139826,200000
1139829,627700
1139831,1713500
1139861,0
1139862,650000
1139865,0
1139866,639000
1139871,108000
1139874,0
1139886,0
1139902,0
1139906,513000
1139914,0
1139915,400000
1139918,0
1139920,281000
1139922,550000
1139923,0
1139925,310000
1139935,0
1139942,0
1139947,400000
1139954,0
1139955,0
1139956,0
1139959,416100
1139966,400000
1139967,0
1139973,0
1139974,300000
1139976,0
1139978,6084000
1139980,0
1139982,200000
1139994,0
1140005,0
1140015,840400
1140019,0
1140022,200000
1140031,785500
1140032,398000
1140033,0
1140034,0
1140037,0
1140065,95000
1140071,360000
1140073,800000
1140079,0
1140080,0
1140082,0
1140094,0
1140096,332000
1140102,0
1140103,450000
1140105,350000
1140114,776600
1140123,0
1140130,200000
1140145,0
1140150,765000
1140176,1989500
1140190,0
1140214,0
1140218,260600
1140225,438800
1140239,0
1140240,946200
1140243,650000
1140247,186000
1140249,0
1140276,200000
1140277,650000
1140279,286200
1140327,240000
1140328,0
1140330,0
1140331,150000
1140332,0
1140333,600000
1140348,200000
1140349,550000
1140353,400000
1140355,0
1140367,495000
1140372,0
1140373,600000
1140376,12603300
1140379,322000
1140383,613000
1140385,0
1140388,0
1140390,1433500
1140394,870000
1140402,360000
1140407,250000
1140414,350000
1140424,317500
1140430,150000
1140431,35000
1140441,671100
1140446,510100
1140450,190000
1140470,1609600
1140477,205000
1140506,4513800
1140508,377200
1140520,810800
1140523,1295200
1140524,122000
1140529,400000
1140530,250000
1140539,715000
1140540,0
1140541,2137300
1140543,70000
1140546,270200
1140556,312000
1140558,400000
1140566,325000
1140569,594400
1140602,440100
1140604,875000
1140605,0
1140608,548200
1140613,800000
1140614,0
1140620,488700
1140625,350000
1140627,450000
1140640,493200
1140641,0
1140642,0
1140643,0
1140651,492500
1140653,1555900
1140656,618000
1140660,400000
1140662,0
1140670,185000
1140684,1132600
1140692,0
1140694,300000
1140697,520000
1140702,352500
1140704,0
1140709,0
1140710,605000
1140713,0
1140714,420000
1140721,0
1140727,3444800
1140728,538500
1140733,643500
1140735,0
1140739,591000
1140747,0
1140757,150000
1140775,250000
1140778,488700
1140799,400000
1140801,1073300
1140802,330000
1140805,302500
1140810,350000
1140811,494500
1140816,0
1140818,350000
1140820,344600
1140828,350000
1140831,0
1140832,796200
1140835,592100
1140839,400000
1140845,946800
1140847,385000
1140849,150000
1140853,0
1140855,811000
1140856,0
1140857,121000
1140859,335000
1140875,804300
1140878,0
1140879,0
1140883,0
1140885,0
1140889,1302400
1140897,0
1140902,562100
1140905,270000
1140908,670000
1140915,400000
1140921,0
1140924,968000
1140925,0
1140926,374100
1140930,400000
1140931,387000
1140932,445000
1140933,400000
1140937,0
1140942,0
1140947,0
1140949,400000
1140951,0
1140957,510000
1140959,0
1140960,0
1140964,0
1140965,270000
1140967,400000
1140968,342000
1140969,583500
1140971,0
1140975,0
1140977,0
1140978,285000
1140980,0
1140988,400000
1140989,0
1140992,0
1140993,356700
1140994,400000
1140997,474700
1141006,380000
1141007,0
1141012,0
1141022,386400
1141024,0
1141036,0
1141047,0
1141053,70000
1141055,860300
1141057,449300
1141060,0
1141062,0
1141066,0
1141069,396000
1141074,358000
1141077,120000
1141080,0
1141081,382500
1141085,426500
1141090,0
1141092,1541800
1141093,0
1141103,0
1141105,250000
1141113,892000
1141118,0
1141120,0
1141123,0
1141124,620000
1141126,0
1141127,0
1141130,300000
1141133,0
1141143,0
1141144,0
1141145,400000
1141147,1151000
1141148,0
1141152,0
1141159,0
1141163,224000
1141165,0
1141171,259000
1141175,0
1141177,390000
1141178,99400
1141179,250000
1141183,950000
1141184,0
1141190,1080000
1141191,150000
1141192,0
1141205,0
1141212,0
1141214,335300
1141219,0
1141223,0
1141224,234800
1141227,0
1141232,3000
1141234,0
1141236,360000
1141241,450000
1141242,1308500
1141244,450000
1141246,0
1141247,0
1141249,315000
1141255,556000
1141258,400000
1141265,0
1141275,0
1141284,350000
1141287,520000
1141289,150000
1141296,250000
1141299,119000
1141306,190000
1141308,0
1141311,275100
1141317,1132800
1141321,164500
1141329,550000
1141332,286700
1141338,250000
1141339,373900
1141340,586300
1141342,450000
1141349,0
1141360,0
1141361,926500
1141373,1590500
1141375,400000
1141378,0
1141379,150000
1141383,450200
1141384,501200
1141387,0
1141389,431500
1141390,624700
1141391,629400
1141396,0
1141401,0
1141412,0
1141413,0
1141421,478800
1141425,0
1141427,400000
1141429,520000
1141430,0
1141434,458500
1141439,0
1141444,636800
1141447,0
1141450,670000
1141454,285000
1141466,431500
1141472,0
1141475,387000
1141483,6850000
1141495,360000
1141501,150000
1141502,0
1141506,1701800
1141513,880000
1141516,0
1141521,494500
1141524,827900
1141536,600000
1141546,739000
1141552,0
1141553,300000
1141562,0
1141569,450000
1141574,644700
1141578,520000
1141579,299000
1141580,682100
1141598,0
1141599,325000
1141601,520000
1141606,150000
1141609,150000
1141616,0
1141623,0
1141627,386200
1141631,519300
1141632,678300
1141644,0
1141645,970000
1141650,0
1141654,998600
1141659,350000
1141664,336800
1141667,327000
1141670,1070000
1141673,399000
1141680,0
1141686,350000
1141699,130000
1141706,400000
1141709,384300
1141712,416500
1141717,0
1141720,550000
1141721,462000
1141723,0
1141726,0
1141727,0
1141729,445500
1141730,336000
1141734,625000
1141737,400000
1141743,704500
1141744,1612500
1141755,0
1141757,0
1141763,0
1141770,435000
1141776,629400
1141781,0
1141782,2466700
1141783,0
1141792,0
1141801,515700
1141802,600000
1141804,0
1141808,1500000
1141815,40600
1141826,250000
1141830,270000
1141834,578700
1141843,900000
1141844,365700
1141845,150000
1141849,417800
1141852,3760800
1141858,469800
1141859,755100
1141866,0
1141868,934200
1141870,616800
1141872,435800
1141883,641400
1141887,150000
1141889,250000
1141891,450400
1141892,2770100
1141893,150000
1141895,442800
1141901,1700000
1141903,780000
1141908,3236600
1141910,0
1141912,520000
1141917,459800
1141919,422000
1141924,250000
1141927,400000
1141929,0
1141936,447000
1141942,101500
1141947,0
1141948,699000
1141950,400000
1141952,0
1141953,150000
1141954,379900
1141955,508000
1141956,313500
1141962,277500
1141965,546500
1141966,250000
1141969,0
1141974,612900
1141976,0
1141980,386300
1141984,252500
1141985,1000000
1141986,150000
1141995,401300
1142000,150000
1142002,400000
1142006,0
1142009,0
1142013,150000
1142018,0
1142020,300000
1142021,0
1142023,550000
1142026,467500
1142028,437400
1142029,1500
1142034,350000
1142035,416500
1142045,1328200
1142056,148000
1142058,150000
1142060,1426000
1142069,359100
1142070,384500
1142072,823800
1142074,301500
1142076,845000
1142080,1320000
1142091,975000
1142095,250000
1142098,0
1142100,0
1142110,0
1142113,1617700
1142114,130000
1142116,525000
1142119,474300
1142120,150000
1142121,741000
1142122,550000
1142133,0
1142134,108000
1142136,450000
1142137,592800
1142145,0
1142149,670000
1142161,787700
1142165,0
1142166,494500
1142169,0
1142171,0
1142172,400000
1142175,0
1142178,442800
1142188,400000
1142193,359100
1142195,477800
1142199,106300
1142200,221000
1142203,400000
1142218,422400
1142221,522500
1142224,400000
1142234,0
1142236,300000
1142242,400000
1142259,0
1142260,61500
1142266,294000
1142270,150000
1142274,400000
1142275,612500
1142284,0
1142288,2266800
1142293,387000
1142296,467500
1142299,148000
1142301,895900
1142309,375000
1142310,428000
1142313,404300
1142314,1296700
1142324,565000
1142326,825000
1142333,633600
1142335,200000
1142342,459500
1142345,400000
1142364,440500
1142365,330000
1142368,294000
1142372,400000
1142374,600000
1142377,150000
1142378,0
1142381,445000
1142386,282600
1142392,525000
1142397,2288000
1142398,1141500
1142409,400000
1142426,1175000
1142436,395000
1142448,0
1142456,400000
1142457,0
1142459,451500
1142472,700000
1142474,400000
1142476,481000
1142478,0
1142480,341600
1142481,150000
1142503,440000
1142506,742600
1142513,1413000
1142518,520600
1142520,150000
1142521,0
1142528,665000
1142529,200000
1142536,400000
1142539,1048600
1142541,200000
1142546,381500
1142548,300000
1142554,544000
1142560,430000
1142563,378000
1142564,424100
1142566,525000
1142570,340000
1142579,350000
1142581,175000
1142584,472500
1142596,644100
1142597,515200
1142599,0
1142603,150000
1142604,148000
1142605,381800
1142607,635500
1142608,0
1142609,423000
1142616,307800
1142627,512900
1142652,1325700
1142657,270000
1142658,400000
1142660,0
1142666,417900
1142673,416100
1142674,668600
1142677,439000
1142680,351800
1142687,589100
1142692,629600
1142697,261000
1142698,0
1142699,0
1142701,250000
1142703,0
1142723,0
1142731,3408400
1142735,589900
1142738,351800
1142743,400000
1142744,150000
1142747,1110000
1142753,140000
1142773,342000
1142775,1581100
1142780,581500
1142782,1381500
1142792,0
1142795,437400
1142797,4534400
1142810,991000
1142816,390000
1142821,1707600
1142823,1697700
1142824,297500
1142826,670000
1142830,324000
1142832,0
1142846,150000
1142847,945000
1142850,0
1142851,148000
1142856,886800
1142864,0
1142866,298700
1142868,0
1142869,0
1142876,330000
1142879,0
1142884,394500
1142896,800000
1142897,0
1142899,0
1142901,0
1142902,383100
1142904,442400
1142910,0
1142915,148000
1142925,895500
1142927,150000
1142928,150000
1142933,400000
1142934,148000
1142938,150000
1142945,443300
1142946,321000
1142949,0
1142950,500000
1142952,1061600
1142954,520000
1142957,524400
1142958,0
1142961,313500
1142962,315000
1142964,563800
1142968,595000
1142971,250000
1142978,592500
1142990,0
1142991,430200
1142994,200000
1142996,369600
1142998,390000
1142999,580400
1143001,605300
1143004,788000
1143007,250000
1143008,467500
1143009,672600
1143010,0
1143019,150000
1143021,400000
1143022,250000
1143024,325000
1143029,7900
1143032,0
1143034,0
1143044,150000
1143049,665200
1143052,250000
1143053,658700
1143056,288000
1143058,881800
1143061,250000
1143062,458300
1143066,0
1143067,0
1143068,150000
1143069,172000
1143073,501100
1143075,520000
1143077,363000
1143082,0
1143083,451800
1143085,0
1143086,0
1143089,407600
1143091,150000
1143099,400000
1143100,1440000
1143102,557600
1143103,442200
1143110,1091500
1143121,355100
1143129,150000
1143131,760000
1143136,700000
1143138,425400
1143139,250000
1143142,450000
1143146,317300
1143149,0
1143154,3143900
1143158,434000
1143165,350000
1143176,0
1143177,310000
1143178,250000
1143181,767000
1143191,440600
1143193,474700
1143200,257100
1143207,457200
1143211,400000
1143215,7758400
1143217,340500
1143222,450300
1143234,689000
1143239,0
1143243,356500
1143251,0
1143261,360000
1143264,2739600
1143272,0
1143279,658000
1143287,150000
1143299,347400
1143301,323600
1143311,85000
1143317,591200
1143319,489700
1143325,329300
1143326,437600
1143329,150000
1143340,360000
1143349,148000
1143353,1003300
1143356,422200
1143358,374300
1143361,1604800
1143363,756000
1143365,0
1143366,475800
1143368,431500
1143374,0
1143377,0
1143384,598000
1143385,0
1143386,339000
1143398,427500
1143401,120000
1143410,0
1143415,525000
1143422,496800
1143436,656000
1143439,431500
1143443,661200
1143447,150000
1143450,639500
1143451,380600
1143453,345000
1143454,431500
1143455,682500
1143459,1202500
1143461,250000
1143470,135000
1143481,894000
1143493,150000
1143500,0
1143502,755600
1143510,1319900
1143517,150000
1143519,342000
1143521,380300
1143522,150000
1143524,1376100
1143525,148000
1143529,491400
1143533,0
1143534,663900
1143537,452300
1143540,400000
1143543,508100
1143545,325000
1143550,400000
1143556,600000
1143560,316000
1143564,400000
1143569,665000
1143578,314700
1143580,0
1143586,437000
1143599,300000
1143607,1246400
1143608,400000
1143609,829100
1143610,900000
1143614,407000
1143615,300000
1143621,0
1143630,499500
1143635,90000
1143641,511200
1143644,1330900
1143645,602000
1143647,325000
1143651,150000
1143653,0
1143659,348000
1143664,400000
1143665,150000
1143670,0
1143672,574800
1143674,0
1143676,150000
1143680,446100
1143684,539500
1143686,0
1143688,0
1143692,709800
1143695,400000
1143696,382500
1143697,0
1143702,450000
1143703,321400
1143704,0
1143708,674000
1143711,580800
1143715,0
1143727,240000
1143732,261000
1143734,150000
1143736,150000
1143737,413500
1143741,352500
1143747,200000
1143750,400000
1143751,0
1143756,0
1143766,0
1143767,0
1143770,0
1143774,400000
1143776,148000
1143777,0
1143778,0
1143779,405000
1143781,457200
1143784,460800
1143787,500000
1143794,400000
1143799,0
1143806,672000
1143808,0
1143811,342000
1143813,0
1143831,0
1143841,350000
1143842,501300
1143845,481900
1143848,840000
1143859,400000
1143861,150000
1143862,250000
1143865,200000
1143876,490000
1143877,140000
1143881,240000
1143885,450000
1143887,70000
1143895,1207900
1143897,740000
1143898,457200
1143909,0
1143912,0
1143915,354700
1143920,0
1143921,487800
1143922,409900
1143923,400000
1143925,269000
1143928,450000
1143935,135000
1143944,1897300
1143949,400000
1143964,488700
1143965,135000
1143966,400000
1143978,468000
1143980,315000
1143982,581500
1143991,341100
1144001,0
1144002,150000
1144005,238000
1144006,417000
1144010,4040000
1144017,376500
1144019,350000
1144021,0
1144022,554200
1144025,2526100
1144028,150000
1144039,0
1144042,348000
1144048,0
1144051,340500
1144060,450000
1144064,438600
1144070,0
1144071,439500
1144074,375000
1144075,349500
1144108,400000
1144117,148000
1144127,331500
1144129,400000
1144134,529300
1144138,490000
1144139,250000
1144142,641500
1144155,1777500
1144157,443300
1144160,412400
1144162,300000
1144165,0
1144167,737700
1144171,644100
1144173,300000
1144174,387000
1144177,400000
1144183,0
1144184,1090000
1144190,474300
1144191,150000
1144200,0
1144202,1319300
1144206,856000
1144207,468400
1144210,1820000
1144212,517000
1144213,593300
1144220,427600
1144221,445000
1144225,0
1144226,70000
1144233,361100
1144236,150000
1144237,400000
1144238,487800
1144241,613500
1144248,645000
1144263,222000
1144268,1050000
1144272,500000
1144275,387000
1144279,350000
1144281,400000
1144284,431500
1144289,359400
1144291,300100
1144292,1000100
1144299,0
1144305,705000
1144311,0
1144312,550000
1144316,594300
1144323,391500
1144324,269300
1144325,300000
1144327,415000
1144332,0
1144333,370000
1144334,1000000
1144337,1570000
1144339,520000
1144346,1576500
1144347,0
1144371,485500
1144372,0
1144373,400000
1144382,0
1144383,500000
1144386,406500
1144396,458300
1144398,458500
1144402,2061000
1144403,1181300
1144405,431500
1144406,512000
1144415,390000
1144424,1012000
1144425,515000
1144426,456500
1144431,355000
1144432,1044000
1144439,404300
1144442,400000
1144447,5985800
1144452,511400
1144454,389000
1144455,919100
1144459,327000
1144460,384800
1144464,867100
1144471,0
1144474,334500
1144481,207500
1144489,150000
1144500,70000
1144510,1006500
1144511,640200
1144517,581500
1144530,362700
1144531,442800
1144537,0
1144541,25000
1144545,0
1144554,431500
1144555,300000
1144560,0
1144561,0
1144562,326000
1144575,589300
1144586,445200
1144593,400000
1144595,2008100
1144612,359200
1144615,550000
1144621,2554300
1144632,18300000
1144638,350400
1144643,1868000
1144646,0
1144649,2306500
1144650,350000
1144662,0
1144670,529500
1144680,465000
1144688,0
1144692,793900
1144694,670000
1144703,850000
1144705,480000
1144706,384000
1144715,250000
1144728,250000
1144737,0
1144738,342000
1144745,0
1144746,0
1144748,676800
1144749,0
1144754,1121500
1144757,554500
1144758,403700
1144766,400000
1144769,381500
1144771,360000
1144775,350000
1144783,255000
1144786,302900
1144787,0
1144800,200000
1144805,0
1144809,461700
1144812,0
1144816,0
1144823,450000
1144831,250000
1144836,449500
1144843,305000
1144845,890000
1144856,250000
1144871,400000
1144874,0
1144876,498000
1144886,402000
1144888,387000
1144889,200000
1144894,345600
1144901,122000
1144905,250000
1144914,574900
1144925,524000
1144928,300000
1144933,0
1144934,0
1144935,498100
1144938,452200
1144942,490000
1144946,1364600
1144951,435000
1144956,0
1144962,4553300
1144963,2077300
1144964,145000
1144965,400000
1144974,1249400
1144976,0
1144980,350000
1144981,30500
1144982,1702300
1144984,0
1144985,125000
1144986,1102700
1144990,800000
1144997,140000
1145007,0
1145010,436000
1145011,250000
1145012,445000
1145021,11072500
1145024,130000
1145025,548000
1145026,490000
1145027,244500
1145028,700000
1145029,400000
1145033,0
1145034,6622500
1145040,670000
1145044,442800
1145047,180000
1145050,350000
1145053,335000
1145055,0
1145069,200000
1145072,916300
1145075,1451000
1145078,395000
1145082,0
1145089,439200
1145091,400000
1145094,384000
1145096,0
1145103,250000
1145107,0
1145108,350000
1145113,0
1145120,1539700
1145127,914500
1145136,400000
1145146,0
1145150,662500
1145153,0
1145158,0
1145167,321000
1145187,1913300
1145191,1306000
1145193,0
1145194,940000
1145209,486000
1145210,70000
1145211,150000
1145215,150000
1145216,0
1145217,400000
1145218,150000
1145223,353300
1145225,0
1145230,150000
1145240,4699300
1145243,75000
1145244,4729000
1145245,650000
1145253,474300
1145255,75000
1145264,624600
1145277,237900
1145279,461700
1145283,75000
1145284,599700
1145288,347800
1145293,400000
1145301,332500
1145306,567100
1145307,250000
1145313,76500
1145326,0
1145328,0
1145335,549200
1145350,0
1145355,754800
1145356,445000
1145361,0
1145372,0
1145378,0
1145379,0
1145381,0
1145393,0
1145395,0
1145411,0
1145420,310000
1145422,490500
1145429,70000
1145433,1000000
1145440,560000
1145442,400000
1145453,400000
1145459,0
1145463,168000
1145465,0
1145472,606000
1145473,0
1145477,230400
1145478,30500
1145479,467200
1145480,300000
1145494,0
1145502,75000
1145507,0
1145510,390800
1145521,0
1145525,915000
1145531,457200
1145542,182500
1145544,70000
1145546,479300
1145553,0
1145555,127000
1145560,305000
1145562,0
1145563,0
1145573,186000
1145587,418500
1145590,0
1145593,30500
1145595,0
1145597,250000
1145598,275000
1145601,300000
1145604,0
1145608,350000
1145613,130000
1145618,34400
1145624,1006700
1145626,2433600
1145627,244000
1145635,0
1145638,0
1145640,0
1145642,1263500
1145655,725000
1145656,0
1145658,0
1145662,454000
1145665,350000
1145670,321000
1145685,250000
1145692,1061000
1145700,0
1145701,135000
1145704,0
1145707,0
1145708,798300
1145721,0
1145722,0
1145723,0
1145724,2913500
1145727,200000
1145729,150000
1145741,0
1145744,0
1145753,845500
1145765,0
1145766,700000
1145768,0
1145771,0
1145773,150000
1145774,250000
1145783,0
1145790,520000
1145794,0
1145796,422000
1145804,0
1145814,0
1145816,300000
1145820,473400
1145829,0
1145831,337600
1145840,110000
1145841,907000
1145842,0
1145852,440000
1145854,250000
1145856,850800
1145857,357000
1145858,442500
1145861,968200
1145862,1556300
1145863,0
1145867,0
1145870,250000
1145872,325000
1145873,310700
1145883,0
1145884,957600
1145885,0
1145894,500000
1145896,288000
1145900,2181200
1145912,375000
1145915,0
1145917,0
1145918,0
1145920,0
1145924,550000
1145930,155200
1145949,0
1145953,250000
1145954,1019000
1145963,280000
1145965,0
1145970,0
1145977,295000
1145980,0
1145982,280000
1145983,122000
1145991,250000
1145993,150000
1145999,0
1146000,0
1146007,1037500
1146008,0
1146009,318000
1146014,0
1146020,0
1146022,0
1146025,250000
1146026,277000
1146031,35000
1146040,432000
1146042,150000
1146044,300000
1146047,70000
1146051,628800
1146057,300000
1146058,1200000
1146063,0
1146066,0
1146075,500000
1146078,1180000
1146083,70000
1146108,905600
1146110,4953800
1146112,600000
1146113,0
1146123,550000
1146132,0
1146133,600000
1146136,150000
1146140,0
1146142,200000
1146145,359600
1146152,400000
1146180,356300
1146201,0
1146207,500000
1146212,0
1146214,0
1146225,304800
1146231,270000
1146233,975600
1146251,70000
1146252,586000
1146258,0
1146260,0
1146262,880000
1146263,521500
1146272,200000
1146274,572100
1146278,500000
1146281,0
1146285,375000
1146291,0
1146301,250000
1146329,1275200
1146337,400000
1146338,315000
1146342,1630000
1146343,1247900
1146354,0
1146365,423700
1146367,250000
1146376,441000
1146386,400000
1146404,354000
1146407,250000
1146418,660700
1146421,431500
1146426,703300
1146472,361000
1146476,371600
1146482,0
1146484,0
1146487,0
1146495,0
1146502,0
1146508,318600
1146518,0
1146522,200000
1146545,982500
1146549,1000000
1146561,495000
1146591,1017700
1146606,315000
1146613,406000
1146630,733300
1146631,450000
1146639,175000
1146641,200000
1146647,650000
1146650,1835300
1146676,513500
1146689,0
1146695,600000
1146705,0
1146709,350000
1146711,200000
1146715,1008000
1146717,789500
1146734,1058000
1146736,360500
1146737,0
1146753,70000
1146779,250000
1146783,0
1146794,150000
1146813,350000
1146827,250000
1146829,589400
1146843,385300
1146844,567000
1146854,0
1146861,0
1146875,480000
1146889,0
1146902,314000
1146920,321100
1146925,75000
1146926,381600
1146933,0
1146949,675500
1146976,356000
1146980,0
1146984,824000
1146985,312500
1146986,0
1146992,826200
1147001,0
1147014,749700
1147026,0
1147031,0
1147047,150000
1147054,407500
1147066,548500
1147074,0
1147091,0
1147099,346500
1147100,0
1147107,0
1147123,559800
1147138,250000
1147139,250000
1147147,500000
1147153,0
1147154,250000
1147155,0
1147162,400000
1147165,417500
1147175,0
1147178,302500
1147180,250000
1147185,599000
1147192,0
1147195,0
1147202,150000
1147203,0
1147205,150000
1147206,600000
1147227,755800
1147228,285000
1147229,409000
1147231,7349200
1147240,110000
1147241,631000
1147251,0
1147261,390000
1147275,317500
1147287,0
1147293,986000
1147297,0
1147302,549000
1147316,388000
1147321,650000
1147328,150000
1147335,400000
1147336,535000
1147339,520000
1147342,0
1147346,0
1147347,400000
1147351,698400
1147356,250000
1147379,740000
1147380,0
1147387,400000
1147392,330000
1147395,250000
1147397,889200
1147402,70000
1147403,250000
1147412,250000
1147417,0
1147421,628000
1147426,404600
1147430,375000
1147434,452500
1147435,289100
1147437,70000
1147438,688000
1147441,150000
1147443,0
1147449,0
1147450,1298800
1147451,0
1147456,0
1147458,450000
1147470,0
1147473,571100
1147477,571400
1147497,409000
1147499,0
1147500,505000
1147501,378500
1147509,595000
1147512,325000
1147522,881600
1147523,0
1147531,0
1147534,407200
1147537,150000
1147539,487000
1147540,307000
1147544,0
1147546,0
1147552,494500
1147558,495000
1147559,503500
1147562,440000
1147566,0
1147567,950000
1147569,2164000
1147574,0
1147579,257400
1147581,376000
1147582,0
1147589,507500
1147598,148000
1147600,346500
1147601,115000
1147602,150000
1147608,0
1147609,330000
1147615,944500
1147619,0
1147624,0
1147637,250000
1147661,300000
1147666,250000
1147670,350000
1147680,288500
1147683,364100
1147686,590000
1147692,350000
1147693,306000
1147696,440000
1147701,0
1147704,458500
1147705,500000
1147710,330000
1147722,773000
1147726,325000
1147731,487500
1147733,400000
1147736,306000
1147737,400300
1147738,333500
1147742,0
1147752,0
1147763,250000
1147771,8453300
1147772,140000
1147779,0
1147780,750000
1147785,0
1147787,250000
1147789,0
1147796,0
1147802,481000
1147810,150000
1147811,0
1147822,315000
1147823,0
1147825,1314200
1147841,123000
1147842,148000
1147855,0
1147858,4936000
1147860,1766900
1147862,0
1147872,380000
1147880,0
1147897,127000
1147898,630000
1147903,0
1147904,0
1147913,597000
1147915,0
1147919,200000
1147920,293500
1147922,180000
1147925,177000
1147937,423500
1147942,480000
1147946,600000
1147950,400000
1147963,0
1147968,513000
1147970,535500
1147973,700000
1147980,0
1147982,322600
1147994,305000
1148002,400000
1148006,350000
1148019,673500
1148027,0
1148028,250000
1148029,0
1148031,1742700
1148050,1500
1148052,0
1148064,315000
1148072,250000
1148081,559000
1148083,0
1148085,4147200
1148088,373500
1148091,517500
1148093,300000
1148104,303500
1148114,0
1148119,1093000
1148120,82000
1148122,504000
1148126,1693300
1148130,0
1148132,396000
1148136,657000
1148158,312100
1148159,0
1148160,569500
1148161,150000
1148166,500000
1148169,500000
1148171,0
1148177,297500
1148178,504000
1148185,250000
1148190,591000
1148201,858500
1148209,818900
1148227,255000
1148233,230000
1148247,0
1148250,0
1148254,1420000
1148255,250000
1148256,150000
1148259,250000
1148260,655600
1148262,488400
1148268,367500
1148271,150000
1148277,600000
1148284,325000
1148287,250000
1148301,0
1148303,366600
1148308,0
1148310,0
1148311,566800
1148322,601500
1148326,0
1148328,367300
1148333,0
1148334,495900
1148335,562500
1148346,357000
1148347,330000
1148348,337000
1148349,400000
1148357,82000
1148358,700000
1148364,0
1148383,330000
1148388,0
1148393,4482500
1148395,1000000
1148401,250000
1148403,0
1148408,200000
1148413,0
1148415,0
1148422,8986900
1148423,370000
1148424,0
1148425,849500
1148430,375000
1148433,520000
1148437,550000
1148444,481500
1148445,418000
1148446,0
1148448,950000
1148452,400000
1148458,572000
1148464,378000
1148474,150000
1148496,452500
1148497,340000
1148498,105000
1148512,414000
1148514,0
1148521,250000
1148533,908700
1148536,299100
1148537,321000
1148538,150000
1148539,534100
1148543,402100
1148544,512500
1148546,703500
1148553,150000
1148562,0
1148570,306000
1148575,0
1148581,321000
1148589,250000
1148590,743500
1148594,326500
1148595,320000
1148598,550000
1148604,300000
1148605,70000
1148611,200000
1148615,454500
1148620,570000
1148640,0
1148641,250000
1148651,250000
1148655,250000
1148659,560500
1148660,0
1148662,325000
1148665,145000
1148674,681500
1148675,516000
1148678,320000
1148689,255000
1148697,104000
1148699,145000
1148702,150000
1148707,382500
1148708,0
1148718,385000
1148720,631000
1148724,0
1148730,250000
1148732,1588000
1148735,0
1148738,590000
1148740,441000
1148742,682500
1148747,308500
1148751,312000
1148763,100000
1148768,466500
1148775,500000
1148776,3400000
1148778,302500
1148779,326000
1148784,980000
1148789,986800
1148794,349000
1148796,223500
1148808,28500
1148810,343000
1148812,500500
1148814,345000
1148822,70000
1148826,504000
1148827,470500
1148828,0
1148831,140000
1148832,434000
1148834,0
1148835,600000
1148840,450000
1148841,0
1148843,499000
1148844,440000
1148851,4898800
1148855,681500
1148856,0
1148860,579900
1148864,981500
1148870,150000
1148876,987500
1148884,0
1148889,3298500
1148892,395000
1148899,451200
1148900,2812700
1148903,150000
1148907,325000
1148914,567500
1148926,0
1148927,0
1148935,385000
1148942,569700
1148947,200000
1148954,0
1148955,130000
1148956,300000
1148971,127000
1148975,500000
1148980,528000
1148981,3708300
1148982,132000
1148986,450000
1148988,0
1148994,1202000
1148998,0
1149003,1290000
1149019,425000
1149030,599500
1149045,0
1149055,11990000
1149056,375100
1149060,971000
1149068,385000
1149069,0
1149070,60000
1149071,320000
1149077,650000
1149081,0
1149083,250000
1149086,0
1149087,540000
1149091,150000
1149093,0
1149095,150000
1149099,250000
1149103,0
1149114,0
1149115,250000
1149116,250000
1149125,250000
1149126,250000
1149130,0
1149140,240000
1149142,540000
1149154,391500
1149155,321000
1149158,150000
1149163,150000
1149165,325000
1149166,779000
1149171,5591400
1149175,150000
1149176,0
1149178,127000
1149181,317500
1149186,325000
1149197,0
1149200,870000
1149209,0
1149211,0
1149213,317500
1149215,1030000
1149217,250000
1149218,0
1149219,0
1149225,554500
1149231,240000
1149244,500000
1149246,286700
1149253,2244300
1149259,519600
1149261,150000
1149262,646900
1149276,0
1149278,818000
1149280,296500
1149281,250000
1149297,250000
1149301,0
1149314,122000
1149335,325000
1149338,400000
1149339,0
1149342,400000
1149352,540000
1149354,300100
1149362,585000
1149364,1175300
1149367,313500
1149369,312500
1149370,398800
1149372,0
1149373,800000
1149376,283500
1149378,250000
1149381,200000
1149388,670000
1149389,425000
1149390,457000
1149393,3520200
1149394,0
1149397,600000
1149402,1111000
1149405,260000
1149410,500000
1149412,576400
1149413,1094000
1149417,422500
1149420,312500
1149421,70000
1149426,320000
1149429,1082100
1149432,0
1149433,0
1149439,1335000
1149443,55000
1149446,617500
1149448,328000
1149454,1111000
1149469,565300
1149470,276000
1149471,875200
1149477,0
1149481,0
1149482,0
1149488,449400
1149489,479400
1149490,672500
1149493,440000
1149503,250000
1149506,0
1149508,447500
1149509,641400
1149512,691800
1149516,600000
1149518,0
1149523,480000
1149530,117500
1149535,489300
1149537,250000
1149539,627500
1149540,490000
1149541,0
1149552,1848000
1149563,512500
1149567,350000
1149572,932500
1149573,1000000
1149577,308500
1149580,475000
1149588,379500
1149596,566500
1149607,310000
1149609,650000
1149615,0
1149618,761500
1149626,234000
1149632,250000
1149633,340000
1149636,479600
1149645,340000
1149653,0
1149656,1994800
1149662,667500
1149663,398500
1149664,325000
1149670,577700
1149676,400000
1149678,1945000
1149680,1780200
1149685,496000
1149692,0
1149709,329100
1149711,293500
1149717,0
1149721,556100
1149723,1226000
1149726,907300
1149744,0
1149747,0
1149751,2784000
1149753,385000
1149758,456600
1149760,550000
1149761,690000
1149762,731000
1149767,0
1149774,400000
1149778,1080000
1149779,0
1149783,600000
1149799,335000
1149800,355000
1149825,300000
1149830,617500
1149836,0
1149839,810000
1149844,350000
1149848,1500
1149859,520000
1149865,200000
1149868,444300
1149883,450400
1149888,300000
1149891,250000
1149894,325000
1149895,360000
1149899,787500
1149902,315100
1149905,358400
1149906,945400
1149908,337500
1149909,923400
1149952,150000
1149954,578000
1149962,362500
1149968,1042000
1149971,0
1149974,250000
1149978,250000
1149987,309100
1149990,580500
1149994,250000
1149998,448300
1150005,0
1150006,0
1150007,0
1150008,43000
1150019,250000
1150020,0
1150023,717600
1150026,3549900
1150028,1078000
1150033,450000
1150038,350000
1150039,0
1150042,51000
1150054,395000
1150055,883100
1150056,444100
1150058,325000
1150079,828500
1150081,0
1150089,497700
1150094,4100500
1150095,441000
1150098,167000
1150102,127000
1150103,500000
1150105,340500
1150106,399000
1150108,980000
1150110,1579300
1150111,0
1150115,0
1150120,400000
1150122,2692900
1150139,1032500
1150142,0
1150160,631100
1150165,350000
1150172,400000
1150175,300000
1150177,0
1150178,1300000
1150188,570000
1150213,0
1150221,369500
1150232,350000
1150239,0
1150243,0
1150244,435500
1150256,452700
1150269,1907300
1150270,250000
1150272,538500
1150277,300000
1150289,400000
1150294,0
1150300,429600
1150305,0
1150312,150000
1150316,600000
1150318,535400
1150324,409500
1150328,250000
1150333,1014700
1150335,0
1150340,600000
1150343,622500
1150344,474300
1150345,0
1150347,500000
1150350,479000
1150366,565000
1150378,382600
1150379,347500
1150391,388000
1150396,13061800
1150408,600000
1150414,5169100
1150417,0
1150423,613700
1150430,450000
1150432,250000
1150435,0
1150436,508500
1150439,926100
1150441,250000
1150443,800000
1150445,70000
1150450,500000
1150451,575000
1150454,308100
1150462,305000
1150473,478400
1150482,0
1150485,325000
1150494,397000
1150502,0
1150505,2660000
1150507,495000
1150513,130000
1150516,150000
1150519,553000
1150525,301000
1150529,0
1150537,350000
1150542,300000
1150553,371500
1150559,343000
1150562,412500
1150569,310000
1150571,200000
1150578,250000
1150593,1305000
1150595,0
1150597,305000
1150598,479500
1150599,425300
1150605,122000
1150606,250000
1150608,481300
1150623,886400
1150646,495000
1150650,300100
1150651,345000
1150652,513500
1150658,850400
1150661,120000
1150666,0
1150667,0
1150675,150000
1150686,250000
1150687,250000
1150690,332500
1150694,457500
1150699,443500
1150700,150000
1150701,0
1150702,600000
1150705,70000
1150709,0
1150714,2207800
1150717,520000
1150728,320000
1150730,720000
1150744,300000
1150751,122000
1150752,500000
1150755,250000
1150756,711100
1150761,440000
1150762,0
1150765,450000
1150779,888000
1150781,483700
1150785,250000
1150788,250000
1150796,800000
1150797,0
1150800,605000
1150804,364600
1150821,0
1150822,581000
1150826,17591500
1150839,394000
1150842,250000
1150846,250000
1150849,0
1150853,295000
1150863,373600
1150864,0
1150866,0
1150869,586000
1150873,604400
1150874,720000
1150880,0
1150887,540000
1150891,200000
1150892,547500
1150894,666900
1150899,347600
1150900,0
1150902,315100
1150903,1011000
1150908,400000
1150911,300000
1150923,589500
1150932,679000
1150935,250000
1150936,0
1150937,250000
1150942,529000
1150948,443500
1150950,500000
1150951,327500
1150953,479700
1150954,330800
1150957,247500
1150962,250000
1150964,0
1150971,355000
1150975,325000
1150985,324000
1150988,366000
1150989,310000
1150992,0
1151000,0
1151004,315000
1151006,276000
1151009,0
1151016,548600
1151022,0
1151033,300000
1151038,423000
1151041,250000
1151043,535000
1151044,300000
1151048,150000
1151053,1439500
1151057,270000
1151058,300000
1151059,370000
1151067,300000
1151074,0
1151079,358800
1151081,300000
1151087,712100
1151097,150000
1151098,300000
1151106,0
1151108,438500
1151114,300000
1151119,150000
1151124,0
1151126,937000
1151128,150000
1151130,300000
1151139,250000
1151142,0
1151145,562000
1151147,200000
1151150,150000
1151155,0
1151156,300000
1151159,0
1151160,410000
1151161,250000
1151163,301000
1151168,550000
1151172,300000
1151178,408500
1151180,540000
1151184,17917500
1151186,300000
1151196,299500
1151198,276000
1151202,325000
1151212,1066600
1151213,820000
1151214,300000
1151218,250000
1151224,300000
1151234,250000
1151235,0
1151240,378900
1151251,0
1151258,233900
1151259,325000
1151270,140000
1151273,0
1151276,0
1151277,0
1151279,70000
1151280,2386200
1151286,0
1151293,651200
1151294,444000
1151296,240000
1151297,250000
1151308,981900
1151309,0
1151310,250000
1151314,446100
1151318,150000
1151323,550000
1151328,0
1151334,561300
1151345,332600
1151348,0
1151355,585000
1151360,340000
1151363,450000
1151365,280000
1151368,433500
1151373,462500
1151380,0
1151381,250000
1151392,0
1151398,496400
1151409,0
1151411,149500
1151413,4791300
1151415,598000
1151417,0
1151420,280000
1151423,449000
1151424,412700
1151432,0
1151435,250000
1151438,432500
1151439,127000
1151441,0
1151446,0
1151454,0
1151456,0
1151457,520000
1151459,140000
1151466,0
1151478,0
1151479,280000
1151484,0
1151488,0
1151493,122000
1151498,0
1151499,470800
1151501,395000
1151508,1215000
1151514,0
1151525,0
1151526,280000
1151527,315000
1151528,400000
1151536,665000
1151538,0
1151544,70000
1151549,591000
1151551,280000
1151556,0
1151563,0
1151574,0
1151577,304500
1151581,350000
1151583,567500
1151586,0
1151587,0
1151595,140000
1151596,0
1151601,300000
1151604,0
1151608,1545000
1151613,0
1151616,280000
1151622,375000
1151628,0
1151629,585000
1151632,0
1151642,0
1151643,140000
1151654,0
1151662,344000
1151665,0
1151668,310000
1151670,0
1151673,1728000
1151681,770900
1151682,0
1151687,339500
1151690,870000
1151693,3032100
1151698,120000
1151705,0
1151720,370500
1151721,0
1151725,0
1151729,570000
1151731,1061500
1151736,0
1151744,0
1151747,377400
1151748,0
1151756,150000
1151762,150000
1151764,0
1151765,531500
1151768,455000
1151774,624000
1151776,250000
1151777,330000
1151785,315000
1151792,0
1151793,500000
1151798,0
1151808,445800
1151813,0
1151817,0
1151818,500000
1151821,327000
1151823,2920600
1151826,650000
1151829,0
1151830,0
1151834,150000
1151837,0
1151844,150000
1151846,325000
1151847,200000
1151853,3363500
1151855,505500
1151856,0
1151873,0
1151877,2525900
1151878,0
1151882,0
1151883,440000
1151891,250000
1151893,306200
1151900,0
1151901,0
1151902,0
1151904,923500
1151908,0
1151911,550000
1151912,400000
1151913,850000
1151921,535000
1151926,150000
1151937,0
1151947,900000
1151957,125000
1151962,391500
1151966,140000
1151969,440000
1151971,725000
1151972,451100
1151973,1072500
1151975,515000
1151979,606200
1151988,350000
1151992,250000
1151994,469000
1151999,370000
1152000,250000
1152007,624800
1152008,0
1152012,240000
1152020,122000
1152027,400000
1152033,493600
1152034,0
1152043,250000
1152047,300000
1152053,0
1152056,421800
1152062,479400
1152064,0
1152065,854000
1152071,250000
1152078,647500
1152079,588300
1152097,0
1152099,301500
1152101,370100
1152132,0
1152134,150000
1152138,0
1152139,562000
1152146,0
1152151,500000
1152157,334500
1152160,0
1152162,150000
1152165,504300
1152172,300000
1152182,120000
1152186,427000
1152187,0
1152198,480000
1152202,0
1152206,373500
1152221,385000
1152225,250000
1152228,0
1152230,397500
1152232,250000
1152235,518000
1152236,416000
1152253,2502700
1152256,0
1152271,730000
1152278,568000
1152282,1167000
1152291,200000
1152293,405900
1152298,500000
1152308,305000
1152313,350000
1152318,150000
1152321,2213000
1152323,450000
1152325,0
1152329,276000
1152331,388500
1152333,410000
1152341,290000
1152342,0
1152347,250000
1152350,250000
1152351,313500
1152354,231600
1152358,0
1152359,200000
1152365,905000
1152366,685300
1152372,1724800
1152381,122000
1152389,0
1152390,0
1152394,353500
1152395,317500
1152398,505000
1152399,1540000
1152405,324800
1152408,436000
1152411,0
1152413,0
1152419,471900
1152430,72000
1152435,0
1152437,338500
1152441,340000
1152455,0
1152459,189900
1152473,150000
1152475,0
1152486,150000
1152487,738000
1152490,458600
1152491,298000
1152496,0
1152497,250000
1152505,2882700
1152524,1554500
1152531,555000
1152532,0
1152534,0
1152535,388500
1152552,0
1152556,450000
1152565,1445200
1152580,400000
1152585,300000
1152595,499500
1152600,0
1152601,0
1152602,520000
1152605,511500
1152608,315000
1152609,0
1152612,0
1152621,0
1152628,574700
1152636,0
1152638,142500
1152645,933100
1152648,474800
1152649,0
1152652,0
1152656,473000
1152660,0
1152673,280000
1152681,454000
1152687,495900
1152701,0
1152704,0
1152714,410000
1152718,507100
1152721,0
1152722,381000
1152730,708100
1152738,1785000
1152740,200000
1152741,596300
1152746,280000
1152749,129000
1152755,487500
1152759,0
1152761,368000
1152766,300000
1152775,937000
1152786,0
1152789,0
1152809,200000
1152810,270000
1152816,0
1152817,500000
1152818,139000
1152824,300000
1152835,200000
1152848,600000
1152849,1782000
1152854,177500
1152870,0
1152894,112000
1152898,200000
1152900,2081200
1152941,0
1152954,1196000
1152960,150000
1152966,372000
1152967,4114800
1152985,305000
1152986,200000
1152988,458400
1152992,450000
1152999,0
1153016,363000
1153033,350000
1153041,543200
1153048,148200
1153066,2465000
1153067,200000
1153082,200000
1153083,1806500
1153092,600000
1153098,386900
1153103,350000
1153107,0
1153121,120000
1153122,350000
1153127,0
1153135,350000
1153139,576000
1153142,567200
1153151,0
1153152,1058000
1153153,300000
1153159,1757400
1153160,395000
1153163,700000
1153164,260000
1153165,200000
1153170,0
1153178,341000
1153191,460000
1153203,200000
1153205,541500
1153219,70000
1153234,638000
1153236,0
1153237,1003500
1153242,0
1153243,0
1153251,4727200
1153271,250000
1153272,253500
1153281,0
1153290,450000
1153293,350000
1153299,150000
1153301,250000
1153305,256800
1153311,0
1153320,149000
1153326,7664600
1153328,221500
1153332,450000
1153335,2757000
1153346,121500
1153356,200000
1153361,450000
1153362,665000
1153374,0
1153383,373200
1153386,0
1153404,0
1153405,353900
1153410,0
1153414,0
1153420,450000
1153421,0
1153425,0
1153426,303000
1153431,500000
1153436,0
1153437,200000
1153441,100000
1153450,236000
1153459,400000
1153462,0
1153468,360000
1153475,150000
1153481,120000
1153483,650000
1153486,150000
1153489,375000
1153508,450000
1153515,0
1153518,450000
1153526,0
1153527,400500
1153528,600000
1153535,450000
1153544,0
1153552,197000
1153558,450000
1153586,450000
1153604,450000
1153609,250000
1153613,557700
1153616,367300
1153619,140000
1153622,0
1153629,400000
1153633,3236000
1153641,0
1153642,430400
1153674,997200
1153676,375000
1153677,0
1153702,0
1153725,280000
1153727,0
1153729,500000
1153734,300000
1153735,500000
1153738,200000
1153741,0
1153743,803000
1153744,200000
1153750,280000
1153753,0
1153754,0
1153758,0
1153762,0
1153763,300000
1153764,0
1153767,0
1153771,200000
1153774,300000
1153780,500000
1153781,300000
1153784,200000
1153789,200000
1153790,200000
1153793,200000
1153795,0
1153796,200000
1153806,0
1153807,200000
1153810,200000
1153811,512500
1153812,812300
1153814,200000
1153818,200000
1153821,430000
1153824,200000
1153825,0
1153827,84000
1153832,0
1153835,200000
1153836,200000
1153838,0
1153851,187700
1153855,0
1153870,400000
1153876,473400
1153888,0
1153919,250000
1153921,476500
1153923,0
1153927,0
1153930,800000
1153936,277000
1153939,0
1153973,1249000
1153987,400000
1153995,0
1154015,250000
1154020,441500
1154022,0
1154023,250000
1154025,150000
1154028,400000
1154041,400000
1154042,160000
1154043,330800
1154079,0
1154083,250000
1154091,0
1154099,763500
1154100,400000
1154103,5406800
1154119,549000
1154121,0
1154123,0
1154136,370800
1154144,250000
1154146,350000
1154147,1149900
1154162,1283400
1154194,0
1154196,0
1154197,409500
1154200,422500
1154205,1453500
1154206,380100
1154209,555000
1154212,70000
1154213,140000
1154224,373200
1154236,638000
1154244,490000
1154249,2001000
1154256,0
1154259,0
1154264,344000
1154265,439200
1154266,0
1154272,440000
1154273,391500
1154283,0
1154289,0
1154290,3004700
1154295,0
1154300,292500
1154307,310000
1154309,348800
1154317,320000
1154330,413900
1154334,70000
1154340,462000
1154341,414500
1154344,500000
1154346,0
1154351,0
1154354,350000
1154355,1550000
1154359,400000
1154368,395000
1154374,3756700
1154379,250000
1154386,525600
1154387,4323800
1154396,292500
1154404,0
1154405,0
1154417,0
1154423,515700
1154431,0
1154434,337600
1154458,0
1154467,1559600
1154469,787000
1154475,365000
1154483,450000
1154487,482300
1154493,390000
1154502,400000
1154503,0
1154507,250000
1154521,481000
1154523,350000
1154536,0
1154537,150000
1154540,539200
1154553,315000
1154556,0
1154559,375900
1154571,0
1154583,600000
1154585,400000
1154596,449500
1154597,400000
1154606,550000
1154607,520000
1154614,70000
1154622,0
1154632,1013000
1154633,367500
1154634,495000
1154637,0
1154639,1090000
1154644,365300
1154647,350000
1154654,901200
1154662,0
1154663,1076600
1154664,751500
1154669,200000
1154678,1604100
1154680,0
1154683,300000
1154685,309000
1154709,0
1154711,384000
1154719,0
1154725,604000
1154727,0
1154728,363900
1154732,200000
1154733,400000
1154734,196200
1154753,400000
1154759,961600
1154768,520000
1154791,1591600
1154806,150000
1154816,520200
1154819,0
1154830,0
1154833,150000
1154843,429800
1154846,0
1154855,480000
1154857,596000
1154858,302900
1154864,285000
1154867,0
1154870,777300
1154871,283000
1154879,364500
1154884,0
1154893,0
1154897,350000
1154902,400000
1154905,0
1154907,303900
1154909,0
1154910,520000
1154914,0
1154920,866000
1154928,1284000
1154932,173000
1154948,0
1154959,1296200
1154963,0
1154970,261000
1154972,0
1154982,354000
1154986,150000
1154993,0
1154998,0
1154999,400000
1155002,363900
1155005,550000
1155012,0
1155013,0
1155017,0
1155018,0
1155022,0
1155023,0
1155029,375000
1155031,500000
1155037,350000
1155041,700000
1155045,230000
1155052,400000
1155058,530000
1155061,0
1155062,750000
1155064,183000
1155066,757500
1155069,335500
1155076,678300
1155080,600000
1155083,657900
1155084,17600
1155092,550000
1155096,0
1155097,605200
1155106,757800
1155108,0
1155109,450000
1155112,0
1155121,406500
1155122,400000
1155123,429000
1155125,417000
1155131,0
1155132,400000
1155135,395500
1155137,400000
1155138,400000
1155146,0
1155157,0
1155158,200000
1155164,650000
1155168,355500
1155171,342600
1155172,826000
1155188,1666500
1155193,590000
1155194,0
1155204,0
1155213,850000
1155216,318000
1155217,350000
1155224,400000
1155225,354000
1155228,430200
1155229,270000
1155237,400000
1155242,635500
1155246,200000
1155248,454000
1155249,390000
1155250,1393500
1155251,0
1155257,759500
1155259,742900
1155261,0
1155270,200000
1155276,400000
1155279,416100
1155282,150000
1155283,550000
1155287,350000
1155296,400000
1155300,487500
1155302,562500
1155307,70000
1155309,660000
1155312,458500
1155325,0
1155329,0
1155339,360000
1155340,295900
1155345,0
1155353,400000
1155358,0
1155373,937200
1155375,0
1155383,250000
1155389,800000
1155397,0
1155402,0
1155410,406500
1155418,549000
1155430,363900
1155434,576100
1155436,1625700
1155438,357000
1155446,0
1155447,495000
1155450,0
1155452,467500
1155455,1152400
1155463,297000
1155466,319500
1155473,350000
1155474,0
1155475,250000
1155477,270000
1155479,0
1155488,70000
1155490,70000
1155506,660300
1155509,546100
1155510,950000
1155515,0
1155517,4730500
1155522,0
1155523,368500
1155524,400000
1155532,889800
1155538,624400
1155548,551100
1155550,652000
1155553,0
1155562,520000
1155564,1382500
1155568,0
1155570,454000
1155578,457500
1155587,320100
1155588,0
1155593,472000
1155599,641200
1155602,360000
1155603,70000
1155611,443700
1155616,0
1155623,914900
1155629,350000
1155632,441000
1155638,378000
1155661,500000
1155667,250000
1155673,612800
1155674,864800
1155683,450400
1155694,375000
1155695,1286500
1155701,520000
1155706,520000
1155707,218000
1155709,400000
1155716,300000
1155721,350000
1155722,492900
1155724,429800
1155728,400000
1155730,400000
1155732,351000
1155746,250000
1155748,408000
1155751,0
1155768,2633700
1155773,234000
1155783,470000
1155784,250000
1155787,222000
1155797,1302400
1155806,250000
1155815,397800
1155818,498000
1155858,327500
1155860,436500
1155862,650000
1155863,250000
1155865,2018000
1155869,360000
1155874,391700
1155875,368700
1155889,549000
1155897,534000
1155898,577500
1155902,0
1155903,0
1155914,399000
1155916,0
1155922,470200
1155944,0
1155962,400000
1155964,674000
1155965,7652700
1155966,0
1155967,935000
1155974,450000
1155975,520000
1155977,429000
1155984,750000
1155990,300000
1155991,0
1156003,289500
1156007,1497000
1156015,410000
1156022,455000
1156023,207800
1156027,1149500
1156037,615600
1156039,400000
1156049,235700
1156052,0
1156062,0
1156064,949500
1156067,382500
1156070,0
1156071,250000
1156074,356300
1156075,550000
1156079,1644900
1156084,780300
1156087,0
1156091,0
1156093,452300
1156096,445000
1156099,0
1156100,600000
1156102,305400
1156103,535700
1156109,292000
1156125,0
1156127,383700
1156134,0
1156138,520000
1156139,600000
1156140,0
1156143,7764600
1156144,487800
1156145,327200
1156151,827000
1156152,429200
1156154,0
1156162,1543200
1156167,0
1156169,150000
1156172,100000
1156173,400000
1156174,520000
1156182,0
1156183,423900
1156196,520000
1156209,0
1156213,1199500
1156214,400000
1156215,0
1156219,382600
1156224,1475500
1156228,100000
1156229,3390500
1156231,0
1156243,400000
1156247,1850000
1156249,1032000
1156257,375000
1156259,420000
1156262,350000
1156278,346200
1156283,481100
1156284,491800
1156303,400000
1156307,150000
1156316,0
1156319,333000
1156324,0
1156326,270000
1156329,374300
1156331,400000
1156333,0
1156336,400000
1156349,473400
1156361,390600
1156362,0
1156364,209000
1156377,995900
1156383,465000
1156388,520000
1156401,292200
1156411,0
1156424,327000
1156425,772000
1156432,550000
1156433,761100
1156435,0
1156441,400000
1156445,0
1156446,436000
1156453,575400
1156455,0
1156470,0
1156471,150000
1156475,0
1156478,0
1156481,340000
1156485,0
1156492,627400
1156497,0
1156515,400000
1156522,0
1156527,1233000
1156536,405300
1156538,400000
1156547,150000
1156558,99000
1156560,445000
1156571,357200
1156574,0
1156596,324000
1156598,406100
1156599,508500
1156600,0
1156602,330000
1156605,1066600
1156606,1167900
1156626,450000
1156627,422500
1156628,250000
1156632,433500
1156634,1461000
1156636,509000
1156638,0
1156645,351000
1156646,110000
1156651,0
1156653,171600
1156657,454000
1156660,150000
1156663,400000
1156665,493200
1156667,440500
1156670,400000
1156671,670000
1156672,140000
1156673,373500
1156681,600000
1156689,0
1156695,508400
1156696,400000
1156704,0
1156708,299600
1156711,140000
1156712,327000
1156714,0
1156716,0
1156717,0
1156723,400000
1156727,1064800
1156736,550000
1156741,0
1156748,425300
1156750,400000
1156751,496800
1156757,250000
1156758,0
1156760,0
1156762,736000
1156774,520000
1156776,493600
1156778,857100
1156781,130000
1156783,250000
1156784,886000
1156787,519000
1156789,313500
1156790,410600
1156801,0
1156804,140000
1156805,550000
1156809,515400
1156813,150000
1156815,400000
1156816,0
1156817,500000
1156822,0
1156823,690500
1156825,1472600
1156827,647500
1156828,387000
1156831,0
1156834,325500
1156835,0
1156843,440500
1156846,481000
1156858,496200
1156862,550000
1156863,550000
1156867,467500
1156883,0
1156886,1070600
1156890,0
1156903,78000
1156907,0
1156913,312500
1156917,0
1156918,356100
1156920,454000
1156941,365500
1156945,416500
1156952,432800
1156958,401500
1156959,2372600
1156966,490000
1156977,1401700
1156980,0
1156985,0
1156995,300800
1156997,0
1157008,400000
1157013,2465100
1157016,0
1157024,1744400
1157026,548000
1157034,326300
1157035,1369900
1157040,500000
1157044,2292800
1157051,550000
1157055,391500
1157057,474300
1157058,400000
1157068,364000
1157071,494500
1157075,479400
1157084,337500
1157088,1120800
1157089,0
1157092,354800
1157095,295000
1157096,449100
1157101,0
1157104,812000
1157116,1877400
1157117,387900
1157129,414000
1157130,133800
1157131,460000
1157134,0
1157135,0
1157142,400000
1157161,0
1157165,360000
1157171,520000
1157172,0
1157193,0
1157194,490700
1157196,507600
1157199,0
1157201,0
1157202,296700
1157203,200000
1157209,581500
1157210,0
1157218,1323600
1157221,500000
1157222,0
1157227,0
1157228,0
1157232,0
1157241,332500
1157260,505200
1157262,318000
1157263,350000
1157264,550000
1157265,513000
1157269,1150000
1157270,400000
1157282,372600
1157283,769100
1157288,0
1157291,400000
1157297,404100
1157301,980000
1157304,150000
1157311,463900
1157315,250000
1157321,448000
1157325,365300
1157327,550000
1157329,472500
1157336,557600
1157341,0
1157345,476500
1157351,1289500
1157355,0
1157363,200000
1157368,2959700
1157379,0
1157390,0
1157398,0
1157399,0
1157400,4025700
1157405,1068700
1157413,0
1157422,0
1157424,469400
1157429,250000
1157430,2616000
1157441,346500
1157445,0
1157446,620500
1157447,1819200
1157450,2289000
1157454,350000
1157458,0
1157464,0
1157465,0
1157467,0
1157468,1485000
1157475,0
1157478,356000
1157490,0
1157493,1192700
1157496,350000
1157500,471000
1157502,0
1157509,450000
1157518,550000
1157525,465700
1157529,635000
1157530,710700
1157536,0
1157555,332300
1157558,150000
1157559,0
1157569,650000
1157571,315000
1157574,694500
1157577,210300
1157578,0
1157582,0
1157591,250000
1157592,0
1157596,150000
1157597,520000
1157601,0
1157602,0
1157603,651000
1157612,0
1157615,1080000
1157624,379500
1157626,507000
1157636,640200
1157644,150000
1157646,463900
1157648,0
1157657,400000
1157659,350000
1157663,714500
1157668,550000
1157669,0
1157670,870000
1157678,0
1157689,400000
1157695,0
1157698,516000
1157701,0
1157716,960200
1157717,525000
1157720,0
1157733,478800
1157739,550000
1157740,309900
1157744,1287700
1157753,300000
1157773,1010500
1157789,250000
1157798,497700
1157809,966400
1157811,150000
1157816,0
1157818,400000
1157819,350000
1157827,0
1157830,0
1157831,400000
1157841,981500
1157846,516600
1157851,400000
1157852,385100
1157856,0
1157858,140000
1157859,685000
1157861,400000
1157863,2307000
1157864,465300
1157875,0
1157887,606000
1157890,387000
1157893,400000
1157895,140000
1157901,1015500
1157903,550000
1157905,225000
1157909,1931800
1157916,850000
1157917,2227100
1157920,0
1157924,587400
1157935,340000
1157941,888100
1157945,444000
1157950,390000
1157961,363000
1157969,400000
1157972,0
1157986,449000
1157988,760800
1157989,840800
1157990,1193000
1157993,288000
1157994,0
1157998,1758100
1157999,528000
1158006,520000
1158007,480000
1158016,396800
1158017,250000
1158018,279000
1158027,250000
1158032,0
1158033,0
1158036,354000
1158041,0
1158042,0
1158043,250000
1158044,450000
1158046,325000
1158067,2778700
1158069,457600
1158078,445900
1158083,0
1158084,0
1158085,4335800
1158086,358500
1158090,0
1158096,498900
1158099,100000
1158101,0
1158112,0
1158115,415500
1158127,0
1158129,0
1158135,150000
1158137,670500
1158139,250000
1158141,190400
1158142,347400
1158143,449100
1158168,900000
1158169,285000
1158175,250000
1158177,400000
1158187,609500
1158191,491900
1158197,599700
1158201,0
1158202,150000
1158206,150000
1158213,200000
1158215,415000
1158223,215600
1158228,400000
1158233,296000
1158235,0
1158237,476500
1158245,590000
1158252,472000
1158256,150000
1158263,865800
1158275,107500
1158293,150000
1158306,0
1158307,450000
1158313,0
1158321,550000
1158328,300000
1158330,326300
1158334,369200
1158335,0
1158343,120000
1158347,550000
1158360,0
1158362,0
1158363,245000
1158364,550000
1158365,2782900
1158375,0
1158383,520000
1158384,200000
1158391,0
1158394,0
1158395,140000
1158400,150000
1158406,0
1158407,250000
1158410,250000
1158412,400000
1158418,400000
1158424,478800
1158426,633000
1158428,300000
1158435,1049300
1158439,350000
1158441,308400
1158447,1829800
1158449,4040900
1158451,690000
1158454,150000
1158455,0
1158456,922500
1158457,650000
1158469,664000
1158470,1158500
1158477,0
1158481,443300
1158482,400000
1158483,250000
1158487,450000
1158489,459500
1158494,1113000
1158498,400000
1158503,345000
1158505,1483300
1158510,550000
1158521,396900
1158525,1550000
1158530,499100
1158531,390000
1158533,400000
1158537,676000
1158540,777500
1158547,0
1158548,0
1158551,140000
1158554,923200
1158557,350000
1158558,0
1158560,550000
1158569,0
1158577,458500
1158579,320000
1158580,400000
1158582,150000
1158585,349000
1158586,0
1158589,518000
1158611,427800
1158621,1389600
1158623,0
1158627,646000
1158631,150000
1158643,466600
1158656,825000
1158657,339500
1158662,160000
1158667,250000
1158669,0
1158672,0
1158674,0
1158680,520000
1158685,447000
1158692,400000
1158693,600800
1158695,954000
1158712,1317000
1158717,1091700
1158728,550000
1158733,316500
1158734,1256000
1158736,0
1158739,1709300
1158746,200000
1158747,804900
1158751,330000
1158752,1477500
1158754,250000
1158757,1104100
1158758,342000
1158769,108000
1158772,984300
1158774,494000
1158785,766800
1158803,0
1158810,520000
1158813,150000
1158825,353600
1158831,467500
1158845,400000
1158846,0
1158849,357000
1158851,760300
1158853,0
1158856,867000
1158863,667000
1158871,0
1158895,758500
1158896,0
1158899,550000
1158905,0
1158911,515900
1158917,0
1158927,540000
1158929,1460000
1158940,1467400
1158948,0
1158951,0
1158955,900200
1158956,670000
1158960,150000
1158981,374300
1158988,500000
1158996,295000
1158998,490000
1159005,353700
1159008,369600
1159010,549000
1159020,512500
1159021,150000
1159029,379500
1159030,0
1159033,1093500
1159037,447000
1159039,440500
1159040,700000
1159041,0
1159044,1077700
1159045,344400
1159048,1050000
1159049,250000
1159051,396000
1159053,460800
1159061,287500
1159067,148000
1159078,830000
1159085,454000
1159088,0
1159093,842300
1159094,374400
1159097,550000
1159104,550000
1159110,400000
1159111,1056700
1159118,150000
1159120,546400
1159123,250000
1159128,291800
1159142,250000
1159147,2678200
1159159,577000
1159163,468600
1159164,400000
1159170,350000
1159176,0
1159186,1694600
1159188,740000
1159191,1258500
1159207,0
1159215,0
1159218,0
1159225,0
1159235,443200
1159248,1206000
1159251,0
1159252,544100
1159256,0
1159275,0
1159278,597000
1159279,740000
1159285,0
1159286,150000
1159289,360800
1159293,1573000
1159297,820000
1159298,450000
1159299,456000
1159300,0
1159303,100000
1159317,507500
1159320,285000
1159323,1050200
1159326,400000
1159328,365700
1159330,1167400
1159331,540000
1159347,250000
1159353,0
1159364,350000
1159379,0
1159390,0
1159401,1087500
1159404,352500
1159416,0
1159424,250000
1159432,0
1159434,325000
1159437,0
1159444,678000
1159450,496800
1159457,200000
1159463,0
1159464,850000
1159470,2506700
1159472,522500
1159473,250000
1159476,0
1159485,431500
1159486,0
1159489,831800
1159495,0
1159496,0
1159499,0
1159509,0
1159516,143100
1159529,250000
1159538,0
1159541,200000
1159550,394200
1159557,1035000
1159566,0
1159574,0
1159578,310000
1159581,0
1159584,0
1159594,356000
1159599,200000
1159600,213000
1159601,250000
1159602,0
1159604,325100
1159612,150000
1159627,250000
1159632,0
1159635,0
1159637,375600
1159638,0
1159641,340000
1159645,520000
1159648,400000
1159650,0
1159653,250000
1159654,3459200
1159662,758400
1159663,0
1159665,0
1159667,1000000
1159669,0
1159672,500000
1159673,150000
1159674,340000
1159679,0
1159681,0
1159689,500000
1159693,1588800
1159694,385000
1159700,0
1159707,0
1159711,450000
1159724,0
1159727,0
1159730,200000
1159731,0
1159741,0
1159743,286000
1159758,0
1159763,150000
1159768,350000
1159770,325000
1159771,0
1159780,0
1159785,1076700
1159795,0
1159797,250000
1159804,381500
1159807,420000
1159809,588500
1159810,565400
1159819,150000
1159824,200000
1159828,701400
1159831,462600
1159839,220000
1159841,300000
1159846,461100
1159848,0
1159851,0
1159863,350000
1159864,2312900
1159866,0
1159869,400000
1159871,577000
1159880,0
1159896,325000
1159907,0
1159911,200000
1159917,0
1159921,0
1159922,308700
1159923,250000
1159927,680000
1159941,200000
1159946,1375000
1159951,672500
1159961,1409700
1159963,0
1159967,225000
1159971,250000
1159977,851600
1159986,700000
1159987,239000
1160005,225000
1160008,470000
1160011,516100
1160015,190000
1160017,0
1160020,440000
1160048,1494000
1160069,500000
1160072,0
1160073,250000
1160077,0
1160089,250000
1160091,0
1160100,0
1160106,0
1160110,714000
1160117,350000
1160125,300000
1160126,0
1160137,140000
1160142,409500
1160144,315000
1160145,60000
1160148,450000
1160162,0
1160194,1235000
1160205,250000
1160215,351500
1160229,500000
1160252,0
1160253,466600
1160258,500000
1160283,390000
1160295,0
1160296,1286500
1160300,476100
1160321,250000
1160323,400000
1160332,6702600
1160336,0
1160337,0
1160345,0
1160353,0
1160363,910000
1160370,166500
1160387,487500
1160390,0
1160395,300000
1160429,4333400
1160436,500000
1160443,599500
1160444,0
1160449,0
1160469,182000
1160475,235000
1160476,940000
1160480,730000
1160486,557000
1160523,843000
1160536,0
1160539,1174000
1160541,730000
1160542,0
1160550,0
1160551,0
1160556,600000
1160560,0
1160583,485500
1160584,0
1160586,359400
1160599,0
1160605,376000
1160615,449800
1160617,600000
1160618,486200
1160621,0
1160625,0
1160632,700000
1160634,0
1160647,692500
1160649,450000
1160653,430000
1160677,330000
1160684,321000
1160690,0
1160694,0
1160712,424000
1160720,555800
1160731,6377200
1160737,220000
1160739,436600
1160740,0
1160742,250000
1160748,597400
1160752,800000
1160755,250000
1160759,0
1160760,204500
1160771,97500
1160793,400000
1160804,400000
1160806,0
1160814,0
1160818,844900
1160819,350000
1160835,360000
1160856,417500
1160857,150000
1160858,764000
1160866,49500
1160868,0
1160883,179700
1160895,697700
1160898,306000
1160902,0
1160903,200000
1160912,290200
1160913,400000
1160920,3845000
1160924,1328000
1160926,0
1160927,500000
1160935,0
1160943,430000
1160956,663000
1160962,451300
1160969,0
1160970,0
1160972,1351300
1160973,0
1160980,520000
1160983,489000
1160986,0
1160992,587300
1160994,0
1160997,140000
1160998,250000
1161000,787800
1161005,2000000
1161016,495000
1161023,250000
1161037,312000
1161038,0
1161040,310000
1161049,570000
1161063,720200
1161066,701000
1161069,0
1161082,390000
1161089,350000
1161094,500000
1161100,450000
1161101,822400
1161102,0
1161103,205000
1161109,400000
1161111,400000
1161114,0
1161115,0
1161120,150000
1161132,1398800
1161137,0
1161147,350000
1161149,720000
1161150,0
1161156,654400
1161163,476500
1161167,412500
1161168,0
1161171,0
1161188,0
1161190,446000
1161194,0
1161198,478200
1161209,140000
1161211,0
1161217,354600
1161218,360500
1161219,350000
1161221,250000
1161222,520000
1161225,737400
1161226,599200
1161238,400000
1161239,458500
1161241,0
1161245,718800
1161247,350000
1161251,250000
1161253,3226100
1161256,0
1161257,400000
1161259,250000
1161261,0
1161263,0
1161265,231000
1161288,0
1161296,0
1161301,0
1161303,1743700
1161304,463900
1161310,150000
1161312,280000
1161313,709500
1161315,0
1161319,2270400
1161321,0
1161325,94500
1161326,1000000
1161331,400000
1161337,379500
1161341,402800
1161345,150000
1161360,140000
1161362,311300
1161367,454000
1161371,300000
1161376,169000
1161380,740800
1161381,330000
1161383,140000
1161386,0
1161389,301500
1161393,0
1161395,0
1161399,578000
1161401,210000
1161404,485500
1161405,2096900
1161407,460100
1161409,0
1161410,565500
1161412,400000
1161417,425300
1161418,129000
1161422,0
1161423,200000
1161424,384800
1161430,0
1161431,375900
1161432,493600
1161436,0
1161452,330000
1161453,728700
1161468,0
1161469,0
1161474,583300
1161486,823700
1161487,112500
1161488,276000
1161494,0
1161496,400000
1161500,500000
1161501,477500
1161506,0
1161507,790000
1161511,400000
1161522,244000
1161523,472000
1161540,1017000
1161543,250000
1161552,697700
1161558,420200
1161565,1679400
1161566,400000
1161568,0
1161582,588000
1161588,0
1161590,249000
1161598,0
1161605,400000
1161615,0
1161617,150000
1161621,250000
1161624,400000
1161625,481000
1161627,0
1161636,907000
1161637,210000
1161665,0
1161672,625500
1161681,463900
1161683,520000
1161685,606000
1161689,364600
1161691,0
1161699,250000
1161703,200000
1161704,400000
1161706,490200
1161716,485500
1161718,150000
1161719,0
1161725,485500
1161726,0
1161733,400000
1161739,49600
1161744,6430300
1161747,520000
1161748,0
1161749,0
1161751,450000
1161752,428400
1161753,583000
1161755,0
1161756,150000
1161758,140000
1161764,0
1161768,0
1161772,0
1161773,449500
1161777,346500
1161780,0
1161785,800000
1161787,0
1161793,400000
1161797,499900
1161807,0
1161808,150000
1161812,250000
1161821,0
1161823,300000
1161827,150000
1161834,1419000
1161835,0
1161839,0
1161841,0
1161858,702000
1161860,0
1161862,650000
1161863,400000
1161864,360000
1161867,150000
1161868,0
1161869,0
1161872,0
1161879,200000
1161884,472000
1161887,1260000
1161900,400000
1161902,540000
1161903,0
1161904,494500
1161908,500000
1161915,629400
1161918,257000
1161919,250000
1161923,489000
1161924,318000
1161926,400000
1161928,150000
1161933,612400
1161935,637300
1161938,558900
1161940,39000
1161944,442700
1161947,1599500
1161950,600000
1161951,312000
1161954,0
1161956,1500000
1161968,0
1161975,450400
1161976,0
1161987,250000
1161989,0
1161997,0
1161999,629400
1162005,3314900
1162012,150000
1162015,114000
1162024,364200
1162025,285000
1162033,465000
1162035,0
1162036,807500
1162038,300000
1162042,0
1162046,100000
1162055,0
1162058,200000
1162062,0
1162064,356000
1162070,705300
1162072,459000
1162075,0
1162078,411800
1162079,1406300
1162086,150000
1162090,442700
1162091,288000
1162098,830500
1162103,1700000
1162105,303000
1162109,588300
1162121,333000
1162123,250000
1162124,150000
1162131,200000
1162132,423000
1162135,571500
1162137,140000
1162140,150000
1162147,0
1162154,599500
1162159,348000
1162160,0
1162175,0
1162177,441000
1162180,0
1162186,270000
1162191,250000
1162196,200000
1162199,0
1162201,593000
1162205,3249000
1162208,0
1162212,859400
1162213,454600
1162218,0
1162228,260000
1162237,304100
1162240,350000
1162242,0
1162248,441000
1162250,400000
1162257,550000
1162258,318000
1162261,150000
1162270,771300
1162273,295000
1162278,335400
1162279,500000
1162281,140000
1162283,250000
1162284,0
1162285,0
1162289,0
1162300,650000
1162304,515400
1162306,276600
1162310,910000
1162313,0
1162317,476500
1162320,467500
1162332,292200
1162339,0
1162340,831100
1162345,3391400
1162346,1066200
1162358,496000
1162360,400000
1162363,250000
1162368,250000
1162373,975000
1162386,832000
1162388,775000
1162390,472000
1162405,670000
1162413,0
1162416,372500
1162418,0
1162423,850000
1162429,318500
1162437,455400
1162438,150000
1162439,0
1162442,356000
1162443,0
1162445,498000
1162449,600000
1162450,740000
1162453,574000
1162464,0
1162466,900000
1162467,0
1162470,0
1162478,474300
1162483,0
1162491,476500
1162494,0
1162496,520000
1162499,444200
1162501,0
1162505,501300
1162511,292000
1162531,0
1162540,950000
1162548,0
1162552,526500
1162553,465000
1162562,350000
1162564,0
1162571,489400
1162572,443400
1162576,970000
1162586,354200
1162594,150000
1162595,476000
1162598,897100
1162600,1760500
1162601,863000
1162610,438000
1162620,520000
1162623,1099400
1162628,267900
1162638,507500
1162643,550000
1162646,0
1162651,550000
1162659,462500
1162662,483800
1162669,458500
1162674,418800
1162676,5943100
1162679,330000
1162680,71000
1162689,432000
1162693,505800
1162699,590500
1162700,367500
1162701,0
1162703,479400
1162704,0
1162731,1835400
1162733,1085000
1162740,455000
1162745,297000
1162751,150000
1162756,617500
1162766,626800
1162769,0
1162778,717000
1162780,303200
1162792,400000
1162798,617500
1162803,225000
1162810,682000
1162815,0
1162816,659000
1162819,300600
1162839,600000
1162840,863000
1162842,500000
1162844,716900
1162845,850000
1162849,301500
1162852,457500
1162853,400000
1162859,537200
1162861,1600000
1162866,1340500
1162867,560000
1162870,498000
1162880,342900
1162887,690300
1162897,398700
1162899,0
1162901,0
1162905,0
1162913,250000
1162916,0
1162919,347200
1162920,0
1162921,1478900
1162924,0
1162929,505500
1162930,0
1162933,150000
1162970,786500
1162973,750000
1162976,105000
1162979,1456800
1162990,803700
1162994,473100
1162997,1335900
1163006,330000
1163015,0
1163018,929000
1163024,775000
1163036,940300
1163039,250000
1163041,0
1163042,1119600
1163053,350000
1163061,608800
1163066,514800
1163070,370000
1163073,315000
1163079,732500
1163080,350000
1163087,455800
1163089,484500
1163102,0
1163106,250000
1163107,423200
1163108,0
1163117,400000
1163135,940000
1163146,325000
1163148,503500
1163149,455200
1163151,0
1163156,0
1163160,0
1163164,398000
1163168,270000
1163176,0
1163177,1343000
1163185,577500
1163201,770400
1163210,447300
1163221,448000
1163223,520000
1163226,81000
1163239,500000
1163244,930700
1163250,345000
1163254,0
1163260,450000
1163263,500000
1163265,388200
1163277,471900
1163279,1370500
1163282,600000
1163286,0
1163309,600000
1163312,0
1163313,2346600
1163319,500000
1163321,0
1163322,0
1163324,540200
1163329,450000
1163330,300000
1163340,350000
1163342,1020000
1163347,349500
1163354,427500
1163359,500400
1163367,277000
1163370,452200
1163373,0
1163382,474400
1163392,0
1163393,500400
1163416,400000
1163419,0
1163421,480000
1163424,1630000
1163428,536300
1163429,424500
1163437,472000
1163438,295000
1163439,143100
1163440,450000
1163441,300000
1163447,654000
1163449,0
1163455,462000
1163457,150000
1163467,910000
1163468,3033900
1163470,1484400
1163474,513500
1163479,307500
1163488,400000
1163492,0
1163503,397000
1163504,500000
1163508,704500
1163509,0
1163510,1214600
1163517,825000
1163530,450000
1163533,520000
1163534,0
1163537,325000
1163548,535000
1163553,0
1163555,305000
1163561,490500
1163562,736100
1163563,0
1163565,400000
1163577,1106600
1163584,400000
1163586,0
1163592,500000
1163596,0
1163597,0
1163600,308700
1163601,520000
1163602,140000
1163605,350000
1163607,550000
1163613,0
1163622,0
1163629,457500
1163631,0
1163633,0
1163639,0
1163641,1278800
1163644,0
1163646,0
1163648,500000
1163649,300000
1163650,387000
1163651,200000
1163654,0
1163656,566500
1163667,228500
1163668,0
1163669,0
1163671,0
1163673,250000
1163678,600000
1163681,0
1163689,150000
1163695,150000
1163696,0
1163699,0
1163704,150000
1163705,0
1163712,520000
1163713,0
1163716,600000
1163726,282000
1163727,0
1163728,0
1163730,400000
1163732,305000
1163737,0
1163748,739500
1163751,0
1163752,516500
1163757,91000
1163758,0
1163761,735600
1163764,150000
1163771,400000
1163773,0
1163774,0
1163776,400000
1163777,530000
1163788,520000
1163794,0
1163795,5225600
1163798,0
1163807,0
1163809,0
1163811,0
1163820,322500
1163822,338000
1163831,813600
1163834,0
1163835,511000
1163837,1042800
1163841,0
1163844,441000
1163851,515000
1163865,316600
1163879,310000
1163897,0
1163900,559000
1163906,2102600
1163911,461000
1163930,481000
1163932,0
1163935,248800
1163938,400000
1163940,0
1163944,0
1163945,350000
1163952,0
1163957,377600
1163971,280000
1163979,595500
1163983,0
1163984,140000
1163988,150000
1163993,400000
1163996,7816800
1164001,520000
1164003,672000
1164006,337000
1164008,400000
1164010,532300
1164011,337500
1164012,350000
1164013,125000
1164014,630000
1164015,754900
1164020,570000
1164021,140000
1164023,450000
1164025,502200
1164026,783000
1164027,449300
1164034,447300
1164039,473500
1164040,0
1164047,145000
1164056,354000
1164059,400000
1164060,0
1164064,0
1164082,342000
1164090,474400
1164091,250000
1164093,822500
1164095,1191100
1164098,659500
1164105,400000
1164107,451800
1164110,232000
1164111,742400
1164119,390000
1164129,433000
1164133,189000
1164157,462600
1164159,150000
1164160,402000
1164166,900000
1164168,150000
1164169,145000
1164170,0
1164173,0
1164186,654300
1164189,441000
1164190,392000
1164192,457200
1164193,525600
1164197,778400
1164201,150000
1164202,518000
1164203,0
1164205,0
1164207,221500
1164211,157000
1164217,195000
1164229,1410700
1164231,443700
1164233,513000
1164235,377100
1164236,3834000
1164244,382500
1164252,520000
1164258,378500
1164263,425500
1164271,876900
1164280,400000
1164285,250000
1164293,400000
1164294,363000
1164296,350000
1164298,4000000
1164300,0
1164304,225000
1164308,18000
1164311,614900
1164312,0
1164317,2925900
1164318,150000
1164327,4618400
1164333,0
1164338,0
1164340,520000
1164344,250000
1164345,400000
1164346,811500
1164348,472000
1164352,400000
1164356,0
1164360,400000
1164363,499000
1164375,283000
1164377,0
1164382,140000
1164384,2795100
1164386,500000
1164388,368600
1164391,400000
1164403,369000
1164414,441000
1164420,350000
1164425,679400
1164438,0
1164448,0
1164449,294000
1164451,390500
1164462,437400
1164463,300000
1164464,545400
1164469,0
1164474,971800
1164475,0
1164476,0
1164481,0
1164486,0
1164487,300000
1164488,150000
1164492,850000
1164496,455300
1164497,0
1164501,428600
1164507,400000
1164513,363200
1164516,0
1164518,125000
1164523,0
1164525,0
1164544,720000
1164545,390000
1164551,400000
1164552,400000
1164564,2000000
1164577,250000
1164580,2195000
1164598,16000
1164602,0
1164605,0
1164611,400000
1164615,0
1164616,500000
1164619,150000
1164620,1336700
1164627,260000
1164632,474300
1164634,842500
1164637,325100
1164639,150000
1164641,5741900
1164651,1582000
1164656,900000
1164657,400000
1164658,0
1164664,417500
1164671,392000
1164673,0
1164674,450000
1164675,0
1164677,639600
1164678,336000
1164681,493000
1164684,323800
1164688,400000
1164689,900000
1164691,450000
1164693,378400
1164694,0
1164695,0
1164702,0
1164704,400000
1164709,680000
1164719,150000
1164723,490000
1164726,1550000
1164732,1200300
1164743,499900
1164745,150000
1164750,1020400
1164755,0
1164758,408000
1164766,0
1164770,691500
1164774,0
1164776,450000
1164779,0
1164782,193500
1164789,7558200
1164790,471000
1164794,742300
1164804,400000
1164807,453500
1164815,0
1164817,554000
1164818,400000
1164820,568000
1164821,450000
1164823,544400
1164830,0
1164835,520000
1164840,2752600
1164845,0
1164846,462200
1164850,0
1164852,0
1164858,400500
1164864,200000
1164866,684000
1164867,330000
1164869,476500
1164885,0
1164888,4056900
1164902,500000
1164903,0
1164906,140000
1164907,0
1164911,0
1164913,350000
1164914,400000
1164917,250000
1164921,392300
1164923,856500
1164924,500000
1164932,551800
1164937,150000
1164947,140000
1164954,291000
1164957,0
1164958,2391000
1164960,400000
1164973,0
1164974,350000
1164976,54000
1164977,0
1164982,693400
1164983,400000
1164986,400000
1164987,1252000
1164989,429800
1164996,0
1164999,140000
1165004,348900
1165010,0
1165016,0
1165019,283500
1165026,550000
1165028,0
1165040,0
1165041,360000
1165047,372700
1165050,0
1165053,150000
1165056,865500
1165061,1002700
1165068,250000
1165084,0
1165089,550000
1165092,365400
1165096,350000
1165103,490500
1165109,0
1165110,350000
1165111,296000
1165112,299400
1165131,550000
1165133,250000
1165134,414000
1165137,840000
1165138,1550000
1165146,0
1165148,342900
1165164,240000
1165168,520000
1165180,0
1165184,0
1165194,0
1165195,914900
1165198,350000
1165210,380300
1165212,120000
1165215,400000
1165218,0
1165219,300000
1165221,150000
1165223,0
1165228,400000
1165229,450900
1165233,63000
1165237,395000
1165246,300000
1165248,400000
1165253,650000
1165259,0
1165262,0
1165288,699000
1165292,120000
1165303,430000
1165307,175000
1165311,0
1165315,699100
1165316,0
1165318,310000
1165322,0
1165330,0
1165337,437400
1165339,439800
1165349,450000
1165352,0
1165355,355500
1165356,569900
1165359,140000
1165362,500000
1165364,550000
1165369,346500
1165370,563700
1165377,300000
1165386,0
1165403,516000
1165410,526200
1165412,0
1165413,714600
1165423,543000
1165435,424300
1165436,0
1165441,299400
1165442,321000
1165446,400000
1165449,481000
1165452,670000
1165453,5508400
1165454,150000
1165456,670000
1165457,0
1165460,0
1165463,150000
1165464,989800
1165473,0
1165486,10500000
1165494,389000
1165497,474300
1165500,0
1165508,0
1165509,0
1165513,352500
1165523,150000
1165531,1164500
1165537,0
1165539,530000
1165540,0
1165543,500000
1165549,510000
1165559,459500
1165565,310000
1165570,1002600
1165575,1269000
1165578,150000
1165583,408800
1165585,0
1165588,133500
1165589,350000
1165592,611400
1165599,299400
1165601,388400
1165611,520000
1165614,549100
1165616,400000
1165620,338000
1165621,504800
1165627,250000
1165628,360000
1165631,150000
1165636,0
1165640,624300
1165641,467500
1165642,293500
1165643,140000
1165652,0
1165654,415000
1165658,0
1165663,0
1165664,150000
1165666,2735600
1165669,0
1165671,374100
1165675,224900
1165676,0
1165680,315000
1165685,250000
1165689,0
1165702,456300
1165708,771000
1165718,373500
1165726,0
1165738,315000
1165743,297000
1165752,0
1165759,299400
1165774,200000
1165776,499000
1165791,250000
1165796,500000
1165801,1264500
1165808,419300
1165811,400000
1165819,255000
1165824,500000
1165826,0
1165828,350000
1165836,0
1165837,250000
1165839,871500
1165841,267000
1165846,806000
1165849,250000
1165850,0
1165857,346600
1165865,0
1165877,400000
1165878,0
1165883,0
1165889,0
1165891,400000
1165893,60000
1165896,0
1165906,0
1165912,350000
1165913,682000
1165914,400000
1165915,0
1165918,0
1165942,250000
1165943,700000
1165946,0
1165948,450000
1165950,596400
1165957,150000
1165961,0
1165968,450000
1165969,0
1165974,400000
1165981,0
1165988,555000
1165990,450000
1165992,448000
1165999,325000
1166001,0
1166009,350000
1166013,0
1166016,614500
1166019,250000
1166023,125000
1166025,2520000
1166027,0
1166028,450000
1166030,1788000
1166034,450000
1166046,150000
1166048,150000
1166051,0
1166055,635500
1166056,400000
1166062,450000
1166072,0
1166077,600000
1166082,450000
1166102,0
1166105,150000
1166110,150000
1166112,1540000
1166123,650000
1166127,200000
1166130,450000
1166137,551800
1166141,0
1166148,327500
1166155,498400
1166156,150000
1166158,300000
1166159,300000
1166165,0
1166170,432500
1166176,112500
1166181,1500000
1166188,400000
1166200,332500
1166201,0
1166204,150000
1166213,1000000
1166220,0
1166228,3418600
1166232,464000
1166245,0
1166247,350000
1166254,150000
1166257,325000
1166265,292100
1166266,300000
1166270,200000
1166278,0
1166281,450000
1166282,300000
1166292,320000
1166315,450000
1166316,0
1166318,0
1166328,0
1166333,1067000
1166339,340000
1166355,0
1166370,150000
1166373,350000
1166374,640000
1166379,454000
1166383,1039500
1166392,410100
1166407,3615900
1166411,480000
1166415,717000
1166421,418400
1166423,125000
1166432,112500
1166438,0
1166440,550000
1166442,435000
1166443,361600
1166445,832500
1166446,0
1166453,1245800
1166454,952800
1166459,200000
1166463,1150000
1166465,3015500
1166477,0
1166483,0
1166485,600000
1166486,1622800
1166495,0
1166507,0
1166512,315000
1166516,517900
1166517,679300
1166519,900000
1166522,0
1166523,0
1166525,2070200
1166532,546400
1166542,400000
1166544,628200
1166545,400000
1166550,0
1166561,450000
1166562,0
1166578,0
1166591,454000
1166597,0
1166601,0
1166617,671500
1166623,829600
1166627,604300
1166629,498000
1166636,550000
1166637,0
1166639,207000
1166640,387000
1166644,977300
1166656,0
1166657,582300
1166659,0
1166662,550000
1166663,0
1166672,130000
1166673,150000
1166678,880000
1166679,1493200
1166682,150000
1166686,500000
1166691,1036000
1166693,444000
1166697,0
1166702,1152300
1166708,980000
1166717,936000
1166718,980000
1166721,250000
1166722,936000
1166725,477900
1166738,550000
1166741,428800
1166761,833500
1166762,831000
1166764,0
1166765,250000
1166773,0
1166775,249000
1166786,0
1166792,1653500
1166798,0
1166801,0
1166803,600000
1166805,428700
1166814,348000
1166821,30000
1166823,5709000
1166831,0
1166846,297000
1166864,40000
1166870,445000
1166872,450000
1166879,576000
1166880,0
1166886,0
1166888,800000
1166892,0
1166911,0
1166921,716000
1166951,0
1166970,1320000
1166971,140000
1166974,745000
1166990,500000
1167001,300000
1167005,205000
1167009,494500
1167011,0
1167018,0
1167019,0
1167022,110000
1167024,500000
1167025,150000
1167029,410000
1167031,200000
1167033,250000
1167056,0
1167061,150000
1167062,0
1167065,405500
1167069,0
1167078,727000
1167083,550000
1167090,300000
1167101,337500
1167103,320700
1167104,0
1167113,250000
1167124,0
1167125,513500
1167130,314000
1167131,660000
1167136,883200
1167142,373500
1167158,481000
1167162,65000
1167170,0
1167176,409500
1167180,950700
1167190,150000
1167194,0
1167195,641800
1167207,0
1167212,500000
1167213,225000
1167215,0
1167220,0
1167224,0
1167251,405000
1167258,0
1167259,876300
1167265,250000
1167267,350000
1167270,450000
1167271,600000
1167278,466600
1167280,905000
1167283,340000
1167285,400000
1167289,300000
1167301,180500
1167302,925800
1167323,722000
1167334,0
1167353,760000
1167356,563000
1167359,0
1167360,0
1167366,292500
1167380,0
1167383,5728600
1167384,150000
1167386,1292500
1167388,171000
1167389,351000
1167391,277900
1167396,0
1167404,250000
1167405,0
1167409,0
1167412,1278400
1167416,750000
1167419,418500
1167421,0
1167425,0
1167426,0
1167427,150000
1167433,0
1167442,604000
1167443,0
1167448,0
1167452,1230700
1167453,450000
1167454,654500
1167460,671700
1167461,322000
1167465,477400
1167473,0
1167500,0
1167509,500000
1167512,0
1167517,44000
1167522,0
1167523,450000
1167530,1058000
1167540,2000000
1167553,250000
1167556,284000
1167563,713900
1167569,332500
1167579,384000
1167580,0
1167582,100000
1167583,466000
1167588,291500
1167590,0
1167604,520000
1167606,250000
1167613,780000
1167616,0
1167628,200300
1167645,424000
1167655,300000
1167657,0
1167658,562000
1167660,0
1167662,624000
1167666,0
1167667,743000
1167670,360100
1167677,50000
1167684,663200
1167690,582000
1167720,500000
1167736,0
1167738,250000
1167745,297000
1167748,445000
1167766,150000
1167767,333800
1167771,600000
1167772,0
1167774,150000
1167778,400000
1167781,411000
1167790,417000
1167792,659500
1167793,250000
1167796,220000
1167810,244000
1167821,1001700
1167827,150000
1167828,520000
1167830,150000
1167836,150000
1167842,0
1167843,150000
1167844,0
1167849,325000
1167855,120000
1167861,555400
1167866,448400
1167867,0
1167869,1077400
1167872,500000
1167878,0
1167880,400000
1167881,289200
1167884,150000
1167886,358200
1167887,599400
1167900,520000
1167904,0
1167908,0
1167909,1527600
1167914,467500
1167927,1500000
1167935,450000
1167941,619000
1167946,0
1167947,0
1167953,0
1167954,400000
1167965,795700
1167966,150000
1167968,0
1167969,489000
1167973,150000
1167976,0
1167980,239000
1167984,466500
1167986,400000
1167987,345600
1167988,150000
1167992,474400
1167994,492500
1168001,150000
1168003,344100
1168010,500000
1168014,150000
1168017,438900
1168018,400000
1168022,363900
1168025,532800
1168026,511200
1168027,400000
1168035,0
1168042,0
1168043,595000
1168044,294000
1168045,416300
1168053,410300
1168056,0
1168058,200000
1168070,0
1168073,200000
1168079,457600
1168080,942500
1168086,0
1168099,448700
1168104,345000
1168105,250000
1168123,3469800
1168124,452700
1168127,666500
1168136,150000
1168139,0
1168150,1171500
1168156,182500
1168160,350000
1168161,150000
1168168,314000
1168184,0
1168191,315000
1168208,400000
1168210,400000
1168213,563000
1168217,451800
1168223,593500
1168225,602600
1168230,1319000
1168234,0
1168250,0
1168251,490500
1168252,0
1168253,649200
1168259,467500
1168261,125000
1168267,1373600
1168273,400000
1168274,0
1168285,0
1168289,0
1168292,0
1168293,390000
1168296,659700
1168323,1090200
1168334,391500
1168340,1456600
1168341,0
1168342,0
1168350,145000
1168352,150000
1168354,487300
1168363,638400
1168368,550000
1168371,590500
1168375,0
1168376,394000
1168385,0
1168391,348800
1168394,550000
1168398,528000
1168405,430500
1168406,0
1168407,150000
1168410,357500
1168413,466200
1168415,949500
1168416,400000
1168425,400000
1168429,658400
1168431,441000
1168440,355100
1168442,358100
1168443,150000
1168453,500400
1168456,454000
1168457,600000
1168458,300000
1168459,550000
1168464,520000
1168465,500000
1168474,460500
1168475,0
1168477,0
1168480,150000
1168481,250000
1168482,353600
1168484,540000
1168495,499900
1168499,390000
1168506,0
1168515,698000
1168521,949400
1168523,400000
1168525,0
1168530,250000
1168534,380000
1168544,0
1168549,400000
1168550,430200
1168551,1212500
1168557,0
1168564,150000
1168565,0
1168569,0
1168573,1140800
1168576,459400
1168577,358000
1168582,1378300
1168584,0
1168592,0
1168593,297500
1168595,0
1168603,320100
1168605,2174300
1168610,0
1168616,0
1168631,322500
1168642,0
1168645,125000
1168649,420000
1168650,435000
1168652,324500
1168659,500000
1168661,400000
1168666,350000
1168669,583000
1168673,0
1168681,400000
1168682,662000
1168686,98000
1168688,361500
1168698,517000
1168699,0
1168701,400000
1168713,343000
1168716,0
1168717,0
1168719,740000
1168724,300000
1168726,474400
1168729,150000
1168734,434300
1168750,0
1168751,0
1168752,200000
1168754,0
1168755,750000
1168765,441000
1168767,438400
1168768,0
1168774,743000
1168776,400000
1168787,1085500
1168788,2649900
1168793,0
1168794,438300
1168800,784000
1168812,368100
1168816,524500
1168821,0
1168824,0
1168826,0
1168832,457200
1168834,432000
1168835,1904600
1168843,1176800
1168846,418800
1168847,0
1168852,600000
1168856,0
1168861,0
1168862,160000
1168865,400000
1168876,319700
1168877,0
1168881,132000
1168898,530000
1168905,427900
1168906,125000
1168908,825000
1168910,150000
1168911,238300
1168918,688800
1168920,400000
1168928,400000
1168930,476500
1168936,602500
1168938,150000
1168939,505800
1168943,550000
1168945,0
1168947,246000
1168950,490000
1168953,0
1168961,0
1168962,467500
1168965,664000
1168967,714000
1168968,387000
1168978,150000
1168980,300000
1168983,118000
1168997,390000
1168999,0
1169000,150000
1169005,304000
1169013,850000
1169017,145000
1169019,130000
1169025,0
1169027,307500
1169036,458500
1169037,150000
1169042,200000
1169048,400000
1169049,302300
1169051,360000
1169054,1112600
1169057,452200
1169060,340000
1169061,450000
1169063,580000
1169072,0
1169073,0
1169074,376000
1169077,810000
1169078,376700
1169087,540000
1169089,200000
1169097,481500
1169100,439200
1169101,2049900
1169102,501500
1169109,520000
1169111,45000
1169112,0
1169113,0
1169125,332300
1169129,561200
1169135,445000
1169136,1150000
1169153,358500
1169155,377700
1169158,0
1169161,495000
1169164,310000
1169167,0
1169173,350000
1169175,0
1169181,450000
1169183,477500
1169184,400000
1169185,450000
1169187,743100
1169188,486200
1169193,0
1169194,0
1169195,475100
1169197,0
1169203,872400
1169210,796900
1169211,0
1169212,472500
1169217,332500
1169221,0
1169222,400000
1169224,2397000
1169229,445000
1169234,430200
1169235,0
1169236,350000
1169239,400000
1169247,0
1169249,0
1169257,403500
1169258,36000
1169262,3830500
1169263,292600
1169264,520000
1169268,113900
1169270,2654400
1169290,452200
1169303,0
1169304,421500
1169305,218500
1169306,327000
1169308,569800
1169311,139200
1169314,0
1169320,200000
1169323,554000
1169324,431700
1169325,778800
1169330,386600
1169337,560000
1169349,2193000
1169358,450000
1169363,629100
1169365,0
1169367,500000
1169376,142000
1169377,0
1169381,498300
1169389,303300
1169395,240500
1169401,472000
1169404,588200
1169409,849500
1169411,442800
1169419,520000
1169424,363600
1169427,250000
1169435,390000
1169438,352500
1169439,417500
1169440,0
1169444,0
1169451,0
1169453,1129000
1169461,0
1169464,520000
1169472,387000
1169476,500000
1169480,500000
1169481,432500
1169485,400000
1169488,382500
1169504,402800
1169506,271600
1169509,342600
1169513,130000
1169517,444000
1169527,150000
1169539,362500
1169542,918500
1169546,1038800
1169549,89500
1169554,322800
1169567,0
1169582,0
1169615,0
1169617,585000
1169627,0
1169630,0
1169637,906100
1169639,0
1169644,500000
1169649,1600000
1169657,536900
1169665,384000
1169667,250000
1169671,4315900
1169672,858600
1169678,300000
1169684,320000
1169688,441000
1169697,0
1169710,546400
1169715,0
1169720,130000
1169722,2314500
1169723,175000
1169725,130000
1169727,0
1169734,781200
1169742,250000
1169767,0
1169774,455500
1169783,734500
1169799,300000
1169800,520000
1169802,1048300
1169812,0
1169816,250000
1169819,250000
1169827,476300
1169833,0
1169834,0
1169839,0
1169853,0
1169854,774200
1169860,595500
1169867,516500
1169870,474700
1169872,794500
1169874,0
1169885,600000
1169896,2048700
1169897,0
1169905,402000
1169911,622000
1169913,6400000
1169916,360000
1169922,7171400
1169927,921000
1169929,0
1169930,132000
1169931,831000
1169935,450000
1169936,600000
1169938,0
1169944,450000
1169946,0
1169948,130000
1169962,910700
1169969,0
1169972,337000
1169973,594600
1169975,323900
1169976,390000
1169979,300000
1169988,390000
1169989,0
1169994,0
1169997,0
1169998,320000
1170000,0
1170007,707300
1170018,390000
1170022,346800
1170025,350000
1170027,250000
1170029,120400
1170030,183800
1170031,288300
1170032,0
1170045,150000
1170048,594000
1170052,0
1170055,550000
1170056,0
1170067,1998600
1170074,0
1170077,2238600
1170082,0
1170086,0
1170109,408500
1170112,469800
1170114,0
1170119,0
1170120,0
1170124,0
1170132,826500
1170136,0
1170143,119000
1170148,0
1170149,1330000
1170150,550000
1170151,0
1170152,0
1170153,800000
1170154,0
1170159,520000
1170163,140000
1170167,150000
1170170,250000
1170177,512600
1170180,150000
1170181,350000
1170183,939100
1170189,250000
1170190,0
1170194,0
1170195,450000
1170209,225000
1170218,593600
1170220,1900000
1170225,381000
1170227,150000
1170230,750000
1170238,264000
1170240,211000
1170241,450000
1170245,0
1170248,250000
1170255,395000
1170258,73900
1170267,369000
1170274,0
1170277,66000
1170278,424100
1170281,0
1170282,0
1170288,500000
1170291,0
1170295,150000
1170309,150000
1170321,150000
1170322,0
1170329,442000
1170331,0
1170336,0
1170338,150000
1170339,520000
1170340,7650100
1170341,400000
1170342,126000
1170343,840000
1170345,0
1170349,150000
1170350,0
1170353,219000
1170355,405000
1170366,550000
1170371,400000
1170372,400000
1170380,105000
1170383,0
1170385,191200
1170389,450000
1170390,1952800
1170391,0
1170396,552000
1170399,1821500
1170418,0
1170434,250000
1170436,14886300
1170438,0
1170455,150000
1170463,250000
1170465,500000
1170476,0
1170479,1724600
1170485,0
1170486,150000
1170487,0
1170489,0
1170490,150000
1170503,300000
1170507,555000
1170508,0
1170514,406300
1170519,250000
1170522,150000
1170523,427300
1170537,0
1170543,0
1170547,0
1170549,100000
1170550,542800
1170557,410000
1170568,402000
1170571,430200
1170579,250000
1170585,687100
1170588,1197500
1170593,0
1170618,491900
1170622,259000
1170624,0
1170627,347200
1170631,250000
1170639,0
1170649,250000
1170658,424300
1170661,384300
1170663,989000
1170664,250000
1170676,3815000
1170677,250000
1170690,0
1170692,2239000
1170700,200000
1170704,0
1170708,1913600
1170713,148000
1170732,0
1170733,150000
1170743,0
1170750,350000
1170767,0
1170780,0
1170784,650000
1170785,114900
1170786,200000
1170789,350000
1170792,400000
1170795,0
1170798,0
1170802,1250200
1170809,0
1170810,474000
1170812,250000
1170817,0
1170819,250000
1170823,387600
1170825,0
1170827,260000
1170831,150000
1170838,291500
1170845,0
1170855,350000
1170859,0
1170862,0
1170867,3421500
1170873,709700
1170880,350000
1170882,80500
1170884,0
1170901,360000
1170904,585800
1170906,441100
1170914,852900
1170918,0
1170920,0
1170925,0
1170934,743900
1170941,0
1170943,1025000
1170955,250000
1170966,300000
1170972,350000
1170973,648000
1170978,0
1170980,375000
1170990,506700
1170995,218500
1171009,500000
1171013,150000
1171030,670000
1171049,3223300
1171056,3076500
1171087,1130000
1171102,698000
1171134,0
1171135,965500
1171141,349700
1171147,760300
1171148,400000
1171149,250000
1171150,0
1171155,548000
1171157,387500
1171162,0
1171171,0
1171175,600000
1171176,294500
1171178,400000
1171183,542000
1171185,137900
1171188,387900
1171192,0
1171203,0
1171210,200000
1171212,486000
1171218,133000
1171220,0
1171223,409000
1171238,0
1171252,0
1171264,142000
1171291,1357900
1171292,632200
1171294,160500
1171299,150000
1171301,250000
1171315,0
1171317,110000
1171320,400000
1171323,404400
1171341,1460000
1171352,0
1171353,888500
1171355,295800
1171360,798200
1171361,0
1171362,450000
1171365,700000
1171379,0
1171381,1120600
1171387,250000
1171395,551300
1171400,0
1171408,130000
1171440,399500
1171449,491400
1171459,300000
1171460,2150000
1171462,150000
1171464,592800
1171465,820000
1171467,0
1171469,400000
1171474,2681500
1171477,0
1171491,0
1171492,0
1171495,327800
1171504,250000
1171507,400000
1171524,0
1171530,442800
1171535,0
1171537,550000
1171549,0
1171562,895600
1171566,684000
1171567,250000
1171581,150000
1171584,250000
1171592,0
1171603,350000
1171604,0
1171625,160000
1171632,0
1171638,1094800
1171640,332000
1171644,0
1171645,315000
1171647,497500
1171652,880000
1171660,0
1171669,471100
1171672,581300
1171673,132000
1171680,490000
1171681,400000
1171682,250000
1171683,302500
1171687,0
1171702,0
1171718,1065500
1171720,0
1171721,659600
1171724,0
1171743,209000
1171746,484700
1171748,484000
1171754,0
1171755,600000
1171769,250000
1171776,294200
1171783,0
1171787,535000
1171793,899500
1171796,115000
1171804,350000
1171805,0
1171825,250000
1171826,305000
1171835,1053300
1171842,600000
1171858,2054000
1171860,0
1171864,250000
1171866,0
1171877,132000
1171896,362500
1171898,458300
1171899,0
1171920,1690300
1171922,489500
1171926,0
1171930,1644900
1171932,400000
1171943,0
1171946,854800
1171959,0
1171962,0
1171964,2000000
1171970,400000
1171980,600000
1171981,0
1171995,0
1172003,4109500
1172012,250000
1172013,735000
1172017,550000
1172019,3700000
1172034,490800
1172044,0
1172070,467000
1172075,250000
1172082,3974000
1172090,0
1172096,0
1172108,450000
1172112,0
1172120,0
1172122,682500
1172131,200000
1172134,0
1172138,0
1172142,0
1172151,581500
1172153,360000
1172164,386000
1172170,0
1172173,400000
1172188,0
1172194,0
1172205,395900
1172206,300000
1172210,250000
1172217,0
1172220,200000
1172227,341000
1172243,2748600
1172244,0
1172259,0
1172272,454000
1172290,450000
1172292,200000
1172308,350000
1172311,0
1172320,0
1172325,450000
1172327,350000
1172331,0
1172334,600000
1172339,0
1172342,1327600
1172346,0
1172351,699500
1172354,0
1172357,400000
1172370,368000
1172374,1212200
1172396,0
1172399,555000
1172412,584700
1172426,350000
1172429,0
1172430,699900
1172431,0
1172447,150000
1172453,150000
1172455,250000
1172464,750000
1172472,150000
1172475,360000
1172476,288600
1172483,150000
1172490,0
1172496,400000
1172503,0
1172505,599500
1172506,470800
1172510,0
1172515,800000
1172517,0
1172519,1000000
1172520,317500
1172521,2289300
1172529,584700
1172542,10000
1172550,950000
1172556,0
1172559,0
1172561,0
1172563,350000
1172573,795000
1172578,550000
1172582,385500
1172585,200000
1172586,680000
1172587,600000
1172590,1195000
1172593,800000
1172601,950000
1172605,365600
1172606,756000
1172607,325000
1172609,250000
1172611,0
1172615,1344300
1172624,0
1172627,766000
1172628,448200
1172629,236000
1172634,650000
1172644,399500
1172649,800000
1172651,0
1172653,795000
1172655,400000
1172661,0
1172666,550000
1172673,344500
1172681,400000
1172685,150000
1172686,540000
1172696,800000
1172702,0
1172707,400000
1172711,438800
1172714,566600
1172716,0
1172723,250000
1172724,424300
1172731,195000
1172733,250000
1172735,250000
1172739,365000
1172742,200000
1172753,424000
1172754,520000
1172759,335400
1172768,0
1172770,29800
1172773,190000
1172775,0
1172780,350000
1172786,0
1172789,0
1172793,126000
1172795,1221500
1172796,0
1172806,152500
1172810,510500
1172829,0
1172830,427200
1172834,0
1172835,440400
1172845,450000
1172847,390000
1172850,800000
1172877,200000
1172909,250000
1172912,350000
1172916,0
1172919,0
1172929,670000
1172951,200000
1172968,200000
1172979,200000
1172983,627400
1172999,557000
1173003,774600
1173013,0
1173017,150000
1173023,334400
1173026,128000
1173033,0
1173035,850000
1173045,519800
1173054,0
1173064,0
1173076,200000
1173079,377200
1173089,2463700
1173095,150000
1173101,1296000
1173103,327000
1173104,0
1173106,0
1173109,0
1173113,75000
1173114,0
1173116,770900
1173117,500000
1173121,150000
1173122,200000
1173126,0
1173127,350000
1173153,399500
1173160,381000
1173162,350000
1173170,800000
1173171,250000
1173182,0
1173189,600000
1173192,1283500
1173193,529800
1173199,450000
1173201,0
1173203,1505400
1173212,0
1173224,0
1173232,0
1173249,435000
1173250,0
1173254,0
1173266,350000
1173273,379600
1173275,250000
1173283,2543200
1173295,294500
1173304,400000
1173306,0
1173322,0
1173323,520000
1173325,400000
1173327,0
1173329,0
1173330,300000
1173335,335000
1173339,330000
1173362,438300
1173366,517000
1173372,545000
1173376,409000
1173386,0
1173391,324000
1173395,867000
1173396,4621600
1173398,350000
1173414,315000
1173418,315000
1173430,450400
1173431,364000
1173443,0
1173444,481200
1173447,291500
1173458,474600
1173463,250000
1173466,499700
1173471,0
1173472,0
1173474,0
1173478,500000
1173480,0
1173485,0
1173503,0
1173506,340000
1173507,0
1173527,813700
1173529,350000
1173550,380000
1173551,700000
1173560,250000
1173562,408800
1173574,1156000
1173579,0
1173582,400000
1173586,300000
1173587,283500
1173588,2256500
1173592,2400000
1173603,0
1173607,0
1173610,297000
1173614,0
1173617,463900
1173620,250000
1173622,1167000
1173629,479900
1173631,1000000
1173633,315000
1173634,0
1173651,952500
1173652,650000
1173656,0
1173660,834800
1173662,400000
1173665,1000000
1173667,250000
1173668,0
1173674,2210400
1173676,380500
1173685,430200
1173691,250000
1173692,0
1173696,300100
1173698,1520000
1173703,0
1173706,250000
1173708,0
1173709,150000
1173710,500000
1173713,250000
1173715,813500
1173716,200000
1173717,526200
1173720,700000
1173721,400000
1173724,1368400
1173726,429500
1173727,312000
1173728,310000
1173731,540000
1173732,531000
1173733,200000
1173736,402500
1173737,220000
1173740,300000
1173742,600000
1173744,794900
1173752,310000
1173756,0
1173759,400000
1173765,619000
1173766,0
1173773,250000
1173778,472500
1173782,283500
1173785,250000
1173795,0
1173796,0
1173801,340500
1173802,0
1173806,250000
1173807,182500
1173808,150000
1173815,1322900
1173818,0
1173829,520000
1173833,0
1173838,317500
1173841,150000
1173844,250000
1173847,0
1173851,0
1173852,150000
1173858,710100
1173859,337600
1173860,300000
1173862,0
1173863,920000
1173865,150000
1173869,250000
1173877,611500
1173883,150000
1173891,1091000
1173896,400000
1173901,367100
1173903,255000
1173904,39600
1173905,477400
1173911,300600
1173914,705100
1173925,525000
1173928,450000
1173929,635500
1173930,190000
1173931,0
1173938,150000
1173946,0
1173948,0
1173950,0
1173956,0
1173965,589000
1173968,730000
1173977,350000
1173979,600000
1173983,350000
1173988,510000
1173992,0
1173994,150000
1174000,365000
1174003,250000
1174005,515000
1174006,515000
1174010,0
1174014,0
1174015,324500
1174022,0
1174029,297500
1174030,0
1174035,922500
1174038,100000
1174039,1401500
1174041,342500
1174048,250000
1174051,0
1174052,622500
1174055,287000
1174057,0
1174062,600000
1174074,532500
1174093,250000
1174094,480000
1174099,702000
1174100,1193400
1174105,399100
1174110,445000
1174114,427000
1174116,0
1174117,489100
1174120,305000
1174125,555500
1174134,250000
1174137,327200
1174141,565000
1174143,420200
1174146,368000
1174147,682300
1174148,300000
1174149,371000
1174158,405000
1174159,285000
1174168,373800
1174181,0
1174189,675000
1174190,2588200
1174199,250000
1174205,0
1174206,376600
1174209,0
1174216,0
1174219,2133800
1174222,0
1174241,600000
1174247,0
1174248,0
1174253,445000
1174274,404300
1174276,350000
1174278,411000
1174280,0
1174294,0
1174300,150000
1174305,314000
1174311,340000
1174318,250000
1174325,1016800
1174329,645000
1174335,250000
1174345,1105200
1174356,544000
1174357,150000
1174358,454000
1174362,6162400
1174374,306000
1174379,295000
1174380,770000
1174386,575000
1174388,0
1174390,0
1174405,520000
1174408,0
1174420,575000
1174425,0
1174431,0
1174434,0
1174435,582000
1174444,408300
1174451,976000
1174452,500000
1174460,357500
1174462,310000
1174467,4890000
1174481,150000
1174482,610000
1174483,250000
1174484,0
1174486,0
1174491,250000
1174493,250000
1174502,250000
1174505,0
1174516,0
1174517,0
1174523,509200
1174524,350000
1174525,0
1174527,540000
1174528,250000
1174531,540000
1174534,374600
1174535,0
1174536,450000
1174537,562000
1174539,0
1174543,332500
1174551,0
1174561,700000
1174574,425000
1174581,0
1174584,130000
1174590,306000
1174597,480000
1174601,412000
1174603,650000
1174605,696700
1174615,527300
1174625,0
1174629,250000
1174630,1088200
1174631,0
1174633,0
1174637,575000
1174639,460100
1174646,1299400
1174647,250000
1174657,0
1174658,475000
1174659,300000
1174665,0
1174667,250000
1174676,0
1174685,288000
1174686,150000
1174688,0
1174693,300000
1174694,291500
1174696,250000
1174700,132000
1174701,330100
1174703,0
1174707,300000
1174714,1163000
1174720,985300
1174722,0
1174725,175000
1174730,340000
1174732,2770000
1174743,0
1174745,150000
1174746,375000
1174751,0
1174769,530000
1174770,1000000
1174774,174800
1174775,300000
1174776,150000
1174778,690900
1174781,0
1174786,295000
1174790,0
1174796,250000
1174800,103000
1174807,250000
1174808,0
1174829,1017000
1174831,250000
1174834,0
1174835,250000
1174836,379500
1174837,1076400
1174847,0
1174854,0
1174856,150000
1174859,0
1174861,420900
1174865,519000
1174866,400000
1174867,250000
1174870,150000
1174872,1200000
1174873,448600
1174877,800000
1174878,0
1174879,462800
1174881,500000
1174882,2300000
1174884,850000
1174891,2494900
1174900,892000
1174905,520000
1174912,0
1174913,1160000
1174915,0
1174917,0
1174921,132000
1174925,0
1174926,150000
1174929,0
1174937,250000
1174938,0
1174939,675000
1174943,929200
1174947,1330600
1174948,400000
1174953,0
1174954,185000
1174958,132000
1174977,332500
1174982,391300
1174987,555000
1175003,0
1175006,645000
1175016,475000
1175018,395100
1175020,140000
1175023,425600
1175031,385000
1175036,220000
1175039,190000
1175041,534800
1175042,771000
1175047,144000
1175048,112000
1175057,0
1175062,306000
1175064,550000
1175069,525000
1175070,0
1175083,250000
1175089,386500
1175093,400000
1175100,0
1175101,0
1175102,457500
1175109,0
1175111,0
1175124,834000
1175125,370000
1175126,250000
1175127,505000
1175129,0
1175130,450100
1175136,250000
1175137,204600
1175153,505800
1175156,0
1175157,475000
1175159,0
1175161,600000
1175164,155000
1175169,0
1175189,1151000
1175195,175000
1175203,749000
1175205,332500
1175213,0
1175218,0
1175219,0
1175220,469800
1175221,150000
1175223,539600
1175234,326000
1175237,571500
1175243,315000
1175247,595000
1175249,502000
1175259,0
1175261,0
1175268,771500
1175270,200000
1175288,1204700
1175292,751000
1175293,450000
1175298,400000
1175299,435000
1175301,250000
1175303,0
1175314,350000
1175335,400000
1175337,2932900
1175340,844300
1175341,306000
1175344,538000
1175349,299500
1175351,0
1175353,0
1175362,600000
1175366,553000
1175368,500000
1175371,0
1175379,741000
1175381,400000
1175382,400000
1175386,830000
1175392,2772100
1175404,814400
1175407,594800
1175409,2766900
1175410,5389100
1175413,0
1175420,110000
1175426,387500
1175427,0
1175428,0
1175429,508400
1175434,0
1175444,850000
1175454,1957600
1175462,750000
1175464,600000
1175481,360300
1175486,385100
1175489,985000
1175494,294000
1175495,595000
1175499,0
1175500,546400
1175507,796600
1175508,360000
1175509,546400
1175525,0
1175526,0
1175528,110000
1175530,600000
1175535,773000
1175540,612000
1175543,297600
1175545,1500100
1175547,622000
1175553,400000
1175554,380000
1175559,332800
1175560,3243600
1175562,404500
1175565,472000
1175584,250000
1175586,311500
1175588,441000
1175590,540000
1175595,808000
1175597,0
1175600,867100
1175601,0
1175608,383300
1175609,500000
1175610,2530600
1175614,450000
1175620,0
1175621,407600
1175626,1271600
1175634,302500
1175637,1555800
1175638,129000
1175639,154800
1175642,0
1175646,0
1175653,640000
1175660,0
1175668,557500
1175678,0
1175689,321000
1175696,497500
1175699,1300000
1175705,400000
1175716,355500
1175721,653300
1175723,0
1175725,0
1175733,0
1175737,323500
1175740,0
1175754,410000
1175756,582000
1175761,400000
1175762,150000
1175765,250000
1175767,334400
1175769,410400
1175773,527000
1175777,276200
1175779,200000
1175784,505000
1175785,1453400
1175794,0
1175796,577000
1175797,0
1175798,0
1175804,250000
1175808,200000
1175828,80000
1175830,334000
1175831,422000
1175841,736300
1175843,348000
1175845,150000
1175846,447700
1175849,229500
1175859,250000
1175860,400000
1175863,650000
1175868,150000
1175880,40900
1175898,0
1175901,282000
1175904,486500
1175906,2412100
1175907,250000
1175908,150000
1175927,150000
1175928,2564000
1175929,545300
1175930,4448000
1175933,428500
1175950,0
1175952,1186000
1175954,0
1175958,0
1175959,0
1175960,1934300
1175965,250000
1175966,400000
1175970,700000
1175971,250000
1175972,150000
1175973,250000
1175974,495000
1175980,0
1175988,400000
1175995,150000
1175998,372500
1176003,750000
1176008,536000
1176009,417500
1176012,560800
1176015,310000
1176016,0
1176020,437500
1176022,150000
1176032,150000
1176039,280000
1176040,285000
1176049,0
1176050,0
1176059,0
1176061,0
1176065,200000
1176067,0
1176069,600000
1176078,750000
1176083,484100
1176088,597200
1176089,528100
1176092,397800
1176095,0
1176098,3741900
1176103,390000
1176105,350300
1176108,0
1176110,250000
1176127,255000
1176144,0
1176148,313200
1176155,583000
1176156,0
1176160,600000
1176166,449300
1176170,621500
1176174,0
1176175,362500
1176177,0
1176181,0
1176183,235000
1176192,563500
1176194,351600
1176214,463000
1176216,340000
1176219,145000
1176220,340600
1176221,454000
1176226,600000
1176229,250000
1176238,135000
1176241,695000
1176242,508000
1176246,478800
1176247,250000
1176253,497000
1176255,0
1176259,433500
1176260,0
1176264,500000
1176265,0
1176276,768000
1176277,314000
1176285,250000
1176288,150000
1176289,295000
1176290,564600
1176294,0
1176311,550000
1176315,500000
1176320,400000
1176322,0
1176324,150000
1176330,250000
1176332,0
1176338,0
1176342,0
1176348,250000
1176353,0
1176355,0
1176359,664500
1176360,621000
1176367,250000
1176372,700000
1176374,250000
1176375,0
1176377,550000
1176380,0
1176381,275000
1176385,117000
1176386,828500
1176395,0
1176398,0
1176405,354000
1176414,565800
1176417,0
1176418,250000
1176419,0
1176422,150000
1176424,0
1176429,690000
1176437,447300
1176445,300000
1176468,469800
1176470,0
1176475,0
1176479,150000
1176486,442500
1176488,550000
1176492,300000
1176498,0
1176499,0
1176501,394700
1176507,250000
1176508,0
1176515,250000
1176517,490000
1176522,0
1176533,405000
1176539,500000
1176543,454500
1176547,250000
1176549,150000
1176550,252000
1176553,145000
1176557,500000
1176566,250000
1176570,0
1176571,0
1176576,1250000
1176577,400000
1176579,120000
1176580,0
1176584,417500
1176594,0
1176596,250000
1176601,150000
1176613,608000
1176614,0
1176616,0
1176624,250000
1176628,380000
1176631,400000
1176637,314700
1176641,950000
1176650,1054600
1176653,0
1176654,0
1176657,352500
1176665,0
1176673,314000
1176674,500000
1176675,291000
1176676,0
1176677,250000
1176683,250000
1176688,150000
1176699,150000
1176701,444200
1176704,388800
1176706,340000
1176713,400000
1176717,0
1176719,1301000
1176725,1936400
1176726,325000
1176728,358500
1176730,520000
1176731,0
1176733,650000
1176734,0
1176746,0
1176747,130000
1176750,0
1176755,0
1176762,0
1176772,725500
1176773,862500
1176777,0
1176778,330000
1176791,0
1176794,798500
1176802,381500
1176804,604000
1176806,510000
1176809,400000
1176812,0
1176821,0
1176823,400000
1176828,124000
1176839,1439900
1176849,0
1176855,0
1176860,0
1176863,0
1176871,0
1176872,400000
1176886,0
1176887,525000
1176901,824000
1176902,561100
1176910,0
1176918,0
1176922,944200
1176924,250000
1176928,400000
1176931,0
1176933,0
1176934,145000
1176943,150000
1176947,200000
1176948,530000
1176950,335000
1176958,335000
1176962,526100
1176976,351200
1176978,150000
1176980,660800
1176984,330000
1176988,250000
1176993,397500
1176996,350000
1177004,0
1177011,446000
1177015,386000
1177016,100000
1177024,400000
1177029,350000
1177031,0
1177032,250000
1177033,360900
1177034,475000
1177045,250000
1177048,360000
1177049,250000
1177056,684500
1177058,150000
1177060,1095800
1177061,100000
1177068,414200
1177069,250000
1177074,250000
1177081,465000
1177086,2815300
1177098,681400
1177105,410000
1177110,520000
1177140,385000
1177148,250000
1177150,420500
1177152,100000
1177155,406500
1177157,250000
1177158,0
1177171,250000
1177172,250000
1177173,0
1177175,145000
1177180,2000000
1177190,512600
1177191,631000
1177193,558700
1177194,66300
1177195,120000
1177196,400000
1177199,359000
1177207,395000
1177209,0
1177214,315000
1177219,444500
1177221,350000
1177225,100000
1177227,360100
1177242,550000
1177243,0
1177247,0
1177249,597500
1177260,0
1177268,700000
1177270,346800
1177273,250000
1177278,420000
1177280,342000
1177282,790000
1177283,0
1177288,294000
1177289,0
1177291,389800
1177296,500000
1177318,0
1177320,385000
1177321,335000
1177324,200000
1177326,0
1177328,429000
1177329,441500
1177349,1780200
1177354,390000
1177359,306000
1177360,360000
1177362,130000
1177365,1033000
1177366,185200
1177375,729000
1177382,293500
1177383,0
1177385,553500
1177395,315000
1177399,300000
1177400,0
1177408,250000
1177410,0
1177417,490000
1177418,528200
1177425,340500
1177426,0
1177431,350000
1177448,1248200
1177452,0
1177456,367500
1177457,497400
1177458,380000
1177464,947400
1177465,767000
1177470,949000
1177474,325000
1177478,500000
1177482,400000
1177483,453000
1177484,0
1177488,400000
1177497,300000
1177499,400000
1177504,295100
1177505,312500
1177508,610000
1177535,0
1177563,566000
1177564,0
1177582,1093000
1177590,550000
1177603,435400
1177605,0
1177609,0
1177616,0
1177630,755500
1177635,420200
1177638,6618000
1177641,450000
1177648,264000
1177651,0
1177655,250000
1177664,150000
1177668,385000
1177669,164500
1177670,801000
1177673,148000
1177682,145000
1177686,400000
1177687,600000
1177688,0
1177691,0
1177694,4000000
1177697,0
1177698,330000
1177703,291600
1177716,481000
1177718,250000
1177719,2255800
1177730,400000
1177733,150000
1177734,470400
1177735,1119600
1177745,600000
1177751,150000
1177753,494500
1177754,297500
1177761,0
1177763,325000
1177764,127800
1177770,439600
1177772,2030100
1177775,250000
1177776,200000
1177780,502000
1177785,0
1177791,702300
1177794,559000
1177802,0
1177810,448700
1177811,150000
1177812,560000
1177814,306000
1177816,0
1177820,68000
1177821,590000
1177822,204000
1177823,300000
1177826,542500
1177835,0
1177836,617500
1177839,0
1177849,457000
1177856,294000
1177860,69600
1177866,3642200
1177869,250000
1177871,130000
1177874,695300
1177878,1837600
1177884,600000
1177893,0
1177897,0
1177904,0
1177913,0
1177920,0
1177922,871700
1177933,375000
1177934,0
1177935,300000
1177945,443500
1177949,524200
1177954,0
1177956,3900
1177971,564200
1177976,373600
1177979,325100
1177993,765000
1177994,15000
1177995,980000
1177999,400000
1178005,150000
1178009,250000
1178014,1922500
1178015,400000
1178025,512500
1178027,250000
1178029,0
1178033,0
1178035,562500
1178040,0
1178044,300000
1178045,150000
1178048,0
1178060,0
1178066,150000
1178067,1520600
1178076,500000
1178083,0
1178096,467500
1178106,0
1178113,500000
1178125,2326100
1178127,372000
1178168,1701000
1178171,479900
1178176,666000
1178182,280000
1178199,600000
1178202,0
1178206,0
1178210,150000
1178211,0
1178216,0
1178219,200000
1178221,0
1178247,780000
1178251,112000
1178268,528300
1178271,320400
1178272,123200
1178279,303500
1178296,2250000
1178298,303800
1178303,150000
1178307,140000
1178317,0
1178319,0
1178328,400000
1178334,476300
1178339,0
1178342,492300
1178344,0
1178346,200000
1178347,0
1178349,365400
1178354,631700
1178368,200000
1178378,486000
1178379,400000
1178385,431500
1178389,715000
1178391,0
1178394,400000
1178408,456000
1178414,200000
1178419,250000
1178425,0
1178430,471600
1178440,308300
1178442,150000
1178447,200000
1178450,478500
1178451,0
1178459,0
1178463,0
1178468,328000
1178477,617500
1178483,0
1178484,150000
1178492,0
1178494,0
1178497,520000
1178500,1680400
1178506,2594200
1178522,0
1178527,444000
1178541,150000
1178544,327500
1178548,580500
1178550,0
1178553,404700
1178557,0
1178561,0
1178571,457400
1178577,250000
1178579,0
1178581,0
1178585,500000
1178589,322300
1178590,400000
1178596,794500
1178603,0
1178618,332500
1178620,268000
1178628,0
1178629,200000
1178637,1274800
1178638,450000
1178641,350000
1178654,450000
1178655,1430500
1178661,250000
1178667,0
1178669,1059000
1178682,408500
1178688,7030000
1178689,300000
1178696,0
1178698,0
1178704,250000
1178707,1149200
1178711,858700
1178713,543000
1178721,683500
1178723,0
1178724,597500
1178726,452800
1178727,500000
1178728,795300
1178737,454500
1178740,763500
1178742,0
1178744,0
1178751,1048800
1178756,0
1178760,0
1178765,464600
1178773,0
1178774,580000
1178775,400000
1178777,250000
1178781,200000
1178796,400000
1178797,331500
1178804,0
1178813,0
1178815,0
1178822,145000
1178830,513500
1178839,1240000
1178848,200000
1178850,0
1178858,0
1178859,0
1178860,0
1178862,1711300
1178867,2029000
1178873,0
1178880,108000
1178881,711200
1178882,1000000
1178889,0
1178895,857500
1178897,462300
1178899,0
1178900,1933500
1178903,0
1178912,0
1178919,350000
1178922,80000
1178924,0
1178932,3474500
1178935,400000
1178937,0
1178939,0
1178941,150000
1178953,560000
1178958,605500
1178974,0
1178978,460800
1178984,0
1178994,0
1178998,0
1179006,0
1179018,444800
1179022,300000
1179023,0
1179027,100000
1179030,800800
1179037,0
1179040,215000
1179051,0
1179054,0
1179055,692500
1179067,83600
1179077,970200
1179081,956700
1179083,600000
1179088,0
1179089,0
1179091,400000
1179095,0
1179098,728600
1179099,1000000
1179100,0
1179102,730000
1179107,672500
1179117,400000
1179121,1000000
1179126,1153100
1179127,776500
1179133,367200
1179135,1000000
1179139,930000
1179141,145000
1179145,500000
1179150,150000
1179153,679500
1179154,150000
1179155,150000
1179157,130000
1179159,0
1179161,150000
1179166,600000
1179170,400000
1179171,0
1179182,150000
1179184,0
1179186,320700
1179190,1000000
1179196,400000
1179197,700000
1179202,584700
1179205,800000
1179208,600000
1179212,1000000
1179213,150000
1179218,150000
1179233,1500000
1179239,400000
1179245,0
1179257,442500
1179265,596000
1179279,130000
1179280,300000
1179281,0
1179308,400000
1179311,410000
1179314,285000
1179315,1888900
1179340,0
1179344,150000
1179361,0
1179364,0
1179365,150000
1179366,450000
1179367,250000
1179369,856700
1179376,642300
1179386,400000
1179388,0
1179394,0
1179404,0
1179414,390200
1179416,465000
1179432,0
1179441,0
1179442,0
1179444,295000
1179445,450900
1179454,400000
1179455,0
1179459,145000
1179462,833300
1179463,0
1179467,697000
1179468,0
1179483,250000
1179494,370700
1179500,250000
1179507,0
1179511,300000
1179526,486400
1179528,400000
1179533,0
1179534,847300
1179535,325000
1179536,387500
1179539,250000
1179542,638500
1179544,805700
1179545,250000
1179556,7208800
1179567,250000
1179571,980600
1179573,250000
1179574,584000
1179576,0
1179581,800000
1179582,0
1179589,150000
1179605,942600
1179609,250000
1179625,572400
1179636,150000
1179640,0
1179642,340100
1179643,0
1179649,0
1179655,903000
1179658,485000
1179660,0
1179661,350000
1179664,500000
1179669,574200
1179674,250000
1179676,0
1179677,400000
1179704,600000
1179707,520000
1179718,1106000
1179725,720000
1179727,485000
1179731,0
1179755,356300
1179780,0
1179799,613000
1179805,3618200
1179811,1463400
1179827,250000
1179830,1248800
1179849,250000
1179851,362500
1179852,457200
1179861,0
1179864,0
1179866,2433100
1179868,0
1179872,0
1179891,250000
1179893,1218500
1179894,150000
1179895,400100
1179897,250000
1179900,250000
1179901,400000
1179902,0
1179910,514100
1179917,0
1179925,727500
1179930,8400
1179934,0
1179936,500000
1179939,532000
1179946,0
1179947,316500
1179956,0
1179957,400000
1179965,221500
1179969,0
1179970,350000
1179971,436500
1179982,0
1179985,500000
1179995,0
1179997,0
1180000,321000
1180004,5480200
1180005,0
1180009,435700
1180010,0
1180022,0
1180024,0
1180034,416200
1180035,0
1180044,360000
1180045,0
1180050,449000
1180055,150000
1180060,305000
1180066,350000
1180070,674500
1180086,600000
1180087,302500
1180090,412500
1180111,475500
1180122,0
1180123,400400
1180124,112000
1180132,405800
1180135,140000
1180138,0
1180144,560200
1180146,411100
1180149,425000
1180155,675200
1180158,0
1180163,255000
1180166,852200
1180169,0
1180170,672600
1180171,0
1180172,0
1180174,150000
1180175,932400
1180177,350000
1180179,0
1180185,0
1180191,472000
1180192,112000
1180202,800000
1180207,150000
1180209,0
1180218,0
1180222,670000
1180234,0
1180238,469800
1180245,0
1180254,130000
1180264,456000
1180266,0
1180281,150000
1180291,650000
1180295,358500
1180296,0
1180305,396000
1180311,886100
1180313,0
1180325,467500
1180327,0
1180331,1027800
1180334,488700
1180336,478800
1180341,751000
1180347,458500
1180360,0
1180369,400000
1180376,541000
1180378,467500
1180385,0
1180390,335200
1180392,0
1180394,679300
1180409,140000
1180410,300000
1180419,300000
1180420,0
1180423,481000
1180429,1218000
1180430,0
1180436,602500
1180441,0
1180444,150000
1180445,444500
1180450,186400
1180453,405000
1180482,322500
1180483,1135000
1180487,0
1180489,148000
1180494,520000
1180498,0
1180501,455800
1180502,481500
1180512,463900
1180516,0
1180518,0
1180524,0
1180529,150000
1180533,470700
1180534,366500
1180537,399000
1180538,0
1180539,0
1180540,967200
1180542,499800
1180543,462600
1180555,0
1180557,0
1180569,350000
1180573,350000
1180579,480100
1180586,1062800
1180588,352500
1180590,0
1180600,0
1180601,0
1180603,434100
1180607,240000
1180610,150000
1180611,851200
1180616,411000
1180618,545400
1180619,327000
1180620,0
1180627,540800
1180630,447300
1180634,454000
1180641,956100
1180649,86400
1180654,400000
1180666,297000
1180669,0
1180677,449400
1180678,0
1180681,19000
1180683,352100
1180688,399000
1180701,0
1180703,425000
1180707,130000
1180720,150000
1180725,0
1180731,150000
1180740,0
1180744,801000
1180745,355800
1180746,589800
1180749,0
1180751,0
1180754,696400
1180763,800000
1180770,0
1180771,0
1180775,0
1180776,415000
1180781,300000
1180790,474300
1180804,573900
1180808,130000
1180809,508000
1180813,705000
1180814,145000
1180821,382500
1180826,714700
1180827,0
1180829,400000
1180836,402000
1180837,1188400
1180840,336200
1180862,443400
1180876,0
1180886,3688000
1180890,294600
1180894,350000
1180901,200000
1180911,150000
1180916,130000
1180918,441000
1180926,506700
1180928,0
1180930,0
1180933,8502300
1180939,437400
1180941,446000
1180942,0
1180946,361400
1180948,589200
1180949,0
1180950,517800
1180953,400000
1180955,0
1180958,450000
1180960,480000
1180967,0
1180987,90000
1180992,1643500
1180993,330000
1180997,504400
1181000,921300
1181001,325000
1181011,0
1181013,0
1181016,424800
1181028,150000
1181049,0
1181053,82800
1181054,907600
1181072,120000
1181081,400000
1181083,295000
1181085,400000
1181086,466200
1181091,2457900
1181092,500000
1181101,782600
1181105,427900
1181109,467500
1181112,0
1181114,150000
1181123,0
1181124,401300
1181128,400000
1181129,1013400
1181132,1064200
1181135,1092300
1181139,130000
1181148,490000
1181152,400000
1181165,400000
1181171,467000
1181178,900000
1181183,440000
1181193,1069900
1181194,150000
1181199,370100
1181208,146500
1181213,998500
1181216,0
1181217,400000
1181222,1153200
1181226,0
1181234,308500
1181237,340000
1181238,550000
1181245,440400
1181246,200000
1181249,0
1181250,0
1181257,145000
1181258,392300
1181262,450000
1181263,592800
1181269,150000
1181271,543800
1181274,336000
1181278,1623700
1181282,472000
1181298,449100
1181301,472000
1181302,445500
1181304,429600
1181311,670000
1181333,350000
1181335,400000
1181338,0
1181342,400000
1181343,410000
1181354,500000
1181355,1045300
1181360,150000
1181364,150000
1181366,500000
1181368,820000
1181370,150000
1181372,0
1181373,290000
1181374,0
1181383,150000
1181384,0
1181392,889000
1181397,284000
1181402,600000
1181407,332600
1181408,520000
1181410,350000
1181415,429800
1181418,348600
1181419,670000
1181425,829000
1181432,0
1181436,227700
1181447,291000
1181449,234500
1181452,541900
1181453,724300
1181455,300000
1181456,0
1181457,366000
1181463,0
1181469,400000
1181470,472000
1181475,0
1181483,0
1181486,422500
1181488,0
1181501,263200
1181514,342000
1181515,0
1181519,452500
1181522,1259500
1181526,315000
1181531,960000
1181536,304000
1181538,474500
1181539,388200
1181541,0
1181549,4940400
1181550,431000
1181551,285000
1181564,2467600
1181565,0
1181568,0
1181569,866000
1181573,2463500
1181574,128000
1181578,291000
1181579,0
1181580,1176400
1181581,0
1181582,0
1181591,731700
1181595,225000
1181603,0
1181607,560100
1181608,0
1181610,313200
1181615,365500
1181621,430600
1181623,169000
1181625,160200
1181631,400000
1181637,0
1181638,0
1181641,0
1181643,647500
1181645,350000
1181651,0
1181652,508000
1181653,0
1181654,1235000
1181656,520000
1181661,400000
1181662,150000
1181670,700000
1181677,118100
1181679,0
1181689,530000
1181691,554000
1181700,1500000
1181702,0
1181710,324000
1181715,250000
1181717,150000
1181720,200000
1181725,250000
1181727,366000
1181732,329300
1181734,350000
1181741,1777500
1181745,0
1181748,353400
1181750,0
1181752,0
1181754,0
1181762,0
1181763,302600
1181765,0
1181766,366000
1181767,0
1181778,678300
1181779,530300
1181782,495600
1181787,502500
1181791,289100
1181793,150000
1181794,0
1181795,550000
1181796,456700
1181800,0
1181803,137000
1181805,0
1181806,0
1181812,0
1181813,400000
1181817,467500
1181822,465000
1181823,750000
1181842,749800
1181843,0
1181845,390200
1181850,450000
1181856,391600
1181861,8335600
1181869,150000
1181870,433300
1181877,1212000
1181889,0
1181895,562600
1181901,393000
1181906,970600
1181927,400000
1181929,422500
1181934,501200
1181938,3305000
1181941,550000
1181942,347000
1181944,417700
1181947,0
1181949,205000
1181952,311500
1181953,489600
1181955,1666600
1181956,563200
1181961,481000
1181968,150000
1181973,0
1181977,0
1181979,409600
1181983,132300
1181985,446200
1181990,0
1181991,750000
1182004,0
1182005,451500
1182006,3948100
1182013,670000
1182018,409600
1182025,470200
1182029,0
1182031,476500
1182032,800000
1182043,400000
1182045,250000
1182047,0
1182059,822500
1182063,423800
1182065,120000
1182066,500000
1182075,0
1182086,150000
1182087,400000
1182089,500000
1182103,450000
1182107,150000
1182118,300000
1182131,400000
1182135,0
1182144,200000
1182145,0
1182151,520000
1182154,518300
1182164,387000
1182165,334000
1182168,277000
1182176,360600
1182182,345200
1182183,357000
1182190,318000
1182193,0
1182201,457200
1182208,2037700
1182212,458500
1182215,458200
1182216,1117300
1182217,0
1182222,558200
1182224,0
1182241,360000
1182248,700000
1182262,536700
1182264,3611500
1182268,0
1182269,350000
1182270,580000
1182279,0
1182296,1200000
1182306,471000
1182308,391200
1182320,0
1182322,400000
1182325,400000
1182328,140000
1182335,350000
1182341,400900
1182351,1150000
1182356,0
1182359,423800
1182361,367500
1182364,0
1182366,0
1182369,0
1182370,0
1182375,481000
1182376,454000
1182377,479200
1182379,700000
1182385,360000
1182387,350000
1182393,500000
1182395,431300
1182398,511200
1182401,487800
1182406,0
1182415,175000
1182419,360600
1182421,306000
1182424,274500
1182427,425000
1182437,542000
1182443,150000
1182448,7929100
1182457,581000
1182469,431000
1182492,150000
1182494,400000
1182497,471100
1182502,360000
1182509,150000
1182513,0
1182519,508000
1182526,480000
1182533,500000
1182535,419300
1182537,0
1182538,330000
1182543,0
1182546,1137900
1182558,384000
1182563,300000
1182570,0
1182578,0
1182579,0
1182582,390000
1182585,250000
1182587,556800
1182592,478000
1182593,400000
1182597,650000
1182600,463500
1182601,750000
1182603,496800
1182605,640000
1182612,500000
1182616,0
1182622,828000
1182625,554500
1182627,400000
1182628,420400
1182630,384400
1182637,500000
1182640,1652400
1182648,462900
1182649,545000
1182660,150000
1182664,732000
1182665,0
1182668,0
1182675,0
1182677,0
1182679,212200
1182684,400000
1182688,889000
1182692,975400
1182696,0
1182698,2439000
1182704,400000
1182705,150000
1182711,400000
1182714,685000
1182718,465500
1182727,660000
1182730,764100
1182748,200000
1182751,650000
1182757,1016500
1182758,441000
1182760,513600
1182761,0
1182762,463000
1182782,1234500
1182783,0
1182786,500000
1182797,400000
1182798,422500
1182803,444000
1182806,99400
1182816,150000
1182827,459300
1182831,140000
1182835,150000
1182837,0
1182842,500000
1182848,0
1182854,558600
1182856,830000
1182857,400000
1182862,1090000
1182866,707500
1182867,2769200
1182869,150000
1182881,280000
1182896,455000
1182898,0
1182900,0
1182902,417600
1182910,400000
1182915,410000
1182921,442000
1182922,0
1182923,0
1182931,0
1182935,0
1182940,450000
1182941,0
1182942,150000
1182943,1000000
1182944,307100
1182945,455000
1182946,0
1182949,285000
1182954,350000
1182955,411600
1182956,568500
1182965,0
1182966,311600
1182967,400000
1182972,465500
1182973,570800
1182974,427500
1182980,0
1182983,417500
1182996,640000
1183003,148000
1183005,447800
1183010,600000
1183011,360000
1183012,540000
1183018,0
1183024,465500
1183032,440500
1183040,0
1183042,150000
1183048,0
1183050,0
1183061,0
1183075,676200
1183079,0
1183080,0
1183087,3150000
1183089,1235200
1183090,584500
1183109,984600
1183110,402000
1183112,330000
1183119,400000
1183122,653500
1183135,39900
1183136,428400
1183139,150000
1183150,944100
1183159,200000
1183160,1253400
1183167,294000
1183177,501900
1183181,337500
1183185,898000
1183192,0
1183204,1223100
1183207,0
1183208,2847200
1183209,303200
1183211,0
1183218,300000
1183229,970000
1183234,0
1183246,556800
1183250,0
1183251,520000
1183254,829000
1183260,150000
1183261,0
1183269,327000
1183275,0
1183295,1200000
1183297,0
1183304,329400
1183315,0
1183321,499000
1183328,617500
1183335,0
1183338,465000
1183342,417000
1183343,400000
1183366,0
1183369,369300
1183373,700000
1183374,340500
1183381,400000
1183382,824000
1183390,989100
1183394,432000
1183396,150000
1183400,354000
1183403,407300
1183404,515200
1183415,0
1183416,677200
1183417,302500
1183421,395400
1183423,542000
1183425,150000
1183429,303200
1183430,468900
1183439,520000
1183454,422500
1183457,460800
1183459,484600
1183460,0
1183466,325000
1183467,493600
1183472,0
1183476,444500
1183494,616500
1183505,568500
1183506,400000
1183508,450000
1183511,461000
1183512,400000
1183522,3467400
1183523,400000
1183528,400000
1183536,400000
1183540,0
1183544,748700
1183550,0
1183553,300000
1183555,641000
1183556,559400
1183558,1722000
1183559,9940600
1183561,494500
1183562,567000
1183563,431600
1183564,541600
1183567,314700
1183570,400000
1183571,463000
1183581,465000
1183583,0
1183585,343800
1183589,0
1183593,1090100
1183601,200000
1183605,800000
1183609,250000
1183611,250000
1183628,548600
1183630,2089000
1183633,500000
1183634,0
1183637,400000
1183638,650000
1183639,665000
1183643,280000
1183646,333000
1183654,0
1183659,0
1183662,1515800
1183665,1240900
1183669,250000
1183673,568500
1183676,350700
1183682,342000
1183683,7241000
1183699,0
1183702,557500
1183703,333800
1183707,586000
1183710,508800
1183713,150000
1183717,439600
1183720,634000
1183721,0
1183723,0
1183744,720000
1183758,0
1183759,700000
1183768,0
1183769,324600
1183770,455300
1183775,500000
1183776,0
1183777,517000
1183778,700000
1183781,355000
1183783,2334100
1183784,150000
1183791,1973800
1183792,592500
1183794,264000
1183800,400000
1183805,199500
1183816,1191900
1183819,1821800
1183820,200000
1183824,718300
1183826,150000
1183830,372900
1183837,0
1183841,353400
1183848,556800
1183850,350000
1183851,575000
1183853,0
1183859,400000
1183861,664300
1183865,0
1183869,0
1183872,232000
1183874,402000
1183877,0
1183881,1101000
1183882,577100
1183887,464000
1183888,456300
1183892,0
1183893,0
1183895,440000
1183896,2830100
1183897,1400000
1183899,360000
1183900,150000
1183901,463200
1183903,400000
1183910,505500
1183911,400000
1183918,302500
1183925,498100
1183931,881200
1183936,1240000
1183938,0
1183939,3201800
1183940,378900
1183944,928000
1183947,675000
1183956,0
1183963,0
1183965,0
1183968,150000
1183970,367500
1183973,400000
1183974,346000
1183976,359400
1183979,644900
1183981,150000
1183990,0
1183997,150000
1184007,629800
1184010,302500
1184011,367500
1184015,400000
1184018,796500
1184020,0
1184031,105000
1184032,454000
1184039,150000
1184040,150000
1184043,0
1184049,0
1184052,1122000
1184060,450000
1184068,300000
1184072,355400
1184074,350000
1184075,312200
1184078,347300
1184080,979700
1184085,0
1184090,0
1184091,400000
1184094,1812800
1184095,1200800
1184099,0
1184102,0
1184107,0
1184110,250000
1184112,150000
1184121,732000
1184123,790500
1184128,468900
1184141,538300
1184148,0
1184149,662600
1184150,400000
1184151,298500
1184152,0
1184154,250000
1184158,450400
1184160,518000
1184163,467500
1184164,631000
1184165,0
1184167,525000
1184168,150000
1184171,250000
1184189,400000
1184190,513400
1184192,719000
1184193,320300
1184197,3660900
1184200,332500
1184208,467300
1184213,712000
1184214,900000
1184215,525000
1184224,1550000
1184232,970000
1184236,250000
1184238,0
1184243,150000
1184245,315000
1184250,1753700
1184258,456800
1184261,910700
1184274,450000
1184289,520000
1184294,355500
1184300,500000
1184302,0
1184310,1323200
1184317,350000
1184318,448800
1184324,400000
1184325,0
1184327,450000
1184328,400000
1184334,0
1184338,301000
1184344,250000
1184346,700000
1184360,0
1184366,881000
1184368,490000
1184379,150000
1184383,255000
1184384,400000
1184392,831700
1184400,0
1184402,420000
1184415,400000
1184416,250000
1184427,550000
1184432,730100
1184433,328500
1184434,409700
1184441,150000
1184446,302500
1184468,0
1184473,680400
1184481,0
1184491,450000
1184492,300000
1184500,350000
1184509,200000
1184525,150000
1184527,346000
1184539,567900
1184565,850000
1184576,0
1184577,450000
1184579,1782000
1184582,150000
1184590,1210500
1184595,0
1184607,150000
1184609,684700
1184612,300100
1184620,396500
1184626,0
1184629,450000
1184635,0
1184641,340000
1184644,426800
1184647,404700
1184655,0
1184665,0
1184676,342700
1184684,0
1184689,0
1184700,250000
1184706,0
1184709,211500
1184710,200000
1184712,400000
1184730,117000
1184741,0
1184747,0
1184760,300000
1184784,1399000
1184786,0
1184801,125000
1184813,140000
1184814,485500
1184816,1201400
1184828,2320800
1184831,389500
1184848,1130000
1184852,0
1184857,777000
1184868,285000
1184883,1278000
1184890,200000
1184891,546400
1184893,0
1184894,550400
1184900,700000
1184901,0
1184907,422400
1184913,536000
1184914,340000
1184917,389500
1184921,0
1184931,335000
1184938,350000
1184943,2477800
1184946,600000
1184948,350000
1184949,0
1184950,0
1184952,468500
1184953,607200
1184964,0
1184968,320900
1184976,0
1184980,0
1184998,150000
1185001,550000
1185002,266900
1185005,0
1185035,467500
1185037,0
1185048,0
1185051,754200
1185070,0
1185074,0
1185081,437500
1185083,0
1185089,240000
1185093,2513700
1185100,828000
1185101,0
1185102,150000
1185103,0
1185111,0
1185114,0
1185125,520000
1185136,321800
1185141,701300
1185142,1830000
1185143,362500
1185146,817500
1185150,658700
1185156,0
1185159,150000
1185162,600000
1185165,576000
1185167,930400
1185169,250000
1185170,0
1185172,450000
1185176,594000
1185177,734700
1185187,0
1185188,600000
1185191,150000
1185195,150000
1185198,600000
1185202,150000
1185208,700000
1185210,850000
1185212,584700
1185213,200000
1185215,0
1185219,0
1185226,0
1185228,0
1185232,200000
1185233,128000
1185236,0
1185239,90000
1185240,150000
1185245,150000
1185250,150000
1185254,600000
1185255,450000
1185260,400000
1185265,350000
1185268,400000
1185271,800000
1185273,0
1185275,0
1185276,400000
1185279,700000
1185288,290000
1185292,795000
1185303,650000
1185305,445000
1185313,800000
1185316,350000
1185320,1000000
1185322,485000
1185323,795000
1185325,0
1185327,795000
1185331,350000
1185332,5221700
1185337,550000
1185341,795000
1185342,0
1185348,457000
1185356,0
1185360,0
1185369,467800
1185378,200000
1185385,250000
1185398,645400
1185402,0
1185410,197900
1185417,1247600
1185419,855000
1185422,613900
1185433,830000
1185450,600000
1185461,200000
1185477,297200
1185478,568000
1185495,0
1185499,330400
1185500,676300
1185506,0
1185513,200000
1185515,356000
1185517,150000
1185522,777000
1185528,0
1185538,0
1185541,200000
1185542,550000
1185555,0
1185556,0
1185562,385000
1185566,600000
1185575,0
1185581,781000
1185585,0
1185592,0
1185601,455400
1185603,0
1185604,445700
1185611,450000
1185613,761500
1185626,473000
1185634,1168200
1185635,538000
1185653,740300
1185668,426700
1185671,90000
1185673,529000
1185675,310000
1185692,0
1185694,250000
1185695,400000
1185706,200000
1185709,1525000
1185734,362500
1185738,250000
1185746,355000
1185748,117800
1185755,120000
1185763,1726200
1185768,2585400
1185775,411000
1185779,0
1185780,0
1185789,400000
1185800,447500
1185808,350000
1185810,312000
1185811,3272100
1185813,250000
1185815,968400
1185821,340000
1185824,263800
1185826,727500
1185832,1025500
1185837,476500
1185839,500000
1185843,350000
1185844,322500
1185856,332000
1185860,1250000
1185870,344500
1185881,0
1185884,135000
1185889,306000
1185890,250000
1185896,3547400
1185897,939500
1185901,195000
1185902,0
1185904,520000
1185905,525100
1185914,0
1185917,400000
1185923,310000
1185927,2066300
1185929,400000
1185931,626500
1185932,744100
1185934,400000
1185936,250000
1185945,0
1185947,635500
1185954,404500
1185959,359500
1185965,476500
1185966,0
1185969,599800
1185987,530000
1185990,0
1185993,573500
1185994,300000
1185999,520000
1186001,0
1186004,1566400
1186008,0
1186011,670000
1186014,155500
1186018,1899000
1186024,0
1186028,0
1186037,150000
1186040,0
1186041,0
1186043,1140000
1186044,450000
1186051,733300
1186054,250000
1186055,0
1186063,150000
1186065,0
1186077,0
1186084,400000
1186089,0
1186093,250000
1186112,470000
1186118,0
1186126,477300
1186128,1635500
1186150,168500
1186152,400000
1186153,400000
1186154,150000
1186155,423000
1186160,0
1186171,600000
1186172,620000
1186189,517600
1186209,317500
1186216,800000
1186217,426600
1186226,515000
1186232,1618900
1186234,389400
1186235,630800
1186237,370900
1186242,0
1186243,431500
1186246,297500
1186248,360500
1186260,0
1186267,372000
1186269,367300
1186281,105000
1186282,929900
1186289,1391600
1186290,0
1186300,0
1186309,400000
1186318,450000
1186323,520000
1186344,1280000
1186363,150000
1186374,495000
1186386,418200
1186405,0
1186408,660000
1186409,350000
1186422,250000
1186427,304500
1186428,467800
1186436,564000
1186442,0
1186445,362300
1186452,0
1186463,0
1186467,400000
1186477,1056100
1186490,341000
1186492,600000
1186497,350000
1186498,500000
1186502,492300
1186504,0
1186506,0
1186522,417200
1186536,0
1186538,477900
1186541,400000
1186546,350000
1186548,140000
1186554,0
1186556,507800
1186559,0
1186573,353700
1186576,0
1186579,423900
1186580,1948400
1186593,500000
1186594,591700
1186595,435000
1186597,621300
1186603,397500
1186608,553500
1186623,0
1186629,0
1186636,2455400
1186638,790000
1186647,457500
1186649,1059500
1186658,550000
1186659,0
1186662,362300
1186666,447300
1186672,1211500
1186674,1894800
1186676,0
1186685,921200
1186686,0
1186687,0
1186689,600400
1186692,381000
1186693,261000
1186700,350000
1186704,291800
1186706,896900
1186714,200000
1186718,382500
1186743,0
1186745,353800
1186755,0
1186757,400000
1186759,0
1186761,167500
1186763,400000
1186765,269100
1186766,1239400
1186768,568000
1186772,410600
1186774,605000
1186782,439500
1186785,400000
1186787,0
1186791,515500
1186805,400000
1186811,400000
1186820,322500
1186821,525400
1186822,396000
1186831,369000
1186836,150000
1186853,400000
1186859,424800
1186863,400000
1186873,0
1186878,455000
1186881,0
1186888,430000
1186889,0
1186890,250000
1186892,0
1186893,454000
1186897,0
1186900,0
1186902,297000
1186908,554200
1186913,269100
1186921,0
1186934,400000
1186938,312000
1186943,1384500
1186947,185000
1186950,354800
1186951,0
1186953,400000
1186954,140000
1186957,250000
1186967,589600
1186969,450000
1187004,0
1187006,505500
1187007,400200
1187016,977800
1187023,0
1187024,520000
1187033,0
1187039,690000
1187041,0
1187045,595000
1187049,0
1187051,909400
1187056,400000
1187061,556800
1187062,400000
1187066,853900
1187068,890500
1187075,1114700
1187079,400000
1187080,700000
1187087,0
1187093,121500
1187094,352500
1187112,472000
1187115,520000
1187129,600000
1187131,150000
1187132,530800
1187141,400000
1187143,200000
1187146,765900
1187149,0
1187150,0
1187157,400000
1187161,0
1187164,0
1187165,190000
1187167,561200
1187168,311000
1187179,523800
1187182,250000
1187183,0
1187187,400000
1187194,734000
1187203,465300
1187210,401300
1187213,148000
1187219,1426700
1187226,425400
1187228,470200
1187230,556800
1187231,0
1187249,349500
1187256,0
1187257,545000
1187258,0
1187265,150000
1187268,362600
1187270,0
1187271,663600
1187274,0
1187279,750000
1187283,400000
1187285,441200
1187295,1936000
1187298,400000
1187299,0
1187300,924000
1187301,150000
1187307,400000
1187312,446400
1187317,571500
1187321,848500
1187323,400000
1187331,400000
1187332,449700
1187334,559000
1187337,0
1187347,421900
1187351,0
1187363,307500
1187367,1057000
1187376,2055200
1187380,331600
1187385,440500
1187394,400000
1187398,0
1187402,0
1187410,427500
1187411,361500
1187415,244800
1187421,484200
1187423,559000
1187427,400000
1187430,1170000
1187436,270000
1187438,778500
1187441,520000
1187452,450000
1187460,318000
1187467,520000
1187469,0
1187470,545000
1187471,1350000
1187474,550000
1187484,0
1187489,516200
1187496,428800
1187503,180000
1187504,1000000
1187506,400000
1187514,446300
1187517,922600
1187520,198800
1187529,367500
1187534,175000
1187537,520000
1187538,2456000
1187542,150000
1187550,720000
1187551,400000
1187559,840200
1187561,0
1187578,270000
1187580,462000
1187581,832000
1187583,0
1187593,469800
1187604,400000
1187607,0
1187614,769800
1187622,450000
1187623,0
1187626,0
1187632,706800
1187635,459900
1187636,2227500
1187640,352700
1187641,360500
1187642,150000
1187650,0
1187666,550000
1187669,279600
1187672,932000
1187674,0
1187675,905600
1187679,400000
1187682,150000
1187684,1507000
1187686,959300
1187693,462500
1187699,400000
1187710,600000
1187712,250000
1187719,1126500
1187722,0
1187723,150000
1187729,193600
1187730,291300
1187732,0
1187739,0
1187741,252000
1187742,450400
1187743,0
1187745,924300
1187748,0
1187751,315000
1187753,0
1187755,150000
1187756,500000
1187763,415200
1187770,457600
1187776,0
1187777,685500
1187778,442900
1187779,400000
1187783,400000
1187787,317500
1187793,350000
1187800,507500
1187803,347000
1187805,393000
1187806,720000
1187809,351000
1187813,330000
1187819,400000
1187822,2915000
1187826,300000
1187832,350000
1187838,2410300
1187843,454000
1187853,300000
1187854,3000000
1187856,578300
1187857,300000
1187858,264000
1187859,578200
1187863,270000
1187864,0
1187872,633700
1187878,250000
1187888,347600
1187896,520000
1187897,400000
1187898,375800
1187912,446300
1187916,500000
1187921,580200
1187941,250000
1187945,150000
1187956,450400
1187957,250000
1187962,435000
1187974,0
1187979,940000
1187980,0
1187982,0
1187983,0
1187987,0
1188013,250000
1188022,377000
1188035,0
1188036,750000
1188037,1500000
1188039,474800
1188041,450000
1188047,345000
1188053,426000
1188055,400000
1188056,148000
1188059,0
1188060,611300
1188063,0
1188068,1451600
1188073,400000
1188076,483300
1188077,670000
1188091,252800
1188095,0
1188098,0
1188100,0
1188102,361500
1188106,405000
1188112,400000
1188119,320400
1188124,450000
1188130,354000
1188131,410000
1188139,580000
1188141,1305000
1188145,0
1188147,38500
1188149,145000
1188155,408000
1188159,200000
1188161,599500
1188163,150000
1188168,383000
1188170,369500
1188178,0
1188188,986000
1188196,0
1188198,1134700
1188200,296000
1188201,0
1188207,495000
1188209,0
1188210,444000
1188212,400000
1188214,1155500
1188215,642500
1188217,0
1188218,273000
1188222,800000
1188223,445000
1188225,150000
1188226,642900
1188230,0
1188235,350000
1188236,150000
1188239,520000
1188245,400000
1188250,500000
1188251,250000
1188255,442500
1188259,150000
1188266,0
1188268,400000
1188271,0
1188274,400000
1188275,458500
1188279,476500
1188285,600000
1188291,262000
1188294,0
1188295,0
1188300,399000
1188301,450000
1188306,375000
1188309,1022000
1188311,0
1188315,0
1188322,140000
1188335,0
1188346,537000
1188348,476500
1188350,750000
1188355,573400
1188356,450000
1188364,0
1188366,0
1188367,704800
1188368,0
1188376,500000
1188382,0
1188384,345000
1188386,0
1188395,0
1188399,0
1188405,140000
1188423,350000
1188427,650000
1188440,3591500
1188447,350000
1188449,250000
1188450,639900
1188452,810000
1188454,270000
1188458,552500
1188459,559000
1188460,562700
1188461,486400
1188469,492000
1188471,110000
1188480,200000
1188481,517100
1188482,550000
1188491,150000
1188492,650000
1188496,0
1188499,171600
1188503,150000
1188504,1637300
1188509,244600
1188510,978400
1188512,375800
1188523,2283300
1188524,1053600
1188529,150000
1188540,586000
1188545,518600
1188547,400000
1188549,44800
1188554,300000
1188562,384000
1188569,546000
1188571,0
1188574,2400000
1188578,303000
1188594,0
1188601,145000
1188606,0
1188608,650000
1188609,563500
1188610,548000
1188612,0
1188617,340000
1188620,463000
1188623,1145900
1188625,0
1188629,250000
1188630,400000
1188641,0
1188642,0
1188648,0
1188652,2395000
1188656,0
1188660,0
1188674,405000
1188675,1500000
1188677,0
1188680,1472500
1188687,1790000
1188688,8800
1188691,350000
1188694,0
1188695,365200
1188700,550000
1188704,510700
1188710,0
1188712,2449500
1188717,0
1188721,370200
1188722,2455000
1188728,400000
1188732,0
1188740,0
1188741,150000
1188748,900000
1188757,100000
1188758,0
1188760,2537400
1188763,1500000
1188774,835300
1188782,0
1188785,421600
1188786,447300
1188796,487500
1188798,0
1188799,0
1188800,417500
1188805,676500
1188807,2393000
1188808,0
1188810,150000
1188812,0
1188813,458500
1188814,468000
1188815,448500
1188816,3000000
1188817,450000
1188826,584400
1188830,2400000
1188831,0
1188833,2390000
1188834,442500
1188835,896500
1188840,1766000
1188842,0
1188844,153000
1188854,300000
1188855,446100
1188856,2400000
1188862,467500
1188863,436100
1188870,390000
1188874,0
1188876,0
1188887,575700
1188897,400000
1188902,0
1188905,350000
1188908,316500
1188909,1545900
1188916,0
1188923,400000
1188924,0
1188926,497000
1188928,453300
1188937,433100
1188938,183300
1188940,440100
1188943,530000
1188953,0
1188954,200000
1188956,383100
1188961,150000
1188968,0
1188972,2400000
1188987,600000
1188989,1226500
1188991,0
1188994,1776000
1188997,390000
1189001,414900
1189007,395300
1189023,0
1189037,220000
1189040,500000
1189041,0
1189044,2393000
1189045,0
1189046,611000
1189052,150000
1189056,0
1189057,550000
1189060,12000000
1189063,0
1189064,399500
1189066,410800
1189074,289700
1189080,550000
1189085,342500
1189091,150000
1189092,1598000
1189098,0
1189102,300000
1189106,484000
1189110,140000
1189116,422600
1189120,0
1189125,400000
1189129,400000
1189139,700000
1189140,413000
1189144,2595000
1189173,456300
1189176,2398000
1189178,355500
1189186,2888000
1189208,2395000
1189211,0
1189215,0
1189219,400000
1189226,0
1189239,164500
1189245,786000
1189249,481000
1189252,0
1189256,312400
1189257,370800
1189263,0
1189265,350000
1189267,195000
1189272,0
1189273,795000
1189274,653200
1189278,350000
1189289,399000
1189291,1170400
1189303,250000
1189305,713500
1189310,925600
1189320,0
1189321,0
1189324,300000
1189342,0
1189347,18400
1189365,400000
1189370,508000
1189371,0
1189377,354000
1189380,397500
1189390,819800
1189392,0
1189399,150000
1189401,372000
1189405,400000
1189408,0
1189411,456300
1189412,485900
1189421,0
1189430,519500
1189433,0
1189435,0
1189437,0
1189440,284500
1189442,150000
1189445,525300
1189467,150000
1189473,0
1189477,0
1189485,150000
1189488,495000
1189489,578000
1189490,337700
1189496,648000
1189497,0
1189503,0
1189504,325000
1189511,343500
1189514,312000
1189518,450000
1189523,387800
1189529,250000
1189530,685000
1189545,400000
1189549,321300
1189551,0
1189552,592500
1189555,150000
1189560,349200
1189563,276000
1189565,0
1189567,648300
1189570,335300
1189578,150000
1189580,0
1189581,1133300
1189583,898500
1189587,0
1189588,150000
1189590,367700
1189593,100000
1189596,360000
1189600,432000
1189606,650000
1189612,435000
1189616,350000
1189631,350000
1189636,720000
1189639,390000
1189659,117000
1189660,400000
1189668,200000
1189670,422500
1189671,319500
1189676,458500
1189679,250000
1189690,526100
1189692,520000
1189693,1309900
1189744,0
1189746,0
1189759,250000
1189766,0
1189768,475400
1189771,424800
1189772,100000
1189773,4633600
1189776,550000
1189781,400000
1189782,495400
1189785,452400
1189792,467500
1189805,580500
1189814,1002000
1189818,100000
1189823,200000
1189824,0
1189827,400000
1189831,520000
1189838,339200
1189842,859800
1189850,0
1189851,553700
1189855,2004600
1189862,350000
1189869,1156700
1189871,200000
1189877,297500
1189882,600000
1189895,497000
1189898,650000
1189902,394000
1189905,504000
1189911,669000
1189912,0
1189913,250000
1189920,0
1189924,530000
1189926,1283900
1189927,0
1189934,0
1189942,728000
1189954,304600
1189955,498600
1189972,387500
1189974,317300
1189978,458500
1189981,1735700
1189982,0
1189984,0
1189991,1080000
1189992,600000
1189998,400000
1189999,550000
1190006,705000
1190010,324500
1190023,250000
1190028,748800
1190029,496800
1190032,295000
1190034,405800
1190039,605000
1190047,642900
1190048,492300
1190049,300000
1190050,1503800
1190062,350000
1190063,430000
1190076,16000
1190077,400000
1190078,440000
1190081,120000
1190082,490000
1190090,385500
1190091,700100
1190096,337500
1190104,0
1190107,715000
1190113,370500
1190130,250000
1190144,1065300
1190147,400000
1190171,2000000
1190176,0
1190177,0
1190182,0
1190184,415400
1190186,625900
1190188,0
1190206,6377900
1190214,738600
1190217,315000
1190229,150000
1190233,607500
1190237,400000
1190241,469800
1190261,444000
1190264,481000
1190269,691600
1190279,444500
1190282,594700
1190290,200000
1190300,550000
1190301,279000
1190302,400000
1190304,400000
1190308,335000
1190314,531500
1190315,0
1190322,1325000
1190323,400000
1190326,472000
1190332,0
1190333,400000
1190337,520000
1190342,0
1190352,465300
1190354,425700
1190363,150000
1190364,705700
1190367,450000
1190369,1850000
1190371,300000
1190377,250000
1190378,527500
1190390,452300
1190393,0
1190396,411000
1190397,150000
1190398,0
1190415,385200
1190419,500000
1190421,302500
1190433,451600
1190436,440000
1190451,148000
1190467,0
1190469,100000
1190479,150000
1190481,0
1190483,345000
1190484,350000
1190486,456000
1190487,400000
1190490,532100
1190493,400000
1190496,0
1190505,388500
1190507,70000
1190519,175000
1190520,148000
1190524,422300
1190529,0
1190537,255000
1190546,357500
1190550,812700
1190552,0
1190553,650000
1190555,225000
1190560,520000
1190562,535000
1190563,345900
1190565,0
1190566,2524300
1190568,200000
1190570,100000
1190578,330000
1190585,0
1190588,687000
1190592,279000
1190595,421800
1190596,400000
1190603,400000
1190605,2793600
1190616,200000
1190619,0
1190620,400000
1190623,0
1190628,494400
1190629,472000
1190631,150000
1190652,0
1190653,1031500
1190669,611000
1190676,148000
1190683,395100
1190689,150000
1190695,150000
1190697,250000
1190700,579000
1190705,633800
1190710,312000
1190711,642100
1190723,400000
1190744,548400
1190746,472000
1190748,150000
1190755,655800
1190764,500000
1190767,527000
1190768,0
1190773,478800
1190776,400000
1190777,90000
1190782,2288100
1190784,468000
1190800,0
1190810,636400
1190814,1185000
1190817,0
1190819,250000
1190820,400000
1190863,550000
1190868,1047600
1190879,900000
1190881,0
1190888,454000
1190896,0
1190901,759500
1190903,0
1190908,501000
1190931,395100
1190936,0
1190938,0
1190939,0
1190940,0
1190942,150000
1190955,1500000
1190956,319100
1190964,365600
1190966,2025000
1190967,400000
1190975,595000
1190978,0
1190980,427000
1190986,214200
1190987,309200
1190988,821300
1190990,900000
1190993,350000
1191003,250000
1191008,820000
1191016,0
1191022,429400
1191026,846500
1191028,400000
1191030,715500
1191032,277300
1191036,380000
1191042,302500
1191044,150000
1191065,742000
1191070,642000
1191073,250000
1191078,300000
1191085,145000
1191089,150000
1191091,250000
1191093,421500
1191102,1122500
1191104,920000
1191113,0
1191117,671900
1191133,439600
1191138,324000
1191142,445000
1191150,527000
1191154,399200
1191155,135000
1191160,460500
1191161,527000
1191162,1599200
1191164,587800
1191181,3000000
1191184,0
1191188,506600
1191191,150000
1191194,422500
1191196,543000
1191202,140000
1191211,145000
1191215,400000
1191227,487500
1191232,300000
1191236,1763800
1191237,150000
1191242,200000
1191245,352500
1191248,200000
1191249,307500
1191260,300000
1191273,685700
1191278,446100
1191290,434300
1191296,558500
1191298,210000
1191303,276300
1191304,0
1191306,0
1191307,0
1191313,277500
1191314,0
1191315,7608000
1191319,399300
1191320,982000
1191321,0
1191322,415000
1191329,0
1191335,559000
1191338,0
1191340,357000
1191341,400000
1191342,1242000
1191347,0
1191359,750000
1191378,400000
1191381,0
1191383,449500
1191385,574000
1191389,150000
1191393,3813700
1191395,135000
1191396,1080000
1191401,446100
1191407,0
1191408,318000
1191413,317600
1191418,475600
1191419,0
1191424,0
1191425,816900
1191440,449000
1191446,868800
1191447,174000
1191465,0
1191473,450000
1191474,600000
1191477,584400
1191480,550000
1191485,540000
1191491,700000
1191499,200000
1191507,450000
1191509,250000
1191517,730000
1191519,0
1191524,165500
1191532,2892400
1191538,400000
1191542,500000
1191549,430200
1191551,0
1191553,110000
1191568,920000
1191570,697500
1191572,0
1191575,477900
1191586,0
1191589,300000
1191593,1898800
1191599,494500
1191601,350000
1191602,200000
1191611,610000
1191617,0
1191625,400000
1191626,310000
1191639,182000
1191649,0
1191666,1197700
1191676,400000
1191680,150000
1191682,550400
1191698,1131700
1191700,0
1191707,0
1191710,0
1191715,160000
1191732,150000
1191736,732900
1191751,140000
1191757,349600
1191760,9226300
1191761,0
1191763,520700
1191767,495400
1191770,606000
1191774,312000
1191794,315000
1191800,0
1191802,0
1191810,0
1191821,250000
1191825,1351500
1191835,1056000
1191836,200000
1191843,454000
1191846,393900
1191852,956800
1191857,756300
1191864,946000
1191868,1811700
1191873,0
1191898,0
1191905,637300
1191913,0
1191916,1400000
1191917,465800
1191933,250000
1191934,251900
1191939,400000
1191941,519700
1191946,0
1191949,400000
1191964,713800
1191967,150000
1191972,492000
1191977,374800
1191988,0
1192001,0
1192009,150000
1192028,0
1192031,225000
1192038,0
1192040,0
1192041,400000
1192042,350000
1192050,1500000
1192057,0
1192062,400000
1192066,286000
1192071,740000
1192073,468500
1192075,400000
1192076,379000
1192078,458000
1192095,423000
1192098,0
1192103,379600
1192109,300000
1192111,0
1192117,0
1192119,575600
1192126,457100
1192129,0
1192142,425000
1192154,0
1192158,559000
1192170,1715900
1192171,150000
1192179,0
1192190,1000000
1192192,0
1192197,200000
1192199,0
1192204,125000
1192205,400000
1192207,200000
1192209,0
1192211,0
1192217,0
1192218,1010500
1192220,0
1192221,0
1192228,150000
1192234,674400
1192235,267000
1192241,334500
1192243,400000
1192248,120000
1192255,250000
1192259,230500
1192262,450000
1192263,250000
1192278,150000
1192280,498300
1192286,0
1192287,1691700
1192293,375000
1192300,0
1192301,0
1192303,584000
1192304,0
1192309,0
1192315,650600
1192316,150000
1192320,1350200
1192328,362700
1192330,1684000
1192332,257100
1192336,350000
1192347,0
1192358,2876500
1192376,0
1192382,0
1192383,440500
1192385,0
1192404,483300
1192405,0
1192422,1809600
1192432,0
1192452,0
1192479,0
1192482,300000
1192483,0
1192485,776200
1192497,0
1192506,939500
1192512,0
1192529,0
1192532,1032300
1192535,2853500
1192544,195000
1192546,736000
1192566,0
1192576,0
1192591,460000
1192599,250000
1192608,5091700
1192613,0
1192622,0
1192626,568000
1192661,445000
1192663,489600
1192677,155000
1192683,250000
1192689,576500
1192694,704000
1192711,0
1192722,1307000
1192735,545400
1192738,458500
1192739,150000
1192756,640100
1192770,550000
1192786,520000
1192789,672500
1192790,0
1192801,360000
1192807,0
1192811,0
1192818,0
1192820,510000
1192838,250000
1192839,1015300
1192845,212900
1192846,2510200
1192849,3863900
1192858,381600
1192875,0
1192877,377500
1192892,400000
1192895,413700
1192898,2592800
1192899,630300
1192900,1000000
1192911,0
1192922,0
1192941,250000
1192942,467500
1192945,387000
1192948,0
1192952,325000
1192964,250000
1192967,581000
1192969,768300
1192971,0
1192980,0
1192983,250000
1192986,1105000
1192994,403500
1192996,600000
1193011,145000
1193013,721000
1193018,500000
1193020,898400
1193026,512500
1193034,596000
1193038,476400
1193039,0
1193058,0
1193063,150000
1193065,682000
1193068,617500
1193071,280000
1193072,572800
1193074,453000
1193081,110000
1193091,632000
1193095,344400
1193100,0
1193101,185000
1193107,510000
1193110,711800
1193112,0
1193116,300000
1193119,478300
1193124,0
1193131,514800
1193139,0
1193141,730000
1193147,0
1193149,1902800
1193151,710700
1193156,500000
1193163,250000
1193164,425100
1193179,450000
1193180,2336400
1193182,449000
1193190,367500
1193201,600000
1193206,150000
1193208,150000
1193213,430000
1193231,250000
1193234,750000
1193238,710000
1193242,488400
1193246,5905100
1193250,1106200
1193256,710300
1193274,461200
1193280,400000
1193282,850000
1193292,200000
1193311,0
1193316,150000
1193317,370000
1193320,380100
1193324,150000
1193327,520000
1193332,0
1193347,0
1193351,0
1193356,500000
1193368,150000
1193371,0
1193378,150000
1193388,150000
1193394,400000
1193397,75000
1193406,722000
1193416,0
1193417,150000
1193428,29400
1193431,310000
1193432,208000
1193433,150000
1193439,250000
1193441,321000
1193443,0
1193447,755000
1193449,500000
1193461,0
1193466,0
1193467,600000
1193476,150000
1193477,377000
1193486,1139700
1193491,150000
1193494,0
1193495,495000
1193499,941500
1193503,490000
1193512,281000
1193517,150000
1193519,415000
1193529,550000
1193533,250000
1193536,360000
1193537,390000
1193541,0
1193543,473700
1193545,347500
1193556,472000
1193559,607000
1193565,312000
1193573,1050000
1193576,451800
1193580,532000
1193584,2000000
1193585,1184500
1193588,180000
1193598,632500
1193608,544000
1193610,0
1193615,357500
1193633,343800
1193636,0
1193639,0
1193646,479000
1193647,0
1193649,0
1193657,494500
1193659,150000
1193660,473700
1193662,1083300
1193669,200000
1193670,473700
1193671,150000
1193680,473700
1193681,200000
1193683,841500
1193686,150000
1193689,1159200
1193699,473700
1193707,360000
1193721,250000
1193722,351000
1193730,150000
1193731,0
1193733,0
1193739,450000
1193752,150000
1193753,2920000
1193755,436000
1193761,208000
1193762,150000
1193763,563000
1193769,223500
1193785,150000
1193788,0
1193790,478000
1193799,301000
1193801,250000
1193818,4941400
1193821,257500
1193822,0
1193829,400000
1193830,150000
1193838,0
1193840,150000
1193841,213000
1193847,0
1193851,0
1193852,156800
1193854,430200
1193858,0
1193859,0
1193864,600000
1193865,330000
1193873,150000
1193874,447500
1193876,0
1193880,209500
1193885,400000
1193891,586900
1193898,300000
1193902,0
1193903,0
1193921,337500
1193922,308000
1193927,454000
1193930,150000
1193936,0
1193939,150000
1193948,1146600
1193951,375000
1193960,0
1193962,0
1193967,340600
1193991,250000
1193993,0
1194002,926000
1194005,0
1194012,481000
1194020,490000
1194022,0
1194023,0
1194039,400000
1194040,405000
1194051,1001900
1194056,388800
1194060,400000
1194067,304900
1194070,0
1194072,150000
1194080,392400
1194082,0
1194083,306000
1194086,648000
1194087,345000
1194097,0
1194099,200000
1194105,0
1194106,0
1194121,400000
1194123,0
1194133,400000
1194145,1946500
1194162,403500
1194166,400000
1194171,2512300
1194172,0
1194179,200000
1194185,660000
1194187,0
1194191,427300
1194197,590500
1194200,413000
1194203,0
1194208,373500
1194214,208300
1194218,150000
1194221,581600
1194225,430000
1194227,396000
1194234,0
1194236,1000000
1194258,0
1194260,0
1194261,0
1194262,0
1194263,250000
1194264,513500
1194265,184000
1194266,1826000
1194271,0
1194272,0
1194277,0
1194278,0
1194281,372000
1194288,0
1194290,577000
1194298,0
1194302,503400
1194311,0
1194318,434500
1194322,456000
1194328,510000
1194342,622400
1194360,150000
1194370,0
1194372,127200
1194377,375000
1194379,150000
1194386,88900
1194389,150000
1194393,0
1194401,150000
1194407,0
1194414,350000
1194429,498300
1194435,250000
1194439,0
1194448,0
1194455,0
1194456,780400
1194464,590500
1194466,914100
1194467,150000
1194471,250000
1194473,379400
1194474,200000
1194482,0
1194484,1382000
1194497,400000
1194498,250000
1194505,1458700
1194513,0
1194517,498300
1194523,0
1194526,1410800
1194536,0
1194538,400000
1194542,1197500
1194558,400000
1194561,613000
1194566,0
1194573,302500
1194574,200000
1194575,0
1194596,0
1194599,2150000
1194600,0
1194601,427500
1194602,420000
1194607,813000
1194611,25000
1194616,902200
1194617,280000
1194619,362000
1194622,350000
1194624,0
1194640,300000
1194644,100000
1194647,250000
1194653,305000
1194660,400000
1194663,200000
1194666,280000
1194669,959600
1194670,0
1194671,0
1194679,150000
1194684,400000
1194685,250000
1194687,1501000
1194692,0
1194699,576000
1194705,231500
1194710,0
1194715,504100
1194716,315000
1194717,0
1194729,250000
1194736,0
1194746,0
1194750,0
1194751,3614100
1194752,455400
1194758,0
1194759,0
1194767,221000
1194771,508700
1194773,150000
1194776,454000
1194777,0
1194778,514100
1194784,0
1194789,1419800
1194802,467000
1194806,280000
1194807,450000
1194808,0
1194810,457000
1194813,150000
1194816,1360800
1194824,688800
1194826,0
1194834,195000
1194844,0
1194850,400000
1194888,7193800
1194889,461700
1194891,0
1194893,0
1194899,567300
1194903,0
1194906,0
1194912,0
1194913,0
1194927,405900
1194928,0
1194936,708500
1194939,853000
1194945,1982500
1194948,0
1194951,0
1194960,519300
1194961,501300
1194965,250000
1194968,0
1194975,555800
1194984,0
1194987,500000
1194988,644300
1194990,450400
1194993,0
1194994,0
1195003,400000
1195006,0
1195009,600000
1195012,255000
1195016,0
1195018,420000
1195027,0
1195028,150000
1195029,100000
1195043,150000
1195044,1102700
1195047,0
1195049,474000
1195059,0
1195060,95300
1195062,13747200
1195072,1086000
1195077,130000
1195085,150000
1195089,0
1195092,0
1195099,400000
1195104,0
1195119,150000
1195120,200000
1195128,0
1195148,0
1195157,150000
1195158,477500
1195166,0
1195172,423600
1195182,0
1195183,525000
1195191,0
1195192,368000
1195200,549000
1195208,0
1195211,131000
1195221,660000
1195223,274000
1195227,250000
1195245,200000
1195246,771200
1195252,0
1195253,1685500
1195255,1010000
1195256,1080300
1195262,0
1195264,339000
1195265,916000
1195270,400000
1195275,200000
1195277,3518600
1195280,0
1195281,0
1195285,458000
1195286,397500
1195293,150000
1195295,190000
1195298,400000
1195309,1178100
1195317,1321800
1195319,774000
1195321,451000
1195324,400000
1195328,512500
1195332,397800
1195341,0
1195343,250000
1195344,0
1195357,0
1195372,0
1195377,384000
1195387,600000
1195391,508000
1195396,150000
1195397,3095800
1195405,586000
1195421,412200
1195425,514000
1195429,810000
1195430,359100
1195439,288000
1195443,500000
1195451,700000
1195455,411500
1195456,0
1195459,150000
1195465,0
1195467,1188700
1195472,325000
1195484,606900
1195485,1030000
1195489,550000
1195511,140000
1195515,0
1195516,0
1195535,625000
1195539,350000
1195541,400000
1195543,0
1195550,150000
1195551,655000
1195552,0
1195570,0
1195574,381200
1195586,327000
1195593,200000
1195601,396000
1195605,498300
1195613,0
1195615,308000
1195617,130000
1195622,429000
1195625,150000
1195627,0
1195629,537400
1195633,250000
1195634,660000
1195635,0
1195636,430700
1195649,150000
1195650,350000
1195654,0
1195658,520500
1195660,433000
1195664,144100
1195667,0
1195674,459800
1195678,500000
1195690,359600
1195695,0
1195702,587400
1195703,450000
1195704,1526600
1195719,150000
1195721,1079500
1195724,400000
1195726,262900
1195740,245000
1195746,0
1195753,603000
1195755,0
1195757,450000
1195761,250000
1195771,573400
1195775,596000
1195782,348800
1195783,150000
1195785,2441600
1195789,150000
1195793,1721500
1195796,473900
1195799,0
1195803,400000
1195804,300000
1195807,0
1195824,0
1195834,450000
1195848,0
1195850,150000
1195852,150000
1195858,1650000
1195860,400000
1195861,0
1195873,671500
1195888,0
1195889,472000
1195898,513900
1195902,775300
1195916,551300
1195921,640000
1195927,9968100
1195938,285000
1195955,900000
1195979,8591900
1195987,0
1195989,0
1195990,350000
1195991,0
1196002,0
1196009,200000
1196011,0
1196012,635500
1196014,350000
1196017,1065000
1196026,400000
1196027,333000
1196028,200000
1196029,0
1196037,850000
1196038,395000
1196040,200000
1196041,0
1196042,405000
1196045,5409000
1196051,1500000
1196054,600000
1196057,0
1196067,678300
1196069,400000
1196078,297600
1196080,965700
1196085,490000
1196086,550000
1196094,1445600
1196095,0
1196112,520000
1196117,800000
1196125,417000
1196126,2170000
1196132,0
1196137,385000
1196138,150000
1196142,356500
1196146,0
1196153,225000
1196154,350000
1196160,500000
1196163,900000
1196168,0
1196179,475200
1196189,997300
1196197,0
1196198,70000
1196202,150000
1196210,1030000
1196219,1196900
1196226,2397700
1196228,400000
1196230,1463900
1196234,337200
1196239,1272500
1196259,266000
1196260,653700
1196265,0
1196278,0
1196284,802100
1196289,450000
1196290,394500
1196293,300000
1196294,942000
1196306,500000
1196317,150000
1196318,148000
1196331,0
1196333,0
1196335,315000
1196337,372000
1196340,148500
1196349,0
1196351,596000
1196353,519000
1196356,0
1196363,1918600
1196365,1550000
1196367,536700
1196375,0
1196387,288000
1196392,600000
1196398,400000
1196402,150000
1196403,0
1196405,1177100
1196407,180000
1196416,445000
1196418,520000
1196419,432000
1196420,400000
1196430,0
1196432,150000
1196436,400000
1196438,400000
1196441,544500
1196442,400000
1196443,437900
1196444,568700
1196446,555000
1196449,150000
1196452,358500
1196468,350000
1196470,400000
1196472,316500
1196473,425000
1196477,150000
1196478,749500
1196480,348600
1196493,412500
1196494,659000
1196504,0
1196507,942700
1196510,400000
1196512,1444500
1196514,150000
1196515,354000
1196517,300200
1196529,0
1196535,584600
1196538,871200
1196549,0
1196552,400000
1196553,500000
1196561,1000000
1196573,586000
1196578,1406000
1196580,385200
1196585,400000
1196586,500000
1196587,459400
1196588,150000
1196592,350000
1196593,122000
1196599,0
1196618,425000
1196619,500000
1196622,0
1196642,0
1196644,0
1196649,127000
1196653,0
1196665,400000
1196673,0
1196680,400000
1196684,328700
1196692,676500
1196694,0
1196695,520000
1196696,500000
1196700,710500
1196709,0
1196717,0
1196726,409500
1196728,425000
1196731,483500
1196738,0
1196758,400000
1196760,0
1196765,0
1196766,0
1196775,540500
1196779,0
1196780,0
1196782,447800
1196789,494500
1196798,250000
1196799,348000
1196803,370500
1196808,0
1196814,300000
1196817,400000
1196822,0
1196823,304300
1196831,332900
1196841,115200
1196848,312600
1196849,342500
1196861,0
1196867,0
1196872,400000
1196883,467500
1196895,250000
1196906,792500
1196907,388200
1196908,178400
1196912,400000
1196914,500000
1196920,938000
1196923,480000
1196928,501000
1196942,5062800
1196960,294000
1196963,319500
1196968,400000
1196973,482000
1196974,616700
1196997,837200
1197000,0
1197006,6833300
1197008,510300
1197013,501300
1197014,0
1197018,0
1197024,150000
1197026,0
1197033,520000
1197037,0
1197038,690800
1197044,400000
1197047,2868000
1197055,388500
1197057,0
1197058,1308800
1197074,330000
1197075,270200
1197081,926000
1197082,479400
1197089,0
1197092,310000
1197096,508500
1197102,729000
1197104,1716100
1197109,0
1197116,0
1197120,0
1197131,400000
1197132,300000
1197138,500000
1197157,794300
1197174,0
1197186,0
1197188,603000
1197189,400000
1197191,460500
1197192,105000
1197195,324000
1197202,519000
1197203,363000
1197216,0
1197221,411000
1197224,0
1197239,97900
1197248,300000
1197250,65000
1197252,0
1197253,0
1197259,1347000
1197265,0
1197273,45000
1197277,499100
1197279,493600
1197287,670000
1197292,520000
1197304,270000
1197321,0
1197326,320400
1197328,490100
1197335,366000
1197338,0
1197340,0
1197351,676500
1197354,400000
1197356,450000
1197359,135000
1197360,1126700
1197375,916000
1197379,745900
1197389,518500
1197392,0
1197396,467500
1197397,254000
1197401,8915000
1197412,346500
1197413,0
1197427,150000
1197430,401400
1197436,400300
1197439,0
1197442,0
1197443,311500
1197452,510000
1197454,550000
1197457,4973500
1197467,108000
1197480,360000
1197483,0
1197487,302500
1197491,458500
1197492,0
1197497,307500
1197498,793500
1197505,606000
1197516,492500
1197518,530000
1197533,550000
1197534,400000
1197535,400000
1197539,600000
1197540,1182000
1197543,0
1197547,145000
1197551,0
1197552,474300
1197560,311500
1197561,0
1197564,0
1197568,0
1197571,0
1197578,0
1197582,573000
1197600,0
1197604,506400
1197611,0
1197613,0
1197637,400000
1197638,0
1197640,966300
1197649,0
1197656,285000
1197657,0
1197660,0
1197664,0
1197666,180000
1197678,557600
1197681,0
1197683,0
1197692,0
1197696,345100
1197699,910100
1197707,798500
1197708,145000
1197711,0
1197715,383900
1197717,0
1197723,309000
1197724,250000
1197739,0
1197742,510000
1197745,369000
1197746,125000
1197747,250000
1197759,331500
1197760,348300
1197761,850000
1197763,0
1197764,250000
1197765,0
1197767,0
1197768,0
1197771,0
1197774,0
1197782,831100
1197785,444400
1197788,0
1197790,0
1197792,346500
1197797,0
1197798,400000
1197801,552300
1197810,0
1197815,41600
1197819,388500
1197822,3016000
1197823,350600
1197827,0
1197838,508000
1197839,0
1197844,423000
1197845,840000
1197846,0
1197849,364500
1197850,0
1197857,150000
1197859,0
1197861,1191300
1197865,442900
1197870,495300
1197876,0
1197879,0
1197885,465000
1197886,0
1197889,477400
1197892,3569300
1197894,500000
1197901,442500
1197904,0
1197906,512500
1197911,0
1197912,0
1197920,0
1197925,0
1197928,0
1197938,0
1197947,0
1197953,0
1197956,1812000
1197959,402000
1197962,0
1197965,0
1197966,0
1197984,552500
1197987,572000
1197992,0
1197998,512500
1198001,463000
1198004,474300
1198005,0
1198010,0
1198011,483200
1198016,0
1198018,250000
1198030,1375400
1198031,0
1198043,1072000
1198046,590500
1198048,673500
1198051,0
1198053,520000
1198070,291200
1198074,400000
1198079,400000
1198080,0
1198083,536500
1198084,890000
1198085,640000
1198097,250000
1198103,449500
1198104,905000
1198107,400000
1198111,0
1198112,755700
1198119,0
1198127,0
1198128,436500
1198132,1023600
1198133,0
1198138,702300
1198143,1090000
1198153,297000
1198154,903900
1198155,400000
1198161,150000
1198164,550000
1198166,0
1198167,494500
1198177,400000
1198180,300000
1198181,400000
1198184,0
1198186,739800
1198210,0
1198235,0
1198247,0
1198249,0
1198259,1000000
1198260,0
1198261,0
1198270,343000
1198273,237500
1198274,264000
1198276,425700
1198278,0
1198280,2081100
1198283,0
1198286,13200
1198290,0
1198308,546000
1198312,3153900
1198313,636000
1198318,0
1198319,400000
1198320,300000
1198327,548900
1198335,650000
1198340,372900
1198342,0
1198352,0
1198356,0
1198361,337500
1198362,980000
1198363,220000
1198364,0
1198368,0
1198369,150000
1198372,0
1198374,494500
1198375,0
1198377,0
1198379,2669000
1198396,0
1198406,372000
1198407,639300
1198417,517900
1198418,243800
1198422,0
1198429,0
1198436,670000
1198444,0
1198451,0
1198464,628400
1198468,0
1198469,0
1198471,494500
1198473,490000
1198480,0
1198481,200000
1198483,243500
1198488,1086500
1198491,311500
1198511,0
1198512,145000
1198515,0
1198516,43200
1198520,360000
1198525,844000
1198527,0
1198533,593000
1198537,1075200
1198542,0
1198552,497700
1198559,0
1198565,0
1198566,0
1198576,350000
1198581,0
1198582,0
1198592,0
1198602,508000
1198605,449400
1198621,500000
1198639,400000
1198657,0
1198659,0
1198668,0
1198676,795000
1198686,554500
1198688,0
1198715,0
1198727,500000
1198732,675200
1198737,150000
1198738,0
1198744,739900
1198747,1070500
1198749,350000
1198763,400000
1198764,340000
1198767,500000
1198772,450400
1198774,0
1198776,200000
1198800,0
1198804,0
1198814,1000400
1198815,0
1198835,0
1198844,212500
1198852,0
1198863,400000
1198864,120000
1198866,1010000
1198867,142000
1198869,0
1198870,0
1198879,0
1198887,451800
1198897,0
1198899,150000
1198900,400400
1198915,150000
1198917,33600
1198931,0
1198937,387000
1198939,150000
1198951,255000
1198952,0
1198956,500000
1198967,389400
1198974,0
1198976,873500
1198980,774800
1198982,3869600
1198983,150000
1198986,0
1198988,0
1198996,389600
1199004,651300
1199008,0
1199012,0
1199019,0
1199022,469800
1199041,0
1199050,280000
1199059,629400
1199062,87200
1199066,250000
1199073,462500
1199076,737300
1199077,0
1199085,440000
1199087,300000
1199088,0
1199101,0
1199102,0
1199103,0
1199111,700000
1199128,450000
1199129,0
1199135,150000
1199154,0
1199156,0
1199162,862500
1199166,2145700
1199179,0
1199183,4485800
1199185,318000
1199189,242500
1199194,266400
1199202,0
1199204,0
1199212,852000
1199216,0
1199217,0
1199220,0
1199223,522300
1199231,350000
1199233,335000
1199236,356600
1199241,0
1199251,150000
1199253,898300
1199254,528800
1199260,0
1199262,1037600
1199264,0
1199285,0
1199290,0
1199295,312900
1199299,495000
1199305,0
1199309,250000
1199316,0
1199321,1376200
1199330,551600
1199332,0
1199336,461200
1199340,325000
1199346,550000
1199350,0
1199352,571800
1199361,0
1199366,0
1199370,1254600
1199375,0
1199377,250000
1199380,1124000
1199382,506500
1199384,0
1199386,150000
1199393,1272100
1199396,0
1199401,0
1199412,733400
1199418,0
1199421,350000
1199428,325000
1199430,533100
1199431,250000
1199432,0
1199438,765400
1199451,297000
1199458,0
1199467,0
1199484,325000
1199491,0
1199494,699800
1199497,0
1199506,0
1199507,0
1199519,0
1199523,0
1199524,0
1199531,0
1199534,612300
1199540,482000
1199545,60000
1199547,250000
1199573,545000
1199580,355500
1199584,0
1199585,400000
1199595,0
1199598,520000
1199618,0
1199620,456300
1199628,310500
1199634,0
1199638,283500
1199642,150000
1199643,1009500
1199647,0
1199651,0
1199662,0
1199666,2280500
1199676,0
1199683,250000
1199687,0
1199690,6029400
1199693,550000
1199705,250000
1199710,0
1199725,641200
1199729,500000
1199733,0
1199735,0
1199738,400000
1199739,0
1199758,0
1199769,0
1199775,240800
1199782,0
1199785,660000
1199793,1990000
1199795,0
1199801,1296000
1199802,0
1199809,0
1199811,0
1199813,0
1199816,131600
1199817,468000
1199820,150000
1199823,0
1199833,1315200
1199842,117600
1199846,512500
1199853,0
1199858,0
1199859,0
1199869,200000
1199892,193000
1199893,1020500
1199896,0
1199900,463000
1199915,0
1199923,329600
1199925,1250500
1199941,800000
1199944,1604400
1199951,130000
1199954,150000
1199960,691000
1199984,250000
1199986,125000
1199992,400000
1200007,481500
1200015,550000
1200040,0
1200049,400000
1200050,0
1200053,0
1200059,0
1200065,1336600
1200090,800000
1200097,490400
1200116,0
1200122,0
1200127,0
1200133,290500
1200140,0
1200144,307700
1200148,0
1200171,0
1200177,300000
1200189,567500
1200194,0
1200207,150000
1200209,800000
1200210,0
1200219,2235100
1200231,1200000
1200235,250000
1200236,336000
1200243,200000
1200245,542000
1200246,471000
1200250,1000000
1200252,150000
1200265,150000
1200270,1046800
1200273,0
1200276,0
1200288,987000
1200301,450000
1200310,417500
1200318,0
1200320,0
1200338,1630000
1200343,250000
1200345,0
1200348,0
1200362,150000
1200370,600000
1200373,0
1200374,500000
1200382,200000
1200384,0
1200391,200000
1200394,0
1200401,150000
1200402,320000
1200419,150000
1200428,300000
1200431,0
1200438,400000
1200442,397000
1200447,140000
1200451,450000
1200457,150000
1200461,354600
1200462,0
1200468,0
1200482,539400
1200488,808600
1200491,572500
1200492,300000
1200511,0
1200520,0
1200534,1148000
1200535,805500
1200538,0
1200542,644500
1200549,0
1200570,350000
1200580,0
1200584,400000
1200585,0
1200595,406000
1200597,627000
1200600,1137600
1200607,0
1200633,357000
1200652,600000
1200660,1971000
1200667,250000
1200668,0
1200694,0
1200695,794000
1200697,0
1200698,400000
1200700,43000
1200709,300000
1200711,135000
1200720,307200
1200729,0
1200733,306000
1200735,0
1200741,250000
1200769,426200
1200771,0
1200774,325000
1200775,1004800
1200786,0
1200799,0
1200810,0
1200815,0
1200817,620000
1200823,0
1200824,400000
1200829,757500
1200834,0
1200836,345000
1200853,0
1200858,0
1200861,1011000
1200866,3257200
1200868,936500
1200871,150000
1200878,300000
1200882,0
1200884,0
1200885,0
1200896,0
1200900,0
1200901,743600
1200904,0
1200906,0
1200907,0
1200908,542100
1200914,616600
1200915,770800
1200920,150000
1200932,1753900
1200933,411000
1200934,521000
1200941,400000
1200950,0
1200954,877900
1200961,494500
1200971,999700
1200983,703500
1200984,350000
1200994,360000
1201000,400000
1201004,411600
1201006,0
1201009,463300
1201010,483000
1201014,1058800
1201023,400000
1201034,468400
1201036,0
1201043,0
1201044,720000
1201051,370500
1201054,400000
1201055,0
1201060,0
1201072,0
1201080,0
1201083,0
1201086,373500
1201090,0
1201091,150000
1201092,600600
1201106,0
1201114,0
1201116,392300
1201128,444600
1201138,150000
1201144,1742000
1201154,0
1201161,0
1201166,179000
1201169,0
1201174,370000
1201176,200000
1201186,467500
1201188,150000
1201198,454000
1201202,400000
1201218,435800
1201222,0
1201232,250000
1201245,588200
1201246,0
1201255,457200
1201256,336000
1201263,504000
1201278,473800
1201280,0
1201286,888900
1201288,550500
1201292,625000
1201311,0
1201313,0
1201316,200000
1201318,0
1201320,583400
1201322,764300
1201326,0
1201327,350000
1201341,122000
1201354,0
1201355,364500
1201359,0
1201370,961400
1201371,250000
1201377,486900
1201399,178500
1201408,650000
1201411,350000
1201412,150000
1201415,383300
1201432,785900
1201433,0
1201435,0
1201443,112000
1201453,350000
1201464,0
1201469,592100
1201480,0
1201481,0
1201490,481100
1201495,0
1201498,0
1201502,0
1201506,0
1201508,0
1201509,0
1201512,0
1201521,0
1201528,400000
1201529,682200
1201530,471600
1201532,350000
1201534,0
1201545,348900
1201550,866000
1201551,514800
1201554,0
1201561,0
1201564,0
1201567,0
1201581,635500
1201584,150000
1201593,400000
1201596,437200
1201601,363000
1201607,292500
1201616,670000
1201618,558900
1201620,0
1201623,450000
1201641,315000
1201642,674000
1201646,899000
1201662,0
1201663,0
1201667,474300
1201670,300000
1201678,328600
1201685,0
1201690,470700
1201699,252000
1201703,400000
1201723,0
1201735,250000
1201741,551600
1201743,0
1201748,520000
1201763,0
1201770,0
1201776,0
1201790,0
1201794,0
1201805,0
1201806,0
1201811,390000
1201812,350000
1201824,400000
1201834,0
1201839,0
1201840,150000
1201851,350000
1201860,1657000
1201862,350000
1201869,485300
1201878,400000
1201894,0
1201897,520000
1201900,0
1201905,400000
1201912,0
1201913,503100
1201914,150000
1201923,1604400
1201933,400000
1201936,0
1201941,345300
1201945,0
1201952,400000
1201960,0
1201961,100000
1201964,372000
1201970,0
1201981,0
1201989,774400
1201990,0
1201993,106000
1201999,520000
1202009,150000
1202013,319500
1202015,575000
1202022,330000
1202030,400000
1202034,450000
1202037,1007900
1202049,150000
1202050,150000
1202051,0
1202058,0
1202068,0
1202071,372000
1202079,334200
1202090,0
1202094,400000
1202096,324000
1202105,0
1202107,380000
1202109,0
1202118,328500
1202119,577400
1202124,321600
1202125,0
1202139,127000
1202142,520000
1202144,349700
1202147,870000
1202148,782300
1202151,525000
1202156,258300
1202163,270000
1202168,300000
1202170,400000
1202176,378900
1202179,0
1202180,0
1202181,250000
1202186,0
1202187,425400
1202189,415400
1202190,400000
1202192,440000
1202203,456300
1202208,813500
1202212,150000
1202219,400000
1202235,0
1202249,400000
1202251,332200
1202257,415800
1202263,0
1202264,150000
1202265,0
1202266,450900
1202267,575000
1202271,0
1202276,520000
1202277,250000
1202278,3157800
1202279,494500
1202285,650000
1202289,0
1202290,400000
1202293,150000
1202302,460000
1202303,0
1202304,328500
1202308,400000
1202312,748000
1202315,931800
1202317,433500
1202320,414800
1202321,681500
1202327,499000
1202333,250000
1202337,0
1202343,0
1202348,458000
1202352,0
1202353,351000
1202357,444000
1202367,576300
1202380,0
1202398,450000
1202401,300000
1202406,350000
1202411,0
1202419,450000
1202423,595200
1202432,1136100
1202437,442500
1202438,0
1202451,464700
1202465,819200
1202466,433300
1202468,0
1202473,0
1202481,400000
1202482,300000
1202485,520000
1202489,535500
1202490,454000
1202497,400000
1202505,476000
1202508,477000
1202512,0
1202513,738300
1202514,960300
1202516,502600
1202518,387000
1202527,0
1202529,490000
1202532,343500
1202533,250000
1202536,0
1202540,0
1202549,439000
1202557,330000
1202559,700000
1202562,467500
1202565,400000
1202566,508000
1202568,1185000
1202578,315000
1202581,250000
1202582,688000
1202587,0
1202590,400000
1202594,0
1202596,448500
1202602,150000
1202603,0
1202613,364300
1202618,144000
1202647,0
1202650,0
1202654,476500
1202656,391500
1202658,495000
1202662,481000
1202663,425000
1202669,125000
1202673,474300
1202674,0
1202676,290000
1202677,548000
1202682,407400
1202685,0
1202686,150000
1202691,333000
1202695,928000
1202701,0
1202710,400000
1202713,170000
1202720,440400
1202726,0
1202731,433900
1202733,400000
1202735,400000
1202737,342000
1202743,516500
1202745,5409300
1202747,520000
1202753,468500
1202754,683000
1202760,503500
1202763,250000
1202767,0
1202768,463000
1202771,660000
1202776,458600
1202787,0
1202788,190000
1202789,402000
1202794,422300
1202800,0
1202809,387000
1202821,417000
1202823,0
1202831,120000
1202833,400000
1202834,150000
1202836,614500
1202841,150000
1202867,135000
1202887,0
1202909,110000
1202913,350000
1202920,445800
1202925,0
1202926,450000
1202927,250000
1202938,0
1202947,150000
1202959,838000
1202965,0
1202966,356000
1202970,321400
1202973,0
1202975,294000
1202977,417000
1202978,0
1202980,520000
1202981,465300
1202985,407500
1202987,0
1202989,250000
1202991,0
1202996,0
1202998,0
1203001,1301200
1203004,0
1203009,391500
1203015,0
1203017,180000
1203018,0
1203023,400000
1203025,0
1203029,512800
1203051,0
1203053,200000
1203055,0
1203057,250000
1203058,0
1203061,0
1203064,461800
1203065,348300
1203074,336000
1203075,314700
1203080,4234700
1203082,400000
1203092,0
1203104,0
1203114,452200
1203127,0
1203130,287200
1203131,478800
1203132,550000
1203148,400000
1203151,0
1203167,0
1203171,0
1203175,0
1203188,570000
1203189,351000
1203194,150000
1203196,0
1203199,1290000
1203201,0
1203202,950000
1203211,0
1203217,150000
1203224,140000
1203226,0
1203230,0
1203237,430300
1203241,0
1203245,425300
1203246,390300
1203249,0
1203252,480900
1203254,945000
1203256,0
1203257,350000
1203262,324000
1203270,0
1203274,900000
1203280,397700
1203292,844900
1203294,400000
1203299,467500
1203301,358800
1203324,400000
1203330,0
1203333,0
1203334,2525900
1203339,250000
1203346,362500
1203348,330000
1203351,479400
1203356,0
1203358,0
1203360,547500
1203361,0
1203364,150000
1203368,0
1203369,148000
1203370,0
1203373,536000
1203397,0
1203400,0
1203408,1208000
1203421,0
1203424,594900
1203427,250000
1203433,692000
1203434,320700
1203437,0
1203439,272000
1203441,0
1203445,3150000
1203447,0
1203449,250000
1203450,0
1203454,417900
1203465,0
1203468,397000
1203472,117900
1203477,426600
1203479,400000
1203488,440500
1203489,458500
1203492,0
1203494,0
1203504,144500
1203506,0
1203512,914500
1203513,0
1203515,362700
1203528,450400
1203531,0
1203539,439200
1203541,207500
1203542,0
1203548,386000
1203550,873500
1203551,0
1203569,1867000
1203576,0
1203577,598500
1203581,15355500
1203584,0
1203585,658000
1203586,400000
1203589,2812500
1203590,0
1203594,0
1203595,467500
1203604,0
1203607,1138000
1203610,300000
1203618,463000
1203621,0
1203627,372800
1203633,0
1203634,400000
1203636,1964000
1203637,933800
1203638,430200
1203646,432100
1203649,0
1203650,400000
1203652,351900
1203655,150000
1203657,0
1203666,0
1203668,300000
1203670,0
1203671,828800
1203680,351900
1203687,450000
1203699,0
1203701,0
1203703,600000
1203705,420000
1203711,417900
1203714,393800
1203715,397300
1203723,0
1203729,396000
1203731,400000
1203748,3822800
1203753,417900
1203756,304000
1203763,382600
1203765,470700
1203767,560000
1203769,1704900
1203776,400000
1203782,454000
1203783,0
1203785,0
1203787,0
1203798,467500
1203801,467500
1203804,1116700
1203805,721200
1203809,400000
1203815,0
1203816,0
1203819,800000
1203832,877900
1203834,500000
1203836,636800
1203839,450000
1203840,0
1203842,458500
1203843,456900
1203865,0
1203869,400000
1203870,200000
1203880,307000
1203881,0
1203891,991000
1203902,400000
1203903,0
1203914,530000
1203915,317900
1203917,0
1203919,250000
1203920,270000
1203924,635600
1203927,0
1203938,250000
1203939,0
1203945,350000
1203947,400000
1203948,0
1203949,700000
1203950,348000
1203955,0
1203961,0
1203978,0
1203988,808000
1203990,400000
1203991,400000
1203994,349100
1203995,150000
1203996,600000
1204002,450000
1204003,417900
1204008,512500
1204011,300000
1204018,2005900
1204026,321000
1204027,0
1204031,620000
1204035,315000
1204037,747700
1204039,379500
1204040,429200
1204044,1632500
1204051,0
1204055,0
1204060,400000
1204062,0
1204064,400000
1204066,0
1204074,0
1204079,410500
1204084,520000
1204090,0
1204097,285000
1204098,2623200
1204101,886900
1204122,0
1204144,150000
1204149,4308500
1204150,505600
1204158,0
1204159,512500
1204161,0
1204169,0
1204173,363000
1204182,150000
1204189,0
1204203,0
1204206,0
1204215,0
1204220,0
1204221,140000
1204223,0
1204225,332400
1204226,449100
1204230,0
1204233,580000
1204246,0
1204252,457500
1204254,0
1204258,0
1204260,450000
1204266,3036900
1204268,657600
1204272,473900
1204282,400000
1204289,0
1204295,0
1204303,140000
1204319,622000
1204325,463900
1204329,0
1204330,439600
1204338,0
1204348,0
1204355,150000
1204356,0
1204357,642000
1204358,916500
1204366,450000
1204368,476500
1204376,410400
1204377,1207600
1204383,0
1204384,0
1204389,495000
1204392,0
1204396,2285000
1204397,250000
1204406,0
1204411,0
1204413,754600
1204420,878500
1204421,2781800
1204424,482700
1204427,409000
1204436,250000
1204439,1011200
1204441,640000
1204442,400000
1204459,565000
1204496,742300
1204498,397500
1204499,728100
1204505,2025000
1204516,0
1204517,423800
1204518,417600
1204519,0
1204520,378800
1204521,876500
1204526,0
1204532,720800
1204537,0
1204544,0
1204546,520000
1204547,469400
1204553,354000
1204563,0
1204566,950000
1204578,3347800
1204580,600900
1204593,0
1204595,0
1204598,643800
1204601,416500
1204606,520000
1204608,459400
1204615,334400
1204620,785800
1204622,150000
1204624,695600
1204631,0
1204635,388500
1204636,995400
1204643,315000
1204654,342000
1204658,1896500
1204667,0
1204669,418800
1204672,357000
1204680,0
1204682,400000
1204688,1965100
1204693,370500
1204697,0
1204699,330600
1204701,600000
1204705,0
1204708,790000
1204720,0
1204724,400000
1204732,307500
1204734,369700
1204735,348000
1204741,0
1204748,332300
1204752,0
1204761,314300
1204767,0
1204768,0
1204769,300000
1204778,806700
1204781,475600
1204788,463900
1204793,403500
1204805,0
1204809,329500
1204812,275600
1204816,776000
1204823,0
1204824,475100
1204827,876000
1204831,0
1204837,140000
1204845,626500
1204847,630900
1204855,467500
1204860,0
1204867,0
1204868,418200
1204873,350000
1204883,142500
1204884,0
1204899,327000
1204901,421500
1204911,0
1204914,0
1204916,0
1204922,550400
1204932,385000
1204935,250000
1204955,563400
1204956,350000
1204957,0
1204958,0
1204960,0
1204978,520000
1204979,0
1204990,0
1204999,2695100
1205003,200000
1205007,400000
1205010,600000
1205019,617500
1205030,300000
1205033,0
1205038,1441000
1205041,419400
1205045,320400
1205068,0
1205070,0
1205080,450000
1205094,130000
1205095,1039000
1205103,100000
1205104,400000
1205108,0
1205112,404000
1205115,0
1205122,568000
1205147,150000
1205151,400000
1205160,324000
1205162,737300
1205163,600000
1205164,0
1205174,0
1205178,422500
1205182,444000
1205194,550000
1205205,400000
1205206,2950000
1205207,356000
1205211,0
1205217,4040000
1205219,300000
1205224,483000
1205225,354000
1205228,0
1205230,1270000
1205231,140000
1205238,442900
1205246,490000
1205254,400000
1205259,520000
1205261,0
1205268,171600
1205284,150000
1205287,368100
1205313,350000
1205319,470700
1205321,324000
1205329,467500
1205334,0
1205339,605100
1205350,457600
1205351,587300
1205355,499900
1205365,570500
1205375,75000
1205380,0
1205382,0
1205385,200000
1205386,0
1205388,380600
1205395,447000
1205399,697500
1205400,701300
1205403,1008500
1205409,400000
1205411,1663500
1205412,410400
1205417,140000
1205420,0
1205423,0
1205425,463500
1205427,333600
1205436,351000
1205443,782100
1205445,0
1205451,454000
1205452,0
1205456,0
1205461,360000
1205464,1000000
1205470,400000
1205471,0
1205494,750000
1205498,499700
1205501,250000
1205502,436000
1205505,312000
1205506,0
1205507,250000
1205510,550000
1205525,463000
1205526,1530000
1205527,444600
1205531,670000
1205534,700400
1205537,0
1205543,318000
1205547,6541800
1205548,469400
1205554,150000
1205557,365300
1205563,400000
1205568,0
1205570,550000
1205577,794000
1205585,418000
1205595,454000
1205597,0
1205603,639000
1205604,150000
1205606,865100
1205610,482100
1205611,1120000
1205617,2258000
1205624,471900
1205626,447000
1205629,324000
1205632,351900
1205635,150000
1205638,325000
1205649,400000
1205655,351900
1205656,0
1205666,325100
1205669,415000
1205674,466600
1205676,0
1205678,324000
1205683,351900
1205689,524000
1205701,351900
1205702,0
1205711,445400
1205713,500000
1205717,150000
1205718,964000
1205720,150000
1205723,687500
1205728,0
1205729,0
1205735,0
1205739,0
1205751,400000
1205752,324000
1205753,900000
1205772,400000
1205775,2513000
1205786,750000
1205793,0
1205797,0
1205798,150000
1205800,325400
1205812,466600
1205822,676400
1205826,397500
1205843,0
1205844,458500
1205850,667500
1205852,0
1205864,540000
1205868,436100
1205882,324000
1205887,0
1205905,678800
1205913,0
1205920,311000
1205923,0
1205925,0
1205927,250000
1205934,2000000
1205940,0
1205942,520000
1205955,871900
1205968,600000
1205971,0
1205973,493700
1205974,600000
1205978,0
1205985,0
1205987,0
1205993,500000
1205998,150000
1206002,364500
1206003,0
1206005,600000
1206010,879600
1206018,400000
1206031,355500
1206033,369900
1206035,0
1206038,3199200
1206046,900000
1206050,400000
1206056,0
1206057,1974900
1206059,0
1206063,250000
1206070,0
1206081,400000
1206096,400000
1206099,0
1206102,0
1206104,461300
1206107,354000
1206110,0
1206112,0
1206115,250000
1206117,150000
1206120,416800
1206124,559000
1206130,0
1206131,0
1206138,647300
1206139,150000
1206143,333800
1206149,0
1206153,76000
1206156,0
1206157,469800
1206159,450000
1206162,150000
1206163,3000000
1206168,309000
1206173,200000
1206180,288800
1206210,520000
1206221,0
1206226,314700
1206232,676400
1206236,0
1206237,0
1206238,0
1206240,516600
1206250,0
1206251,607200
1206254,150000
1206255,1247000
1206258,246000
1206260,0
1206266,400000
1206267,150000
1206270,3034600
1206272,0
1206274,250000
1206281,351900
1206285,400000
1206288,400000
1206290,471900
1206292,500000
1206296,400000
1206302,190000
1206313,446200
1206315,621600
1206318,442800
1206320,342000
1206321,119000
1206322,390500
1206323,0
1206324,400000
1206329,150000
1206330,637500
1206333,1604000
1206350,537000
1206351,0
1206372,350000
1206375,0
1206381,1379600
1206387,408000
1206390,333000
1206398,0
1206400,369900
1206405,447300
1206414,0
1206421,279400
1206425,600000
1206429,674000
1206432,332700
1206435,325000
1206437,624200
1206445,717500
1206446,359700
1206450,400000
1206452,508200
1206454,200000
1206455,150000
1206462,150000
1206467,175600
1206472,520000
1206476,496500
1206479,140000
1206480,483300
1206481,350000
1206482,0
1206484,444000
1206498,397500
1206499,705000
1206510,600000
1206516,328400
1206518,200000
1206527,354000
1206531,400000
1206533,463800
1206534,449000
1206536,784400
1206540,240000
1206541,400000
1206542,0
1206547,422500
1206551,520000
1206554,4392300
1206558,130000
1206561,472000
1206563,0
1206564,499900
1206565,0
1206571,650000
1206577,0
1206581,0
1206584,550000
1206587,150000
1206589,0
1206599,0
1206603,1267800
1206604,348000
1206605,400000
1206606,400000
1206608,449500
1206611,0
1206612,739200
1206628,1598500
1206630,354600
1206642,400000
1206644,1128900
1206648,0
1206649,458500
1206660,0
1206662,150000
1206664,400000
1206671,367500
1206679,400000
1206680,3796500
1206692,500000
1206694,390000
1206695,591000
1206696,0
1206697,0
1206704,0
1206708,500000
1206709,518600
1206718,600200
1206719,403500
1206727,450000
1206730,0
1206733,240000
1206747,503500
1206752,500000
1206763,400000
1206770,2872000
1206771,613000
1206795,0
1206800,500000
1206826,446300
1206835,500000
1206837,2847000
1206838,0
1206848,0
1206849,967500
1206855,289100
1206859,700000
1206863,664200
1206866,0
1206867,0
1206874,403500
1206889,420000
1206890,0
1206912,0
1206921,467500
1206922,0
1206931,150000
1206938,0
1206939,1958700
1206942,900000
1206956,351900
1206958,400000
1206961,150000
1206963,170000
1206970,342000
1206976,0
1206982,150000
1206986,0
1206991,0
1207000,200000
1207002,0
1207009,485500
1207013,1200000
1207021,315000
1207037,0
1207040,325100
1207054,400000
1207059,1704000
1207068,398300
1207076,0
1207078,300000
1207097,2000000
1207105,442200
1207110,0
1207118,0
1207135,454000
1207136,0
1207139,400000
1207150,0
1207152,370000
1207154,1984200
1207155,200000
1207165,856500
1207166,320000
1207175,650000
1207198,0
1207199,0
1207206,0
1207214,474000
1207216,520000
1207218,0
1207225,0
1207227,0
1207229,869500
1207234,0
1207235,434500
1207243,0
1207259,0
1207264,200000
1207268,0
1207269,0
1207283,2278100
1207285,263700
1207288,0
1207290,140000
1207302,4703000
1207307,150000
1207315,0
1207316,0
1207326,200000
1207336,670000
1207337,676800
1207340,400000
1207343,0
1207346,474300
1207349,0
1207366,0
1207368,559300
1207373,200000
1207374,0
1207377,315000
1207388,0
1207389,574000
1207399,150000
1207400,350000
1207406,0
1207407,390000
1207409,800000
1207410,472000
1207426,0
1207427,85000
1207428,315000
1207429,250000
1207431,0
1207443,0
1207445,500000
1207446,345800
1207448,0
1207453,200000
1207462,0
1207476,0
1207490,3523000
1207495,338400
1207501,140000
1207509,0
1207513,1200800
1207515,400000
1207521,0
1207523,700000
1207525,467500
1207527,1228700
1207532,0
1207535,332500
1207538,0
1207553,300000
1207555,60000
1207559,828500
1207565,1197000
1207566,0
1207581,400800
1207582,490000
1207593,0
1207595,599800
1207597,471000
1207598,600000
1207599,350000
1207621,0
1207628,363300
1207633,0
1207640,0
1207652,297500
1207653,390000
1207657,508500
1207663,0
1207672,0
1207675,350000
1207681,0
1207689,225000
1207692,582700
1207717,0
1207719,1021900
1207724,0
1207731,0
1207736,0
1207747,421800
1207757,340000
1207770,0
1207774,450000
1207778,0
1207780,1086000
1207785,796500
1207788,500000
1207798,150000
1207801,250000
1207811,1195000
1207813,0
1207820,400000
1207822,859000
1207831,350000
1207832,494700
1207834,614000
1207837,0
1207840,2448000
1207841,400000
1207845,250000
1207846,500000
1207849,945000
1207860,929700
1207864,140000
1207873,140000
1207877,1139400
1207880,353000
1207882,325000
1207883,1119000
1207886,0
1207888,90000
1207889,400000
1207890,330000
1207892,210000
1207894,0
1207898,615000
1207902,550000
1207906,150000
1207910,200000
1207912,599700
1207916,250000
1207920,345000
1207923,400000
1207928,422000
1207929,950000
1207937,550000
1207940,0
1207944,550000
1207947,736500
1207950,550000
1207956,445000
1207961,950000
1207963,366800
1207967,500000
1207978,250000
1207979,0
1207980,172000
1207982,0
1207988,414300
1207991,400000
1207999,1523000
1208002,439800
1208005,599700
1208007,503600
1208008,0
1208014,0
1208016,667900
1208017,497200
1208019,137500
1208020,550000
1208021,347400
1208024,150000
1208027,0
1208029,200000
1208031,150000
1208035,0
1208037,497200
1208041,0
1208042,584700
1208049,277000
1208054,0
1208059,250000
1208061,491400
1208068,0
1208073,400000
1208081,200000
1208084,0
1208085,0
1208086,864900
1208088,1276400
1208102,450000
1208109,502600
1208113,444000
1208121,200000
1208133,507500
1208147,468000
1208155,0
1208159,150000
1208166,0
1208178,0
1208182,200000
1208206,0
1208209,500000
1208213,200000
1208239,0
1208256,150000
1208259,413000
1208263,550000
1208282,831000
1208294,200000
1208312,0
1208317,200000
1208325,380000
1208337,0
1208350,882500
1208351,0
1208358,0
1208365,545000
1208366,700000
1208369,688900
1208374,0
1208378,423000
1208380,0
1208385,0
1208410,0
1208414,625000
1208447,652000
1208449,250000
1208457,250000
1208459,0
1208469,0
1208473,405000
1208474,148000
1208476,331100
1208486,0
1208495,487000
1208498,512500
1208501,159300
1208503,824000
1208506,4931500
1208507,292500
1208510,0
1208514,2386700
1208515,416600
1208521,513000
1208527,140000
1208529,450400
1208532,0
1208536,438000
1208540,713500
1208543,332500
1208550,652000
1208551,467000
1208558,468000
1208559,2073300
1208560,0
1208562,1342500
1208568,300000
1208578,332000
1208588,468000
1208595,24000
1208600,0
1208609,250000
1208610,710000
1208625,529000
1208628,456000
1208637,250000
1208638,326100
1208643,0
1208646,364100
1208651,350000
1208653,251700
1208663,0
1208669,361100
1208674,0
1208694,373500
1208695,257000
1208696,250000
1208698,400000
1208704,620000
1208705,0
1208713,450000
1208714,0
1208725,516500
1208726,0
1208729,0
1208734,158000
1208743,250000
1208746,150000
1208752,790500
1208753,647000
1208754,140000
1208758,941800
1208766,450000
1208777,445000
1208778,771000
1208785,1126600
1208799,528000
1208805,0
1208810,0
1208812,0
1208818,0
1208819,250000
1208825,350000
1208830,0
1208835,300000
1208847,561300
1208854,400000
1208855,427200
1208876,250000
1208895,400000
1208897,0
1208912,0
1208918,0
1208919,150000
1208921,351200
1208922,0
1208925,393400
1208929,1534000
1208933,0
1208936,0
1208938,300000
1208941,556100
1208943,0
1208948,485500
1208950,200000
1208951,520000
1208974,150000
1208980,0
1208981,0
1208988,0
1208992,0
1208999,390000
1209001,140000
1209004,297000
1209006,403600
1209007,400000
1209016,520000
1209018,550000
1209023,350000
1209025,0
1209028,0
1209040,450400
1209047,334000
1209048,354000
1209049,0
1209050,0
1209065,417500
1209066,150000
1209067,0
1209070,400000
1209071,322500
1209073,357000
1209076,0
1209080,0
1209087,0
1209099,0
1209100,0
1209102,0
1209108,0
1209109,600000
1209114,150000
1209119,1059700
1209124,0
1209126,405000
1209134,0
1209136,0
1209138,474300
1209139,150000
1209140,0
1209143,0
1209147,704800
1209148,0
1209150,440000
1209161,0
1209164,0
1209165,550000
1209169,0
1209170,0
1209171,250000
1209173,0
1209175,560400
1209180,700000
1209182,0
1209183,660000
1209186,800000
1209189,396000
1209190,0
1209195,0
1209197,9835700
1209203,0
1209206,263400
1209216,0
1209226,0
1209230,583500
1209239,0
1209249,0
1209252,1848000
1209253,400000
1209258,0
1209269,0
1209272,261000
1209273,784400
1209275,0
1209284,200000
1209287,0
1209288,0
1209292,500000
1209295,200000
1209299,0
1209311,0
1209314,0
1209315,0
1209324,624100
1209325,312900
1209326,503500
1209327,584200
1209328,0
1209331,0
1209334,467500
1209347,337500
1209350,604000
1209352,587200
1209355,300000
1209360,280000
1209361,0
1209362,336000
1209380,330000
1209381,1739400
1209388,0
1209392,467500
1209399,369300
1209400,0
1209403,0
1209418,440500
1209419,0
1209421,0
1209426,0
1209429,467500
1209433,0
1209436,400000
1209444,0
1209446,389300
1209452,0
1209455,0
1209457,899000
1209461,430200
1209463,0
1209465,400000
1209467,285000
1209469,422500
1209471,1168600
1209476,337100
1209486,562500
1209488,0
1209495,0
1209496,207900
1209499,1733100
1209505,250000
1209507,513000
1209510,400000
1209522,0
1209526,422100
1209528,520000
1209530,0
1209531,369900
1209532,369900
1209534,330000
1209538,550000
1209539,834100
1209541,0
1209547,550000
1209549,1587000
1209552,431100
1209561,0
1209568,250000
1209572,240000
1209586,342800
1209594,434400
1209606,300000
1209607,349500
1209610,400000
1209611,375000
1209618,389400
1209628,539500
1209632,300000
1209639,471900
1209640,400000
1209644,0
1209645,0
1209652,445000
1209654,400000
1209662,180000
1209663,0
1209665,135000
1209677,0
1209690,0
1209692,7026700
1209700,1017500
1209709,420000
1209711,0
1209713,450000
1209715,550000
1209722,0
1209724,350000
1209738,364200
1209747,0
1209751,145000
1209756,600000
1209760,0
1209761,399000
1209763,400000
1209767,447500
1209771,450900
1209776,400000
1209780,1597100
1209782,520000
1209789,350000
1209798,430800
1209800,300000
1209804,290000
1209809,520000
1209812,350000
1209823,911200
1209827,3592000
1209829,464800
1209834,400000
1209837,110000
1209841,250000
1209848,0
1209850,0
1209851,0
1209855,1500000
1209858,376000
1209861,378000
1209865,876600
1209867,0
1209878,516000
1209884,833500
1209886,320000
1209887,180000
1209888,0
1209890,0
1209891,0
1209896,250000
1209897,150000
1209898,0
1209902,417500
1209908,150000
1209910,792300
1209914,447700
1209915,0
1209919,450000
1209920,600000
1209932,0
1209937,367500
1209941,482500
1209945,0
1209948,534600
1209950,447600
1209954,0
1209957,286500
1209960,500000
1209961,331100
1209962,520000
1209965,440500
1209973,379700
1209975,192100
1209977,350000
1209978,220500
1209980,0
1209988,349500
1210006,523500
1210009,400000
1210012,449100
1210013,400000
1210016,150000
1210017,2102600
1210018,482000
1210030,150000
1210035,430500
1210054,541200
1210055,354000
1210059,0
1210067,400000
1210069,498600
1210082,457200
1210083,498600
1210095,465000
1210101,0
1210107,439600
1210108,0
1210116,150000
1210132,599500
1210140,0
1210147,120000
1210154,821900
1210163,0
1210164,0
1210166,487300
1210169,0
1210171,471000
1210182,378800
1210187,856900
1210192,587300
1210194,0
1210196,407200
1210198,526700
1210203,271000
1210205,0
1210210,588000
1210224,0
1210225,1014900
1210226,1218200
1210232,321000
1210238,400000
1210244,665500
1210245,0
1210246,411500
1210247,919100
1210251,600000
1210258,380000
1210261,322500
1210264,472000
1210265,0
1210273,0
1210281,604500
1210282,0
1210287,437400
1210290,288000
1210291,150000
1210299,921100
1210300,519000
1210303,0
1210309,0
1210310,200000
1210312,501600
1210321,96000
1210327,150000
1210337,850000
1210357,890300
1210366,1362600
1210367,400000
1210383,400000
1210388,0
1210396,1681300
1210397,150000
1210399,400000
1210401,1102900
1210402,590700
1210403,633900
1210408,900000
1210411,360000
1210412,395100
1210413,0
1210416,400000
1210419,0
1210432,409800
1210435,285000
1210436,443200
1210446,442000
1210463,285000
1210468,465800
1210469,4340800
1210470,805200
1210480,630000
1210482,255000
1210483,508200
1210486,494500
1210487,349500
1210488,0
1210495,0
1210502,297900
1210503,632000
1210508,350000
1210521,0
1210525,400000
1210536,350000
1210543,1075000
1210545,545600
1210546,0
1210551,227900
1210558,0
1210562,0
1210574,0
1210575,0
1210578,1220000
1210580,400000
1210582,761000
1210588,0
1210594,400000
1210595,378800
1210596,520000
1210606,0
1210607,513300
1210612,412000
1210622,150000
1210628,150000
1210641,400000
1210649,400000
1210657,0
1210658,0
1210664,350000
1210669,0
1210676,0
1210678,300000
1210679,315000
1210680,456300
1210689,0
1210705,437400
1210718,380800
1210721,333600
1210725,3286100
1210728,520000
1210733,0
1210741,282000
1210765,350000
1210768,460800
1210777,615800
1210780,400000
1210782,375000
1210790,319200
1210793,622900
1210809,450000
1210816,0
1210822,550000
1210824,310500
1210825,282000
1210828,453000
1210837,541500
1210847,0
1210848,0
1210854,499500
1210856,3547000
1210861,0
1210863,400000
1210864,0
1210877,392300
1210880,450000
1210883,0
1210884,576700
1210887,518400
1210888,0
1210895,600000
1210902,1234000
1210903,0
1210912,400000
1210927,400000
1210929,328500
1210932,250000
1210934,0
1210943,0
1210945,516600
1210948,0
1210962,0
1210977,1995000
1210985,675000
1210987,1740000
1210988,250000
1210990,0
1210992,545300
1210995,1317000
1211000,385000
1211001,0
1211009,0
1211011,7329400
1211012,288000
1211023,350000
1211027,0
1211034,451500
1211038,672900
1211041,2051000
1211046,500000
1211055,550000
1211067,611500
1211085,490000
1211091,64000
1211093,0
1211098,507000
1211103,10908500
1211107,0
1211118,340400
1211120,0
1211122,285000
1211137,210000
1211140,200000
1211144,416900
1211151,400000
1211153,724400
1211155,0
1211158,540300
1211162,498600
1211177,330000
1211183,250000
1211188,350000
1211189,1019000
1211190,0
1211191,500000
1211193,525000
1211197,250000
1211202,432000
1211206,414600
1211214,467500
1211216,0
1211219,467500
1211232,514500
1211233,0
1211235,920000
1211239,0
1211241,405000
1211250,782000
1211251,0
1211252,446000
1211254,315000
1211257,600000
1211258,1121200
1211268,676500
1211269,250000
1211270,473400
1211272,400000
1211291,676500
1211296,0
1211299,703700
1211301,0
1211305,150000
1211307,0
1211310,375000
1211313,460800
1211314,447000
1211320,212500
1211324,482400
1211332,0
1211334,0
1211336,0
1211340,520000
1211349,600000
1211351,296700
1211352,345000
1211369,400000
1211374,0
1211378,389400
1211388,0
1211393,400000
1211394,0
1211398,143800
1211401,402000
1211408,393000
1211411,150000
1211412,631000
1211414,390400
1211415,510500
1211420,0
1211424,0
1211430,0
1211431,431500
1211445,451500
1211455,0
1211460,400000
1211471,150000
1211474,0
1211489,400000
1211490,1000000
1211493,522800
1211494,341700
1211498,0
1211501,473800
1211523,0
1211527,481000
1211529,150000
1211532,400000
1211534,494500
1211542,283000
1211544,0
1211545,474300
1211555,665500
1211558,2511200
1211565,825800
1211573,489600
1211574,400000
1211583,371400
1211592,0
1211605,389600
1211608,0
1211614,790000
1211617,425700
1211621,2250700
1211626,140000
1211629,823000
1211630,0
1211638,0
1211645,0
1211646,400000
1211647,718900
1211650,400000
1211651,485500
1211659,0
1211665,350000
1211674,150000
1211685,0
1211701,85000
1211702,390800
1211706,613000
1211707,423000
1211710,434900
1211719,431000
1211726,332700
1211729,587500
1211731,490400
1211739,454000
1211747,8050000
1211749,259000
1211750,369000
1211756,465000
1211761,300000
1211763,483300
1211766,0
1211774,400000
1211780,730000
1211787,180000
1211805,100000
1211807,0
1211811,600000
1211812,633300
1211814,350000
1211818,0
1211827,454000
1211829,1058800
1211830,142000
1211845,1255700
1211847,400300
1211848,339200
1211851,397500
1211858,0
1211859,489700
1211860,450000
1211862,581000
1211870,645000
1211875,150000
1211877,513000
1211879,470400
1211884,520000
1211885,250000
1211886,635100
1211888,270000
1211890,400000
1211891,0
1211892,150000
1211895,337500
1211897,405200
1211898,0
1211913,142000
1211915,496800
1211920,0
1211930,0
1211932,400000
1211933,250000
1211942,0
1211945,0
1211948,2740000
1211950,400000
1211954,807900
1211955,387900
1211956,374600
1211962,400000
1211964,494500
1211966,754500
1211969,410500
1211974,490000
1211975,382000
1211988,0
1211990,532400
1211993,1760000
1211999,765100
1212005,400000
1212007,0
1212009,500000
1212014,431500
1212032,617500
1212033,150000
1212041,437800
1212043,382800
1212044,300000
1212048,150000
1212065,0
1212071,307500
1212076,0
1212079,0
1212084,420000
1212092,670000
1212100,0
1212105,439100
1212106,0
1212115,250000
1212116,659100
1212119,150000
1212134,600000
1212136,499700
1212139,1206300
1212141,341600
1212156,250000
1212158,526000
1212161,0
1212167,142000
1212168,394600
1212172,1480900
1212174,0
1212178,442800
1212185,375000
1212187,250000
1212190,200000
1212192,2176000
1212193,358500
1212198,1449000
1212207,0
1212208,0
1212213,390000
1212215,0
1212220,0
1212224,400000
1212225,1382000
1212226,500000
1212227,0
1212230,2019100
1212233,522500
1212236,417800
1212237,465300
1212243,663300
1212245,520000
1212252,697800
1212253,499500
1212255,697800
1212256,142000
1212257,600000
1212262,0
1212268,0
1212270,697800
1212275,120000
1212280,891800
1212281,0
1212282,0
1212287,142000
1212290,400000
1212298,0
1212299,430200
1212301,2455000
1212303,0
1212313,150000
1212318,77000
1212322,214500
1212323,0
1212326,0
1212328,484500
1212329,500000
1212337,500000
1212349,0
1212354,300000
1212356,400000
1212357,0
1212359,350000
1212365,250000
1212371,547800
1212376,697800
1212378,697800
1212380,0
1212381,450000
1212391,0
1212392,70000
1212393,350000
1212399,567900
1212403,0
1212408,417900
1212413,258000
1212415,500000
1212416,417900
1212417,451400
1212421,483300
1212422,417900
1212430,679800
1212434,0
1212445,0
1212448,675000
1212450,437800
1212455,769500
1212457,941500
1212462,656400
1212464,0
1212467,1144000
1212468,495900
1212469,0
1212470,0
1212471,432200
1212473,384900
1212476,0
1212477,0
1212488,142000
1212494,0
1212511,0
1212512,0
1212515,331500
1212521,0
1212532,0
1212535,0
1212536,281300
1212537,0
1212544,1730400
1212547,1620000
1212551,0
1212555,16000
1212560,2792800
1212562,1322000
1212573,0
1212574,500000
1212585,450000
1212591,6765000
1212592,314100
1212594,432500
1212597,407600
1212612,500000
1212617,0
1212618,0
1212620,400000
1212625,4693000
1212632,0
1212645,330000
1212650,447300
1212653,282900
1212656,0
1212670,55000
1212676,611300
1212677,0
1212693,250000
1212696,877000
1212698,520000
1212700,0
1212701,521600
1212703,0
1212710,481000
1212717,345000
1212718,400000
1212719,504600
1212723,150000
1212727,279200
1212730,150000
1212735,411000
1212738,520000
1212744,0
1212747,1472800
1212748,280500
1212749,0
1212750,177000
1212754,150000
1212760,670000
1212768,737600
1212780,0
1212788,508700
1212789,400000
1212790,335000
1212795,0
1212796,150000
1212799,0
1212800,700000
1212804,626500
1212805,580000
1212822,0
1212827,625400
1212841,448500
1212850,0
1212856,150000
1212858,100000
1212860,463900
1212862,1690700
1212867,501100
1212868,342500
1212889,173300
1212899,0
1212900,375500
1212903,0
1212909,0
1212914,4775000
1212915,649500
1212923,0
1212926,324000
1212930,0
1212931,532900
1212933,0
1212935,130000
1212937,0
1212941,0
1212945,436200
1212947,0
1212949,398400
1212954,400000
1212956,298500
1212963,550000
1212971,0
1212979,250000
1212989,450400
1213004,366500
1213011,225000
1213013,550000
1213020,640000
1213055,389300
1213067,0
1213073,250000
1213077,332000
1213080,300000
1213084,0
1213089,359300
1213090,550000
1213092,0
1213094,497000
1213106,0
1213111,450000
1213112,524600
1213120,629800
1213121,300000
1213128,0
1213134,316400
1213143,1650000
1213149,520000
1213150,474300
1213158,493600
1213159,400000
1213167,200000
1213168,250000
1213169,474300
1213177,0
1213181,585300
1213184,627000
1213186,270000
1213187,422500
1213189,384400
1213193,500000
1213197,350000
1213199,0
1213207,350000
1213208,400000
1213209,520000
1213218,1804500
1213225,365600
1213226,150000
1213237,0
1213239,520000
1213240,436000
1213243,749200
1213248,150000
1213250,1574000
1213251,520000
1213255,520000
1213256,498300
1213266,0
1213275,150000
1213280,2345300
1213287,120000
1213288,339800
1213293,1342500
1213296,153000
1213301,142000
1213311,0
1213316,150000
1213321,456100
1213335,400000
1213344,397500
1213354,440000
1213371,200000
1213374,1429500
1213380,300000
1213387,250000
1213395,400000
1213399,632700
1213402,150000
1213418,0
1213421,0
1213423,0
1213428,2152100
1213431,0
1213433,453600
1213436,378500
1213439,0
1213445,0
1213459,0
1213466,825000
1213478,150000
1213481,509000
1213493,1807300
1213500,386900
1213511,588000
1213516,892300
1213517,0
1213519,3274700
1213530,334900
1213533,0
1213541,142000
1213543,87000
1213546,400000
1213549,844600
1213565,395900
1213566,458500
1213578,452000
1213589,603300
1213591,589900
1213595,150000
1213598,765800
1213617,400000
1213619,429300
1213635,323700
1213637,350000
1213642,172000
1213658,660300
1213659,450000
1213664,414000
1213671,1795400
1213673,550000
1213674,0
1213675,467500
1213682,424000
1213683,0
1213693,6611300
1213700,0
1213701,400000
1213705,246000
1213713,0
1213714,710500
1213715,1413400
1213716,468700
1213727,250000
1213730,1794000
1213736,700000
1213738,325500
1213751,720000
1213755,400000
1213760,0
1213764,333000
1213767,150000
1213774,2615200
1213781,0
1213786,657100
1213793,550000
1213795,1874300
1213801,500000
1213802,625000
1213803,404400
1213804,509100
1213814,2583200
1213818,1194300
1213828,400000
1213839,833600
1213845,387000
1213846,0
1213851,345000
1213854,0
1213862,502500
1213879,397000
1213882,300000
1213886,120000
1213890,0
1213891,387000
1213892,0
1213903,396000
1213905,381000
1213909,330300
1213910,300800
1213911,550000
1213915,0
1213918,375000
1213923,1172700
1213926,520000
1213940,1924100
1213942,0
1213948,350000
1213949,450000
1213950,421100
1213952,300000
1213954,400000
1213961,0
1213968,144000
1213972,300000
1213987,0
1213988,689100
1213999,350000
1214002,150000
1214012,550000
1214023,0
1214024,278400
1214028,0
1214034,391500
1214039,0
1214040,862500
1214041,0
1214045,0
1214051,399000
1214053,370500
1214064,0
1214067,0
1214079,410000
1214082,0
1214090,0
1214093,0
1214101,200000
1214103,437600
1214112,360000
1214116,1389300
1214118,0
1214120,0
1214121,716000
1214126,0
1214132,466200
1214133,1002900
1214136,391800
1214141,600000
1214162,200000
1214164,634500
1214165,300000
1214167,0
1214168,277000
1214170,400000
1214171,699600
1214174,0
1214196,520000
1214197,346500
1214200,375000
1214204,450000
1214212,324000
1214218,760800
1214221,0
1214235,457000
1214239,0
1214251,763700
1214258,493600
1214272,400000
1214274,400000
1214280,510000
1214282,0
1214283,1090100
1214290,492500
1214292,697900
1214295,351000
1214299,139000
1214302,0
1214311,259900
1214313,0
1214322,0
1214331,438800
1214350,134000
1214353,130000
1214354,400000
1214355,700000
1214356,705300
1214366,400000
1214380,0
1214382,0
1214383,324000
1214384,453000
1214388,0
1214403,32000
1214431,0
1214432,324000
1214436,1063000
1214438,1519600
1214459,59700
1214462,0
1214473,0
1214477,0
1214480,150000
1214492,519300
1214494,0
1214496,685500
1214497,350000
1214499,250000
1214500,0
1214510,150000
1214512,0
1214518,622500
1214524,417200
1214539,150000
1214549,0
1214556,545000
1214562,140000
1214563,792000
1214565,0
1214569,601000
1214571,1284500
1214574,1286700
1214576,324000
1214597,200000
1214601,125000
1214603,324000
1214619,170000
1214627,133000
1214632,392500
1214639,298000
1214640,0
1214644,600000
1214648,200000
1214649,0
1214656,388800
1214668,305000
1214685,505000
1214688,200000
1214703,0
1214707,350000
1214722,537900
1214727,150000
1214733,552000
1214755,0
1214758,200000
1214820,158900
1214830,150000
1214833,581500
1214839,0
1214847,520000
1214851,2000000
1214861,0
1214880,600000
1214887,658700
1214900,620800
1214910,0
1214916,697000
1214924,0
1214933,843600
1214951,0
1214952,34500
1214953,1513500
1214954,1444700
1214967,1061000
1214973,679600
1214983,1631100
1214994,571500
1214998,250000
1215005,675000
1215010,2396000
1215012,0
1215019,604000
1215032,689000
1215033,0
1215035,845000
1215036,1270000
1215052,861600
1215058,0
1215061,350000
1215074,2495000
1215079,747600
1215083,450000
1215084,135000
1215091,285000
1215096,750000
1215099,750000
1215100,320800
1215107,315000
1215111,600000
1215116,397200
1215125,860500
1215128,450000
1215151,870000
1215165,773000
1215174,2356000
1215175,600000
1215183,250000
1215203,0
1215215,150000
1215258,300000
1215269,0
1215270,200000
1215273,646600
1215274,491200
1215276,404000
1215279,570000
1215287,366000
1215294,400000
1215298,519000
1215303,0
1215305,60000
1215315,0
1215317,456600
1215323,0
1215329,312700
1215333,0
1215336,900000
1215342,0
1215351,275000
1215372,425500
1215376,0
1215381,907000
1215382,945000
1215387,0
1215405,0
1215409,509700
1215411,556900
1215417,715000
1215418,650000
1215425,0
1215437,700000
1215445,530000
1215447,190000
1215448,795000
1215452,800000
1215454,0
1215462,800000
1215471,550000
1215477,800000
1215480,800000
1215487,0
1215494,550000
1215495,890400
1215500,0
1215510,140000
1215515,357000
1215516,40000
1215523,400000
1215525,0
1215526,439600
1215542,0
1215593,876500
1215607,250000
1215611,0
1215617,353300
1215629,400000
1215630,144000
1215634,0
1215642,478800
1215651,798000
1215655,2424500
1215656,0
1215659,637000
1215663,270100
1215672,0
1215689,350000
1215706,2979800
1215711,0
1215719,0
1215747,150000
1215759,330000
1215765,0
1215773,0
1215775,150000
1215791,550000
1215798,0
1215802,500000
1215807,480600
1215823,1996600
1215829,0
1215834,137800
1215844,142000
1215863,400000
1215866,405400
1215871,520000
1215873,200000
1215884,150000
1215903,72000
1215913,0
1215922,495000
1215924,0
1215939,272100
1215942,599000
1215951,140000
1215952,0
1215969,250000
1215981,428000
1215986,150000
1215994,250000
1216003,300000
1216027,0
1216040,0
1216048,150000
1216049,400000
1216050,0
1216054,0
1216056,0
1216062,295000
1216070,0
1216080,250000
1216096,321000
1216100,229500
1216114,200000
1216118,500000
1216123,676500
1216126,300000
1216128,436100
1216130,445500
1216131,190000
1216133,400000
1216137,601000
1216141,431300
1216142,400000
1216150,250000
1216156,0
1216177,415500
1216183,507100
1216186,350000
1216187,332000
1216202,640900
1216213,591000
1216214,0
1216215,0
1216220,1291000
1216226,150000
1216228,250000
1216241,0
1216246,463000
1216257,1229000
1216261,292000
1216268,325000
1216271,0
1216283,0
1216292,500000
1216299,325000
1216304,659700
1216320,150000
1216321,250000
1216322,666900
1216325,0
1216326,0
1216342,1185500
1216344,1593600
1216349,0
1216351,1161000
1216366,49500
1216384,473400
1216387,316500
1216391,0
1216394,0
1216397,700000
1216398,600000
1216404,0
1216411,0
1216412,357000
1216419,360000
1216423,329000
1216425,0
1216428,400000
1216434,637000
1216435,455800
1216436,0
1216452,500000
1216459,747500
1216461,0
1216467,0
1216475,404000
1216489,612700
1216503,260000
1216505,745000
1216513,0
1216515,440400
1216518,0
1216530,0
1216551,722900
1216552,619900
1216554,559000
1216577,520000
1216584,542000
1216588,814700
1216611,483300
1216612,395000
1216621,0
1216634,440500
1216648,730500
1216660,426500
1216667,350000
1216670,481000
1216674,565000
1216676,501300
1216677,330000
1216679,0
1216684,492600
1216696,0
1216697,509100
1216708,432000
1216716,314100
1216723,0
1216733,0
1216745,437400
1216746,467500
1216747,341300
1216752,804500
1216756,506000
1216768,467500
1216771,795000
1216783,670200
1216788,300000
1216794,708300
1216796,434000
1216805,0
1216813,0
1216816,1008400
1216848,396200
1216852,344400
1216860,695000
1216865,0
1216866,795900
1216869,200000
1216873,780000
1216892,375800
1216897,150000
1216906,0
1216908,650000
1216915,400000
1216931,0
1216939,0
1216940,492000
1216950,445800
1216959,440000
1216963,480300
1216971,327000
1216972,400000
1216981,536300
1216988,0
1217007,0
1217018,592000
1217023,0
1217037,479000
1217040,370000
1217044,0
1217048,0
1217049,0
1217058,485400
1217062,937500
1217063,536000
1217064,429000
1217069,400000
1217078,62000
1217080,150000
1217089,705000
1217096,0
1217098,476500
1217107,332500
1217112,999000
1217126,637100
1217131,396000
1217135,120000
1217136,355500
1217151,342800
1217158,350000
1217172,705000
1217174,315000
1217192,404000
1217196,0
1217199,765300
1217202,510000
1217204,550000
1217208,520000
1217212,150000
1217221,400000
1217230,448500
1217237,550000
1217241,375000
1217247,450000
1217252,32000
1217262,850000
1217266,525000
1217267,0
1217269,0
1217275,350000
1217277,875500
1217285,0
1217290,467500
1217309,361500
1217314,602000
1217318,997000
1217319,445000
1217320,1380000
1217333,0
1217336,550000
1217337,5200000
1217339,1543000
1217344,1066500
1217346,550000
1217347,400000
1217349,400000
1217350,279000
1217351,615700
1217355,299700
1217361,360000
1217364,550000
1217376,300000
1217377,700000
1217386,300000
1217400,0
1217406,0
1217413,446200
1217421,746200
1217429,498600
1217436,564500
1217442,520000
1217446,498600
1217455,0
1217457,354600
1217459,0
1217460,520000
1217470,0
1217472,0
1217475,1044000
1217479,150000
1217480,380300
1217483,7571500
1217489,0
1217494,500000
1217503,150000
1217506,400000
1217510,0
1217513,1963900
1217518,456800
1217521,651000
1217537,550000
1217544,397500
1217545,1600000
1217546,400000
1217550,461200
1217553,515400
1217554,312800
1217560,472000
1217567,650000
1217570,17230500
1217576,458000
1217579,411000
1217584,370800
1217585,0
1217592,150000
1217598,595000
1217606,447900
1217630,150000
1217632,439200
1217638,878900
1217639,0
1217640,0
1217645,0
1217649,1655000
1217651,400000
1217657,150000
1217662,250000
1217667,0
1217669,520000
1217675,435000
1217681,500000
1217687,0
1217698,1443000
1217706,1402500
1217715,500000
1217730,250000
1217731,464700
1217732,550000
1217735,721200
1217739,0
1217756,0
1217760,0
1217761,0
1217762,400000
1217764,500000
1217780,506000
1217789,617500
1217795,0
1217802,400000
1217810,455400
1217811,400000
1217816,0
1217821,384600
1217830,0
1217831,250000
1217849,0
1217855,0
1217856,405200
1217866,0
1217872,969200
1217874,492000
1217878,700000
1217880,329600
1217882,0
1217884,601600
1217885,150000
1217894,463000
1217895,0
1217897,463000
1217900,507600
1217901,490000
1217903,0
1217914,0
1217918,500000
1217924,0
1217930,0
1217938,327000
1217955,400000
1217963,6186800
1217993,120000
1217998,408600
1218005,467500
1218009,400000
1218013,318300
1218019,488000
1218020,550000
1218029,389000
1218035,400000
1218037,100000
1218048,0
1218073,316500
1218075,95300
1218076,400000
1218078,0
1218099,385500
1218100,630000
1218101,890000
1218104,1667500
1218108,507100
1218111,671400
1218113,0
1218121,650000
1218132,450000
1218151,451300
1218155,463900
1218156,917000
1218164,400000
1218165,2310000
1218176,300000
1218180,333000
1218194,0
1218214,364400
1218216,350000
1218226,520000
1218230,366900
1218238,0
1218240,1008700
1218247,550000
1218248,363700
1218259,400000
1218263,0
1218270,0
1218276,0
1218295,520000
1218296,553500
1218302,0
1218303,2093000
1218309,0
1218312,705800
1218326,449500
1218341,700000
1218342,0
1218352,550000
1218359,0
1218361,477700
1218369,0
1218379,300000
1218380,400000
1218381,950400
1218389,543000
1218390,0
1218401,0
1218408,140000
1218409,0
1218411,328500
1218412,820000
1218415,460800
1218417,619500
1218418,889500
1218419,334500
1218424,318000
1218432,348800
1218436,157000
1218443,0
1218458,714000
1218471,467400
1218479,315000
1218492,1671200
1218493,1233300
1218496,303500
1218498,373100
1218506,386400
1218521,491200
1218529,757500
1218536,530500
1218541,474500
1218545,160000
1218546,792400
1218553,150000
1218560,251000
1218572,550000
1218586,300000
1218592,1252300
1218598,0
1218608,417000
1218620,835900
1218637,457600
1218641,0
1218650,140000
1218655,287300
1218664,458500
1218667,332000
1218672,0
1218693,400000
1218701,550000
1218715,250000
1218716,1850700
1218717,0
1218735,510000
1218741,400000
1218744,326300
1218749,414000
1218756,498000
1218768,485900
1218777,142000
1218779,509100
1218784,585000
1218786,889000
1218787,5866300
1218792,280000
1218794,582200
1218795,507800
1218801,382500
1218805,366800
1218806,0
1218813,0
1218814,481000
1218816,0
1218818,1411300
1218819,700000
1218820,0
1218821,700000
1218822,400000
1218828,0
1218829,0
1218830,719400
1218835,350000
1218839,512500
1218843,950200
1218861,485500
1218867,569700
1218893,125000
1218904,724300
1218914,790000
1218919,350000
1218923,0
1218936,250000
1218951,400000
1218953,290400
1218959,3033800
1218960,0
1218972,400000
1218976,1000000
1218980,0
1218987,570000
1218988,452700
1218992,350000
1218997,315000
1218998,1624600
1218999,796300
1219000,417800
1219005,0
1219008,370700
1219009,854000
1219024,0
1219025,520000
1219027,0
1219034,1722800
1219035,670000
1219040,450000
1219047,0
1219048,1410000
1219050,500000
1219052,456000
1219055,536000
1219058,347400
1219064,0
1219070,502400
1219073,350000
1219081,426800
1219083,0
1219092,0
1219094,400000
1219098,771400
1219113,467500
1219114,4210300
1219117,200000
1219122,0
1219126,600000
1219130,397500
1219149,20000
1219154,0
1219157,400000
1219159,718900
1219160,750000
1219177,3560500
1219178,779300
1219190,0
1219192,0
1219193,0
1219194,350000
1219198,364500
1219200,587300
1219204,528300
1219215,787000
1219217,318000
1219220,350000
1219240,600000
1219245,250000
1219250,550000
1219251,0
1219256,681400
1219259,463000
1219268,310500
1219269,455400
1219274,447900
1219277,400000
1219285,0
1219302,1702800
1219307,150000
1219315,400000
1219316,413300
1219321,397500
1219322,413300
1219327,652300
1219328,727300
1219340,571500
1219342,413300
1219352,427000
1219355,0
1219361,746000
1219367,490000
1219370,300000
1219374,533100
1219378,790000
1219380,400000
1219381,400000
1219386,850000
1219387,500000
1219388,0
1219401,0
1219408,388500
1219414,599500
1219425,1010400
1219429,400000
1219449,0
1219461,442500
1219462,268000
1219466,150000
1219479,746000
1219481,537000
1219497,400000
1219500,377700
1219504,376800
1219507,400000
1219508,440000
1219520,623000
1219525,293300
1219530,402000
1219531,376500
1219534,58000
1219539,0
1219543,200000
1219545,454000
1219548,0
1219559,0
1219573,0
1219578,400000
1219589,0
1219592,0
1219606,356100
1219611,90000
1219612,258000
1219613,520000
1219629,294000
1219651,400000
1219656,400000
1219671,0
1219674,1600000
1219683,0
1219691,445000
1219693,498800
1219702,335000
1219705,0
1219713,0
1219716,0
1219725,327000
1219728,150000
1219731,0
1219744,400000
1219746,0
1219747,232000
1219748,400000
1219751,2360800
1219755,347600
1219761,400000
1219762,0
1219766,380000
1219782,0
1219792,270000
1219800,350000
1219808,0
1219814,405300
1219825,2676200
1219833,555400
1219836,150000
1219861,0
1219877,535000
1219881,0
1219887,1374000
1219888,0
1219891,2026000
1219902,456000
1219905,0
1219908,438000
1219929,728000
1219932,665000
1219942,413300
1219943,90000
1219945,396000
1219960,1477000
1219961,250000
1219962,0
1219970,150000
1219983,499900
1219986,2339900
1219991,0
1220000,0
1220007,350000
1220012,186000
1220013,449000
1220019,188500
1220034,0
1220037,150000
1220039,500000
1220050,350000
1220056,420000
1220058,467500
1220060,1105300
1220063,498600
1220065,0
1220073,570300
1220074,0
1220076,0
1220089,594000
1220098,0
1220113,474300
1220123,0
1220128,0
1220151,150000
1220152,345000
1220156,0
1220157,650000
1220180,0
1220181,456000
1220182,290000
1220183,250000
1220193,318000
1220208,457600
1220213,150000
1220222,642500
1220226,306000
1220228,0
1220229,465300
1220239,0
1220251,1340000
1220260,645000
1220263,0
1220290,0
1220299,0
1220301,0
1220314,2196600
1220315,282000
1220316,441300
1220322,0
1220323,395000
1220324,324000
1220326,513500
1220334,0
1220337,150000
1220342,749400
1220343,240000
1220344,1233500
1220358,472900
1220364,600000
1220366,647000
1220369,150000
1220370,324000
1220371,195000
1220372,400000
1220374,150000
1220376,391500
1220377,350000
1220381,4083500
1220389,340500
1220398,600000
1220400,800000
1220405,457200
1220412,411800
1220415,0
1220420,372300
1220433,400000
1220436,250000
1220439,0
1220441,971000
1220442,500000
1220443,449500
1220448,463000
1220466,744700
1220468,2702300
1220477,150000
1220483,500000
1220489,550000
1220507,495000
1220517,724500
1220521,371300
1220523,318000
1220533,250000
1220547,975000
1220552,400000
1220553,412000
1220557,0
1220560,624900
1220564,400000
1220567,1262000
1220568,0
1220569,140000
1220600,330000
1220601,140000
1220611,372600
1220618,3440100
1220623,400000
1220627,446800
1220628,483700
1220630,458800
1220636,445000
1220641,423000
1220642,1191000
1220643,0
1220648,0
1220649,1073700
1220652,250000
1220659,0
1220664,250000
1220666,2673000
1220670,0
1220679,304600
1220681,0
1220685,565800
1220692,150000
1220696,200000
1220697,1461500
1220699,409200
1220701,600000
1220702,0
1220704,0
1220724,389600
1220725,0
1220726,779000
1220734,520000
1220737,321000
1220746,557400
1220756,800900
1220759,0
1220763,0
1220766,1882500
1220767,0
1220769,2000000
1220770,330500
1220776,354000
1220778,499000
1220779,0
1220782,447300
1220786,375000
1220797,108000
1220807,458500
1220809,1800900
1220815,400000
1220824,0
1220826,0
1220828,0
1220831,150000
1220883,465000
1220886,0
1220892,400000
1220907,392000
1220912,150000
1220914,0
1220916,582000
1220919,444800
1220920,596400
1220930,1279700
1220946,0
1220947,1034600
1220948,0
1220954,200000
1220955,300000
1220958,274200
1220965,667100
1220966,354000
1220980,520000
1220989,0
1220990,374000
1220992,724000
1220998,1083700
1221003,0
1221021,500000
1221022,300000
1221031,0
1221033,550000
1221037,299000
1221039,500000
1221043,400000
1221046,1000
1221050,0
1221051,500000
1221058,390900
1221062,400000
1221065,506500
1221077,470000
1221079,400000
1221084,1545100
1221088,318900
1221094,515200
1221095,0
1221096,390000
1221097,0
1221099,406600
1221107,150000
1221109,0
1221110,0
1221111,727000
1221117,400000
1221119,0
1221127,351000
1221140,400000
1221153,400000
1221155,450000
1221160,0
1221162,579900
1221168,125000
1221170,465800
1221173,250000
1221195,776000
1221201,265000
1221207,400000
1221211,0
1221215,485800
1221221,400000
1221222,643800
1221227,439300
1221233,140000
1221234,150000
1221237,400000
1221242,0
1221252,580900
1221256,123900
1221263,374400
1221264,250000
1221266,2000000
1221268,473800
1221271,1932100
1221277,2687800
1221282,820000
1221287,606000
1221293,5167900
1221294,1985900
1221305,0
1221317,130000
1221332,150000
1221334,400000
1221335,432300
1221336,580000
1221340,423800
1221356,150000
1221357,440000
1221364,0
1221368,911000
1221376,0
1221378,450400
1221380,355100
1221386,418000
1221397,250000
1221399,387000
1221400,585000
1221401,375000
1221404,457200
1221407,474300
1221410,270000
1221416,400000
1221420,740000
1221433,1269900
1221434,536700
1221446,0
1221448,1000000
1221450,388500
1221467,332500
1221472,454000
1221477,600000
1221479,423000
1221485,332500
1221487,8106000
1221499,0
1221504,0
1221512,150000
1221514,856200
1221528,0
1221536,525000
1221538,0
1221540,322500
1221542,0
1221552,300000
1221555,520000
1221556,354600
1221558,0
1221568,222000
1221572,0
1221575,250000
1221581,501700
1221594,800900
1221596,750000
1221597,0
1221598,653500
1221600,520000
1221606,452000
1221613,250000
1221615,109500
1221621,0
1221631,450400
1221632,606300
1221633,400000
1221635,0
1221642,447600
1221651,150000
1221654,886300
1221657,0
1221659,400000
1221661,450000
1221665,0
1221666,382500
1221668,531000
1221669,0
1221684,0
1221686,250000
1221692,1434000
1221700,456000
1221701,676500
1221706,400000
1221707,400000
1221712,476500
1221715,450000
1221718,0
1221719,150000
1221720,336000
1221725,476500
1221730,400000
1221735,441000
1221737,476500
1221739,770000
1221753,476500
1221758,583800
1221770,476500
1221774,1040900
1221781,0
1221782,0
1221783,476500
1221786,400000
1221787,0
1221788,1176000
1221789,400000
1221796,473500
1221800,0
1221801,476500
1221804,350000
1221806,0
1221811,476500
1221826,476500
1221831,570300
1221842,347400
1221843,476500
1221848,562800
1221850,3659700
1221860,0
1221861,426900
1221865,476500
1221867,1368000
1221872,400000
1221873,355500
1221875,636600
1221876,400000
1221880,1945000
1221883,476500
1221902,600000
1221903,472000
1221905,476500
1221920,471200
1221921,0
1221922,400000
1221924,297000
1221930,476500
1221941,600000
1221948,830000
1221953,330000
1221956,0
1221958,400000
1221965,0
1221987,400000
1221991,670000
1221995,0
1222015,517900
1222021,0
1222023,400000
1222025,431500
1222032,341900
1222041,458500
1222052,150000
1222067,150000
1222095,382800
1222096,495000
1222107,500000
1222112,0
1222116,150000
1222119,390000
1222123,150000
1222127,0
1222139,341100
1222141,400000
1222144,150000
1222157,540000
1222161,1096900
1222165,150000
1222180,1366300
1222186,500000
1222187,0
1222190,400000
1222192,388200
1222199,250000
1222200,0
1222206,660000
1222207,428100
1222213,1260600
1222219,550000
1222230,520000
1222239,525400
1222242,0
1222245,1004500
1222249,600000
1222254,0
1222264,404800
1222265,1500000
1222269,443000
1222274,276000
1222279,0
1222295,465300
1222298,487800
1222305,250000
1222316,270000
1222318,150000
1222319,427000
1222321,0
1222336,688200
1222349,337500
1222355,400000
1222358,887400
1222367,576500
1222371,0
1222372,0
1222373,60000
1222378,0
1222380,485000
1222385,0
1222386,39000
1222394,0
1222398,600000
1222410,554000
1222415,426000
1222417,596000
1222418,150000
1222419,519100
1222422,345000
1222428,332500
1222430,400000
1222447,400000
1222453,450000
1222459,1498700
1222460,250000
1222480,450000
1222482,400000
1222492,734700
1222504,372600
1222523,1528000
1222534,425700
1222535,457500
1222543,0
1222546,562200
1222554,0
1222559,460800
1222565,0
1222572,664200
1222576,790000
1222580,456000
1222583,400000
1222589,375000
1222591,0
1222594,364500
1222604,2013300
1222618,336000
1222621,0
1222625,400000
1222628,150000
1222629,150000
1222633,450000
1222635,545100
1222644,520000
1222645,700000
1222646,562000
1222647,450000
1222656,550000
1222665,902600
1222689,150000
1222690,0
1222694,482400
1222708,0
1222712,520000
1222713,510000
1222721,400000
1222722,400000
1222723,0
1222725,477600
1222727,0
1222733,150000
1222742,0
1222753,0
1222754,450000
1222762,328600
1222765,30000
1222769,597200
1222770,324000
1222772,0
1222774,437500
1222784,0
1222786,612300
1222788,765000
1222789,800000
1222791,0
1222796,0
1222801,456000
1222804,508000
1222807,853700
1222810,540000
1222815,187500
1222817,850400
1222823,0
1222826,680000
1222832,2420000
1222837,487800
1222841,0
1222846,0
1222847,0
1222853,0
1222854,0
1222871,350000
1222880,667500
1222881,150000
1222896,397500
1222904,479700
1222906,0
1222908,522900
1222916,349000
1222917,400000
1222920,0
1222926,727000
1222929,300000
1222937,0
1222945,0
1222947,0
1222961,0
1222976,893000
1222991,670000
1223000,506000
1223004,698500
1223005,0
1223011,520000
1223018,400000
1223024,1116400
1223027,893900
1223033,360000
1223036,399600
1223038,417900
1223040,400000
1223047,0
1223050,1265500
1223055,535000
1223056,358700
1223058,667100
1223066,800000
1223072,260600
1223083,470200
1223085,400000
1223093,402500
1223102,350000
1223103,641500
1223105,420000
1223110,499000
1223112,653200
1223121,0
1223125,850000
1223134,455000
1223144,150000
1223162,0
1223170,0
1223176,236600
1223188,679400
1223195,0
1223199,0
1223200,454500
1223205,400000
1223212,431500
1223214,468600
1223217,569300
1223225,512500
1223230,0
1223231,515800
1223232,0
1223236,150000
1223245,340000
1223249,1366000
1223250,320300
1223257,340000
1223258,440000
1223259,486000
1223261,200000
1223263,467500
1223276,467500
1223280,0
1223286,400000
1223290,3086700
1223291,683800
1223292,0
1223298,400000
1223299,596600
1223309,0
1223314,920700
1223317,535000
1223322,922100
1223323,0
1223326,471000
1223336,520000
1223338,400000
1223340,520000
1223343,360000
1223367,273500
1223376,900000
1223386,1470700
1223388,579300
1223391,393000
1223405,364800
1223421,1569900
1223422,0
1223432,200000
1223433,958600
1223442,0
1223444,0
1223445,100000
1223447,360500
1223456,550000
1223462,1000000
1223477,600000
1223494,500000
1223500,0
1223503,38000
1223508,0
1223524,150000
1223535,521100
1223537,350000
1223550,350000
1223559,413300
1223561,828900
1223564,90000
1223569,330000
1223570,200000
1223577,343000
1223587,895400
1223588,350000
1223589,400000
1223596,200000
1223608,0
1223614,350000
1223616,1681400
1223621,381000
1223626,1062900
1223632,147000
1223635,265800
1223646,250000
1223649,250000
1223654,550000
1223663,0
1223665,260000
1223668,0
1223671,2750000
1223672,100000
1223678,0
1223689,400000
1223695,1847500
1223696,321800
1223711,334500
1223719,250000
1223723,150000
1223724,400000
1223739,0
1223767,128000
1223773,150000
1223778,650000
1223803,1107500
1223811,0
1223825,468000
1223829,617800
1223833,467000
1223835,550000
1223837,0
1223843,0
1223852,520000
1223870,0
1223873,0
1223874,250000
1223882,0
1223883,500000
1223885,0
1223887,520000
1223889,250000
1223892,391600
1223893,250000
1223899,150000
1223910,1348500
1223929,1128000
1223939,395000
1223940,825000
1223970,200000
1223986,0
1223988,350000
1224005,808000
1224009,500000
1224045,0
1224047,0
1224059,250000
1224065,0
1224072,517000
1224093,360000
1224105,417000
1224106,300000
1224108,0
1224109,0
1224123,500000
1224125,350000
1224131,315100
1224132,576000
1224159,400000
1224165,990500
1224176,949700
1224183,690000
1224190,0
1224203,349700
1224208,360000
1224209,250000
1224219,400000
1224221,150000
1224226,0
1224234,430200
1224235,585500
1224236,500000
1224238,1000000
1224248,320300
1224250,597500
1224251,0
1224253,6483400
1224255,454000
1224260,250000
1224277,150000
1224285,0
1224291,3898000
1224294,636000
1224306,2150000
1224307,0
1224311,0
1224317,0
1224326,0
1224335,400000
1224349,0
1224352,400000
1224355,502000
1224358,0
1224360,0
1224371,0
1224375,450000
1224377,250000
1224385,0
1224387,527700
1224388,44000
1224399,0
1224402,127000
1224412,0
1224418,491200
1224424,727000
1224429,265000
1224432,600000
1224433,0
1224437,0
1224445,0
1224446,325000
1224447,502500
1224449,250000
1224454,904400
1224457,0
1224461,225000
1224466,18600
1224468,327000
1224470,0
1224485,355000
1224492,313200
1224497,250000
1224506,0
1224509,0
1224518,0
1224530,0
1224541,0
1224545,0
1224546,600000
1224550,0
1224559,1202000
1224561,0
1224567,0
1224569,1702500
1224576,619000
1224584,250000
1224594,1072600
1224605,885000
1224610,405200
1224626,0
1224639,392800
1224642,400000
1224656,400000
1224657,1039500
1224658,250000
1224676,0
1224688,570000
1224691,1836500
1224697,1616500
1224704,0
1224708,0
1224714,0
1224724,0
1224733,0
1224735,0
1224741,142800
1224761,324000
1224767,990000
1224771,120800
1224776,154000
1224795,358300
1224802,0
1224814,669500
1224823,423000
1224832,0
1224846,0
1224848,0
1224856,0
1224864,0
1224865,866000
1224874,0
1224876,250000
1224890,501000
1224893,189000
1224909,425300
1224913,1067500
1224917,0
1224926,647000
1224931,350000
1224935,250000
1224951,548300
1224978,400000
1224982,1563000
1224984,440000
1224994,0
1225012,283500
1225022,350000
1225033,400000
1225037,550000
1225042,0
1225065,0
1225078,0
1225096,200000
1225097,613000
1225103,250000
1225104,1144600
1225113,472000
1225114,0
1225117,250000
1225118,0
1225119,426400
1225137,0
1225145,683500
1225148,0
1225149,0
1225151,0
1225163,250000
1225167,541800
1225185,600000
1225187,322000
1225188,324000
1225191,313300
1225193,321500
1225205,0
1225211,966100
1225223,398000
1225225,540000
1225229,250000
1225232,439000
1225252,150000
1225254,0
1225258,0
1225259,0
1225268,796500
1225270,200000
1225271,10771400
1225296,3890500
1225303,332500
1225305,190000
1225307,356300
1225308,300000
1225325,464300
1225327,35000
1225336,500000
1225341,400000
1225343,0
1225352,0
1225359,447500
1225369,780000
1225375,372500
1225382,0
1225390,0
1225396,472000
1225397,318800
1225415,430100
1225417,389300
1225418,450000
1225420,2141500
1225423,731000
1225424,0
1225439,400000
1225444,240000
1225445,0
1225446,488400
1225449,0
1225450,424300
1225457,400000
1225461,496300
1225463,345000
1225472,150000
1225473,150000
1225486,0
1225487,0
1225494,654000
1225499,250000
1225509,0
1225511,485000
1225514,450000
1225522,395000
1225528,315000
1225543,1013500
1225549,250000
1225552,636600
1225559,217000
1225568,400000
1225570,810000
1225572,870000
1225596,0
1225611,2553100
1225612,735000
1225613,520000
1225629,0
1225634,0
1225636,0
1225644,665200
1225649,0
1225668,400000
1225679,505000
1225694,150000
1225697,0
1225700,0
1225705,151000
1225711,451500
1225715,350000
1225720,250000
1225723,684000
1225725,360000
1225726,0
1225728,0
1225731,281600
1225744,150000
1225753,480000
1225779,914000
1225783,182000
1225791,150000
1225792,355000
1225794,763800
1225800,520000
1225801,150000
1225802,305000
1225805,250000
1225807,3858100
1225808,313400
1225809,250000
1225817,250000
1225823,250000
1225837,250000
1225839,500000
1225844,401000
1225868,0
1225878,450000
1225895,250000
1225910,500000
1225912,3462600
1225918,150000
1225933,554000
1225947,0
1225969,0
1225972,0
1225975,150000
1225982,0
1225986,500000
1225992,150000
1225999,362600
1226005,250000
1226006,0
1226012,582000
1226013,443700
1226016,0
1226019,150000
1226022,500000
1226031,1601500
1226037,510000
1226042,0
1226052,0
1226054,387000
1226057,0
1226064,475200
1226065,1633300
1226069,62000
1226070,355700
1226077,457500
1226082,982800
1226098,0
1226099,407600
1226101,0
1226102,408000
1226105,382500
1226106,140000
1226107,284000
1226109,1069500
1226111,384000
1226116,170400
1226134,417900
1226139,670000
1226140,1069500
1226151,4093300
1226152,481000
1226157,350000
1226162,424500
1226165,0
1226167,24600
1226172,370800
1226173,0
1226178,765300
1226203,315000
1226204,0
1226207,0
1226209,367500
1226214,485000
1226216,676800
1226218,250000
1226225,525500
1226231,449500
1226232,0
1226235,363800
1226236,587700
1226241,0
1226246,376200
1226255,1089000
1226257,255000
1226263,717900
1226266,353400
1226271,865600
1226276,476500
1226286,150000
1226294,350000
1226297,1651800
1226298,639500
1226300,483300
1226307,348000
1226311,300000
1226324,550000
1226326,0
1226334,304600
1226337,0
1226343,520000
1226352,0
1226360,853400
1226367,270000
1226370,350000
1226371,474300
1226375,559000
1226384,0
1226386,520000
1226392,120000
1226401,0
1226406,350700
1226415,1298400
1226418,639200
1226422,674600
1226428,458500
1226442,563500
1226450,302100
1226456,19200
1226458,150000
1226463,337500
1226474,304600
1226475,0
1226479,520000
1226483,269100
1226489,517500
1226490,200000
1226491,2209000
1226497,1514000
1226499,808000
1226506,1581300
1226509,300000
1226516,150000
1226525,150000
1226526,150800
1226527,240000
1226530,600000
1226544,476500
1226564,2069200
1226569,322000
1226570,469600
1226574,304200
1226578,287000
1226582,0
1226586,0
1226597,2757700
1226598,520000
1226604,803700
1226607,781000
1226619,400000
1226625,2541000
1226626,481000
1226627,0
1226638,0
1226640,148000
1226652,0
1226653,456000
1226654,736600
1226660,419500
1226677,0
1226684,456300
1226688,400000
1226689,394500
1226690,684000
1226694,1312200
1226698,0
1226708,734000
1226709,0
1226711,0
1226722,0
1226728,150000
1226731,550000
1226735,0
1226739,420900
1226746,441800
1226747,0
1226754,571800
1226758,400000
1226761,400500
1226776,822000
1226780,307500
1226790,946000
1226803,544000
1226813,250000
1226818,345800
1226819,2745700
1226832,846000
1226837,0
1226840,0
1226843,0
1226848,385000
1226850,0
1226855,400500
1226856,380600
1226858,375000
1226868,206300
1226875,810000
1226876,594000
1226881,316500
1226886,140000
1226895,0
1226896,403700
1226898,400000
1226907,395300
1226909,250000
1226913,456000
1226914,934700
1226920,0
1226924,347300
1226925,570000
1226936,0
1226944,472000
1226946,1000000
1226950,550000
1226951,0
1226968,0
1226972,316500
1226975,1066000
1226986,400000
1226993,485000
1226994,0
1226997,598500
1226999,0
1227006,610000
1227007,0
1227010,510000
1227015,0
1227016,747000
1227018,0
1227025,829500
1227028,325000
1227036,0
1227037,609000
1227038,656000
1227040,624500
1227042,467600
1227044,582900
1227050,409500
1227055,600000
1227058,0
1227059,0
1227077,0
1227079,0
1227082,194000
1227086,520000
1227091,0
1227102,400000
1227104,275000
1227116,500000
1227120,400000
1227122,598500
1227124,550000
1227125,343000
1227131,438000
1227139,1418000
1227140,712000
1227142,375000
1227144,779500
1227146,510000
1227147,60000
1227153,346500
1227157,417800
1227158,379100
1227180,520000
1227183,0
1227184,570300
1227199,77500
1227201,428900
1227203,1751000
1227206,921300
1227208,627500
1227214,0
1227219,498800
1227222,151000
1227224,0
1227225,0
1227235,0
1227247,50000
1227256,950000
1227260,400000
1227267,0
1227271,624000
1227280,0
1227284,400000
1227287,188200
1227290,150000
1227293,3480600
1227294,150000
1227298,875000
1227299,722500
1227302,0
1227305,0
1227318,400000
1227319,457600
1227322,0
1227333,350000
1227338,0
1227339,400000
1227344,743700
1227349,0
1227352,751900
1227356,0
1227357,0
1227358,0
1227363,150000
1227366,520000
1227370,150000
1227371,0
1227376,150000
1227378,0
1227388,1217000
1227389,0
1227392,0
1227400,0
1227401,807700
1227402,140000
1227403,0
1227406,778700
1227412,0
1227414,415500
1227419,0
1227420,285900
1227430,2201800
1227431,522000
1227432,0
1227435,0
1227446,430200
1227451,904500
1227457,0
1227485,676800
1227486,356900
1227495,150000
1227497,313000
1227502,401100
1227503,468600
1227509,150000
1227513,0
1227515,200000
1227521,606000
1227531,0
1227532,323400
1227533,350700
1227534,297000
1227536,0
1227537,0
1227539,0
1227540,150000
1227544,1304800
1227546,0
1227552,450000
1227557,1323000
1227558,150000
1227568,2211500
1227582,540500
1227583,0
1227594,679700
1227600,1307500
1227615,150000
1227618,460600
1227622,0
1227629,400000
1227633,150000
1227645,150000
1227648,494400
1227649,0
1227650,200000
1227653,0
1227659,350000
1227660,438400
1227663,150000
1227667,0
1227668,420800
1227670,510000
1227671,1361300
1227672,150000
1227674,150000
1227675,119000
1227677,1200100
1227679,0
1227681,211300
1227689,0
1227694,568000
1227709,520000
1227713,0
1227716,550000
1227718,0
1227720,2275100
1227721,850000
1227727,250000
1227730,400000
1227732,700000
1227744,44000
1227745,0
1227756,450400
1227765,0
1227778,491000
1227789,400000
1227791,0
1227793,150000
1227798,0
1227810,255000
1227816,0
1227817,2744600
1227818,0
1227820,150000
1227821,250000
1227822,523700
1227824,0
1227827,414500
1227832,150000
1227834,0
1227845,150000
1227851,1014000
1227856,0
1227859,432000
1227867,608500
1227869,140000
1227871,300000
1227872,405000
1227874,0
1227878,400000
1227884,242500
1227886,0
1227890,150000
1227891,317800
1227893,863500
1227894,829000
1227895,0
1227897,0
1227899,554500
1227900,2283500
1227902,0
1227903,514000
1227904,0
1227908,1300000
1227921,150000
1227925,0
1227926,170000
1227927,339000
1227929,0
1227938,150000
1227943,0
1227949,384000
1227951,0
1227959,835400
1227974,0
1227980,525000
1227994,140000
1227996,499300
1227999,0
1228001,400000
1228008,0
1228012,0
1228013,150000
1228014,0
1228016,677200
1228021,484000
1228028,0
1228029,0
1228035,800000
1228037,150000
1228039,360000
1228040,200000
1228041,390500
1228043,0
1228046,637500
1228051,250000
1228054,161400
1228055,0
1228061,391500
1228065,150000
1228070,0
1228071,483800
1228080,400000
1228081,0
1228084,550000
1228086,0
1228088,400000
1228094,70900
1228098,1193000
1228104,150000
1228105,891000
1228109,0
1228110,150000
1228117,400000
1228118,1176600
1228121,150000
1228124,0
1228125,250000
1228127,370800
1228128,440000
1228133,0
1228144,0
1228149,2432600
1228150,390000
1228154,345000
1228157,764000
1228158,150000
1228160,350000
1228173,0
1228189,140000
1228191,0
1228192,150000
1228197,0
1228199,315900
1228200,360000
1228205,330000
1228206,621100
1228211,0
1228214,0
1228216,390000
1228217,595500
1228228,625000
1228231,0
1228242,450000
1228244,486500
1228247,0
1228251,0
1228256,1350200
1228258,0
1228259,400000
1228260,400000
1228262,0
1228265,0
1228270,501300
1228271,953300
1228273,501300
1228277,517000
1228282,150000
1228285,0
1228286,0
1228297,0
1228301,0
1228308,320000
1228316,736000
1228317,520000
1228320,745800
1228322,350000
1228324,516500
1228331,140000
1228340,448600
1228342,697800
1228344,0
1228350,270000
1228351,520000
1228353,150000
1228367,2408100
1228369,283500
1228370,360000
1228386,0
1228399,0
1228407,1189300
1228408,450000
1228419,402800
1228424,630000
1228425,0
1228426,580500
1228433,0
1228443,780700
1228447,722500
1228451,400000
1228454,400000
1228455,550000
1228456,927400
1228459,315000
1228467,458500
1228469,140000
1228472,736700
1228482,777000
1228483,441000
1228493,336000
1228504,417000
1228507,1196800
1228511,268500
1228521,500000
1228524,0
1228528,0
1228537,11081000
1228543,390000
1228546,400000
1228551,500000
1228561,1062500
1228564,387500
1228570,140000
1228576,4593600
1228577,542700
1228581,458500
1228585,343500
1228588,6237400
1228603,355700
1228606,428000
1228608,448900
1228611,400000
1228615,149500
1228623,296600
1228624,936600
1228628,550000
1228638,0
1228646,546000
1228648,1000000
1228649,428800
1228653,140000
1228655,644500
1228657,389000
1228659,400000
1228661,352500
1228662,2643300
1228670,150000
1228671,494000
1228683,400000
1228691,400000
1228692,959000
1228701,122500
1228704,528300
1228712,421900
1228713,450000
1228714,1866000
1228716,1899700
1228717,344800
1228719,559500
1228720,432500
1228721,657200
1228724,933600
1228727,670000
1228734,1019800
1228741,970000
1228742,700000
1228743,488200
1228746,1346000
1228757,458400
1228764,150000
1228766,725000
1228769,450000
1228783,0
1228798,0
1228806,0
1228816,405900
1228817,523000
1228826,200000
1228827,891700
1228830,384000
1228835,581000
1228839,0
1228861,0
1228862,0
1228865,720000
1228866,0
1228879,150000
1228882,279500
1228885,345000
1228887,1038000
1228888,520000
1228890,395000
1228891,250000
1228899,331700
1228901,520000
1228903,165000
1228905,561300
1228912,200000
1228920,476500
1228924,356300
1228927,471200
1228931,240000
1228938,619100
1228939,250000
1228941,581500
1228944,502200
1228948,250000
1228952,1200000
1228954,488400
1228959,456000
1228964,0
1228975,1256900
1228977,270000
1228986,0
1228990,0
1228991,307400
1228995,500000
1228997,494500
1228998,150000
1229000,330000
1229002,14000
1229003,1435500
1229006,150000
1229008,400000
1229011,500000
1229015,0
1229022,1446800
1229023,564000
1229024,0
1229028,520000
1229038,0
1229039,393000
1229040,0
1229041,0
1229047,505800
1229050,445000
1229051,350000
1229057,1200000
1229058,560000
1229061,1231300
1229070,400000
1229088,467500
1229090,300000
1229097,0
1229104,523500
1229107,1080500
1229108,250000
1229112,0
1229116,589600
1229118,398700
1229123,448600
1229125,562800
1229138,350000
1229141,551800
1229147,0
1229148,1699600
1229155,1958600
1229157,1846500
1229161,474300
1229176,0
1229178,400000
1229181,409300
1229182,0
1229185,300000
1229187,450000
1229191,390000
1229200,0
1229201,400500
1229202,406800
1229214,300000
1229225,150000
1229226,390000
1229232,560800
1229240,595000
1229244,520000
1229248,1137300
1229250,984800
1229251,200000
1229252,432000
1229258,423900
1229260,670000
1229271,0
1229274,0
1229277,0
1229280,2337200
1229281,400000
1229290,0
1229295,554500
1229296,857100
1229299,485000
1229303,544500
1229306,458400
1229307,829000
1229315,550000
1229317,0
1229318,510000
1229325,350000
1229327,458400
1229329,1827900
1229338,450400
1229342,287000
1229344,0
1229346,0
1229355,0
1229356,990000
1229358,0
1229367,200000
1229368,8500
1229383,0
1229384,300000
1229386,350000
1229389,520000
1229396,387000
1229404,0
1229407,0
1229408,524500
1229417,400000
1229423,441000
1229425,344300
1229435,568400
1229436,520000
1229439,920000
1229442,389600
1229445,0
1229450,0
1229451,450400
1229457,667800
1229462,0
1229472,550000
1229475,200000
1229501,297000
1229511,400000
1229514,592400
1229516,0
1229518,0
1229519,347400
1229523,250000
1229525,400000
1229530,515900
1229534,610000
1229535,1400000
1229537,842500
1229538,764500
1229539,579800
1229547,434500
1229550,350000
1229560,682300
1229563,1300400
1229565,574800
1229571,400000
1229577,449000
1229580,952200
1229584,400000
1229586,514000
1229607,0
1229615,808500
1229622,300000
1229626,471000
1229638,0
1229654,2400000
1229655,327300
1229663,664000
1229664,400000
1229665,450000
1229681,210000
1229688,450000
1229699,400000
1229703,968400
1229706,263500
1229712,1527500
1229717,1315000
1229736,1073000
1229737,1728400
1229742,374100
1229745,73500
1229747,292000
1229760,0
1229768,0
1229779,385500
1229793,647000
1229798,0
1229800,392000
1229807,520000
1229809,250000
1229811,530000
1229816,447300
1229838,383000
1229847,288000
1229854,550000
1229869,0
1229871,721500
1229875,1967800
1229883,168400
1229884,400000
1229889,387700
1229897,0
1229898,430000
1229900,150000
1229903,790500
1229911,555800
1229913,524300
1229914,1350000
1229916,505800
1229923,0
1229928,0
1229929,250000
1229938,0
1229947,490200
1229949,700000
1229951,554000
1229954,312000
1229955,240000
1229956,455800
1229957,350000
1229964,881200
1229974,502400
1229978,348000
1229981,400000
1229988,0
1229993,710700
1229998,0
1230000,0
1230002,456000
1230007,1262200
1230010,570000
1230013,1795400
1230014,400000
1230019,396000
1230028,4745000
1230031,140000
1230033,1178500
1230051,321800
1230058,531900
1230065,822200
1230073,150000
1230086,0
1230089,442800
1230091,436500
1230092,150000
1230102,0
1230108,150000
1230112,374400
1230116,1700000
1230119,550000
1230120,150000
1230128,398300
1230136,670000
1230149,467500
1230154,400000
1230158,0
1230159,0
1230168,3891000
1230169,500000
1230180,550000
1230182,293500
1230185,0
1230187,0
1230195,0
1230201,0
1230221,3690000
1230224,562800
1230225,1003900
1230226,1000000
1230229,0
1230234,400000
1230251,0
1230254,850000
1230256,128000
1230272,1166300
1230274,150000
1230292,0
1230294,0
1230295,135000
1230300,420000
1230302,368000
1230304,400000
1230308,257100
1230314,490000
1230317,817000
1230319,0
1230329,476500
1230338,1150000
1230339,0
1230347,528300
1230349,469800
1230353,400000
1230355,0
1230357,500000
1230358,460500
1230363,0
1230367,445000
1230373,0
1230374,0
1230379,0
1230380,0
1230385,0
1230394,324000
1230395,597300
1230399,306000
1230401,140000
1230406,0
1230410,0
1230413,0
1230415,774000
1230421,4569700
1230425,343000
1230440,1773500
1230453,1908000
1230454,354700
1230456,3073200
1230457,935500
1230459,323100
1230472,300000
1230484,1080000
1230504,481600
1230507,493600
1230517,454900
1230532,352500
1230537,1556300
1230546,534700
1230590,355500
1230592,294000
1230594,662000
1230596,543000
1230599,400000
1230613,432300
1230624,150000
1230629,474700
1230632,332300
1230633,588200
1230635,681000
1230637,448600
1230638,0
1230639,0
1230640,0
1230641,0
1230647,4479700
1230656,790400
1230657,276000
1230659,4123300
1230662,1298300
1230667,0
1230668,1167300
1230669,681000
1230671,757200
1230673,150000
1230677,1243900
1230680,489300
1230682,1854500
1230683,681000
1230687,400000
1230698,445500
1230711,0
1230713,400000
1230722,613000
1230726,0
1230727,377800
1230730,681000
1230737,400000
1230738,681000
1230740,150000
1230742,0
1230744,467500
1230749,0
1230752,681000
1230759,671300
1230764,1090000
1230766,469500
1230773,400000
1230776,600000
1230783,1393600
1230795,0
1230798,681000
1230808,250000
1230810,681000
1230814,0
1230817,150000
1230821,681000
1230823,984000
1230825,0
1230826,727600
1230836,681000
1230841,150000
1230848,399000
1230852,0
1230853,681000
1230854,1435100
1230860,594000
1230863,729200
1230871,681000
1230882,150000
1230883,537000
1230885,681000
1230889,150000
1230890,2000000
1230891,334400
1230899,650000
1230914,681000
1230918,681000
1230920,3870000
1230925,631000
1230931,1300600
1230933,742400
1230934,681000
1230936,735500
1230940,600000
1230942,400000
1230943,500000
1230947,678800
1230948,150000
1230949,0
1230952,681000
1230954,306000
1230955,1680000
1230967,681000
1230970,474300
1230973,150000
1230979,763000
1230983,681000
1230986,451800
1230990,681000
1231008,330800
1231016,437500
1231017,250000
1231019,444700
1231020,681000
1231022,470200
1231025,0
1231036,396000
1231041,550000
1231045,0
1231046,445000
1231051,270000
1231064,555800
1231065,481000
1231073,714700
1231075,0
1231081,0
1231082,20000
1231087,541900
1231091,1603100
1231094,140000
1231095,597000
1231097,405300
1231099,467500
1231117,727300
1231118,361500
1231122,0
1231132,312000
1231135,357000
1231140,481000
1231155,62400
1231156,400000
1231157,250000
1231161,142500
1231163,0
1231169,819000
1231194,0
1231196,1023700
1231209,364100
1231221,150000
1231226,1012200
1231230,0
1231233,640000
1231236,1371000
1231260,209000
1231262,528000
1231264,520000
1231276,2293700
1231277,483400
1231282,200000
1231287,1340300
1231293,504000
1231294,579700
1231296,336000
1231313,348000
1231321,170000
1231336,0
1231337,569500
1231339,319200
1231341,440000
1231342,0
1231346,528000
1231356,0
1231357,467500
1231367,607600
1231368,830000
1231377,459800
1231393,631000
1231398,200000
1231403,550000
1231407,440000
1231412,440300
1231422,565500
1231425,687000
1231427,512500
1231431,356000
1231441,546700
1231447,554000
1231448,457600
1231450,0
1231454,400000
1231464,400000
1231465,0
1231474,367500
1231475,0
1231504,150000
1231508,476500
1231510,50000
1231511,276000
1231512,520000
1231514,0
1231517,738700
1231521,377300
1231530,414200
1231536,246000
1231538,400000
1231541,390000
1231542,1846000
1231545,400000
1231550,569000
1231561,0
1231562,348000
1231569,0
1231571,0
1231578,373800
1231580,700000
1231583,150000
1231586,302500
1231589,357900
1231593,550000
1231598,2440700
1231599,355900
1231601,352500
1231606,0
1231618,235100
1231626,350000
1231631,472000
1231643,0
1231647,1261400
1231648,745200
1231651,409500
1231653,0
1231654,1650800
1231657,450000
1231663,150000
1231682,571300
1231683,523500
1231684,250000
1231699,302500
1231705,658900
1231716,685800
1231718,400000
1231722,0
1231731,494000
1231734,957000
1231740,800000
1231741,341300
1231749,400000
1231757,289500
1231763,404100
1231766,799000
1231767,492300
1231768,480100
1231780,2739000
1231782,1498600
1231798,485000
1231799,2624500
1231800,387000
1231802,0
1231806,395000
1231812,628800
1231814,632900
1231816,140000
1231820,630000
1231836,250000
1231838,285000
1231842,0
1231848,560000
1231850,775000
1231864,688900
1231866,0
1231871,586000
1231872,360000
1231882,350000
1231887,450000
1231889,200000
1231907,0
1231909,0
1231914,711000
1231916,568700
1231917,197500
1231921,470700
1231929,591000
1231938,300000
1231940,140000
1231949,0
1231958,250000
1231959,408500
1231969,1298600
1231970,0
1231973,300000
1231975,410000
1231980,0
1231981,285100
1231988,500000
1231989,472000
1231991,140000
1231995,0
1232000,140000
1232001,910500
1232002,500000
1232010,525000
1232033,440700
1232037,250000
1232052,0
1232053,120000
1232054,0
1232064,350000
1232070,395500
1232079,0
1232082,200000
1232083,0
1232088,340100
1232094,400000
1232096,200000
1232109,619000
1232111,0
1232115,0
1232116,0
1232117,200000
1232119,363000
1232120,250000
1232122,250000
1232125,140000
1232148,0
1232153,635300
1232159,300000
1232167,408100
1232178,0
1232186,421800
1232187,0
1232189,250000
1232191,0
1232192,140000
1232193,250000
1232204,0
1232212,815000
1232213,150000
1232215,550000
1232218,548200
1232229,561000
1232232,0
1232234,0
1232242,0
1232246,0
1232248,250000
1232252,150000
1232277,385000
1232282,300000
1232283,399700
1232296,1037700
1232298,390000
1232301,1702000
1232303,600000
1232318,421800
1232324,572500
1232328,1278000
1232329,450000
1232340,711500
1232341,300000
1232343,1174700
1232348,0
1232365,488400
1232376,3362000
1232377,0
1232383,549400
1232389,150000
1232398,600000
1232405,400000
1232409,0
1232417,0
1232421,1225800
1232425,250000
1232430,483300
1232432,300000
1232444,2484700
1232448,704700
1232449,355000
1232450,352500
1232452,445200
1232464,429700
1232466,0
1232467,250000
1232472,400000
1232478,165000
1232479,0
1232482,140000
1232492,455400
1232494,0
1232503,762500
1232505,300000
1232518,422300
1232523,400000
1232527,150000
1232545,132000
1232550,3793300
1232555,426500
1232559,200000
1232562,0
1232567,0
1232568,430000
1232572,350000
1232586,695300
1232596,0
1232598,367500
1232602,0
1232615,130000
1232620,0
1232631,150000
1232632,400000
1232640,0
1232645,0
1232650,150000
1232656,450000
1232659,1121700
1232661,300000
1232665,140000
1232670,671600
1232675,0
1232682,229500
1232684,3130400
1232685,375000
1232687,150000
1232692,417500
1232694,0
1232699,41000
1232700,420000
1232701,0
1232703,223400
1232704,140000
1232725,1508500
1232727,0
1232728,0
1232741,0
1232750,140000
1232756,190000
1232762,410400
1232770,951300
1232775,473700
1232779,660000
1232781,150000
1232783,0
1232789,0
1232792,500000
1232793,140000
1232800,0
1232804,350000
1232807,400000
1232827,772100
1232831,308000
1232834,504500
1232844,1015500
1232846,0
1232847,255000
1232866,0
1232867,10500
1232877,515000
1232887,1150000
1232889,562000
1232898,470000
1232900,449600
1232919,225000
1232926,0
1232928,0
1232930,250000
1232936,675000
1232955,198000
1232956,432000
1232960,550000
1232962,0
1232964,300000
1232971,250000
1232979,0
1232988,1073900
1232994,0
1232998,608000
1233016,400000
1233029,600000
1233064,286800
1233070,382500
1233085,0
1233086,647900
1233096,13832400
1233106,389300
1233113,1961100
1233116,0
1233125,150000
1233130,0
1233134,1312800
1233135,369800
1233152,196900
1233166,149500
1233175,382500
1233178,1228500
1233198,666100
1233200,225200
1233202,420000
1233206,759500
1233210,0
1233215,35000
1233241,250000
1233268,61000
1233279,250000
1233289,315000
1233292,318000
1233293,436000
1233306,0
1233324,0
1233329,0
1233330,1500000
1233337,406500
1233358,0
1233369,375800
1233371,583800
1233426,703000
1233427,437500
1233428,0
1233432,552300
1233434,0
1233436,250000
1233443,472000
1233457,0
1233461,0
1233462,550000
1233464,158000
1233465,483700
1233475,1174800
1233479,379000
1233482,0
1233487,400000
1233490,1118500
1233494,150000
1233501,0
1233508,400000
1233532,2500000
1233533,5379600
1233540,28000
1233541,373500
1233556,633300
1233562,463500
1233565,1458000
1233570,0
1233572,315000
1233598,1255100
1233600,322500
1233603,4460800
1233607,296000
1233610,600000
1233613,450000
1233619,380000
1233626,490400
1233629,386300
1233630,2606600
1233644,135000
1233651,445000
1233665,302500
1233678,330000
1233681,325000
1233684,492500
1233691,550000
1233693,354600
1233697,392500
1233698,0
1233701,250000
1233716,500000
1233730,320000
1233732,1316600
1233739,0
1233743,0
1233753,550000
1233759,140000
1233762,457700
1233765,300000
1233773,0
1233774,162000
1233777,340000
1233780,413700
1233787,150000
1233789,332500
1233791,0
1233793,1346500
1233799,0
1233812,0
1233816,903500
1233818,712000
1233820,719000
1233821,500000
1233822,3000000
1233824,300000
1233828,1385800
1233831,0
1233833,616500
1233835,325800
1233841,0
1233847,250000
1233848,0
1233854,343000
1233857,250000
1233865,930000
1233869,235000
1233871,1977500
1233876,172000
1233886,472900
1233891,913200
1233894,0
1233896,0
1233905,0
1233909,0
1233914,657000
1233915,250000
1233927,468800
1233932,339500
1233937,0
1233938,499900
1233940,484500
1233941,300000
1233952,400100
1233957,0
1233958,250000
1233966,0
1233970,150000
1233975,608500
1233983,663900
1233988,308000
1233989,383400
1233993,291500
1233995,404500
1234011,0
1234012,0
1234017,210000
1234021,45000
1234024,0
1234037,150000
1234040,480000
1234041,376700
1234045,350000
1234050,600000
1234052,336000
1234057,0
1234060,4372700
1234063,431500
1234064,313500
1234079,250000
1234088,0
1234089,800000
1234091,520000
1234093,405900
1234097,0
1234099,0
1234101,0
1234105,0
1234113,0
1234115,400000
1234121,110000
1234127,400000
1234130,408300
1234131,0
1234132,0
1234134,240000
1234148,0
1234152,373200
1234153,287100
1234154,548000
1234157,0
1234160,0
1234171,425500
1234172,1251700
1234176,572000
1234180,284000
1234187,250000
1234190,710000
1234197,0
1234202,729200
1234203,670000
1234204,502200
1234207,304200
1234209,0
1234214,0
1234218,0
1234219,348000
1234220,0
1234222,290600
1234223,100000
1234225,900000
1234228,0
1234232,517000
1234234,378000
1234240,457500
1234243,0
1234248,408500
1234252,613000
1234268,1485000
1234271,300000
1234272,502000
1234283,472900
1234284,0
1234294,609900
1234296,0
1234299,910700
1234301,500000
1234305,1140600
1234308,650000
1234315,0
1234318,1622000
1234322,640000
1234323,820000
1234325,1157900
1234326,0
1234328,0
1234330,0
1234336,0
1234343,550000
1234350,0
1234353,0
1234354,2350000
1234356,1411100
1234358,1365500
1234360,507600
1234362,20800
1234367,0
1234369,355000
1234375,180000
1234376,150000
1234392,360800
1234393,0
1234400,413900
1234401,399000
1234409,893600
1234410,498000
1234411,360000
1234421,550000
1234431,400000
1234432,400000
1234433,550000
1234434,750000
1234440,562000
1234443,234600
1234450,1000800
1234457,1252000
1234459,453000
1234462,427500
1234465,457500
1234471,503500
1234478,400000
1234484,0
1234497,0
1234499,400000
1234502,400000
1234506,297000
1234513,490000
1234523,0
1234525,400000
1234531,250000
1234532,0
1234537,506400
1234539,0
1234550,0
1234552,908000
1234554,1783900
1234557,516800
1234569,397500
1234574,450400
1234577,12215000
1234578,604700
1234580,110000
1234581,0
1234582,0
1234584,422800
1234601,250000
1234604,150000
1234605,393800
1234610,140000
1234612,87000
1234617,350000
1234621,0
1234624,334200
1234625,0
1234626,459500
1234630,690000
1234634,440500
1234636,400000
1234639,0
1234645,1374500
1234649,532600
1234653,140000
1234657,150000
1234658,1024400
1234663,0
1234667,8000
1234671,750000
1234674,422700
1234678,413000
1234691,476500
1234693,1220000
1234694,994300
1234696,0
1234701,609700
1234702,0
1234707,0
1234708,0
1234709,722600
1234710,537000
1234715,867400
1234728,0
1234730,435000
1234739,1490000
1234741,590000
1234742,140000
1234743,0
1234745,377400
1234746,297000
1234749,375000
1234750,400000
1234754,471800
1234756,315000
1234758,343400
1234761,362000
1234762,1075600
1234765,866500
1234768,375000
1234769,472000
1234773,0
1234787,1152300
1234789,0
1234794,458500
1234795,250000
1234796,0
1234798,400000
1234803,0
1234806,0
1234813,150000
1234825,450000
1234832,0
1234834,1490000
1234836,294000
1234840,319000
1234842,520000
1234848,413300
1234858,503500
1234865,750000
1234866,0
1234868,229000
1234870,0
1234874,0
1234876,250000
1234877,0
1234888,400000
1234894,150000
1234895,342000
1234896,150000
1234898,500000
1234908,0
1234911,504500
1234919,788900
1234921,846100
1234922,908000
1234927,0
1234929,1144500
1234933,506000
1234934,630000
1234955,542400
1234965,517000
1234974,150000
1234975,556300
1234980,150000
1235001,535000
1235006,0
1235015,150000
1235018,467500
1235023,150000
1235024,300000
1235028,443500
1235031,140000
1235037,1280000
1235041,150000
1235045,0
1235047,250000
1235064,458300
1235068,0
1235072,150000
1235076,150000
1235106,635000
1235107,300000
1235118,550000
1235121,0
1235123,367500
1235129,667500
1235136,450000
1235140,500000
1235146,732500
1235154,0
1235160,387500
1235161,792000
1235164,520000
1235165,841800
1235169,550000
1235171,0
1235177,523500
1235182,804000
1235186,681600
1235189,0
1235191,642500
1235192,606400
1235198,140000
1235203,610400
1235204,381000
1235208,657000
1235209,400000
1235211,458800
1235220,0
1235221,0
1235229,300000
1235230,268600
1235233,400000
1235234,440000
1235238,850000
1235242,400000
1235249,150000
1235254,0
1235261,0
1235271,427500
1235273,150000
1235274,0
1235278,400000
1235288,0
1235290,900000
1235294,742100
1235297,467500
1235299,942500
1235307,345000
1235319,562300
1235322,0
1235323,300000
1235331,527300
1235344,0
1235350,490000
1235351,350000
1235356,494500
1235359,647300
1235365,1620000
1235367,378000
1235370,1050000
1235372,600000
1235377,635000
1235383,400000
1235388,489900
1235389,0
1235390,0
1235396,0
1235399,150000
1235400,554900
1235406,0
1235424,647300
1235425,0
1235429,560000
1235437,556000
1235440,0
1235441,200000
1235444,490000
1235445,945000
1235448,652500
1235449,439200
1235450,568500
1235451,517000
1235453,0
1235455,140000
1235456,250000
1235458,667500
1235459,250000
1235466,0
1235467,350000
1235469,432900
1235473,1257300
1235476,0
1235477,500000
1235484,0
1235489,423600
1235490,678000
1235491,0
1235492,0
1235495,150000
1235496,400000
1235510,481000
1235512,485500
1235517,400000
1235520,413300
1235527,400000
1235530,600000
1235533,0
1235544,617500
1235545,277000
1235546,602000
1235549,419900
1235550,608900
1235552,400000
1235559,350000
1235561,0
1235562,150000
1235564,400000
1235565,246000
1235568,641000
1235569,290000
1235570,0
1235575,0
1235576,150000
1235577,433800
1235580,333900
1235583,530400
1235591,467500
1235592,345800
1235595,150000
1235597,448500
1235604,435000
1235616,0
1235620,150000
1235622,616700
1235629,0
1235630,150000
1235637,250000
1235638,150000
1235640,946000
1235641,3011100
1235652,577000
1235654,0
1235660,0
1235661,0
1235663,430000
1235668,450000
1235669,530000
1235670,387100
1235674,366000
1235675,0
1235676,520000
1235679,140000
1235684,304500
1235688,0
1235689,500000
1235690,140000
1235693,0
1235694,0
1235699,409400
1235702,0
1235703,400000
1235704,0
1235705,340500
1235708,0
1235719,450000
1235721,270000
1235724,0
1235728,0
1235732,450000
1235735,314200
1235736,0
1235737,470700
1235741,0
1235744,0
1235745,869800
1235748,414000
1235751,432000
1235753,500000
1235759,400000
1235761,0
1235763,295000
1235771,0
1235775,0
1235776,0
1235779,0
1235781,410100
1235784,400000
1235786,578000
1235789,0
1235791,0
1235794,0
1235803,343000
1235808,1033900
1235810,4184800
1235814,0
1235815,0
1235821,1111900
1235823,0
1235831,0
1235850,0
1235858,435200
1235859,575800
1235860,600000
1235862,0
1235867,0
1235870,344700
1235872,348000
1235878,0
1235884,807100
1235888,834200
1235889,150000
1235897,360000
1235898,150000
1235900,400000
1235901,839100
1235904,0
1235905,617500
1235908,0
1235912,400000
1235914,0
1235919,2743200
1235922,0
1235927,775000
1235936,0
1235941,450000
1235943,150000
1235949,529000
1235950,100000
1235951,340000
1235955,0
1235960,0
1235963,400000
1235979,0
1235980,670000
1235981,553000
1235982,500000
1235987,457500
1235989,500000
1235992,400000
1235994,0
1235997,375000
1236004,330900
1236010,700000
1236015,0
1236016,413300
1236017,250000
1236021,432500
1236028,716700
1236032,547600
1236033,500000
1236036,0
1236045,599300
1236048,723400
1236053,0
1236059,150000
1236063,400000
1236064,467700
1236068,1075600
1236069,0
1236074,140000
1236079,500000
1236082,0
1236083,450600
1236084,0
1236087,433500
1236093,0
1236107,500000
1236108,360200
1236109,0
1236112,400000
1236115,0
1236116,611100
1236118,140000
1236122,577000
1236126,467500
1236127,484600
1236128,550000
1236129,0
1236130,350000
1236136,436500
1236140,414000
1236144,350000
1236147,0
1236149,0
1236150,247600
1236153,564000
1236154,0
1236159,512000
1236163,45000
1236165,0
1236168,456300
1236172,590500
1236173,610000
1236174,0
1236176,559000
1236177,776500
1236180,487800
1236181,342500
1236185,519900
1236186,902400
1236187,360000
1236200,400000
1236203,631200
1236205,347500
1236210,543600
1236223,0
1236230,658000
1236231,327200
1236235,1805000
1236238,455500
1236239,0
1236252,448500
1236253,535000
1236256,786500
1236258,497700
1236267,286700
1236277,400000
1236287,359000
1236313,0
1236314,67000
1236315,400000
1236342,445000
1236343,250000
1236355,400000
1236364,353100
1236366,190000
1236375,310000
1236376,375900
1236377,250000
1236381,510000
1236385,350000
1236397,1379000
1236398,550000
1236407,348000
1236408,0
1236409,150000
1236415,0
1236418,550000
1236420,580000
1236426,439500
1236428,0
1236437,400000
1236438,1210000
1236440,105000
1236445,500000
1236446,451800
1236451,0
1236452,1875800
1236454,587400
1236455,279600
1236462,250000
1236464,448600
1236468,469800
1236471,817200
1236475,777000
1236478,471600
1236485,987000
1236488,389700
1236497,467500
1236500,389300
1236502,673500
1236503,1139100
1236507,448600
1236520,621600
1236524,715500
1236526,398300
1236530,1097600
1236534,0
1236535,772400
1236539,2700000
1236542,934000
1236543,0
1236555,439600
1236556,400000
1236561,690000
1236577,733200
1236578,653200
1236584,200000
1236585,148000
1236591,150000
1236592,318000
1236595,556000
1236597,1001600
1236612,324000
1236614,400000
1236615,734300
1236619,384000
1236620,2215700
1236622,0
1236623,676000
1236627,547500
1236633,396000
1236634,0
1236637,550000
1236640,0
1236654,1970000
1236664,350000
1236671,0
1236679,364800
1236693,0
1236694,393800
1236698,561000
1236699,778600
1236707,0
1236709,350000
1236710,440400
1236711,383000
1236718,0
1236720,581800
1236721,1196200
1236723,360000
1236725,250000
1236727,577000
1236728,330000
1236730,1215000
1236741,250000
1236749,441900
1236753,364200
1236754,1216900
1236755,535500
1236756,800000
1236759,0
1236760,250000
1236764,0
1236767,400000
1236780,850000
1236794,482800
1236796,456300
1236800,5259700
1236801,485500
1236802,523500
1236805,149000
1236807,150000
1236814,400000
1236817,13800
1236822,452300
1236825,321800
1236830,786500
1236832,150000
1236844,498000
1236850,360000
1236851,435300
1236854,0
1236873,709000
1236874,405000
1236879,454500
1236883,0
1236886,727000
1236887,350000
1236888,469800
1236892,400000
1236893,513200
1236894,457600
1236897,650000
1236907,550000
1236911,813200
1236918,344300
1236921,507500
1236924,302500
1236929,381000
1236930,436100
1236937,400000
1236938,300000
1236941,660000
1236943,365600
1236952,557600
1236954,493600
1236960,0
1236965,1289000
1236966,724100
1236968,493100
1236975,154000
1236980,373500
1236985,766700
1236987,400000
1236990,350000
1236991,882000
1237001,369800
1237002,150000
1237006,340000
1237009,367100
1237012,150000
1237027,1112500
1237028,0
1237032,304500
1237034,320000
1237035,973100
1237041,0
1237044,459000
1237049,150000
1237053,0
1237058,387600
1237061,413100
1237062,420800
1237066,0
1237075,150000
1237079,374400
1237080,0
1237094,329600
1237096,300000
1237098,400000
1237103,400000
1237108,0
1237111,150000
1237123,880600
1237127,1734400
1237131,400000
1237135,572300
1237137,0
1237138,339000
1237142,500000
1237152,373500
1237163,1766800
1237164,400000
1237167,367500
1237173,1562900
1237178,929800
1237179,550000
1237183,782500
1237191,467500
1237192,550000
1237206,547800
1237215,400000
1237219,400000
1237220,0
1237222,436500
1237232,600000
1237236,360000
1237239,397500
1237246,150000
1237249,0
1237250,540000
1237255,0
1237262,0
1237263,0
1237265,485500
1237267,445000
1237270,488200
1237285,0
1237289,474300
1237296,856200
1237297,450000
1237300,0
1237301,553200
1237303,550000
1237307,342600
1237313,498700
1237326,150000
1237327,758000
1237331,454000
1237332,0
1237335,2658200
1237336,341600
1237341,450000
1237342,687200
1237347,0
1237360,148000
1237368,0
1237381,1028600
1237389,250000
1237402,148000
1237404,400000
1237405,150000
1237408,400000
1237410,0
1237413,96500
1237415,470200
1237418,447800
1237420,150000
1237425,0
1237426,0
1237432,145000
1237435,0
1237437,397500
1237441,400000
1237449,532600
1237450,437000
1237454,1078500
1237458,400000
1237461,119300
1237464,487800
1237467,200000
1237471,150000
1237472,467500
1237476,0
1237478,6656500
1237484,650000
1237485,318000
1237491,537300
1237492,616200
1237499,200000
1237504,773700
1237506,1220000
1237511,0
1237515,383100
1237516,0
1237521,662000
1237523,0
1237524,0
1237527,250000
1237529,0
1237530,400000
1237531,1087900
1237533,81800
1237535,857000
1237537,130000
1237544,325100
1237547,640000
1237557,436500
1237558,0
1237561,0
1237568,819000
1237572,400000
1237575,509300
1237577,1000000
1237588,0
1237590,443600
1237593,473700
1237596,440400
1237598,475500
1237600,359300
1237601,483300
1237603,150000
1237607,616000
1237608,0
1237610,400000
1237615,0
1237616,1044000
1237617,285000
1237621,0
1237623,928700
1237625,775200
1237627,400000
1237631,1045100
1237632,0
1237633,0
1237639,0
1237640,646800
1237641,518600
1237645,300000
1237646,0
1237649,951500
1237651,349000
1237655,512000
1237657,0
1237659,454000
1237662,0
1237663,463000
1237664,527000
1237678,0
1237681,826900
1237684,628800
1237685,494500
1237689,0
1237696,319200
1237697,472000
1237701,452200
1237702,443000
1237710,150000
1237712,637000
1237714,620400
1237715,250000
1237717,380000
1237722,400000
1237729,402500
1237746,400000
1237749,391100
1237750,618900
1237753,302000
1237754,456300
1237763,225000
1237769,0
1237778,0
1237779,0
1237785,465300
1237788,0
1237793,426200
1237797,330600
1237811,0
1237821,523500
1237823,454000
1237827,449500
1237829,145000
1237830,378000
1237834,550000
1237840,573000
1237847,200000
1237850,616000
1237856,150000
1237860,800100
1237866,1454500
1237874,0
1237881,456800
1237882,300000
1237883,673500
1237885,995500
1237893,150000
1237894,0
1237896,1415000
1237897,0
1237899,613600
1237905,0
1237911,668000
1237919,350000
1237923,466000
1237927,490000
1237932,0
1237937,983200
1237938,275000
1237945,423800
1237950,361700
1237954,303000
1237955,0
1237958,588000
1237965,0
1237969,404000
1237972,1012700
1237974,0
1237978,250000
1237981,400000
1237992,128000
1237993,630700
1238003,150000
1238004,0
1238008,400000
1238013,399000
1238016,150000
1238019,150000
1238021,1497600
1238023,493600
1238027,468000
1238028,550000
1238029,1715600
1238030,0
1238035,537200
1238036,404000
1238039,841800
1238041,1150000
1238043,1000000
1238047,762000
1238050,408500
1238053,484600
1238054,768000
1238058,250000
1238059,400000
1238062,0
1238064,150000
1238066,100000
1238068,417600
1238070,634000
1238073,1000000
1238078,538500
1238081,400000
1238084,150000
1238087,0
1238090,425400
1238092,0
1238093,140000
1238096,400000
1238098,450000
1238101,0
1238102,114000
1238106,450000
1238107,474300
1238115,400000
1238119,993500
1238125,0
1238128,593800
1238135,401100
1238138,0
1238140,850000
1238141,0
1238151,250000
1238154,467800
1238156,874000
1238158,1096600
1238161,504800
1238165,500000
1238169,868800
1238170,850800
1238174,0
1238177,150000
1238185,523500
1238187,0
1238189,0
1238194,505000
1238205,0
1238215,424500
1238218,114000
1238220,400000
1238229,0
1238230,0
1238237,400000
1238242,567500
1238243,481800
1238248,140000
1238260,676500
1238268,350000
1238280,480000
1238283,421500
1238289,400000
1238290,676500
1238293,2200000
1238297,467600
1238301,379500
1238303,0
1238304,1357400
1238310,0
1238313,150000
1238314,0
1238316,618400
1238318,676500
1238319,651300
1238321,1079000
1238323,400000
1238324,473700
1238325,146000
1238328,676500
1238331,821500
1238333,1060000
1238334,150000
1238336,676500
1238345,421500
1238360,676500
1238368,0
1238370,0
1238376,676500
1238378,500000
1238380,467500
1238381,676500
1238392,1100000
1238395,676500
1238397,1383500
1238398,0
1238408,676500
1238409,366000
1238415,247600
1238422,480500
1238423,431500
1238428,150000
1238430,676500
1238431,378000
1238433,914500
1238437,963500
1238442,676500
1238443,792000
1238444,0
1238446,0
1238450,0
1238451,0
1238452,361900
1238459,0
1238461,2830300
1238462,0
1238463,676500
1238465,892800
1238466,405600
1238470,500000
1238474,676500
1238478,0
1238481,277000
1238486,150000
1238506,1170500
1238507,328000
1238508,250000
1238513,676500
1238519,363800
1238525,200000
1238531,400000
1238543,523500
1238545,395000
1238547,600000
1238552,400000
1238553,764700
1238554,150000
1238555,380400
1238566,400000
1238573,545300
1238575,0
1238578,439600
1238579,256100
1238581,503500
1238584,300000
1238588,715000
1238593,676500
1238594,742500
1238600,400000
1238602,400000
1238605,891000
1238606,363200
1238610,4014900
1238612,0
1238613,676500
1238617,674200
1238620,452400
1238622,550000
1238628,676500
1238631,0
1238636,555200
1238638,676500
1238639,403500
1238641,0
1238645,2000000
1238648,482400
1238651,0
1238654,344300
1238655,500000
1238658,676500
1238662,0
1238667,2641200
1238671,676500
1238677,501300
1238678,400000
1238686,676500
1238692,0
1238695,676500
1238696,523500
1238699,500000
1238702,10157200
1238710,0
1238712,676500
1238714,581400
1238717,564000
1238729,400000
1238732,0
1238735,676500
1238736,476500
1238737,501000
1238757,0
1238763,477000
1238769,1171000
1238773,150000
1238776,0
1238781,371300
1238785,446600
1238786,625400
1238791,250000
1238796,0
1238797,0
1238798,0
1238807,150000
1238808,0
1238810,150000
1238812,0
1238814,0
1238817,748200
1238818,823500
1238823,608000
1238826,964400
1238827,418500
1238838,0
1238841,466600
1238851,0
1238857,853600
1238859,820600
1238863,594000
1238870,490000
1238874,550000
1238875,0
1238880,0
1238885,167500
1238887,150000
1238891,532000
1238894,150000
1238897,350000
1238898,275000
1238900,150000
1238902,120000
1238905,314700
1238906,550000
1238907,400000
1238913,1439200
1238916,822400
1238919,150000
1238924,150000
1238927,450000
1238931,491000
1238934,494500
1238938,550000
1238941,150000
1238943,414000
1238946,457200
1238947,0
1238948,1465300
1238950,2033300
1238954,356300
1238960,496100
1238962,150000
1238965,445500
1238966,526000
1238968,400000
1238984,497000
1238989,0
1238993,1031600
1238997,1029200
1238998,400000
1239005,523500
1239007,973500
1239013,548500
1239018,654000
1239023,300000
1239024,677300
1239028,531400
1239029,0
1239030,831400
1239032,0
1239034,291800
1239035,666000
1239036,707100
1239039,0
1239041,400000
1239044,0
1239045,575700
1239057,0
1239058,400000
1239061,850000
1239062,556900
1239066,150000
1239068,0
1239077,293300
1239080,673500
1239084,1138900
1239087,597000
1239088,0
1239090,0
1239092,0
1239094,300300
1239096,350000
1239097,590000
1239099,1297800
1239102,357200
1239104,821600
1239105,0
1239107,0
1239113,400000
1239114,0
1239120,150000
1239121,0
1239122,250000
1239128,835000
1239134,860000
1239144,330000
1239148,812000
1239150,368300
1239153,874500
1239155,297500
1239162,475100
1239166,342000
1239169,511300
1239175,500000
1239179,434200
1239184,783000
1239189,3169500
1239192,888500
1239195,475500
1239198,3488500
1239201,374900
1239206,1150000
1239211,1016000
1239214,449300
1239219,159500
1239224,150000
1239236,0
1239240,445000
1239244,714500
1239248,0
1239249,0
1239256,400000
1239258,1405000
1239260,450400
1239265,1319400
1239274,792900
1239284,400000
1239286,0
1239287,745500
1239301,0
1239305,650000
1239313,447200
1239331,400000
1239334,794800
1239337,0
1239341,335400
1239344,512000
1239345,454000
1239346,427300
1239351,0
1239352,267000
1239353,0
1239354,400000
1239355,0
1239358,200000
1239368,150000
1239369,150000
1239370,2178400
1239377,0
1239378,553800
1239387,0
1239389,675000
1239392,400000
1239401,450000
1239402,419500
1239404,335000
1239410,970000
1239416,500000
1239422,370500
1239423,0
1239424,589600
1239427,0
1239428,1060700
1239429,911300
1239431,472000
1239440,0
1239442,400000
1239444,527900
1239459,362500
1239461,0
1239463,399000
1239470,449500
1239473,400000
1239474,400000
1239478,200000
1239485,250000
1239494,0
1239497,400000
1239502,0
1239506,529900
1239508,0
1239509,809500
1239519,0
1239530,444600
1239532,463500
1239534,795900
1239538,566400
1239539,150000
1239551,339500
1239559,200000
1239571,0
1239572,243000
1239579,750000
1239582,334000
1239588,475500
1239595,81000
1239601,899300
1239613,0
1239615,351000
1239629,550000
1239636,338900
1239639,150000
1239641,560600
1239643,558500
1239644,1623000
1239645,304600
1239646,0
1239657,360000
1239659,468000
1239662,0
1239664,500000
1239665,815600
1239674,881600
1239675,150000
1239678,250000
1239679,428900
1239685,1064800
1239687,900000
1239689,472700
1239690,393000
1239695,550000
1239696,526000
1239697,150000
1239711,378900
1239715,403500
1239725,150000
1239730,1030000
1239735,150000
1239738,150000
1239739,472300
1239745,472000
1239747,0
1239763,290000
1239768,150000
1239771,399000
1239777,1351800
1239792,467500
1239800,250000
1239806,150000
1239808,0
1239816,0
1239818,0
1239820,334000
1239830,636000
1239831,150000
1239836,903600
1239845,0
1239858,400000
1239875,437500
1239879,324000
1239881,150000
1239884,250000
1239887,150000
1239891,552000
1239898,2415500
1239902,250000
1239905,0
1239906,0
1239911,0
1239912,150000
1239917,5170000
1239934,469800
1239940,0
1239951,1000000
1239952,108000
1239958,2088300
1239970,1604300
1239979,548000
1239982,250000
1240001,0
1240009,381500
1240014,324000
1240015,235000
1240018,578000
1240020,345000
1240029,150000
1240033,1002000
1240037,1017000
1240056,304800
1240065,250000
1240073,0
1240075,360000
1240083,324000
1240085,69000
1240088,0
1240089,390000
1240093,0
1240095,150000
1240107,150000
1240109,250000
1240111,500000
1240113,150000
1240116,324000
1240117,357000
1240120,150000
1240139,0
1240141,135000
1240150,300000
1240152,701000
1240154,0
1240169,0
1240185,250000
1240189,350000
1240197,0
1240205,0
1240214,500000
1240218,0
1240221,550700
1240222,0
1240228,250000
1240232,0
1240234,0
1240237,150000
1240248,609500
1240257,850200
1240264,490000
1240272,0
1240279,381000
1240286,150000
1240308,119000
1240311,0
1240318,448000
1240321,250000
1240335,1042200
1240336,299400
1240337,0
1240338,316000
1240340,250000
1240354,150000
1240355,705000
1240357,0
1240366,420000
1240372,509300
1240383,346200
1240386,845900
1240387,250000
1240390,451800
1240393,382000
1240399,400000
1240409,400000
1240415,400000
1240418,250000
1240419,150000
1240421,350000
1240422,350000
1240428,431000
1240435,0
1240437,400000
1240449,350000
1240451,400000
1240452,250000
1240464,332500
1240465,1271900
1240471,550000
1240472,886500
1240476,0
1240478,880200
1240486,576700
1240496,563500
1240503,250000
1240508,424500
1240513,490000
1240518,350000
1240522,250000
1240523,350000
1240527,500000
1240528,0
1240540,164800
1240542,1702900
1240549,150000
1240551,150000
1240552,400000
1240557,59500
1240559,0
1240567,550000
1240569,150000
1240573,150000
1240574,1557500
1240591,793300
1240593,300000
1240604,475200
1240609,500000
1240640,1148500
1240643,0
1240652,0
1240655,0
1240658,501100
1240661,0
1240675,269000
1240676,400000
1240680,150000
1240690,400000
1240691,0
1240700,0
1240704,0
1240705,250000
1240711,700000
1240712,1368300
1240714,550000
1240716,183500
1240733,596400
1240738,3015000
1240742,0
1240751,0
1240774,676800
1240781,0
1240782,250000
1240793,0
1240797,400000
1240799,1028500
1240811,302500
1240812,6150000
1240815,324100
1240820,0
1240823,0
1240838,0
1240844,328300
1240859,400000
1240862,400000
1240863,625000
1240864,0
1240873,3147100
1240877,205400
1240882,0
1240891,150000
1240894,750000
1240902,400000
1240910,400000
1240924,0
1240936,0
1240939,919400
1240948,250000
1240949,289700
1240957,0
1240969,350000
1240973,360000
1240991,472100
1240993,500000
1241007,250000
1241014,1091200
1241015,250000
1241042,400000
1241045,250000
1241047,2113700
1241082,0
1241096,262000
1241098,0
1241122,250000
1241127,498000
1241128,150000
1241130,150000
1241133,0
1241134,150000
1241145,350000
1241154,150000
1241155,0
1241159,150000
1241162,812000
1241171,0
1241174,650800
1241187,0
1241196,0
1241200,374000
1241201,350000
1241202,150000
1241208,0
1241222,0
1241223,2248700
1241224,500000
1241240,1362500
1241244,294000
1241254,470000
1241264,700000
1241271,371800
1241287,0
1241288,0
1241289,0
1241290,350000
1241291,3882400
1241297,250000
1241298,1816500
1241302,719400
1241326,620800
1241330,312500
1241332,497600
1241334,400000
1241342,331000
1241346,533000
1241347,767200
1241352,617000
1241353,385000
1241356,544500
1241365,0
1241371,349100
1241378,200000
1241386,300000
1241389,0
1241400,350000
1241415,315000
1241417,467500
1241421,581700
1241424,485500
1241429,585800
1241433,200000
1241434,0
1241440,300000
1241441,490000
1241445,350000
1241452,617500
1241454,709000
1241470,595000
1241485,587200
1241488,260000
1241492,800000
1241493,0
1241512,388000
1241527,440000
1241528,250000
1241529,350000
1241530,283500
1241537,190000
1241539,978400
1241540,0
1241541,450000
1241545,400400
1241549,454900
1241551,0
1241559,350000
1241560,752800
1241561,341500
1241564,400000
1241580,156000
1241584,500200
1241587,705700
1241604,2010100
1241605,315000
1241608,0
1241618,0
1241623,626500
1241626,250000
1241630,35000
1241631,150000
1241634,395000
1241649,478000
1241663,377600
1241664,563900
1241680,454700
1241689,650000
1241690,10260000
1241693,0
1241696,500000
1241707,110000
1241711,3232400
1241732,379500
1241739,300000
1241750,294000
1241756,300000
1241757,441000
1241758,350000
1241763,4001400
1241770,450000
1241772,0
1241783,0
1241788,130000
1241789,0
1241794,200000
1241795,400000
1241804,0
1241805,1260700
1241806,400000
1241811,0
1241817,490900
1241820,148000
1241824,0
1241829,445800
1241833,0
1241843,454000
1241851,745000
1241856,0
1241860,697000
1241861,636500
1241865,322600
1241867,150000
1241869,950000
1241874,860300
1241877,0
1241879,185000
1241889,500000
1241890,250000
1241893,266800
1241894,250000
1241897,484600
1241915,400000
1241920,0
1241923,572500
1241928,0
1241933,305000
1241940,1119200
1241941,611100
1241951,511200
1241956,530000
1241959,150000
1241970,489900
1241971,454000
1241978,1478600
1241979,0
1241985,150000
1241987,450000
1241989,400000
1241997,445000
1241999,0
1242005,250000
1242006,0
1242014,0
1242017,0
1242024,380000
1242028,531000
1242031,533000
1242034,367500
1242036,1137000
1242038,0
1242047,0
1242048,1339300
1242051,2362500
1242052,380000
1242058,579200
1242064,417500
1242066,250000
1242067,325000
1242074,2500000
1242077,364500
1242080,481000
1242084,413000
1242086,599200
1242087,150000
1242088,0
1242096,540300
1242098,357000
1242100,450000
1242118,400000
1242123,0
1242131,0
1242137,400000
1242140,250000
1242142,0
1242143,331500
1242145,250000
1242147,0
1242150,0
1242154,0
1242156,532500
1242166,250000
1242169,1173700
1242172,125000
1242173,729200
1242177,484500
1242178,0
1242195,0
1242203,150000
1242204,198400
1242205,800000
1242207,414800
1242209,403800
1242211,817000
1242214,315000
1242216,350000
1242217,539000
1242219,725000
1242228,150000
1242232,463900
1242238,0
1242247,0
1242248,1103800
1242256,400000
1242257,689200
1242264,313500
1242270,780000
1242275,400000
1242279,0
1242285,515500
1242287,1150000
1242291,800000
1242297,1136600
1242302,323600
1242304,325000
1242305,0
1242306,400000
1242313,1260000
1242314,823500
1242315,250000
1242329,0
1242333,1015000
1242340,400000
1242341,350000
1242345,150000
1242347,325500
1242348,0
1242349,428000
1242354,550000
1242355,528300
1242358,2669900
1242359,1076600
1242360,557600
1242362,0
1242363,250000
1242365,705900
1242371,0
1242384,311700
1242385,510000
1242388,450000
1242393,294000
1242399,427200
1242406,485500
1242407,1000000
1242415,0
1242419,60000
1242421,757500
1242423,482400
1242428,0
1242441,200000
1242446,150000
1242450,550500
1242458,150000
1242461,250000
1242473,0
1242474,800000
1242476,400000
1242479,414800
1242484,0
1242488,400000
1242489,0
1242493,468300
1242496,672000
1242503,615300
1242505,0
1242510,250000
1242511,478800
1242513,0
1242515,400000
1242518,0
1242529,0
1242532,1044000
1242538,474300
1242540,524800
1242541,0
1242547,280000
1242551,318800
1242570,559000
1242571,417500
1242574,0
1242575,400000
1242578,1150000
1242581,280500
1242582,0
1242589,381000
1242591,386000
1242592,0
1242596,0
1242601,400000
1242603,366000
1242608,73400
1242616,760000
1242617,0
1242639,785900
1242642,430500
1242643,0
1242644,494900
1242653,354000
1242656,830800
1242661,0
1242665,467500
1242670,500000
1242671,295000
1242677,0
1242678,400000
1242683,476400
1242687,1465900
1242691,0
1242696,0
1242698,350000
1242699,967300
1242703,400000
1242705,797000
1242707,294000
1242708,477400
1242712,405000
1242717,496000
1242718,398400
1242719,130000
1242720,478800
1242721,467500
1242729,312000
1242731,270000
1242738,699700
1242739,0
1242742,0
1242751,417000
1242755,945000
1242764,0
1242770,481900
1242778,1000000
1242780,600000
1242804,1120200
1242809,386300
1242815,662900
1242818,0
1242829,400000
1242831,400000
1242837,400000
1242840,944700
1242844,550000
1242847,342000
1242849,0
1242857,0
1242859,400000
1242861,700000
1242867,207500
1242873,400000
1242886,472000
1242888,0
1242895,400000
1242898,0
1242905,711000
1242907,326400
1242918,869200
1242922,486200
1242929,349500
1242931,348000
1242932,623300
1242935,0
1242949,1474000
1242950,681200
1242951,400000
1242953,150000
1242955,229800
1242961,509700
1242962,550000
1242964,473700
1242968,473700
1242972,720000
1242974,450400
1242977,0
1242978,0
1242979,0
1242983,463900
1242984,150000
1242986,400000
1242992,150000
1242997,0
1242998,600000
1243001,288000
1243004,690000
1243005,400000
1243009,624500
1243010,321300
1243015,550000
1243017,0
1243029,355000
1243034,0
1243038,742500
1243047,545000
1243059,400000
1243063,588900
1243064,0
1243072,461700
1243075,250000
1243076,701500
1243079,497000
1243081,550000
1243082,324000
1243084,0
1243086,518400
1243087,996200
1243089,412600
1243108,250000
1243111,520100
1243114,400500
1243116,350000
1243120,150000
1243122,570500
1243130,360000
1243133,150000
1243140,554300
1243148,150000
1243154,378000
1243159,150000
1243160,400000
1243169,384000
1243171,0
1243174,0
1243181,372000
1243186,855000
1243190,1141300
1243201,786300
1243203,129500
1243204,0
1243206,500000
1243210,542400
1243213,0
1243215,285000
1243220,400000
1243221,400000
1243222,789900
1243230,577000
1243231,469300
1243233,2012900
1243235,0
1243242,492000
1243243,400000
1243246,0
1243252,390000
1243254,534900
1243267,724300
1243274,490900
1243281,150000
1243283,1069000
1243285,150000
1243295,150000
1243297,445000
1243299,0
1243314,1358100
1243318,0
1243324,485500
1243326,450400
1243332,1452500
1243333,472000
1243342,395500
1243346,469800
1243347,400000
1243353,385500
1243357,150000
1243360,467500
1243364,607000
1243366,1533500
1243384,440500
1243388,150000
1243392,150000
1243394,320400
1243398,400000
1243405,0
1243406,467500
1243407,718000
1243408,985500
1243409,329700
1243415,509000
1243416,426500
1243418,562800
1243425,0
1243426,760000
1243428,511200
1243443,400500
1243445,437400
1243460,600000
1243462,150000
1243466,665000
1243467,1175900
1243468,250000
1243483,674300
1243486,280500
1243496,150000
1243498,388000
1243503,871000
1243522,0
1243525,400000
1243529,451500
1243530,1680000
1243533,5450300
1243534,365700
1243537,250000
1243538,200000
1243539,550000
1243543,631000
1243552,139400
1243559,0
1243570,444500
1243576,1072500
1243577,419300
1243579,322500
1243583,847300
1243596,400000
1243602,400000
1243604,209900
1243606,0
1243609,372200
1243612,400000
1243613,318000
1243615,500000
1243618,0
1243619,0
1243620,500000
1243621,550000
1243622,526200
1243624,150000
1243628,360500
1243638,400000
1243645,337900
1243648,580200
1243651,550000
1243652,0
1243656,680600
1243664,474000
1243667,532000
1243669,1020500
1243676,0
1243677,0
1243682,554000
1243684,1292300
1243691,0
1243692,475500
1243694,640500
1243695,2510000
1243697,400000
1243706,255000
1243711,327000
1243716,465300
1243717,400000
1243721,373500
1243723,405000
1243724,150000
1243725,0
1243738,0
1243744,485000
1243746,528600
1243753,0
1243761,400000
1243764,414300
1243773,438000
1243784,772900
1243787,0
1243801,200000
1243804,1280200
1243806,400000
1243813,404400
1243820,567600
1243826,67000
1243837,0
1243842,378000
1243845,350000
1243849,481000
1243853,390000
1243856,476500
1243871,440300
1243873,0
1243874,270000
1243880,400000
1243882,135000
1243885,0
1243888,662500
1243892,673100
1243896,0
1243897,2993600
1243905,350000
1243910,468400
1243927,483300
1243929,0
1243932,447000
1243933,899500
1243934,455000
1243935,456300
1243938,969000
1243942,400000
1243944,1423500
1243946,429800
1243956,330800
1243962,400000
1243965,1000000
1243967,1343400
1243968,390500
1243971,438800
1243972,0
1243974,446000
1243977,381500
1243978,94100
1243981,0
1243991,427500
1243994,481000
1243997,400000
1244004,9280000
1244009,0
1244010,395100
1244014,400000
1244016,275600
1244020,366000
1244027,668000
1244031,0
1244039,400000
1244043,83400
1244047,0
1244056,450400
1244058,150000
1244060,471000
1244068,548500
1244084,800000
1244095,583100
1244105,329000
1244106,835900
1244107,488400
1244108,670800
1244110,0
1244114,340000
1244115,225000
1244117,677400
1244121,398100
1244123,0
1244130,501000
1244131,684200
1244133,659000
1244138,381800
1244141,459000
1244142,377200
1244147,0
1244152,0
1244155,378500
1244157,567500
1244161,0
1244164,1729700
1244166,401700
1244173,468500
1244174,1737800
1244178,467500
1244180,0
1244182,343000
1244195,742300
1244200,250000
1244206,400000
1244210,481200
1244212,460800
1244213,250000
1244225,250000
1244228,2004800
1244230,402000
1244231,300000
1244232,400000
1244233,478000
1244235,294500
1244236,0
1244237,437600
1244239,250000
1244242,333900
1244245,600000
1244248,0
1244249,435000
1244250,1190000
1244251,250000
1244252,150000
1244257,98000
1244258,721900
1244260,366000
1244263,525000
1244266,250000
1244270,4434300
1244277,746400
1244278,426300
1244285,494500
1244287,400000
1244289,250000
1244295,428200
1244296,390000
1244297,662400
1244299,0
1244306,150000
1244307,250000
1244308,463900
1244311,385000
1244312,436000
1244314,790000
1244316,800000
1244323,0
1244325,2650000
1244327,412500
1244329,1501000
1244332,2593400
1244334,176400
1244335,620300
1244337,592000
1244340,1969500
1244342,550000
1244343,0
1244349,0
1244350,400000
1244353,678200
1244359,833300
1244366,416100
1244368,553800
1244370,809000
1244371,440500
1244377,523800
1244381,150000
1244388,400000
1244392,765400
1244401,0
1244410,550000
1244420,400000
1244430,0
1244435,400000
1244442,150000
1244446,270000
1244449,473400
1244451,381000
1244459,381000
1244460,481000
1244462,700000
1244465,513500
1244466,332500
1244480,2031000
1244485,67400
1244490,400000
1244499,1214800
1244502,0
1244504,918000
1244505,445000
1244519,250000
1244529,1114800
1244538,953600
1244539,467300
1244541,0
1244542,0
1244545,418400
1244547,1816800
1244550,974000
1244552,0
1244576,330400
1244577,467500
1244578,493000
1244583,150000
1244588,402000
1244589,0
1244591,300000
1244592,500000
1244597,537700
1244602,150000
1244608,546300
1244614,417000
1244616,672500
1244619,468600
1244623,400000
1244629,0
1244631,550000
1244639,700000
1244640,246900
1244641,369300
1244642,359900
1244643,635000
1244647,304500
1244648,0
1244652,612600
1244660,200000
1244661,500000
1244680,405800
1244681,0
1244683,789800
1244693,80000
1244694,599700
1244698,3729500
1244703,719300
1244705,0
1244708,400000
1244711,0
1244712,0
1244720,1230300
1244723,400000
1244727,1793700
1244731,0
1244736,417500
1244741,302500
1244743,400000
1244746,625000
1244749,0
1244754,6761300
1244759,450000
1244767,650000
1244769,500000
1244774,479700
1244776,550000
1244779,550000
1244786,400000
1244791,447000
1244792,464500
1244794,284400
1244802,415500
1244809,1787500
1244817,360000
1244823,400500
1244825,527300
1244828,437400
1244829,150000
1244830,338500
1244834,540000
1244845,550000
1244846,340000
1244847,851200
1244852,424700
1244853,340600
1244855,550000
1244857,0
1244860,370200
1244862,150000
1244863,0
1244865,150000
1244866,756300
1244873,0
1244875,465800
1244877,454000
1244878,150000
1244879,179400
1244885,382500
1244892,373500
1244895,280000
1244896,287300
1244898,464500
1244900,273000
1244915,507500
1244916,0
1244923,367600
1244928,392000
1244931,2141000
1244934,686000
1244935,230700
1244941,500000
1244942,440000
1244943,742800
1244947,287300
1244951,0
1244961,250000
1244965,460500
1244966,400000
1244969,126000
1244972,350000
1244976,0
1244979,0
1244985,150000
1244987,0
1244990,500000
1244992,453300
1244995,0
1245006,0
1245008,0
1245011,550000
1245014,361500
1245022,467500
1245034,471600
1245035,250000
1245042,550000
1245043,467500
1245045,390000
1245048,2150000
1245053,428300
1245054,398200
1245056,300000
1245057,0
1245059,467500
1245061,690500
1245064,0
1245072,0
1245074,529600
1245090,457600
1245092,0
1245108,400000
1245110,113700
1245112,500000
1245113,417500
1245118,631000
1245120,330000
1245133,540000
1245136,510300
1245141,0
1245142,0
1245145,67000
1245146,0
1245147,752000
1245152,397500
1245156,150000
1245159,420000
1245166,360500
1245174,3692000
1245186,614700
1245191,500000
1245194,357800
1245203,682500
1245210,455800
1245214,439600
1245216,454000
1245217,0
1245221,1400300
1245226,441600
1245231,3300000
1245238,350000
1245247,400000
1245251,0
1245253,0
1245254,0
1245257,550000
1245260,343800
1245264,0
1245265,668500
1245267,750000
1245268,0
1245270,120000
1245273,400000
1245285,105000
1245286,470200
1245287,422400
1245288,500300
1245292,0
1245302,283400
1245306,453500
1245314,376500
1245315,869200
1245322,500000
1245323,590100
1245328,0
1245332,0
1245333,1171000
1245335,550000
1245336,0
1245339,373500
1245342,400000
1245343,400000
1245345,1409400
1245350,0
1245357,350000
1245359,336000
1245374,500000
1245375,1977800
1245377,120000
1245383,0
1245384,1314300
1245390,577400
1245396,313200
1245398,437300
1245403,528300
1245404,490000
1245412,0
1245416,448900
1245423,1217400
1245424,858000
1245430,0
1245439,950000
1245442,0
1245444,683700
1245445,596000
1245447,100000
1245449,527300
1245450,1000000
1245453,413600
1245456,315000
1245457,543000
1245461,559800
1245463,417000
1245464,0
1245466,526200
1245472,523800
1245473,0
1245474,0
1245476,0
1245485,400000
1245487,324000
1245490,2983000
1245495,1000000
1245496,150000
1245497,0
1245499,450000
1245502,769000
1245510,0
1245511,0
1245514,845600
1245521,150000
1245525,373500
1245528,0
1245529,775000
1245530,150000
1245534,420000
1245545,669900
1245548,446000
1245552,150000
1245553,0
1245557,1184000
1245560,297500
1245574,150000
1245576,354000
1245579,491700
1245593,476500
1245599,250000
1245602,566100
1245605,135000
1245606,0
1245618,505800
1245619,509000
1245625,400000
1245631,56000
1245632,0
1245639,511500
1245645,400000
1245647,555200
1245652,0
1245656,467500
1245660,0
1245664,486400
1245665,540000
1245667,640300
1245671,350000
1245674,1648600
1245676,400000
1245691,460400
1245693,0
1245699,2000000
1245703,807100
1245705,400000
1245718,150000
1245721,346500
1245729,314700
1245731,0
1245733,709000
1245735,400000
1245736,2534100
1245740,635000
1245748,1000000
1245749,0
1245750,360000
1245752,0
1245753,400000
1245754,486100
1245756,150000
1245759,403500
1245761,389300
1245763,624900
1245768,609800
1245769,750000
1245772,1008700
1245782,0
1245785,150000
1245794,594000
1245799,348000
1245800,0
1245810,2700000
1245811,224500
1245814,336000
1245828,401400
1245831,250000
1245834,690000
1245840,0
1245843,355100
1245852,185300
1245853,250000
1245854,941900
1245860,277000
1245864,0
1245867,2498700
1245872,478800
1245877,150000
1245883,426500
1245887,532400
1245888,1390000
1245891,695800
1245903,528500
1245907,348000
1245915,1120000
1245918,681000
1245919,337500
1245921,474300
1245931,297000
1245934,477400
1245938,250000
1245942,336000
1245949,0
1245952,366600
1245954,684000
1245955,0
1245963,1853400
1245965,0
1245967,500000
1245970,1670200
1245972,463800
1245979,0
1245980,501000
1245986,377400
1245999,135000
1246001,484600
1246004,150000
1246007,400000
1246010,0
1246022,728000
1246023,400000
1246032,495000
1246035,445000
1246041,639900
1246046,392000
1246050,445500
1246054,0
1246057,390000
1246061,480000
1246070,574000
1246071,843600
1246073,690000
1246075,427700
1246082,0
1246083,0
1246091,554000
1246101,250000
1246103,150000
1246107,0
1246113,390000
1246119,0
1246125,150000
1246133,0
1246138,0
1246141,445000
1246142,400800
1246144,389300
1246155,360800
1246166,568500
1246167,0
1246174,361500
1246177,415300
1246183,0
1246190,1613200
1246192,0
1246193,291300
1246198,464000
1246200,459000
1246201,723400
1246215,0
1246220,501000
1246223,0
1246227,951000
1246229,0
1246230,379800
1246231,400000
1246233,435000
1246235,810000
1246251,692700
1246255,0
1246257,399700
1246262,150000
1246266,150000
1246267,0
1246270,730000
1246278,360000
1246287,1342900
1246289,509000
1246297,0
1246298,385800
1246299,463800
1246304,150000
1246305,285000
1246306,350000
1246315,0
1246316,336000
1246317,0
1246319,0
1246320,512500
1246332,371000
1246346,150000
1246347,0
1246352,614800
1246359,135000
1246367,397600
1246368,400000
1246369,454400
1246372,135000
1246378,0
1246379,360000
1246387,391800
1246388,0
1246389,0
1246390,695100
1246397,439800
1246400,0
1246403,947400
1246404,456000
1246411,488200
1246413,400000
1246414,362600
1246421,0
1246422,400000
1246425,436900
1246431,310000
1246436,0
1246440,750000
1246442,405000
1246453,879200
1246454,230000
1246455,488400
1246457,362500
1246458,0
1246461,0
1246462,477200
1246464,0
1246465,511200
1246467,550000
1246481,563500
1246485,1050000
1246487,0
1246488,612800
1246494,698500
1246507,430600
1246509,626500
1246513,753400
1246527,550000
1246531,426000
1246532,574200
1246534,815500
1246538,0
1246539,2881000
1246541,400000
1246542,400000
1246543,400000
1246544,0
1246550,311500
1246552,704100
1246556,550000
1246559,300000
1246560,400000
1246566,310500
1246569,400000
1246572,400000
1246574,288000
1246575,0
1246577,550000
1246579,467500
1246580,417500
1246586,428000
1246587,0
1246591,550000
1246592,430800
1246600,249000
1246601,150000
1246604,525100
1246606,493600
1246614,605600
1246615,1152600
1246617,0
1246628,400000
1246629,375000
1246630,405000
1246636,704700
1246637,1172500
1246638,450000
1246643,501700
1246645,622400
1246647,496800
1246652,0
1246654,333000
1246657,946200
1246661,360000
1246674,0
1246675,150000
1246676,150000
1246677,0
1246681,300000
1246684,0
1246686,500000
1246687,1605800
1246688,443000
1246689,4536800
1246696,378600
1246710,1279800
1246712,350000
1246720,0
1246723,800000
1246725,400000
1246727,150000
1246732,400000
1246740,83100
1246743,550000
1246745,789800
1246754,0
1246755,416400
1246756,0
1246758,0
1246762,467500
1246764,440600
1246767,479400
1246773,0
1246774,400000
1246779,858200
1246780,350000
1246781,400000
1246795,888000
1246796,0
1246797,0
1246799,440100
1246800,415500
1246802,700000
1246804,798000
1246807,386100
1246808,0
1246810,503500
1246812,200000
1246813,458300
1246814,716200
1246820,386400
1246821,516900
1246826,400000
1246840,0
1246846,400000
1246852,345500
1246857,222300
1246860,400000
1246864,1635600
1246868,855400
1246870,871700
1246871,150000
1246872,350000
1246875,700000
1246879,626400
1246880,0
1246881,550000
1246884,0
1246888,519000
1246891,0
1246897,392000
1246904,530500
1246905,792700
1246908,600000
1246918,150000
1246924,150000
1246927,572500
1246929,309000
1246940,302500
1246942,195000
1246952,0
1246972,1000000
1246976,550000
1246977,436100
1246983,0
1246985,2972700
1246988,315000
1246995,550000
1246999,442200
1247003,794200
1247012,3224500
1247018,400000
1247031,550000
1247033,300000
1247034,467500
1247035,0
1247037,250000
1247039,150000
1247040,462000
1247043,0
1247046,956800
1247047,0
1247048,0
1247050,0
1247051,774700
1247055,948000
1247057,612600
1247063,527500
1247064,400000
1247067,848700
1247068,0
1247069,0
1247073,950800
1247074,349300
1247082,0
1247090,342000
1247095,279600
1247097,378800
1247100,944000
1247110,0
1247111,650000
1247112,0
1247115,400000
1247117,954000
1247120,451800
1247121,351600
1247123,0
1247129,798500
1247131,2900000
1247136,0
1247139,1438700
1247142,0
1247147,1064500
1247149,592800
1247151,250000
1247167,0
1247173,904000
1247174,836400
1247180,458500
1247181,0
1247190,685500
1247193,350000
1247195,1279600
1247203,4840200
1247204,0
1247205,250000
1247207,0
1247212,850000
1247216,500000
1247230,0
1247235,882500
1247236,6132100
1247241,1004000
1247246,0
1247249,708200
1247251,651900
1247256,351200
1247266,250000
1247281,300000
1247283,502500
1247284,541800
1247296,525900
1247308,441000
1247322,699400
1247328,378900
1247329,279600
1247337,895000
1247345,868000
1247346,150000
1247355,878200
1247357,439200
1247360,1275000
1247377,2042700
1247381,280000
1247384,0
1247387,684800
1247402,535000
1247404,150000
1247420,495200
1247429,150000
1247430,650000
1247431,250000
1247432,610500
1247433,1001600
1247438,467500
1247444,813600
1247446,559000
1247458,0
1247462,536300
1247463,400000
1247466,150000
1247472,8198500
1247476,400000
1247479,722200
1247480,632200
1247485,376500
1247487,0
1247508,374900
1247513,809300
1247516,811100
1247519,0
1247520,0
1247526,350000
1247528,287500
1247535,0
1247538,240000
1247545,2761000
1247548,1050000
1247553,650000
1247554,342900
1247555,866000
1247558,0
1247563,250000
1247570,650000
1247571,2380900
1247574,495000
1247581,427500
1247586,1016800
1247591,475000
1247597,152000
1247605,0
1247610,587000
1247611,0
1247613,1133400
1247623,0
1247626,315000
1247627,400000
1247631,300000
1247632,396000
1247637,328500
1247640,150000
1247641,0
1247642,385100
1247645,576500
1247646,297500
1247650,941500
1247664,467000
1247666,630500
1247667,387500
1247678,200000
1247684,585800
1247685,381100
1247692,348000
1247702,650000
1247708,700000
1247714,650000
1247715,250000
1247717,632900
1247719,0
1247720,417500
1247721,500000
1247727,0
1247733,500000
1247737,250000
1247738,552300
1247742,692300
1247745,474000
1247749,337000
1247751,402000
1247756,300000
1247764,493600
1247772,439200
1247779,335400
1247789,680000
1247795,425600
1247800,386000
1247803,960100
1247813,335000
1247820,400000
1247827,150000
1247834,1299600
1247840,793000
1247843,0
1247851,350000
1247855,400000
1247860,567500
1247861,250000
1247866,0
1247868,447600
1247886,136000
1247919,400000
1247921,271500
1247926,0
1247927,0
1247947,300000
1247951,550000
1247952,897000
1247953,400000
1247958,0
1247962,467500
1247963,150000
1247970,63000
1247978,0
1247987,0
1247993,0
1248007,0
1248009,0
1248013,0
1248016,0
1248018,800000
1248024,894000
1248041,209200
1248045,117300
1248056,400000
1248071,0
1248081,1830000
1248088,572200
1248093,342500
1248099,1820600
1248108,360000
1248142,328500
1248160,500000
1248161,250000
1248176,1775200
1248192,445500
1248196,150000
1248197,400000
1248198,0
1248199,400000
1248205,400000
1248212,1900000
1248216,0
1248219,245000
1248236,489200
1248237,506200
1248242,250000
1248252,382500
1248255,372000
1248266,0
1248274,697000
1248275,140000
1248277,600000
1248280,0
1248287,322500
1248288,60000
1248293,367500
1248299,399000
1248302,0
1248317,371700
1248322,474300
1248329,785800
1248333,500000
1248339,150000
1248341,1152500
1248350,200000
1248355,250000
1248363,538000
1248367,200000
1248374,192000
1248377,550000
1248379,0
1248383,371000
1248390,0
1248396,800000
1248411,0
1248412,0
1248415,400000
1248417,454000
1248425,250000
1248443,0
1248446,150000
1248449,492500
1248455,639900
1248458,350000
1248466,550000
1248467,0
1248472,477000
1248473,0
1248476,0
1248490,660000
1248495,0
1248508,2688900
1248510,200000
1248513,710800
1248514,37500
1248524,908700
1248533,443000
1248536,165000
1248538,1627100
1248553,578000
1248554,1220000
1248567,1463700
1248571,245000
1248577,350000
1248580,1588000
1248582,150000
1248583,0
1248589,0
1248590,350000
1248593,500000
1248599,0
1248600,0
1248601,0
1248620,350000
1248626,1500000
1248628,1050400
1248631,500000
1248633,400000
1248638,1246900
1248639,249800
1248650,6000
1248658,420000
1248661,792500
1248670,150000
1248684,613700
1248686,467500
1248689,428000
1248690,853800
1248692,698200
1248696,608000
1248701,200000
1248704,3676700
1248711,250000
1248713,1637000
1248721,117500
1248724,0
1248732,150000
1248733,86900
1248735,0
1248752,134500
1248758,418000
1248761,500000
1248766,452900
1248767,123000
1248771,0
1248773,0
1248775,474000
1248781,0
1248788,443600
1248805,441800
1248819,150000
1248822,330300
1248834,0
1248835,450000
1248837,400000
1248839,550000
1248841,230000
1248848,250000
1248852,353200
1248861,250000
1248874,0
1248877,160000
1248888,1382100
1248890,1168800
1248892,0
1248894,0
1248898,0
1248899,250000
1248901,0
1248905,0
1248921,0
1248927,0
1248930,150000
1248938,150000
1248939,1089500
1248945,0
1248946,0
1248949,0
1248952,350000
1248953,150000
1248960,655200
1248961,250000
1248963,1350000
1248967,0
1248977,567000
1248985,0
1248987,500000
1248997,942500
1249000,250000
1249002,0
1249008,255100
1249019,360000
1249024,0
1249028,250000
1249033,1159600
1249041,0
1249042,250000
1249047,800000
1249050,1221800
1249051,155000
1249057,728400
1249058,273500
1249063,0
1249066,0
1249076,0
1249080,1184400
1249081,357900
1249092,0
1249093,0
1249095,200000
1249107,140000
1249115,0
1249122,0
1249135,350000
1249136,419000
1249140,1400000
1249156,315000
1249161,400000
1249162,441600
1249165,315500
1249168,5324300
1249169,245000
1249191,0
1249197,567500
1249206,0
1249215,490000
1249218,645100
1249220,1000000
1249224,150000
1249226,544800
1249233,171100
1249237,400000
1249240,0
1249246,0
1249247,180000
1249263,350000
1249266,0
1249272,350000
1249278,254000
1249284,250000
1249286,250000
1249288,250000
1249289,250000
1249292,250000
1249300,250000
1249305,250000
1249309,250000
1249311,360500
1249314,250000
1249317,250000
1249323,500000
1249331,400000
1249333,250000
1249339,150000
1249346,0
1249356,0
1249357,464400
1249360,0
1249373,0
1249385,458500
1249392,250000
1249406,226500
1249411,416300
1249415,573100
1249417,0
1249425,0
1249429,400000
1249430,0
1249433,900000
1249436,500000
1249449,780600
1249451,510500
1249456,1398000
1249471,250000
1249475,2955400
1249487,1688500
1249490,0
1249493,0
1249512,0
1249517,130000
1249518,0
1249524,410000
1249529,135000
1249534,445000
1249541,382000
1249552,400000
1249557,0
1249559,0
1249577,189200
1249584,300000
1249587,150000
1249591,250000
1249599,0
1249600,290000
1249603,250000
1249605,0
1249619,0
1249644,0
1249665,0
1249687,578500
1249696,0
1249717,0
1249721,0
1249735,0
1249743,0
1249749,531500
1249750,358300
1249754,300000
1249765,279600
1249766,0
1249769,0
1249771,0
1249775,0
1249780,700000
1249784,363000
1249806,150000
1249810,0
1249815,400000
1249821,0
1249824,650000
1249829,0
1249851,400000
1249855,0
1249856,56000
1249859,579200
1249861,3649200
1249866,0
1249869,500000
1249886,0
1249896,0
1249904,350000
1249905,0
1249906,150000
1249909,167700
1249912,522500
1249913,210000
1249920,0
1249923,1279600
1249933,650000
1249936,394000
1249944,542000
1249952,1088900
1249956,357000
1249957,0
1249960,406800
1249972,898500
1249984,0
1249986,0
1249987,0
1250000,0
1250001,675000
1250005,0
1250019,500000
1250036,650000
1250044,0
1250049,330800
1250053,917200
1250058,0
1250060,861000
1250062,322500
1250070,1816000
1250073,572500
1250083,375700
1250093,350000
1250102,0
1250108,700000
1250116,613800
1250118,0
1250119,400000
1250131,350000
1250145,157500
1250146,350000
1250153,2074800
1250156,649700
1250157,0
1250162,913500
1250170,445000
1250188,0
1250206,450000
1250207,1067700
1250226,420000
1250227,140000
1250238,0
1250244,200000
1250251,0
1250255,950000
1250257,600000
1250261,0
1250267,467500
1250269,4100400
1250273,550000
1250282,642500
1250285,290000
1250288,1260000
1250297,182000
1250300,600000
1250301,822500
1250304,0
1250305,0
1250306,0
1250312,285000
1250314,1891000
1250329,525300
1250340,0
1250343,1279600
1250344,1420700
1250345,1042000
1250348,0
1250349,0
1250354,1113900
1250360,0
1250363,347600
1250364,150000
1250365,3827800
1250374,800000
1250375,400000
1250381,477400
1250382,431500
1250386,150000
1250387,250000
1250388,89500
1250389,460200
1250395,650000
1250398,529200
1250402,150000
1250412,382500
1250413,450000
1250416,0
1250417,225000
1250424,0
1250432,450000
1250437,523000
1250441,400000
1250443,350000
1250454,0
1250455,472500
1250458,1274400
1250461,0
1250464,200000
1250467,0
1250478,150000
1250482,0
1250486,0
1250487,300000
1250492,0
1250495,424300
1250497,0
1250500,0
1250507,350000
1250510,0
1250513,450000
1250519,0
1250546,279600
1250547,0
1250548,945600
1250553,0
1250555,681500
1250557,1179600
1250559,150000
1250565,0
1250574,0
1250583,0
1250590,630700
1250591,150000
1250596,350000
1250604,0
1250608,0
1250615,0
1250626,150000
1250627,0
1250628,300000
1250631,157400
1250636,393800
1250638,810600
1250648,0
1250652,1000000
1250654,0
1250662,0
1250663,467500
1250672,0
1250679,431000
1250683,150000
1250698,492300
1250699,684100
1250704,0
1250707,315000
1250717,650000
1250719,150000
1250721,70000
1250727,590200
1250728,350000
1250729,250000
1250732,276000
1250741,5257100
1250756,422000
1250758,0
1250764,1633500
1250765,270000
1250767,450000
1250774,500000
1250781,300000
1250791,95000
1250792,410400
1250795,399000
1250806,0
1250808,0
1250810,400000
1250812,390000
1250823,1160700
1250825,529600
1250827,630000
1250829,357000
1250832,0
1250838,1438000
1250850,0
1250855,0
1250857,0
1250860,1518600
1250861,0
1250862,69000
1250863,0
1250864,870000
1250865,445000
1250871,463000
1250875,0
1250877,0
1250878,585000
1250881,1140000
1250886,3008500
1250888,547500
1250891,763000
1250896,250000
1250902,0
1250912,1279600
1250916,0
1250917,0
1250921,250000
1250924,385000
1250940,350000
1250957,584000
1250961,250000
1250976,526800
1250977,0
1250983,0
1250989,0
1250992,0
1250995,532000
1250997,0
1251003,0
1251017,150000
1251021,0
1251029,150000
1251042,0
1251043,521200
1251047,210000
1251050,150000
1251051,336000
1251053,173000
1251054,0
1251057,300000
1251058,467500
1251063,890300
1251067,0
1251071,932000
1251073,150000
1251076,745000
1251080,0
1251082,800000
1251084,0
1251085,920200
1251089,435500
1251091,0
1251095,350000
1251098,0
1251105,697300
1251107,660000
1251108,400000
1251111,0
1251113,200000
1251114,1150000
1251117,150000
1251125,587400
1251127,0
1251132,0
1251135,400000
1251138,423500
1251147,1300000
1251156,1126000
1251159,0
1251169,318500
1251173,800500
1251187,400000
1251189,463900
1251190,0
1251194,250000
1251198,475000
1251199,150000
1251202,0
1251203,0
1251212,0
1251218,400000
1251221,838500
1251228,450000
1251232,68000
1251233,0
1251234,308000
1251236,323500
1251237,0
1251238,0
1251244,582800
1251248,542000
1251252,375000
1251268,140800
1251273,0
1251279,0
1251282,165600
1251283,1195300
1251285,0
1251286,0
1251289,580000
1251294,910500
1251295,300000
1251299,150000
1251301,0
1251307,839600
1251310,458000
1251313,0
1251314,250000
1251318,120000
1251320,0
1251322,239900
1251325,0
1251328,0
1251332,150000
1251336,0
1251337,0
1251342,0
1251348,215100
1251359,315000
1251367,1335000
1251368,0
1251378,831400
1251385,398000
1251386,534600
1251387,400000
1251406,1022400
1251414,0
1251418,903100
1251422,1147400
1251433,127500
1251434,20800
1251440,410000
1251447,0
1251451,150000
1251452,0
1251471,0
1251477,452300
1251481,566500
1251486,940000
1251489,124000
1251491,0
1251493,150000
1251494,600000
1251498,400000
1251509,400000
1251510,0
1251520,0
1251524,150000
1251526,0
1251527,195000
1251540,411300
1251542,115700
1251544,600000
1251549,277200
1251562,550000
1251565,0
1251572,676500
1251574,1123000
1251576,1215900
1251580,475000
1251584,400000
1251591,508000
1251595,250000
1251600,1253000
1251601,150000
1251602,1486400
1251603,400000
1251615,0
1251617,360000
1251624,150000
1251625,150000
1251634,964000
1251635,345000
1251639,711600
1251640,390000
1251654,621300
1251656,0
1251676,400000
1251678,343000
1251680,450000
1251684,0
1251687,400000
1251688,150000
1251693,404300
1251695,794300
1251700,130000
1251702,357000
1251713,0
1251715,400000
1251722,0
1251728,0
1251734,393400
1251736,548500
1251737,469300
1251742,463500
1251747,0
1251751,0
1251758,576000
1251761,150000
1251763,423200
1251764,150000
1251766,0
1251767,400000
1251774,1387700
1251777,0
1251778,469500
1251779,0
1251792,458500
1251793,476500
1251798,0
1251803,4056000
1251807,1339900
1251815,640300
1251817,400000
1251819,776000
1251820,734300
1251824,450000
1251832,110000
1251835,0
1251843,0
1251844,0
1251851,386600
1251855,0
1251858,402800
1251861,615000
1251863,350000
1251865,490000
1251867,0
1251878,580800
1251879,357900
1251880,759700
1251888,381000
1251902,597000
1251910,0
1251919,559000
1251920,604500
1251921,1635000
1251923,950000
1251925,0
1251927,150000
1251928,650000
1251931,404600
1251932,530000
1251933,0
1251935,0
1251937,0
1251940,957300
1251946,600000
1251948,321800
1251955,845000
1251957,0
1251971,2675500
1251972,0
1251996,0
1251999,400000
1252000,0
1252006,778000
1252007,150000
1252008,480000
1252019,125000
1252025,2003400
1252026,400000
1252031,1527600
1252033,0
1252035,898000
1252041,806500
1252045,467500
1252050,0
1252053,464800
1252076,1548500
1252077,150000
1252080,644000
1252086,0
1252090,574400
1252096,714000
1252104,529300
1252109,469700
1252111,0
1252114,0
1252117,0
1252118,408500
1252119,526200
1252125,706300
1252128,0
1252136,757000
1252137,0
1252138,895200
1252140,391100
1252169,120000
1252170,400000
1252183,535500
1252185,360900
1252201,0
1252202,453000
1252204,596000
1252207,0
1252209,0
1252210,442000
1252214,0
1252216,0
1252219,400000
1252231,120000
1252238,481000
1252240,458000
1252251,445000
1252269,1673500
1252270,886000
1252271,0
1252272,150000
1252273,532500
1252276,0
1252278,474700
1252281,350000
1252286,937800
1252288,563500
1252293,342000
1252298,98900
1252300,350000
1252302,500000
1252303,0
1252304,400000
1252311,250000
1252321,3318000
1252322,529400
1252325,150000
1252326,323400
1252331,669000
1252336,750000
1252339,400000
1252345,0
1252355,0
1252358,426000
1252360,0
1252367,400000
1252377,834600
1252378,18957500
1252386,0
1252401,125000
1252405,0
1252408,446900
1252413,434300
1252414,0
1252417,715500
1252420,1200000
1252422,150000
1252434,803300
1252435,150000
1252436,549000
1252437,508000
1252449,0
1252453,442000
1252458,392000
1252461,550000
1252463,400000
1252470,0
1252472,624300
1252478,1437000
1252479,572600
1252491,0
1252495,918000
1252497,0
1252498,150000
1252499,2000000
1252504,500000
1252511,0
1252515,0
1252530,18053500
1252533,150000
1252540,2492000
1252545,10365400
1252546,0
1252553,526200
1252554,490000
1252557,935500
1252558,0
1252581,162500
1252587,150000
1252592,811200
1252594,1290000
1252596,698000
1252601,0
1252604,676200
1252605,0
1252607,320600
1252613,210000
1252618,0
1252621,0
1252625,400000
1252628,490000
1252629,602000
1252630,667700
1252642,649200
1252649,6973700
1252653,27446500
1252654,560700
1252659,356500
1252660,200000
1252665,0
1252679,0
1252681,512500
1252683,1544000
1252685,283200
1252695,550000
1252696,513400
1252700,1208800
1252703,519800
1252713,0
1252725,392000
1252730,0
1252732,505500
1252734,586500
1252740,2079300
1252745,351000
1252748,496300
1252753,0
1252764,400000
1252767,314700
1252779,0
1252785,601000
1252802,252000
1252804,587100
1252809,635000
1252813,741200
1252818,406300
1252820,1230300
1252821,0
1252839,1285000
1252841,350000
1252846,400000
1252847,410500
1252851,30800
1252860,400000
1252861,150000
1252863,0
1252866,10464900
1252869,3650600
1252879,400000
1252882,0
1252885,467100
1252887,100000
1252888,264000
1252893,1570000
1252894,400000
1252903,413900
1252908,0
1252909,615000
1252914,0
1252917,453100
1252920,150000
1252926,462000
1252933,395500
1252934,302800
1252936,400000
1252938,442300
1252945,501100
1252946,400000
1252947,607800
1252963,609500
1252964,250000
1252975,816000
1252978,978000
1252980,481500
1252983,0
1252989,1026700
1252993,250000
1252995,400000
1252996,60000
1253000,250000
1253013,250000
1253016,1238000
1253019,543200
1253024,1350000
1253027,0
1253028,546800
1253030,404900
1253032,1401500
1253034,445900
1253037,250000
1253038,458600
1253045,442500
1253051,1350000
1253054,1578500
1253056,671700
1253058,653500
1253061,250000
1253062,476500
1253063,175000
1253064,1090000
1253066,903300
1253069,1183100
1253070,494500
1253071,550000
1253073,250000
1253081,569400
1253084,400000
1253085,0
1253090,346500
1253096,0
1253105,250000
1253106,541700
1253109,250000
1253113,325000
1253118,0
1253119,1250000
1253122,250000
1253123,454000
1253125,0
1253129,351500
1253137,625600
1253138,0
1253139,1817000
1253142,367500
1253146,677000
1253148,617500
1253152,250000
1253157,0
1253163,250000
1253165,662400
1253166,400000
1253168,148000
1253173,400000
1253178,250000
1253180,0
1253182,0
1253188,250000
1253192,365800
1253193,250000
1253195,148000
1253198,0
1253199,462000
1253200,250000
1253205,244000
1253206,250000
1253208,250000
1253209,400000
1253211,198800
1253216,675500
1253221,467500
1253223,250000
1253230,400000
1253232,179800
1253234,250000
1253239,1350000
1253246,0
1253247,250000
1253253,347200
1253257,301500
1253258,480000
1253261,250000
1253262,461300
1253263,576800
1253264,471600
1253274,250000
1253284,600000
1253288,250000
1253289,1569000
1253293,520000
1253298,2684200
1253303,0
1253304,250000
1253305,692700
1253308,0
1253327,0
1253328,350000
1253330,550000
1253337,400000
1253346,477400
1253349,350000
1253350,336800
1253362,641300
1253363,0
1253365,501100
1253367,0
1253373,372200
1253376,400000
1253382,476500
1253387,467500
1253388,1311500
1253392,850000
1253398,1000000
1253402,400000
1253405,712800
1253414,372800
1253419,467100
1253425,1572000
1253430,480800
1253431,0
1253437,2280500
1253448,167500
1253452,0
1253456,0
1253458,474300
1253471,467500
1253477,4207000
1253479,0
1253482,780000
1253486,1355800
1253487,700000
1253491,526900
1253493,559000
1253494,3627800
1253505,150000
1253507,300000
1253508,402500
1253509,148000
1253510,150000
1253515,0
1253517,466600
1253523,1141300
1253524,0
1253530,505800
1253531,634000
1253532,501100
1253533,440900
1253534,2965900
1253538,1597200
1253541,0
1253545,315000
1253554,400000
1253557,898100
1253558,0
1253560,400000
1253567,0
1253575,3026000
1253577,799000
1253582,382500
1253585,187000
1253586,500000
1253589,406000
1253591,871000
1253592,150000
1253594,400000
1253599,250000
1253601,526200
1253602,300000
1253604,0
1253608,100000
1253610,114700
1253616,150000
1253617,0
1253619,401000
1253629,506500
1253633,535000
1253634,367500
1253640,517500
1253645,500000
1253647,262000
1253648,1361600
1253652,0
1253653,381000
1253658,0
1253659,502000
1253660,350000
1253662,1054300
1253665,0
1253668,1682900
1253671,896000
1253675,392600
1253677,447800
1253682,737100
1253683,735000
1253685,0
1253687,150000
1253696,540500
1253707,400000
1253708,472900
1253711,491000
1253714,417300
1253719,1000000
1253724,0
1253725,670000
1253726,0
1253729,400000
1253730,400000
1253731,0
1253733,0
1253742,200000
1253743,400000
1253744,448000
1253751,143800
1253755,0
1253757,0
1253758,150000
1253759,250000
1253780,1358800
1253782,1353500
1253784,525000
1253785,500800
1253788,366000
1253789,485500
1253790,450000
1253795,148000
1253796,446900
1253805,367500
1253812,140000
1253816,350000
1253817,400000
1253823,0
1253825,0
1253837,521300
1253844,150000
1253845,542000
1253848,130000
1253852,1143800
1253854,479300
1253856,130000
1253858,534100
1253861,20920400
1253862,452700
1253875,400000
1253882,0
1253883,554000
1253891,815600
1253902,200000
1253903,674800
1253921,500000
1253923,150000
1253930,458500
1253931,412500
1253942,463500
1253956,250000
1253964,400000
1253966,400500
1253968,1264000
1253969,534000
1253971,0
1253976,474300
1253985,431500
1253990,1128000
1253995,392900
1253996,400000
1253999,1408100
1254006,388800
1254011,570500
1254019,933100
1254030,494500
1254050,400000
1254062,543900
1254066,0
1254067,0
1254077,400000
1254089,0
1254105,0
1254106,460500
1254107,350000
1254108,650000
1254112,1856500
1254113,603800
1254128,0
1254131,0
1254138,559000
1254139,445000
1254142,250000
1254145,563200
1254147,0
1254152,400000
1254153,120000
1254155,539600
1254162,0
1254166,1499500
1254172,396500
1254177,934600
1254181,555500
1254185,604900
1254186,844700
1254189,0
1254200,550000
1254214,322500
1254220,400000
1254233,148000
1254246,0
1254247,147500
1254267,0
1254271,350000
1254277,0
1254278,297500
1254283,0
1254299,0
1254300,467500
1254303,550000
1254304,1083200
1254316,700000
1254321,0
1254323,400000
1254324,550000
1254325,2847700
1254327,150000
1254331,105000
1254341,0
1254343,0
1254347,150000
1254355,504700
1254359,0
1254377,0
1254380,589500
1254382,500000
1254385,390000
1254387,445000
1254391,1383000
1254393,647400
1254397,0
1254399,1940800
1254400,478500
1254405,531500
1254406,430000
1254413,150000
1254417,350000
1254418,204000
1254419,1118000
1254420,0
1254423,400000
1254424,456400
1254426,628400
1254434,391500
1254436,140000
1254437,465600
1254439,3154600
1254446,0
1254452,990600
1254453,500000
1254459,675500
1254462,467800
1254466,410500
1254476,650100
1254478,0
1254485,450000
1254487,710200
1254491,150000
1254493,0
1254494,560000
1254504,1300400
1254516,0
1254522,388600
1254530,690800
1254535,520000
1254541,364000
1254542,295000
1254547,0
1254550,1026000
1254552,0
1254553,706200
1254554,0
1254559,3280500
1254563,400000
1254570,0
1254574,495200
1254579,400000
1254581,680500
1254584,0
1254587,450000
1254588,1995000
1254589,450000
1254597,500000
1254598,400000
1254600,1500000
1254602,385000
1254615,250000
1254620,0
1254623,449100
1254624,350000
1254625,373500
1254627,500000
1254628,430200
1254629,578300
1254630,780000
1254644,467500
1254646,530000
1254647,423000
1254653,300000
1254656,698000
1254671,400000
1254675,420000
1254678,522500
1254682,0
1254684,500000
1254687,350000
1254688,400000
1254689,526200
1254700,496800
1254701,1066900
1254703,606700
1254707,400000
1254716,343000
1254726,484600
1254729,127500
1254734,375400
1254735,576000
1254737,360500
1254748,0
1254749,148000
1254751,467000
1254754,500000
1254758,481000
1254761,130000
1254767,450000
1254782,127000
1254785,0
1254786,0
1254793,489000
1254801,400000
1254811,1112000
1254817,460300
1254818,0
1254819,475000
1254820,0
1254825,457200
1254832,400000
1254836,629200
1254844,0
1254846,455800
1254848,732000
1254860,467500
1254863,696300
1254865,1008200
1254866,400000
1254870,550000
1254871,923700
1254872,150000
1254873,445500
1254887,417500
1254898,1248000
1254906,431000
1254912,957800
1254916,0
1254918,1209700
1254919,300000
1254924,0
1254926,500000
1254929,446800
1254930,100000
1254931,120000
1254936,0
1254939,332500
1254940,500000
1254943,424300
1254944,458500
1254946,570900
1254950,0
1254954,664800
1254958,0
1254961,150000
1254964,491500
1254969,0
1254970,150000
1254972,0
1254973,230000
1254979,1233900
1254982,680800
1254984,267000
1254987,0
1254989,400000
1254990,527000
1254999,932000
1255001,130000
1255006,0
1255007,481000
1255009,636200
1255017,0
1255020,106000
1255022,400000
1255025,431900
1255030,0
1255035,150000
1255038,400000
1255042,0
1255046,605400
1255051,417500
1255056,120000
1255059,0
1255063,0
1255068,367500
1255078,239800
1255080,0
1255083,299300
1255086,503500
1255090,3923500
1255106,0
1255112,0
1255116,0
1255118,389400
1255122,599400
1255125,791000
1255132,400000
1255135,0
1255136,0
1255137,400400
1255141,0
1255149,697500
1255152,0
1255154,0
1255159,0
1255167,426500
1255171,120000
1255173,0
1255175,444200
1255181,150000
1255183,0
1255186,130000
1255189,0
1255193,400000
1255199,363300
1255200,599000
1255203,400500
1255206,0
1255208,0
1255209,735000
1255212,790000
1255216,0
1255223,0
1255227,0
1255229,412800
1255245,0
1255247,1225500
1255252,512500
1255260,0
1255262,800000
1255264,0
1255269,400000
1255270,550000
1255274,500000
1255276,250000
1255277,0
1255279,950500
1255282,0
1255286,0
1255290,400000
1255291,120000
1255293,377000
1255300,0
1255304,800000
1255308,400000
1255309,0
1255310,863300
1255311,0
1255314,504300
1255315,400000
1255316,386000
1255325,0
1255330,409800
1255332,0
1255333,17000
1255335,1378600
1255337,378000
1255339,697000
1255342,0
1255343,2839500
1255347,400000
1255349,364000
1255354,0
1255360,150000
1255361,707600
1255368,0
1255371,0
1255375,862800
1255380,995800
1255381,450000
1255389,0
1255394,550000
1255395,0
1255396,391600
1255405,467500
1255407,0
1255410,443700
1255411,200000
1255413,447700
1255417,0
1255420,0
1255421,346100
1255422,445000
1255428,0
1255431,494200
1255434,0
1255439,0
1255440,279100
1255441,712400
1255442,509700
1255447,350000
1255448,450400
1255449,0
1255450,330000
1255452,0
1255455,418000
1255457,511400
1255460,474700
1255461,481000
1255467,500000
1255469,0
1255470,4492400
1255473,461500
1255475,683000
1255476,656500
1255480,901300
1255481,0
1255484,807000
1255492,0
1255493,0
1255497,0
1255498,0
1255504,0
1255510,400000
1255512,400000
1255515,740000
1255518,0
1255521,0
1255528,150000
1255529,300000
1255530,352200
1255532,450400
1255535,0
1255536,260000
1255538,600000
1255539,0
1255543,380700
1255544,2502600
1255545,0
1255546,778600
1255549,535000
1255551,0
1255554,600000
1255557,810000
1255558,492700
1255564,476500
1255566,0
1255568,0
1255576,400000
1255577,986300
1255580,346800
1255582,367500
1255583,1388500
1255585,0
1255586,0
1255588,0
1255592,200000
1255594,479300
1255599,5600
1255600,950000
1255602,0
1255605,465300
1255608,790000
1255609,350000
1255612,400000
1255613,227500
1255617,378000
1255626,0
1255629,480000
1255632,710800
1255634,648000
1255638,400000
1255645,450400
1255647,550000
1255652,856000
1255654,545500
1255655,0
1255656,0
1255657,379300
1255659,800000
1255665,0
1255669,373600
1255677,199000
1255678,535000
1255680,0
1255685,440000
1255692,512500
1255693,614700
1255694,2049100
1255705,439500
1255716,509700
1255718,0
1255730,0
1255731,580500
1255733,150000
1255734,0
1255735,350000
1255736,360000
1255737,354000
1255746,550000
1255765,299300
1255770,400000
1255779,1452400
1255788,400000
1255793,550000
1255799,650000
1255802,400000
1255803,0
1255805,0
1255807,700400
1255811,0
1255818,599700
1255821,476500
1255824,0
1255830,500000
1255831,0
1255832,613200
1255836,364000
1255839,826000
1255842,800000
1255847,494000
1255849,520000
1255851,0
1255862,450000
1255864,1144000
1255865,0
1255869,357900
1255875,489200
1255876,0
1255882,400000
1255884,648600
1255889,0
1255891,589800
1255892,0
1255894,800000
1255897,500000
1255900,460800
1255902,1231500
1255911,653500
1255914,500000
1255915,950000
1255917,0
1255918,650000
1255922,513500
1255923,800000
1255924,965900
1255930,400000
1255931,0
1255939,0
1255946,350000
1255947,479300
1255949,367500
1255951,172000
1255952,613000
1255953,1494400
1255957,350000
1255967,453100
1255972,1372600
1255976,400000
1255977,831400
1255978,0
1255983,454000
1255985,469000
1255994,569700
1256000,0
1256008,3001300
1256013,0
1256024,394800
1256027,402500
1256028,150000
1256034,669300
1256041,400000
1256043,0
1256057,491500
1256058,150000
1256068,150000
1256071,586000
1256072,526700
1256074,0
1256077,0
1256080,150000
1256087,400000
1256088,491200
1256090,1390000
1256091,609500
1256093,0
1256103,120000
1256106,412200
1256112,350000
1256113,0
1256119,250000
1256121,150000
1256125,0
1256126,950000
1256127,400000
1256128,697000
1256130,356300
1256132,150000
1256135,0
1256136,754200
1256137,522400
1256148,800000
1256159,385500
1256161,283000
1256162,924500
1256163,150000
1256166,508000
1256173,0
1256178,550000
1256179,422500
1256181,400000
1256185,150000
1256189,4415000
1256190,786700
1256193,350000
1256198,330200
1256199,862500
1256203,0
1256205,0
1256207,550000
1256209,717000
1256210,269000
1256211,508800
1256212,829300
1256213,6440600
1256214,2194700
1256217,472000
1256219,485100
1256224,400000
1256229,0
1256231,581300
1256236,640000
1256238,800000
1256239,299300
1256246,562900
1256250,0
1256253,3335000
1256254,0
1256256,150000
1256260,550000
1256265,150000
1256266,0
1256269,496400
1256271,0
1256272,500000
1256279,459000
1256280,491300
1256284,0
1256285,150000
1256294,0
1256297,437500
1256303,777000
1256309,400000
1256311,382500
1256313,465300
1256317,150000
1256329,410000
1256330,400000
1256333,150000
1256337,617500
1256342,88000
1256343,134200
1256345,0
1256353,387300
1256361,467500
1256370,400000
1256375,0
1256384,556800
1256385,526200
1256388,1339000
1256393,390100
1256399,375000
1256410,0
1256429,1203800
1256435,220000
1256439,528300
1256441,0
1256443,1156600
1256444,466800
1256445,514900
1256448,398500
1256452,445900
1256453,400000
1256456,0
1256461,400000
1256472,401500
1256476,512500
1256481,670000
1256497,0
1256507,1145000
1256519,362900
1256522,400000
1256526,356300
1256531,817500
1256532,1778500
1256534,400000
1256536,1055200
1256537,375500
1256541,0
1256559,0
1256566,481000
1256572,520800
1256573,457200
1256575,1242000
1256576,474300
1256580,1130300
1256590,439600
1256598,350000
1256609,650000
1256614,400000
1256619,463000
1256620,150000
1256622,150000
1256639,1669700
1256644,701300
1256645,24000
1256656,421500
1256662,350000
1256668,0
1256689,444000
1256702,569400
1256728,150000
1256733,1867500
1256740,456000
1256761,0
1256763,350000
1256766,471800
1256768,0
1256776,1163300
1256781,150000
1256793,250000
1256794,0
1256804,0
1256815,0
1256818,0
1256819,400000
1256832,150000
1256838,740000
1256839,400000
1256842,607000
1256843,126000
1256853,345000
1256859,710500
1256880,550400
1256904,0
1256932,906000
1256933,0
1256938,796000
1256944,551100
1256946,0
1256952,0
1256953,500000
1256957,0
1256965,0
1256972,600000
1256973,709300
1256974,300000
1256976,836000
1256988,150000
1256990,756500
1256995,0
1257000,0
1257009,735600
1257012,1231400
1257015,2470000
1257020,250000
1257021,1611800
1257028,627000
1257030,350000
1257035,2465100
1257051,680000
1257065,1502500
1257072,416500
1257084,0
1257091,428200
1257096,0
1257099,0
1257102,550000
1257110,538500
1257123,0
1257129,0
1257132,350000
1257153,500000
1257171,261800
1257175,453600
1257178,0
1257188,84000
1257207,900000
1257214,618200
1257221,1633900
1257223,0
1257225,250000
1257242,1622000
1257253,0
1257255,150000
1257267,1120000
1257268,1710800
1257275,0
1257279,474500
1257285,6981100
1257303,0
1257332,0
1257341,385300
1257342,200000
1257352,707000
1257357,617500
1257359,559500
1257360,250000
1257371,400000
1257373,600000
1257379,879000
1257381,359300
1257383,467000
1257385,0
1257393,0
1257396,365800
1257397,0
1257399,495500
1257403,372300
1257404,440500
1257407,150000
1257425,0
1257428,0
1257430,500000
1257432,250000
1257436,1163800
1257459,0
1257471,0
1257473,0
1257474,555000
1257475,500000
1257476,150000
1257481,476500
1257487,0
1257492,0
1257498,370000
1257501,0
1257502,0
1257504,0
1257514,1400000
1257519,378100
1257520,0
1257532,396000
1257534,490000
1257539,950000
1257544,0
1257580,150000
1257590,389100
1257596,0
1257599,875000
1257600,405000
1257604,769500
1257608,250000
1257614,618200
1257616,385000
1257627,446100
1257634,0
1257641,300000
1257643,300000
1257668,0
1257674,0
1257678,414000
1257687,0
1257698,463000
1257714,1076500
1257734,0
1257737,350000
1257742,417500
1257745,2206100
1257757,0
1257758,200000
1257762,353800
1257777,334000
1257781,0
1257790,0
1257796,0
1257797,500000
1257799,200000
1257807,0
1257825,472000
1257826,0
1257827,0
1257831,150000
1257835,0
1257837,0
1257841,0
1257842,0
1257850,0
1257852,250000
1257856,452500
1257857,3562000
1257859,0
1257862,150000
1257867,250000
1257872,0
1257879,500000
1257880,0
1257882,0
1257888,0
1257906,0
1257917,30000
1257942,376000
1257947,0
1257957,150000
1257958,0
1257960,555000
1257961,0
1257979,0
1257984,402500
1257987,700000
1257999,515800
1258007,0
1258032,0
1258038,2158000
1258046,0
1258054,0
1258056,0
1258080,0
1258085,0
1258088,0
1258100,684100
1258107,200000
1258126,0
1258138,417000
1258140,0
1258152,500000
1258164,437600
1258166,0
1258170,250000
1258172,350000
1258188,750000
1258190,646700
1258192,250000
1258200,450000
1258201,0
1258202,499000
1258203,250000
1258210,0
1258213,0
1258216,450000
1258224,458800
1258232,800000
1258252,858200
1258258,1474500
1258264,0
1258267,599000
1258292,0
1258303,0
1258321,677000
1258325,559500
1258332,150000
1258336,424300
1258337,250000
1258353,1160700
1258377,893100
1258382,406800
1258388,0
1258397,0
1258406,850000
1258413,896200
1258414,0
1258444,0
1258451,0
1258461,1209800
1258482,0
1258484,400000
1258490,400000
1258502,150000
1258504,680900
1258505,0
1258507,0
1258511,2550000
1258521,1443000
1258523,659000
1258534,190000
1258540,0
1258555,515500
1258559,501100
1258567,320000
1258586,450000
1258588,396100
1258592,147600
1258608,127000
1258609,116000
1258611,523000
1258618,592300
1258622,0
1258630,1278200
1258647,430000
1258652,457000
1258667,150000
1258670,422000
1258672,404500
1258673,0
1258679,378000
1258687,593600
1258692,0
1258693,0
1258700,150000
1258701,2157500
1258702,0
1258704,809000
1258714,836900
1258716,414000
1258724,632500
1258730,465300
1258734,0
1258742,457600
1258743,406000
1258755,0
1258759,400000
1258779,150000
1258793,520000
1258801,1803000
1258802,719500
1258807,826500
1258811,2294100
1258812,889700
1258821,397500
1258823,395500
1258826,0
1258827,757500
1258829,0
1258832,332500
1258835,530000
1258837,467500
1258845,374300
1258852,301500
1258853,403000
1258865,150000
1258867,0
1258876,425500
1258878,0
1258879,805300
1258892,1678000
1258896,313000
1258902,386000
1258909,496500
1258911,538200
1258913,329000
1258917,917500
1258918,2515000
1258920,325500
1258921,0
1258923,976200
1258924,608000
1258930,500000
1258933,400000
1258937,736000
1258944,127000
1258949,150000
1258969,492000
1258971,0
1258974,928000
1258975,463100
1258979,400000
1258981,300000
1258987,600000
1258989,400000
1258991,500000
1258994,594600
1258995,0
1258998,0
1259007,0
1259013,0
1259019,1157400
1259028,500000
1259031,3364900
1259033,0
1259042,614400
1259044,567100
1259045,431400
1259046,400000
1259049,0
1259054,374500
1259056,3067200
1259059,570500
1259064,0
1259066,639500
1259068,559200
1259069,0
1259070,250000
1259080,0
1259090,400000
1259091,0
1259093,0
1259095,400000
1259100,403500
1259104,423500
1259112,467500
1259118,500000
1259122,510000
1259124,0
1259130,610300
1259143,1419100
1259146,565300
1259158,134100
1259161,508000
1259166,0
1259173,640700
1259178,0
1259191,343000
1259198,140000
1259199,0
1259200,0
1259202,531500
1259215,500000
1259226,537300
1259230,845500
1259231,464000
1259243,571500
1259253,0
1259257,1233500
1259260,556700
1259272,0
1259277,442500
1259279,0
1259280,0
1259285,0
1259288,405000
1259295,553100
1259301,329000
1259304,500000
1259316,150000
1259322,350000
1259332,1150000
1259343,1268000
1259345,0
1259349,500000
1259364,594500
1259366,420000
1259369,350000
1259376,0
1259379,0
1259384,0
1259385,150000
1259386,384000
1259387,937600
1259388,452100
1259389,200000
1259390,1112000
1259400,545000
1259404,0
1259405,0
1259414,676200
1259415,0
1259418,676100
1259426,529300
1259429,350000
1259430,500000
1259434,759000
1259440,411400
1259441,874000
1259442,624000
1259443,0
1259444,200000
1259450,0
1259452,476500
1259454,417500
1259459,862200
1259468,633700
1259469,400000
1259474,400000
1259475,0
1259481,472500
1259482,418000
1259483,824000
1259488,500000
1259500,618300
1259507,0
1259509,0
1259515,150000
1259519,399000
1259521,638200
1259522,1250000
1259523,677000
1259528,150000
1259533,500000
1259543,500000
1259545,310000
1259547,0
1259551,941800
1259556,0
1259561,612500
1259583,0
1259590,319000
1259592,1690700
1259595,754300
1259598,501100
1259599,150000
1259600,450000
1259601,0
1259602,400000
1259603,502700
1259611,448600
1259615,0
1259621,1105000
1259624,300000
1259625,500000
1259628,150000
1259633,611900
1259637,500000
1259649,0
1259654,0
1259659,150000
1259664,150000
1259666,293800
1259671,38900
1259673,1477900
1259674,646700
1259679,2065900
1259682,673100
1259686,311500
1259695,0
1259699,150000
1259708,381000
1259722,590000
1259745,570500
1259748,1127900
1259749,417500
1259751,470000
1259755,175000
1259759,455200
1259763,494000
1259764,150000
1259766,0
1259767,901500
1259775,522700
1259780,0
1259781,455800
1259783,0
1259787,573300
1259810,633200
1259811,450000
1259816,811600
1259817,590000
1259820,2005100
1259821,332500
1259825,456000
1259826,433600
1259827,553100
1259832,150000
1259837,1019000
1259841,166900
1259843,175000
1259844,420000
1259856,300000
1259861,450000
1259866,0
1259868,0
1259870,743000
1259871,436100
1259875,1892800
1259880,474400
1259888,471500
1259889,0
1259890,450200
1259905,0
1259909,500000
1259915,0
1259922,465500
1259925,0
1259930,547300
1259938,491200
1259939,0
1259943,400000
1259944,467700
1259946,568400
1259951,552900
1259953,962000
1259958,300000
1259970,0
1259971,469800
1259979,589200
1259981,0
1259985,400000
1259996,1496000
1260003,628300
1260005,127000
1260009,0
1260016,450000
1260023,0
1260025,0
1260026,580700
1260036,200000
1260038,0
1260044,0
1260045,638000
1260048,1280000
1260051,520500
1260057,898600
1260059,517500
1260060,0
1260065,500000
1260073,500000
1260074,559500
1260080,526200
1260085,0
1260087,0
1260088,1050000
1260090,340000
1260096,0
1260098,559600
1260099,500000
1260101,660500
1260110,391800
1260115,250000
1260117,500000
1260127,150000
1260128,2494300
1260130,350000
1260131,1099000
1260133,76500
1260134,449000
1260136,894000
1260138,150000
1260141,350000
1260144,472000
1260155,280000
1260158,500000
1260160,555000
1260165,619300
1260170,150000
1260174,500000
1260176,350000
1260180,235000
1260183,0
1260187,352000
1260190,0
1260192,467500
1260196,213000
1260206,0
1260208,911100
1260211,567100
1260216,0
1260218,424900
1260222,388500
1260225,785500
1260229,0
1260236,968800
1260237,672500
1260238,687000
1260242,559700
1260251,658000
1260255,0
1260256,529300
1260258,0
1260261,150000
1260262,530700
1260274,0
1260277,377500
1260287,177000
1260292,410800
1260293,575500
1260294,0
1260298,500000
1260303,403200
1260304,644500
1260305,594500
1260309,407000
1260312,526200
1260313,500000
1260321,330000
1260327,0
1260329,0
1260331,500000
1260338,524500
1260341,150000
1260342,640000
1260344,649700
1260348,469100
1260349,454000
1260350,365800
1260355,604300
1260360,265400
1260363,482200
1260368,798500
1260375,420000
1260377,633000
1260378,423800
1260379,526200
1260381,559500
1260385,477200
1260389,150000
1260391,500000
1260397,0
1260399,385000
1260408,400000
1260410,550000
1260411,572500
1260412,432300
1260413,773800
1260414,417500
1260417,0
1260419,500000
1260421,586000
1260427,1237800
1260431,647200
1260440,365000
1260441,823700
1260443,0
1260449,559500
1260457,420000
1260458,969800
1260464,0
1260466,515000
1260468,408300
1260476,25000
1260478,1250000
1260481,0
1260484,0
1260492,0
1260498,912000
1260503,0
1260504,289100
1260507,0
1260509,716200
1260511,0
1260518,0
1260519,250000
1260527,392000
1260532,0
1260534,896200
1260538,0
1260542,323800
1260550,500000
1260555,0
1260564,0
1260568,0
1260571,0
1260575,500000
1260586,0
1260587,1339200
1260591,567500
1260600,479500
1260605,0
1260609,680000
1260612,1252000
1260618,255000
1260619,575600
1260624,0
1260629,340000
1260630,0
1260633,516700
1260634,522900
1260638,0
1260639,0
1260642,0
1260645,1866700
1260649,648500
1260651,629500
1260656,802500
1260659,400000
1260664,2735500
1260668,150000
1260669,0
1260670,105000
1260671,0
1260674,0
1260682,500000
1260686,1000000
1260687,600000
1260692,140000
1260694,500000
1260697,650000
1260704,0
1260706,350000
1260708,1000000
1260709,0
1260715,0
1260717,500000
1260718,852000
1260719,150000
1260722,0
1260726,400000
1260727,325000
1260733,0
1260735,491000
1260737,366600
1260739,893600
1260746,300000
1260748,0
1260753,0
1260762,0
1260765,555000
1260767,355500
1260768,0
1260769,0
1260770,455900
1260771,0
1260774,627600
1260776,0
1260779,0
1260780,127000
1260782,392800
1260785,0
1260787,250000
1260790,445000
1260791,0
1260798,0
1260804,0
1260806,404000
1260807,262000
1260809,2368800
1260815,0
1260820,866000
1260821,525300
1260822,0
1260826,0
1260829,125000
1260835,579800
1260836,0
1260837,642500
1260841,350000
1260847,0
1260850,0
1260853,260100
1260858,0
1260860,500000
1260862,0
1260869,526200
1260871,576500
1260872,71200
1260876,500000
1260880,0
1260885,479300
1260886,637000
1260887,0
1260899,0
1260900,0
1260910,200000
1260912,0
1260913,130000
1260916,0
1260917,370500
1260922,500000
1260925,0
1260927,721300
1260934,469100
1260938,1084600
1260941,0
1260946,0
1260948,595000
1260950,0
1260951,297500
1260952,780700
1260958,421700
1260963,925000
1260967,0
1260969,150000
1260973,550400
1260978,0
1260979,503000
1260981,400000
1260982,0
1260984,1000000
1260985,527100
1260987,396300
1260993,1306300
1260994,120000
1260999,0
1261000,750000
1261001,422500
1261003,450000
1261010,150000
1261011,127000
1261015,180000
1261020,859500
1261021,0
1261024,385100
1261026,675000
1261028,1410000
1261038,357200
1261044,337000
1261052,0
1261054,0
1261058,450000
1261059,0
1261067,610000
1261069,0
1261070,62400
1261086,375500
1261088,0
1261092,0
1261093,437500
1261103,150000
1261104,620200
1261106,0
1261109,0
1261123,500000
1261125,567500
1261126,0
1261129,95000
1261133,4500000
1261134,0
1261135,150000
1261147,0
1261150,0
1261152,489500
1261154,581000
1261155,659200
1261158,367500
1261159,500000
1261160,0
1261164,430500
1261168,205000
1261169,0
1261170,500000
1261172,950000
1261173,355000
1261180,0
1261182,740800
1261191,450000
1261197,0
1261199,0
1261200,522000
1261202,396700
1261203,0
1261204,0
1261205,500000
1261212,448000
1261217,0
1261220,425300
1261227,410500
1261233,0
1261234,0
1261245,367500
1261246,899000
1261248,227500
1261257,0
1261266,0
1261270,763400
1261273,150000
1261274,416100
1261281,0
1261282,0
1261286,350000
1261287,0
1261288,608100
1261289,0
1261293,400000
1261295,396800
1261296,573800
1261301,1001600
1261306,543400
1261308,0
1261309,605000
1261315,946800
1261320,558500
1261327,150000
1261331,722300
1261332,0
1261333,595000
1261335,470000
1261336,250000
1261338,718800
1261341,650000
1261342,0
1261346,0
1261350,400000
1261351,500000
1261360,0
1261362,132000
1261365,698000
1261366,548200
1261371,747500
1261373,0
1261377,0
1261382,404500
1261383,581900
1261384,545500
1261387,538500
1261390,422500
1261393,893200
1261399,0
1261403,500000
1261404,72000
1261408,808700
1261411,0
1261426,0
1261429,0
1261431,500000
1261440,0
1261441,300000
1261443,507000
1261444,311500
1261447,1138400
1261453,0
1261455,496400
1261459,0
1261461,500000
1261462,1000000
1261473,0
1261478,0
1261481,395100
1261483,0
1261485,314700
1261488,942800
1261490,435800
1261493,630500
1261494,0
1261496,788800
1261500,500000
1261509,350000
1261516,0
1261518,0
1261520,130000
1261525,150000
1261526,0
1261527,430500
1261528,670100
1261532,0
1261533,0
1261544,0
1261548,353200
1261553,45500
1261561,0
1261564,822500
1261567,250000
1261570,563000
1261571,642000
1261574,315000
1261576,1030100
1261579,0
1261584,663800
1261591,0
1261594,300000
1261596,0
1261599,0
1261600,0
1261601,0
1261607,400000
1261608,670500
1261609,250000
1261624,410800
1261625,447700
1261627,413000
1261628,0
1261635,1229100
1261637,430300
1261646,400000
1261650,476800
1261653,0
1261655,437900
1261657,365000
1261661,504200
1261662,478500
1261665,811700
1261668,10500
1261681,451500
1261684,0
1261685,500000
1261688,629200
1261692,3506300
1261697,500000
1261698,0
1261706,0
1261708,0
1261709,525500
1261718,567500
1261722,640900
1261723,0
1261724,920800
1261726,654500
1261735,487500
1261748,437500
1261753,968500
1261754,472500
1261757,508800
1261767,652800
1261768,0
1261775,566500
1261780,500000
1261782,150000
1261785,470000
1261787,250000
1261788,483500
1261789,499700
1261793,195000
1261796,150000
1261801,0
1261809,0
1261814,506900
1261815,436100
1261820,400000
1261822,1100000
1261827,2388200
1261829,170000
1261830,0
1261846,634000
1261849,500000
1261857,1068500
1261859,0
1261862,400000
1261864,472500
1261868,0
1261874,683000
1261876,639500
1261877,550000
1261888,478100
1261890,0
1261891,1063000
1261896,950000
1261909,550000
1261914,567500
1261915,960900
1261917,0
1261927,445000
1261930,400000
1261938,501900
1261941,400000
1261943,150000
1261944,0
1261948,416800
1261950,400000
1261951,0
1261952,834500
1261955,1331000
1261961,1170000
1261963,550000
1261964,371700
1261966,442800
1261968,800000
1261970,432300
1261972,500700
1261974,650000
1261977,2564000
1261979,450000
1261982,400000
1261987,0
1261988,302500
1261991,250000
1261994,1288500
1261995,430000
1261998,550400
1262003,599700
1262006,429000
1262012,0
1262019,363000
1262024,629300
1262026,150000
1262027,400000
1262029,500000
1262038,500000
1262050,400000
1262057,700000
1262059,0
1262063,500000
1262067,2285000
1262082,611000
1262083,0
1262084,130000
1262087,559000
1262096,302500
1262100,150000
1262103,283500
1262106,496000
1262108,500000
1262109,402500
1262112,0
1262115,500000
1262119,332500
1262123,481000
1262126,400000
1262129,584700
1262130,1500000
1262132,1858300
1262135,350000
1262139,800000
1262143,422000
1262146,0
1262151,910400
1262156,599700
1262158,2395000
1262163,523000
1262168,0
1262171,673500
1262173,707900
1262175,550000
1262176,476400
1262179,435500
1262180,385000
1262181,567500
1262183,2074500
1262185,0
1262186,558500
1262187,0
1262189,0
1262194,49000
1262201,383800
1262205,700000
1262207,424300
1262217,890000
1262221,305000
1262222,350000
1262224,400000
1262232,376600
1262234,0
1262236,500000
1262239,421900
1262242,432500
1262244,350000
1262245,1804600
1262246,858000
1262259,420000
1262260,0
1262261,500000
1262262,420000
1262263,853200
1262275,400000
1262281,0
1262285,400000
1262287,600000
1262290,402500
1262293,150000
1262296,0
1262297,375500
1262300,688900
1262301,593600
1262309,1485000
1262317,0
1262318,432500
1262321,600000
1262323,482500
1262328,539200
1262333,773700
1262343,600000
1262346,590000
1262347,300000
1262350,793100
1262353,350000
1262354,150000
1262355,342100
1262361,0
1262363,457500
1262365,0
1262371,1249500
1262372,499700
1262373,496600
1262383,600000
1262387,347800
1262390,387500
1262393,961100
1262394,649900
1262396,678400
1262397,400000
1262400,577400
1262403,414500
1262406,342000
1262410,400000
1262411,385900
1262415,500000
1262418,466600
1262419,440600
1262422,383500
1262423,996600
1262424,911600
1262426,360500
1262429,484600
1262432,455000
1262445,1484200
1262450,482500
1262455,800000
1262461,254700
1262462,750000
1262466,350000
1262468,793400
1262472,150000
1262473,494500
1262474,195000
1262488,447500
1262492,0
1262502,600000
1262505,250000
1262510,1191100
1262511,500000
1262517,489300
1262521,0
1262522,1492500
1262528,0
1262529,0
1262530,419600
1262533,0
1262536,640100
1262549,349300
1262552,400000
1262559,4298700
1262563,700600
1262566,350000
1262570,254000
1262571,567500
1262574,567500
1262576,195000
1262578,399000
1262584,500000
1262590,150000
1262597,1691500
1262604,482500
1262610,0
1262612,844200
1262613,895200
1262614,500000
1262622,957900
1262626,563000
1262627,800000
1262631,399500
1262632,600000
1262640,2899700
1262642,0
1262648,350000
1262653,976200
1262656,451500
1262663,541100
1262664,800000
1262670,0
1262675,500000
1262676,658900
1262680,600000
1262687,1250000
1262688,150000
1262689,140000
1262690,958900
1262702,599000
1262715,524500
1262716,500000
1262719,0
1262720,250000
1262722,418900
1262726,0
1262729,140000
1262741,750000
1262743,418800
1262744,24000
1262747,1572500
1262752,610500
1262766,450000
1262768,0
1262771,614700
1262776,1419500
1262778,445900
1262782,329000
1262783,580100
1262788,481800
1262791,400000
1262794,532500
1262800,994000
1262803,0
1262807,1236000
1262808,581000
1262813,0
1262818,509700
1262823,400800
1262831,584700
1262835,500000
1262836,0
1262842,415400
1262844,800000
1262845,600000
1262847,0
1262853,855200
1262854,355500
1262855,0
1262857,604500
1262858,401000
1262859,0
1262861,550000
1262862,567500
1262865,447300
1262869,209000
1262871,0
1262872,400000
1262876,550000
1262881,150000
1262882,1019500
1262890,567500
1262894,1144000
1262898,455000
1262899,671800
1262904,927700
1262909,500000
1262912,0
1262914,464700
1262915,550000
1262917,614000
1262921,250000
1262930,500000
1262935,0
1262936,424800
1262937,1242000
1262940,400000
1262941,0
1262942,0
1262944,0
1262945,500000
1262946,150000
1262950,285800
1262953,1140000
1262957,519300
1262961,500000
1262967,603800
1262968,0
1262971,350000
1262975,0
1262984,500000
1262987,162500
1262988,1492500
1262992,387900
1262994,445800
1262998,350000
1263011,420500
1263013,583300
1263022,350000
1263027,1227000
1263028,673000
1263029,1032500
1263030,285000
1263031,417500
1263033,439600
1263040,1221900
1263049,287500
1263051,1064000
1263053,336000
1263054,0
1263056,989000
1263063,665800
1263072,500000
1263073,567500
1263078,0
1263084,293400
1263085,315000
1263088,400000
1263091,2117400
1263098,664000
1263101,1000000
1263106,695000
1263113,0
1263117,500000
1263118,830000
1263119,0
1263123,690000
1263127,1490500
1263129,106500
1263131,500000
1263133,0
1263139,0
1263141,567300
1263142,0
1263147,734500
1263155,0
1263165,500000
1263166,0
1263167,2090000
1263168,0
1263172,0
1263174,514900
1263175,0
1263180,450400
1263197,450000
1263199,0
1263205,250000
1263211,569800
1263214,0
1263215,0
1263216,0
1263223,1492500
1263226,528400
1263227,135000
1263229,447500
1263231,600000
1263234,415000
1263239,400000
1263241,3030000
1263247,1228000
1263252,208000
1263253,0
1263261,517200
1263275,1487500
1263276,0
1263280,739900
1263285,0
1263288,634700
1263295,0
1263304,457200
1263310,0
1263315,7016900
1263338,1893000
1263340,465000
1263341,0
1263344,0
1263351,1569000
1263352,1146600
1263353,249300
1263354,150000
1263362,609500
1263363,280000
1263365,335000
1263368,500000
1263369,371000
1263370,838600
1263371,0
1263372,1173200
1263374,500000
1263377,805000
1263381,483900
1263382,0
1263388,45000
1263392,409500
1263395,130000
1263396,558800
1263398,135000
1263404,3263200
1263413,0
1263414,0
1263415,500000
1263420,750000
1263424,715000
1263427,275000
1263429,1389500
1263430,1583900
1263439,0
1263440,550000
1263442,401800
1263443,439800
1263446,1280600
1263451,955500
1263463,600000
1263470,955000
1263474,350000
1263475,964000
1263484,400000
1263485,583700
1263487,567000
1263489,400000
1263497,150000
1263501,0
1263502,573800
1263504,593700
1263506,150000
1263513,200000
1263514,475000
1263515,350000
1263517,500000
1263521,0
1263531,566500
1263533,549500
1263555,463900
1263557,250000
1263558,358800
1263564,500000
1263569,425200
1263572,2931500
1263573,350000
1263575,0
1263576,0
1263580,0
1263582,550000
1263584,0
1263585,0
1263587,0
1263594,0
1263599,0
1263603,0
1263608,0
1263618,588400
1263619,600000
1263625,417500
1263630,635500
1263633,0
1263637,0
1263638,0
1263639,3062800
1263640,403000
1263642,367000
1263646,515600
1263648,404000
1263649,500000
1263653,0
1263657,1194500
1263662,0
1263666,144700
1263668,437300
1263670,602000
1263673,68500
1263676,1440000
1263678,2965000
1263683,350000
1263684,0
1263685,565300
1263688,511500
1263690,1140000
1263692,0
1263694,380000
1263702,326000
1263708,0
1263711,400000
1263718,600000
1263720,0
1263721,150000
1263727,409500
1263732,500000
1263738,1000000
1263743,550000
1263746,470700
1263752,400000
1263753,700000
1263759,1500000
1263763,539600
1263766,0
1263769,200000
1263774,500000
1263776,1326300
1263787,385000
1263792,350000
1263795,250000
1263800,250000
1263801,500000
1263809,1775700
1263814,500000
1263818,677500
1263819,630000
1263826,675000
1263831,472500
1263839,500000
1263840,0
1263853,1570000
1263857,0
1263859,0
1263863,0
1263864,150000
1263867,0
1263870,150000
1263887,400000
1263891,563300
1263892,467500
1263898,1006500
1263901,500000
1263902,536000
1263907,443700
1263909,400000
1263921,650000
1263922,332500
1263925,1696000
1263940,492900
1263941,500000
1263943,392000
1263944,329000
1263945,1899000
1263948,444500
1263950,825200
1263957,451500
1263958,529300
1263961,756600
1263967,400000
1263968,361000
1263969,0
1263979,783500
1263980,525500
1263983,560800
1263984,0
1263986,0
1263993,621000
1264003,465300
1264007,755200
1264015,300000
1264016,0
1264017,750000
1264019,771400
1264023,0
1264027,150000
1264028,433500
1264032,500000
1264035,64000
1264046,773700
1264051,419200
1264058,572000
1264064,476800
1264067,1404200
1264071,316000
1264073,467100
1264085,110400
1264086,650000
1264090,735000
1264091,567500
1264096,1002600
1264101,0
1264103,528500
1264107,5994400
1264113,600000
1264118,899000
1264127,1237200
1264129,400000
1264130,433500
1264157,680800
1264160,351000
1264172,822500
1264173,544100
1264181,150000
1264182,562500
1264184,126900
1264187,1244700
1264192,640600
1264214,0
1264216,465500
1264220,550000
1264227,240000
1264232,0
1264235,0
1264237,350000
1264240,0
1264247,890900
1264253,0
1264254,400000
1264256,400000
1264257,0
1264259,95000
1264261,708200
1264265,777300
1264275,1665600
1264276,431000
1264280,496500
1264283,1000000
1264285,508200
1264287,388500
1264293,617500
1264297,0
1264308,351000
1264310,367500
1264311,150000
1264315,500000
1264317,463300
1264319,398600
1264323,140000
1264325,0
1264330,349500
1264331,600000
1264335,173600
1264337,506000
1264338,0
1264340,588200
1264341,400000
1264344,0
1264346,500000
1264348,1000000
1264349,0
1264351,1242900
1264355,860000
1264361,150000
1264364,460000
1264366,464800
1264371,1727400
1264372,351000
1264377,125000
1264379,503700
1264380,427000
1264382,400000
1264385,0
1264396,400000
1264397,770000
1264405,0
1264409,1176600
1264415,0
1264419,370700
1264421,351000
1264430,455000
1264431,391600
1264432,428000
1264436,0
1264440,1072000
1264442,800000
1264444,250000
1264445,530000
1264450,1434800
1264451,8343600
1264452,476800
1264455,599000
1264460,542800
1264465,0
1264467,351000
1264469,1217800
1264476,419600
1264478,451300
1264484,479000
1264494,540500
1264499,2346800
1264500,500000
1264503,249500
1264516,609000
1264521,0
1264527,351000
1264529,0
1264530,1000000
1264531,250000
1264532,1048500
1264533,200000
1264536,110000
1264537,650000
1264544,559700
1264546,600000
1264548,158800
1264559,0
1264567,0
1264569,474000
1264574,130000
1264578,545000
1264579,500000
1264581,110000
1264585,0
1264590,563000
1264592,545000
1264596,0
1264602,0
1264603,888800
1264604,397500
1264607,238000
1264610,0
1264618,500000
1264619,351000
1264620,372500
1264622,0
1264623,481500
1264624,1141500
1264634,0
1264639,300000
1264640,441300
1264641,600000
1264647,713000
1264649,2135400
1264650,650000
1264656,415000
1264659,656000
1264662,0
1264667,0
1264677,0
1264678,500000
1264682,450000
1264687,394500
1264691,440000
1264692,360500
1264697,150000
1264698,431000
1264702,802900
1264703,420000
1264714,351000
1264723,482000
1264731,407000
1264741,0
1264743,36000
1264745,627700
1264747,445500
1264749,400000
1264750,0
1264751,343500
1264756,0
1264764,0
1264765,458000
1264769,0
1264772,351000
1264778,468600
1264781,506000
1264782,1441200
1264784,400000
1264787,1449000
1264791,142000
1264795,297500
1264799,400000
1264803,1521000
1264806,600000
1264807,150000
1264808,474500
1264814,789500
1264817,150000
1264823,0
1264825,159000
1264830,421000
1264831,961000
1264837,0
1264838,525200
1264840,500000
1264843,150000
1264845,850000
1264848,0
1264852,585300
1264855,462500
1264857,447500
1264859,0
1264864,700000
1264866,735000
1264867,0
1264872,534600
1264878,0
1264880,0
1264886,0
1264887,150000
1264891,148500
1264896,800000
1264898,50000
1264904,500000
1264912,717500
1264917,592300
1264918,1000000
1264925,130000
1264927,0
1264948,1559800
1264950,492300
1264953,784900
1264962,830500
1264966,950000
1264968,480000
1264973,360500
1264974,0
1264975,554000
1264988,412000
1265000,140000
1265006,480100
1265008,0
1265009,1306400
1265012,371500
1265015,88000
1265017,902200
1265023,0
1265029,408100
1265031,200000
1265034,1456600
1265035,0
1265040,616000
1265045,605200
1265046,744000
1265050,727600
1265052,441000
1265053,0
1265057,150000
1265061,616000
1265064,830000
1265067,1158200
1265068,564400
1265076,150000
1265100,0
1265102,250000
1265104,430200
1265105,176000
1265106,766500
1265108,418000
1265112,504200
1265114,0
1265116,644000
1265121,450000
1265123,0
1265129,0
1265131,2199000
1265132,596900
1265133,300000
1265136,373500
1265137,0
1265140,400000
1265143,500000
1265149,600000
1265156,150000
1265157,0
1265162,0
1265163,500000
1265169,300000
1265170,0
1265172,667800
1265173,37200
1265176,0
1265179,544100
1265182,451000
1265185,1500000
1265191,150000
1265198,150000
1265200,200000
1265206,0
1265212,600000
1265214,715000
1265215,418000
1265216,500000
1265218,552500
1265221,1569800
1265222,300000
1265229,110000
1265231,0
1265239,402500
1265244,0
1265247,0
1265248,500000
1265250,581000
1265252,450000
1265255,0
1265262,0
1265265,0
1265270,935500
1265274,1220500
1265275,500000
1265276,350000
1265279,386600
1265280,0
1265297,0
1265298,0
1265299,150000
1265328,879600
1265336,715000
1265337,230000
1265339,430200
1265342,502800
1265352,0
1265367,0
1265376,549500
1265381,450000
1265393,500000
1265398,550000
1265410,0
1265419,150000
1265424,785000
1265430,0
1265431,250000
1265435,500000
1265436,0
1265438,579100
1265441,0
1265443,250000
1265451,288600
1265457,400000
1265460,869400
1265462,0
1265465,458500
1265474,470000
1265475,350000
1265476,550000
1265479,150000
1265488,427000
1265493,467500
1265502,0
1265504,0
1265511,0
1265517,473100
1265522,557600
1265523,550000
1265525,800000
1265529,709600
1265530,0
1265531,400000
1265541,484000
1265553,179400
1265555,550000
1265556,410600
1265558,0
1265560,167500
1265567,350000
1265575,125000
1265581,1288600
1265586,408500
1265589,6733000
1265597,910000
1265600,446300
1265602,350000
1265604,250000
1265607,1487500
1265610,0
1265615,200000
1265624,500000
1265629,797000
1265631,1288600
1265633,250000
1265647,500000
1265649,367500
1265651,475500
1265662,1359600
1265665,300000
1265668,0
1265672,350000
1265676,0
1265679,939200
1265683,1011900
1265686,0
1265689,572000
1265693,500000
1265695,350000
1265697,32000
1265700,135000
1265702,194000
1265707,1172000
1265709,428800
1265710,500000
1265713,0
1265714,779500
1265715,0
1265718,135000
1265730,0
1265735,448500
1265749,324800
1265754,0
1265755,686100
1265764,128000
1265775,150000
1265779,1349000
1265784,0
1265786,465600
1265787,700000
1265815,302100
1265819,0
1265824,6638400
1265833,185000
1265835,0
1265841,0
1265880,522000
1265884,479300
1265889,150000
1265894,200000
1265895,250000
1265899,855300
1265900,0
1265905,150000
1265909,0
1265910,150000
1265914,0
1265917,400000
1265920,400000
1265931,600000
1265950,576500
1265963,231000
1265992,1042000
1265994,1190000
1265995,400000
1266006,405000
1266011,606300
1266014,350000
1266018,557900
1266034,0
1266044,545000
1266047,137000
1266052,493800
1266054,0
1266055,0
1266057,200000
1266062,400000
1266065,0
1266081,666300
1266082,300000
1266083,0
1266084,0
1266086,400000
1266095,400000
1266101,170000
1266115,701300
1266127,108000
1266130,681000
1266151,1789000
1266157,430000
1266164,306000
1266176,0
1266179,450000
1266189,550000
1266194,555100
1266202,250000
1266222,740000
1266228,958000
1266231,0
1266232,232000
1266242,371000
1266243,836500
1266246,596800
1266247,0
1266255,263000
1266256,0
1266257,0
1266264,425100
1266265,0
1266267,412500
1266268,0
1266281,135000
1266293,382000
1266299,383000
1266306,1013000
1266307,250000
1266321,0
1266322,0
1266323,250000
1266324,702300
1266325,178000
1266336,0
1266341,0
1266348,500000
1266349,250000
1266361,2882900
1266363,274600
1266365,1298000
1266370,450000
1266376,696400
1266377,382000
1266379,0
1266380,429300
1266383,450000
1266389,0
1266395,614600
1266401,364500
1266403,0
1266408,1000100
1266413,73500
1266415,400000
1266422,250000
1266424,500000
1266430,350000
1266431,500000
1266433,595100
1266448,150000
1266450,351500
1266458,400000
1266459,370000
1266468,950000
1266472,450000
1266475,250000
1266484,0
1266485,0
1266501,545000
1266503,250000
1266505,0
1266506,200000
1266508,250000
1266511,479500
1266514,252600
1266518,390100
1266529,1201300
1266531,392800
1266535,705000
1266537,450000
1266539,139000
1266540,0
1266541,675100
1266551,0
1266553,291000
1266564,570100
1266572,530000
1266583,430000
1266588,528100
1266591,200000
1266592,350000
1266607,269200
1266619,0
1266622,0
1266623,630100
1266624,1220000
1266627,400000
1266644,1000000
1266650,0
1266651,250000
1266664,500100
1266672,300000
1266673,0
1266682,150000
1266695,275000
1266729,3881100
1266745,250000
1266750,250000
1266774,367500
1266775,0
1266780,250000
1266783,0
1266807,0
1266832,2942000
1266833,250000
1266843,450000
1266852,442500
1266853,4385300
1266869,0
1266872,245500
1266878,665300
1266879,250000
1266882,1206900
1266899,484400
1266905,200000
1266907,150000
1266909,0
1266916,150000
1266917,350000
1266918,446200
1266930,1032500
1266935,150000
1266947,0
1266958,600000
1266959,0
1266967,0
1266968,150000
1266969,0
1266974,0
1266978,150000
1266989,377300
1267014,450000
1267015,678500
1267020,0
1267031,545200
1267033,0
1267035,0
1267057,650000
1267071,150000
1267075,400000
1267087,1459000
1267089,110000
1267096,400000
1267098,0
1267100,150000
1267105,349700
1267106,545000
1267107,250000
1267110,1001000
1267111,300000
1267124,963600
1267126,223400
1267129,150000
1267132,200000
1267137,150000
1267144,0
1267154,459900
1267155,1888900
1267159,0
1267165,0
1267166,350000
1267174,650000
1267177,436000
1267178,575400
1267184,0
1267201,548600
1267220,410500
1267225,450000
1267228,2101500
1267258,436000
1267273,367000
1267276,150000
1267295,0
1267307,0
1267313,0
1267314,0
1267316,1500000
1267330,1153200
1267337,397500
1267348,0
1267354,469800
1267356,0
1267358,1500000
1267362,617500
1267363,600000
1267364,750000
1267371,744500
1267379,0
1267381,140000
1267388,0
1267406,0
1267409,415000
1267415,600000
1267416,567000
1267418,550500
1267428,0
1267429,0
1267450,350000
1267453,777700
1267455,511800
1267457,0
1267462,0
1267469,0
1267476,500000
1267480,471600
1267483,0
1267485,500000
1267487,150000
1267491,329000
1267492,437000
1267494,511500
1267497,297000
1267502,400000
1267507,0
1267517,250000
1267518,300000
1267532,500000
1267537,700000
1267542,414000
1267547,463900
1267550,0
1267554,500000
1267559,421000
1267564,367500
1267565,500000
1267567,590000
1267578,258100
1267579,385000
1267581,500000
1267585,400000
1267588,451500
1267591,1616200
1267595,250000
1267598,796400
1267607,390600
1267608,350000
1267611,350000
1267614,334500
1267615,650000
1267618,555200
1267619,2574300
1267621,150000
1267627,150000
1267629,500000
1267635,2074000
1267639,1932200
1267642,1044500
1267643,596300
1267651,740300
1267654,846500
1267655,600000
1267661,551800
1267665,550400
1267666,668100
1267667,522500
1267671,162500
1267675,714900
1267678,1273600
1267693,350000
1267700,381600
1267703,600000
1267711,392500
1267719,379300
1267726,1518500
1267727,567500
1267735,490000
1267736,500000
1267745,300000
1267748,150000
1267755,462300
1267761,0
1267769,1017700
1267777,935500
1267782,942000
1267783,445800
1267784,498000
1267790,0
1267799,529300
1267802,798800
1267806,652000
1267809,0
1267812,819000
1267817,304700
1267820,315000
1267821,3890900
1267823,0
1267824,596700
1267827,350000
1267836,1359400
1267850,609500
1267855,500000
1267864,1000000
1267866,733300
1267870,0
1267878,315000
1267882,0
1267892,0
1267893,250000
1267894,0
1267898,790500
1267900,500000
1267904,0
1267911,0
1267912,549500
1267916,522500
1267923,772000
1267924,315000
1267925,250000
1267939,343000
1267940,1152800
1267945,0
1267946,1074500
1267951,270000
1267955,450000
1267956,0
1267971,586200
1267972,385000
1267979,660000
1267980,567500
1267986,380600
1267992,417500
1267999,466600
1268014,576000
1268015,728600
1268016,380000
1268018,600000
1268019,0
1268022,500000
1268027,315000
1268030,898000
1268036,584200
1268040,400000
1268056,0
1268063,1063000
1268064,784600
1268069,752800
1268070,0
1268078,467500
1268082,833100
1268091,767500
1268093,650000
1268095,0
1268098,569800
1268099,587300
1268107,601300
1268116,0
1268131,500000
1268134,420000
1268147,460800
1268148,250000
1268151,500000
1268156,531500
1268161,565200
1268171,539300
1268179,585600
1268182,439500
1268185,834300
1268188,500000
1268201,2461800
1268210,600000
1268216,150000
1268219,0
1268221,384000
1268226,537700
1268228,455500
1268230,0
1268233,500000
1268240,566600
1268241,800000
1268243,0
1268245,135000
1268252,486000
1268258,1100000
1268273,200000
1268274,500000
1268287,557200
1268297,372000
1268299,522500
1268300,0
1268307,315000
1268309,0
1268311,531500
1268312,274000
1268314,893500
1268319,0
1268320,550000
1268322,281800
1268323,739500
1268324,589500
1268327,530000
1268331,607900
1268334,230000
1268343,1141600
1268345,350000
1268346,515500
1268351,372500
1268356,552500
1268362,594500
1268365,0
1268369,847400
1268384,731400
1268390,500000
1268391,200000
1268393,650000
1268397,717500
1268400,500000
1268403,0
1268407,279800
1268412,567500
1268414,593600
1268415,495900
1268416,593000
1268418,0
1268422,150000
1268426,2333500
1268430,750000
1268431,539800
1268434,1505900
1268439,1003000
1268451,385000
1268452,0
1268458,441000
1268463,509200
1268465,382500
1268471,693800
1268472,441000
1268475,450000
1268476,0
1268479,500000
1268484,675700
1268488,273800
1268489,500000
1268491,0
1268492,437500
1268502,1030900
1268506,0
1268511,400000
1268513,250000
1268522,385000
1268529,470000
1268531,844000
1268541,389100
1268542,1100400
1268546,0
1268548,400000
1268549,0
1268552,0
1268553,450000
1268556,529000
1268565,0
1268579,329900
1268583,0
1268585,0
1268591,1368300
1268592,554000
1268596,150000
1268602,0
1268608,0
1268615,500000
1268617,761700
1268619,992500
1268620,0
1268626,441000
1268634,500000
1268639,0
1268640,420000
1268641,350000
1268643,533700
1268647,150000
1268649,2069600
1268653,373200
1268656,450000
1268661,2857900
1268663,150000
1268670,0
1268672,0
1268676,0
1268677,0
1268685,717600
1268686,0
1268691,476000
1268694,150000
1268697,2484400
1268700,900000
1268705,458900
1268710,806000
1268713,500000
1268714,554400
1268716,400000
1268717,402200
1268729,400000
1268731,948100
1268734,150000
1268737,0
1268742,500000
1268744,630000
1268747,1000000
1268750,0
1268755,0
1268758,500000
1268759,1409700
1268762,600000
1268763,590000
1268764,200000
1268766,416400
1268773,150000
1268774,0
1268775,4800000
1268782,400000
1268787,3895700
1268792,0
1268799,467500
1268801,569800
1268803,0
1268804,600000
1268809,476000
1268819,452900
1268821,0
1268822,0
1268825,1000000
1268829,600000
1268832,290000
1268837,0
1268847,477100
1268850,479200
1268852,150000
1268854,436100
1268859,0
1268862,0
1268864,1050000
1268865,681500
1268866,320000
1268870,0
1268874,754400
1268876,3677400
1268880,496800
1268882,275000
1268883,380600
1268885,698000
1268887,530200
1268888,1129400
1268897,0
1268902,650000
1268904,417500
1268906,350000
1268911,601500
1268912,2590800
1268913,424100
1268914,435600
1268916,377700
1268919,200000
1268920,1650000
1268921,150000
1268923,150000
1268924,837100
1268929,455000
1268941,759800
1268944,0
1268945,0
1268946,350000
1268958,614100
1268960,1302400
1268966,0
1268968,579500
1268969,885100
1268972,391000
1268975,551800
1268978,681500
1268979,617300
1268980,487300
1268987,199000
1268988,404300
1268990,0
1268993,500000
1268995,140000
1268999,1420200
1269000,0
1269002,330400
1269005,1732100
1269016,563000
1269017,130000
1269024,552500
1269029,10593100
1269041,0
1269044,1085600
1269047,417500
1269054,373000
1269059,1768500
1269061,463000
1269067,595000
1269069,94800
1269075,820300
1269076,1000000
1269078,465000
1269082,150000
1269089,600000
1269093,572000
1269094,430200
1269096,0
1269097,500000
1269113,150000
1269116,0
1269123,0
1269125,332500
1269126,400200
1269127,368800
1269130,0
1269131,539100
1269133,650000
1269138,654100
1269140,4910500
1269151,0
1269154,453100
1269157,1157400
1269160,392700
1269165,500000
1269168,0
1269170,0
1269171,1918300
1269173,0
1269175,400000
1269176,0
1269180,625700
1269183,329000
1269185,3577600
1269192,0
1269196,150000
1269197,853500
1269198,394000
1269199,793500
1269200,1035200
1269202,391300
1269211,475500
1269212,590000
1269222,462800
1269224,455000
1269226,428100
1269229,0
1269239,0
1269243,425500
1269244,367500
1269249,999500
1269254,400000
1269255,400000
1269262,1554300
1269264,0
1269270,531500
1269271,500000
1269274,0
1269276,299100
1269282,0
1269286,510100
1269289,150000
1269290,300000
1269293,371000
1269296,1395100
1269299,0
1269301,0
1269309,0
1269312,383500
1269317,0
1269320,0
1269321,393800
1269334,887500
1269340,442600
1269341,455000
1269347,715300
1269348,521800
1269350,897000
1269360,0
1269370,378400
1269371,150000
1269375,500000
1269382,0
1269386,150000
1269388,0
1269390,350000
1269398,0
1269404,0
1269406,0
1269410,346900
1269412,531500
1269414,1082000
1269415,0
1269416,250000
1269420,150000
1269423,0
1269424,450000
1269425,899300
1269427,0
1269429,0
1269431,500000
1269434,1220000
1269435,373500
1269436,499000
1269440,567500
1269447,948700
1269452,325000
1269465,905300
1269477,553000
1269482,567500
1269486,611500
1269491,753500
1269492,1512000
1269500,784200
1269502,370700
1269507,818000
1269515,930000
1269519,610000
1269522,0
1269529,524000
1269532,402200
1269534,531500
1269547,1696000
1269555,0
1269563,396100
1269569,500000
1269575,450000
1269576,454000
1269584,889000
1269589,0
1269592,531500
1269595,502300
1269603,200000
1269604,0
1269607,790000
1269616,545200
1269619,669700
1269620,973500
1269621,550000
1269627,500000
1269634,400000
1269636,0
1269638,576800
1269639,150000
1269650,0
1269656,1591700
1269658,0
1269660,563000
1269662,0
1269668,1029000
1269673,600000
1269675,600000
1269678,0
1269679,750000
1269682,0
1269688,0
1269689,469000
1269691,3103400
1269701,0
1269706,617300
1269715,350000
1269720,350000
1269722,0
1269726,922500
1269727,404000
1269730,1058600
1269731,390100
1269735,0
1269739,1016800
1269740,250000
1269741,0
1269747,0
1269750,200000
1269757,0
1269764,0
1269767,0
1269768,594900
1269770,2041800
1269771,486500
1269778,468200
1269783,823500
1269793,750000
1269794,0
1269795,250000
1269800,0
1269802,260000
1269807,102000
1269809,0
1269812,856000
1269813,970500
1269816,0
1269823,1053700
1269825,0
1269826,250000
1269828,522500
1269836,435500
1269837,450800
1269841,400000
1269849,360500
1269851,0
1269854,208000
1269855,0
1269861,635500
1269863,0
1269869,120000
1269873,587400
1269874,913500
1269881,352000
1269884,596800
1269898,0
1269899,747000
1269904,510800
1269908,1050000
1269910,0
1269911,525000
1269918,0
1269921,563900
1269932,500000
1269935,170400
1269940,0
1269941,500000
1269942,518300
1269953,504200
1269959,400000
1269962,385800
1269965,0
1269970,293100
1269974,500000
1269981,980000
1269983,0
1269987,817000
1269989,359600
1269990,285000
1269991,400000
1269992,0
1269995,1870200
1269996,600000
1269997,0
1270001,351000
1270005,0
1270015,862200
1270020,406400
1270022,0
1270025,250000
1270026,400000
1270029,0
1270040,0
1270043,488600
1270047,392500
1270053,780800
1270061,531500
1270070,0
1270071,0
1270080,435500
1270084,468200
1270087,391500
1270089,486000
1270092,0
1270093,770000
1270095,0
1270096,0
1270099,110000
1270101,0
1270119,448800
1270126,350000
1270128,0
1270143,245000
1270154,0
1270159,950000
1270163,0
1270165,447300
1270167,650000
1270174,466000
1270175,343000
1270176,602600
1270178,130000
1270183,150000
1270189,2148000
1270196,6061800
1270198,450000
1270204,391100
1270218,0
1270223,595900
1270231,0
1270233,375500
1270236,0
1270244,250000
1270248,383300
1270254,489600
1270258,448700
1270265,0
1270271,150000
1270279,357600
1270291,120000
1270296,551800
1270301,2689000
1270305,600000
1270307,0
1270309,1141100
1270313,399100
1270322,382500
1270328,540400
1270332,446900
1270333,523500
1270334,350000
1270336,561200
1270337,0
1270342,800000
1270345,800000
1270359,560800
1270360,350000
1270366,600000
1270368,920400
1270374,300000
1270375,391100
1270376,513000
1270377,2129700
1270383,0
1270403,431500
1270405,510000
1270410,314700
1270436,250000
1270441,487500
1270447,600000
1270448,150000
1270450,918400
1270452,418000
1270455,0
1270457,350000
1270461,150000
1270463,250000
1270467,734000
1270469,1066500
1270470,560300
1270474,659000
1270480,400000
1270482,662300
1270485,150000
1270499,0
1270512,0
1270513,150000
1270515,751400
1270516,0
1270517,572300
1270519,816800
1270531,698600
1270535,150000
1270537,510300
1270545,622000
1270549,350000
1270559,422000
1270562,398000
1270565,150000
1270568,2575900
1270569,0
1270582,341300
1270592,500000
1270596,585500
1270598,490000
1270602,402300
1270604,663000
1270606,0
1270624,150000
1270626,499000
1270628,764000
1270629,250000
1270636,150000
1270640,500000
1270641,254900
1270643,265500
1270649,1248200
1270651,447500
1270652,0
1270675,350000
1270677,657500
1270682,525700
1270683,362300
1270685,407300
1270688,0
1270690,930000
1270691,440900
1270696,0
1270702,300000
1270703,0
1270709,1300000
1270714,150000
1270718,482500
1270719,200000
1270722,470800
1270725,1431400
1270727,430300
1270729,312800
1270733,1389400
1270740,150000
1270742,400000
1270747,450000
1270749,1425000
1270751,0
1270752,811400
1270756,454000
1270759,402500
1270768,560800
1270771,1471100
1270772,499700
1270773,737300
1270774,746100
1270777,470900
1270780,150000
1270781,0
1270785,510200
1270790,410400
1270795,3613900
1270796,2363700
1270798,1392800
1270799,140000
1270806,150000
1270809,500000
1270811,619500
1270812,150000
1270819,0
1270822,450000
1270826,0
1270827,449000
1270838,450000
1270843,446500
1270854,0
1270858,0
1270859,500000
1270861,1080200
1270863,400000
1270864,691000
1270869,650000
1270870,120000
1270874,150000
1270877,387400
1270883,0
1270887,500000
1270899,476800
1270906,450300
1270912,711000
1270918,528100
1270923,0
1270930,580600
1270932,472500
1270936,1992500
1270938,650000
1270940,336000
1270942,381800
1270945,616200
1270950,150000
1270951,500000
1270952,452500
1270959,336000
1270967,449500
1270980,0
1270987,395800
1271002,0
1271005,250000
1271006,419300
1271010,150000
1271012,450000
1271014,0
1271016,0
1271018,589100
1271019,0
1271023,385400
1271024,2611300
1271027,0
1271028,0
1271029,200000
1271033,563100
1271034,1460900
1271046,438400
1271058,370800
1271062,744300
1271063,334200
1271073,336000
1271077,161000
1271081,649600
1271084,1602300
1271088,500000
1271089,258000
1271090,505900
1271092,884400
1271094,408000
1271097,395000
1271100,429000
1271101,150000
1271103,749600
1271120,551800
1271126,150000
1271132,679800
1271134,0
1271137,200000
1271139,849300
1271140,350000
1271142,508000
1271143,560000
1271152,400000
1271156,1480400
1271160,115500
1271166,503000
1271170,0
1271172,697200
1271179,0
1271183,343000
1271193,165000
1271231,565800
1271235,150000
1271240,332500
1271242,428400
1271247,500000
1271258,200000
1271259,455200
1271267,0
1271270,6427200
1271272,698000
1271278,0
1271279,0
1271288,431400
1271291,774000
1271297,512100
1271300,446300
1271302,240800
1271303,500000
1271304,120000
1271309,0
1271314,351500
1271316,934000
1271321,0
1271326,655000
1271335,732500
1271337,430000
1271338,0
1271346,0
1271351,150000
1271352,0
1271353,1390000
1271368,1527500
1271369,425500
1271374,0
1271378,546300
1271383,448800
1271385,800000
1271391,750000
1271394,499000
1271395,0
1271397,0
1271400,0
1271408,0
1271411,547300
1271415,747300
1271418,446500
1271420,150000
1271432,980500
1271437,150000
1271442,300000
1271446,150000
1271449,0
1271450,0
1271453,500000
1271462,374500
1271463,474000
1271466,895400
1271468,1116600
1271479,399500
1271484,448800
1271486,482400
1271491,400000
1271497,0
1271505,566600
1271506,0
1271510,0
1271513,0
1271516,0
1271534,415000
1271539,547300
1271540,0
1271544,687500
1271546,554000
1271547,463000
1271549,490000
1271550,0
1271552,6371400
1271557,524500
1271560,650000
1271562,150000
1271569,500000
1271573,0
1271574,150000
1271585,0
1271596,4950800
1271597,2598900
1271603,1882300
1271608,859700
1271609,563900
1271610,394100
1271615,0
1271616,466200
1271618,0
1271622,0
1271626,0
1271627,436000
1271630,500000
1271638,776500
1271640,150000
1271647,0
1271648,400000
1271656,545200
1271657,536000
1271658,0
1271662,458900
1271666,976000
1271668,400000
1271677,432500
1271679,0
1271681,677000
1271689,400400
1271690,567500
1271691,467000
1271692,0
1271694,557600
1271697,388000
1271699,845000
1271704,300000
1271706,0
1271708,280000
1271713,150000
1271719,0
1271722,750000
1271725,556000
1271727,392500
1271729,266000
1271734,150000
1271738,945600
1271742,454300
1271754,1215700
1271759,600000
1271772,0
1271773,0
1271776,347500
1271785,1418000
1271795,0
1271802,583300
1271807,0
1271815,496500
1271833,590000
1271838,581500
1271843,1700600
1271845,452000
1271846,573800
1271850,0
1271851,400000
1271858,500000
1271870,504200
1271873,510000
1271875,4167800
1271877,443000
1271882,480000
1271885,0
1271888,180000
1271890,1094300
1271891,630800
1271894,1105100
1271896,0
1271907,150000
1271911,398700
1271919,387500
1271930,500000
1271932,465300
1271935,500000
1271940,110000
1271942,0
1271947,500000
1271951,150000
1271959,150000
1271960,0
1271962,0
1271963,120000
1271969,500000
1271970,200000
1271983,350500
1271984,150000
1271986,649600
1271987,150000
1271989,580500
1271996,0
1271998,120000
1272003,736600
1272005,467500
1272006,0
1272018,490000
1272021,437000
1272032,400000
1272038,271000
1272043,860700
1272048,500000
1272050,1609000
1272056,150000
1272058,0
1272061,457200
1272068,972000
1272069,325000
1272076,496500
1272079,583100
1272080,400000
1272085,726300
1272087,439900
1272096,120000
1272108,500000
1272109,0
1272110,332500
1272113,150000
1272118,150000
1272124,506000
1272125,0
1272132,500000
1272137,763800
1272145,582000
1272155,150000
1272160,2282000
1272164,423600
1272167,2050300
1272169,0
1272181,474000
1272183,568800
1272185,0
1272187,567500
1272191,2006100
1272195,250000
1272199,667300
1272202,495000
1272203,150000
1272204,500000
1272205,450000
1272206,582700
1272208,1345800
1272212,150000
1272214,150000
1272220,1211800
1272222,500000
1272228,0
1272229,2644700
1272230,564400
1272233,500000
1272243,642000
1272245,500000
1272255,0
1272262,447500
1272265,464200
1272268,325100
1272276,590000
1272277,150000
1272283,799500
1272284,542800
1272289,649700
1272290,1378400
1272291,350000
1272294,567500
1272304,500000
1272306,1060000
1272313,0
1272318,150000
1272320,716000
1272321,482100
1272329,378100
1272330,400000
1272332,1768600
1272334,1598800
1272335,2300000
1272337,0
1272345,505000
1272351,0
1272356,717500
1272357,705000
1272371,500000
1272375,0
1272383,767500
1272387,0
1272391,533500
1272392,482100
1272394,477200
1272397,345200
1272403,85000
1272405,435000
1272410,500000
1272413,400000
1272415,365800
1272416,1084000
1272424,350000
1272428,328300
1272436,500000
1272438,416600
1272439,481500
1272440,487500
1272446,545000
1272447,0
1272464,150000
1272468,438000
1272469,312900
1272470,536300
1272471,725000
1272478,601700
1272485,365000
1272495,708500
1272503,650000
1272505,500000
1272507,583000
1272513,476500
1272518,406000
1272523,400000
1272529,150000
1272531,500000
1272533,500000
1272534,0
1272538,150000
1272542,840000
1272547,1211200
1272551,627000
1272553,500000
1272560,499700
1272568,0
1272573,303000
1272576,977100
1272588,860000
1272591,754500
1272594,1067600
1272596,0
1272598,506000
1272604,250000
1272608,0
1272612,680000
1272614,450000
1272615,670000
1272619,150000
1272621,433300
1272622,2484200
1272624,420000
1272627,216600
1272628,150000
1272630,0
1272635,320000
1272637,756000
1272648,447500
1272653,250000
1272655,3557600
1272660,710600
1272663,411600
1272666,3692600
1272669,1000000
1272670,850800
1272671,0
1272673,654500
1272675,430800
1272682,805200
1272683,0
1272684,697800
1272693,519700
1272697,515400
1272701,0
1272703,550000
1272704,120000
1272709,0
1272710,107200
1272723,850000
1272724,454500
1272727,574300
1272729,332500
1272730,0
1272732,0
1272740,732600
1272744,774500
1272746,1153200
1272753,482100
1272755,567500
1272756,347000
1272763,2300000
1272767,986000
1272768,500000
1272769,1799500
1272770,959000
1272780,704500
1272791,280000
1272793,750000
1272800,2219600
1272802,0
1272803,512400
1272804,940500
1272807,0
1272810,474800
1272814,594500
1272827,450000
1272841,600000
1272843,250000
1272844,350000
1272846,1000000
1272848,600000
1272857,4035500
1272858,649700
1272861,576500
1272864,600000
1272868,130000
1272871,544000
1272875,545000
1272878,0
1272880,0
1272883,150000
1272885,150000
1272890,0
1272897,0
1272900,0
1272901,416200
1272905,564700
1272906,465000
1272912,150000
1272916,500000
1272922,567500
1272927,1000000
1272936,593000
1272939,366300
1272941,343900
1272945,600000
1272946,501500
1272947,2015600
1272957,750000
1272960,0
1272966,600000
1272967,1000000
1272969,343000
1272978,398700
1272981,1000000
1272987,500000
1272989,1000000
1272991,150000
1272996,150000
1272997,1349200
1272998,0
1273009,400000
1273010,597500
1273012,784900
1273013,477400
1273014,120000
1273016,3000
1273017,0
1273022,150000
1273026,1000000
1273027,649700
1273031,500000
1273032,0
1273034,300000
1273036,150000
1273040,590000
1273042,544500
1273044,0
1273045,0
1273046,450000
1273050,567500
1273056,567500
1273061,395000
1273072,348000
1273073,1542000
1273080,499700
1273093,1449100
1273098,1490000
1273106,482500
1273115,399500
1273123,145600
1273128,514100
1273129,429000
1273131,479700
1273132,600000
1273141,0
1273148,0
1273150,361000
1273151,500000
1273154,600000
1273157,150000
1273165,494200
1273169,868300
1273173,0
1273176,1046500
1273180,500000
1273192,1000000
1273198,0
1273199,0
1273201,0
1273203,500000
1273209,450000
1273211,500000
1273212,0
1273215,357000
1273228,0
1273233,1000000
1273236,1486000
1273238,650600
1273241,750000
1273242,500000
1273244,1188900
1273249,0
1273252,0
1273264,837000
1273268,888500
1273272,666500
1273286,2048300
1273289,600000
1273290,419700
1273291,0
1273298,413300
1273302,0
1273306,0
1273310,297500
1273313,524500
1273315,349300
1273318,120000
1273321,373900
1273322,500000
1273327,1041000
1273332,2224500
1273339,0
1273345,0
1273349,841800
1273351,0
1273356,686000
1273358,0
1273360,0
1273366,1000000
1273370,513000
1273373,120000
1273375,150000
1273376,400000
1273381,0
1273393,0
1273395,302500
1273398,0
1273407,817500
1273412,873800
1273414,461200
1273423,224500
1273430,469700
1273434,358400
1273438,211700
1273442,500000
1273443,0
1273445,0
1273449,1179200
1273450,1257600
1273453,401500
1273459,550000
1273460,0
1273462,85000
1273469,0
1273473,564800
1273480,892000
1273481,1134000
1273485,345000
1273494,591000
1273499,618300
1273502,592600
1273505,693200
1273511,294500
1273517,551800
1273519,426000
1273522,1070000
1273530,374000
1273532,825000
1273535,520000
1273539,0
1273542,359100
1273554,450000
1273559,561500
1273564,396300
1273567,392000
1273570,507900
1273572,400000
1273579,545200
1273584,0
1273588,500000
1273592,346500
1273599,250000
1273601,140000
1273613,393800
1273616,150000
1273619,474700
1273623,363900
1273631,902500
1273633,3013700
1273637,0
1273640,695300
1273641,400000
1273642,558500
1273643,374500
1273644,2016700
1273647,503500
1273650,663500
1273652,420500
1273656,1656100
1273661,550000
1273662,1000000
1273663,499300
1273665,561500
1273667,0
1273675,1539500
1273682,0
1273683,0
1273692,622000
1273693,826500
1273695,400000
1273699,0
1273703,526500
1273705,2331000
1273707,0
1273708,500000
1273710,680200
1273717,499700
1273719,545100
1273720,440000
1273721,550900
1273723,0
1273728,1000000
1273731,0
1273738,2010000
1273745,400000
1273746,425000
1273748,0
1273750,499700
1273758,550000
1273766,0
1273773,614600
1273775,477400
1273777,450000
1273778,286400
1273781,478000
1273791,529500
1273796,410000
1273797,150000
1273801,0
1273802,0
1273805,150000
1273809,449500
1273810,510000
1273814,1541200
1273820,0
1273832,550000
1273839,494000
1273841,533000
1273849,250000
1273853,0
1273861,350000
1273862,0
1273867,799600
1273870,698600
1273877,150000
1273880,458800
1273885,300000
1273888,712000
1273889,0
1273891,3067500
1273892,0
1273896,632500
1273899,1435000
1273900,568000
1273905,0
1273909,408100
1273913,150000
1273915,250000
1273925,0
1273929,298800
1273937,150000
1273941,150000
1273942,120000
1273943,0
1273946,150000
1273949,657000
1273961,970000
1273962,1000000
1273967,300000
1273969,0
1273971,425000
1273973,0
1273974,547300
1273975,334000
1273979,443800
1273983,0
1273987,800000
1273988,933800
1273992,2646700
1273999,817000
1274000,681100
1274007,0
1274011,170000
1274025,4822800
1274049,520000
1274051,0
1274052,300000
1274060,887500
1274061,547500
1274062,454500
1274063,0
1274071,923000
1274081,585000
1274087,0
1274090,350000
1274098,450400
1274101,33200
1274105,500000
1274111,572500
1274128,366400
1274131,135000
1274132,562500
1274136,400000
1274147,353300
1274149,250000
1274150,0
1274156,654300
1274162,300000
1274163,210000
1274173,350000
1274189,545900
1274206,345200
1274212,469700
1274213,437800
1274218,0
1274224,1213000
1274225,500000
1274229,150000
1274239,372800
1274251,550000
1274263,0
1274264,545300
1274266,0
1274269,150000
1274273,500000
1274276,0
1274277,0
1274284,423800
1274290,302600
1274292,0
1274294,330800
1274295,0
1274298,298000
1274299,0
1274312,450000
1274318,3291800
1274323,0
1274336,250000
1274341,0
1274349,250000
1274350,400000
1274359,0
1274362,729900
1274363,0
1274364,250000
1274369,0
1274379,400000
1274380,0
1274386,0
1274391,523200
1274404,821000
1274405,400000
1274409,0
1274415,150000
1274419,117500
1274422,561300
1274425,0
1274429,622100
1274447,0
1274448,611500
1274451,350000
1274452,0
1274456,11919100
1274463,620000
1274465,0
1274482,1673200
1274484,669500
1274490,400000
1274492,474800
1274493,0
1274502,439600
1274515,150000
1274518,0
1274520,277000
1274521,382300
1274522,0
1274523,450000
1274524,0
1274527,680000
1274529,717500
1274537,391400
1274539,350000
1274540,1652600
1274541,782000
1274543,250000
1274544,551500
1274545,240000
1274549,510100
1274555,250000
1274567,550600
1274568,0
1274580,0
1274592,0
1274595,0
1274599,250000
1274600,0
1274601,400000
1274602,200000
1274615,0
1274620,887500
1274624,0
1274632,439500
1274634,0
1274636,414800
1274641,0
1274644,176200
1274645,419000
1274648,0
1274658,0
1274661,524500
1274671,0
1274679,571100
1274683,150000
1274685,779400
1274686,0
1274689,150000
1274695,594000
1274700,400000
1274701,0
1274706,2916600
1274716,0
1274717,150000
1274718,250000
1274719,0
1274728,250000
1274730,150000
1274732,802500
1274736,0
1274741,0
1274748,0
1274750,877400
1274751,0
1274752,340000
1274758,555500
1274760,0
1274761,0
1274763,868200
1274769,0
1274775,150000
1274796,0
1274805,250000
1274810,0
1274814,0
1274815,499700
1274825,0
1274831,919000
1274834,0
1274837,0
1274838,0
1274845,16112200
1274846,650000
1274848,1314400
1274851,250000
1274859,681000
1274861,569800
1274862,400000
1274869,624300
1274875,490000
1274883,678000
1274903,385300
1274904,519700
1274910,346500
1274912,420000
1274924,471200
1274931,517500
1274935,559500
1274955,250000
1274962,479700
1274963,442800
1274972,0
1274977,544000
1274987,600000
1274993,810400
1274998,0
1275005,1254000
1275014,0
1275019,3450200
1275023,0
1275044,0
1275047,770000
1275048,683600
1275054,250000
1275059,0
1275061,523000
1275065,436000
1275067,896000
1275075,2172000
1275077,0
1275079,850500
1275090,350000
1275094,0
1275096,591800
1275098,0
1275101,893000
1275106,474300
1275117,0
1275119,0
1275123,160000
1275127,0
1275128,0
1275131,0
1275147,400000
1275148,0
1275149,150000
1275154,400000
1275159,891900
1275173,400000
1275182,150000
1275183,400000
1275184,496800
1275187,155000
1275195,0
1275197,200000
1275201,0
1275206,696000
1275208,472000
1275219,150000
1275222,448300
1275223,400000
1275225,350000
1275227,0
1275232,0
1275238,0
1275246,1340200
1275247,0
1275252,144000
1275261,195000
1275263,1130000
1275267,166900
1275269,250000
1275270,665000
1275279,314700
1275286,386600
1275287,491000
1275291,140000
1275300,1000000
1275304,162400
1275313,550000
1275321,0
1275322,537000
1275327,0
1275332,400000
1275333,1747700
1275336,0
1275337,250000
1275349,400000
1275355,1000000
1275356,400000
1275367,0
1275372,500000
1275384,516300
1275396,1880500
1275403,850000
1275405,601200
1275406,499700
1275415,250000
1275416,445000
1275425,150000
1275430,0
1275442,408600
1275447,120000
1275451,315000
1275453,0
1275458,315000
1275461,0
1275470,0
1275494,350000
1275500,250000
1275510,0
1275516,120000
1275517,3015800
1275518,0
1275519,200000
1275523,1000000
1275527,250000
1275531,428400
1275536,794800
1275538,687600
1275542,690600
1275549,467500
1275557,877800
1275566,270100
1275586,289000
1275601,2454100
1275610,0
1275611,250000
1275618,0
1275645,682500
1275658,604000
1275660,896500
1275664,0
1275676,400000
1275679,529300
1275701,1887600
1275707,350000
1275717,415000
1275719,0
1275722,245800
1275740,0
1275745,250000
1275746,869300
1275747,0
1275759,1596000
1275762,200000
1275764,158900
1275781,430300
1275786,514700
1275796,600000
1275801,0
1275803,450000
1275824,825000
1275853,314700
1275860,150000
1275861,389300
1275875,0
1275887,21500
1275895,954500
1275897,200000
1275898,517500
1275902,0
1275906,0
1275909,563500
1275918,399000
1275919,810800
1275940,0
1275950,641600
1275952,518400
1275967,0
1275968,436000
1275970,0
1275975,250000
1275981,0
1275986,657800
1275992,495200
1276004,400000
1276011,0
1276014,410500
1276021,400000
1276047,250000
1276048,0
1276050,0
1276054,279000
1276066,0
1276074,450000
1276078,0
1276092,0
1276093,629000
1276098,766100
1276100,993500
1276106,474000
1276107,0
1276112,0
1276113,1726000
1276121,350000
1276123,0
1276127,0
1276128,300000
1276133,450000
1276165,554000
1276188,150000
1276194,500000
1276196,1123200
1276208,542200
1276212,758000
1276215,0
1276221,481100
1276222,70000
1276228,0
1276230,0
1276240,0
1276248,1131100
1276251,417500
1276254,466000
1276261,150000
1276262,709000
1276265,0
1276269,0
1276281,0
1276288,495500
1276293,748900
1276295,0
1276296,0
1276306,400000
1276310,706200
1276312,550000
1276326,301000
1276344,467500
1276355,302500
1276359,400000
1276362,592100
1276372,300000
1276374,150000
1276393,33000
1276397,2076000
1276403,681000
1276408,0
1276415,4164700
1276418,481000
1276424,0
1276428,0
1276433,0
1276434,0
1276437,450000
1276442,600000
1276443,544000
1276449,649000
1276455,150000
1276458,526000
1276461,391500
1276462,436000
1276463,0
1276466,416800
1276469,0
1276470,0
1276471,180000
1276472,0
1276473,250000
1276482,150000
1276489,0
1276490,351500
1276493,4271300
1276494,400000
1276497,150000
1276500,300000
1276501,0
1276508,463900
1276511,0
1276519,382500
1276523,575000
1276530,0
1276531,396800
1276550,280000
1276554,400000
1276566,435500
1276570,590500
1276574,1413600
1276575,980000
1276590,585900
1276592,851300
1276604,500000
1276611,600000
1276617,643500
1276624,290000
1276630,581500
1276634,536000
1276637,0
1276638,435400
1276641,0
1276642,0
1276649,787500
1276655,400000
1276660,400000
1276666,1041100
1276668,500000
1276670,442800
1276675,1658700
1276684,765500
1276688,818400
1276689,451700
1276700,939700
1276705,0
1276709,150000
1276715,400000
1276719,433500
1276735,0
1276739,150000
1276740,315000
1276743,1383000
1276745,797700
1276747,800000
1276750,370000
1276757,588400
1276760,1325000
1276765,0
1276771,1110000
1276775,400000
1276782,0
1276793,150000
1276804,1482400
1276808,460500
1276809,400000
1276810,1600000
1276812,1485000
1276813,250000
1276817,150000
1276820,300000
1276821,400000
1276826,0
1276828,0
1276830,1793800
1276833,250000
1276834,1450000
1276836,350000
1276837,0
1276839,374500
1276840,404000
1276841,400000
1276844,0
1276846,0
1276849,469700
1276862,145000
1276865,442800
1276870,1000000
1276883,410000
1276884,150000
1276893,617500
1276895,0
1276896,1605000
1276899,0
1276907,1500000
1276909,763900
1276912,1217200
1276917,1890000
1276923,0
1276930,431000
1276931,600000
1276932,1716200
1276936,617000
1276939,300000
1276944,995000
1276951,150000
1276957,0
1276958,1472500
1276966,0
1276973,150000
1276975,0
1276977,394000
1276978,202300
1276986,0
1276987,2233000
1276991,210000
1276992,431600
1276993,0
1277002,400000
1277029,0
1277033,496500
1277035,852000
1277038,467500
1277043,469700
1277054,538500
1277061,59500
1277066,0
1277067,458500
1277069,1040100
1277073,499700
1277074,496500
1277076,0
1277079,902000
1277081,450000
1277083,80000
1277085,250000
1277088,0
1277089,1100000
1277090,600000
1277091,984700
1277093,0
1277096,800000
1277097,400000
1277125,318000
1277130,690200
1277141,648600
1277154,1175500
1277155,441300
1277158,0
1277162,500000
1277163,1000000
1277164,799000
1277170,0
1277172,1490500
1277173,0
1277175,537400
1277187,55600
1277198,463200
1277206,467500
1277215,0
1277217,481000
1277220,500000
1277234,2092500
1277240,421100
1277241,1000000
1277243,0
1277247,150000
1277251,1495000
1277256,450000
1277259,0
1277264,0
1277266,0
1277268,876800
1277274,284700
1277277,480000
1277280,400000
1277282,0
1277286,336000
1277288,831000
1277305,0
1277307,400000
1277308,450400
1277309,447500
1277311,1000000
1277326,0
1277328,600000
1277334,418000
1277342,0
1277347,350000
1277349,473900
1277351,280000
1277361,250000
1277369,150000
1277373,0
1277375,0
1277376,576300
1277381,1498300
1277385,490000
1277387,800000
1277393,0
1277395,280000
1277399,250000
1277408,0
1277411,1490000
1277413,0
1277419,448600
1277425,519300
1277431,505500
1277433,571900
1277435,469700
1277439,987500
1277440,3066900
1277442,356000
1277443,542500
1277445,607800
1277448,0
1277451,430600
1277455,200000
1277456,0
1277457,524800
1277460,474700
1277462,500000
1277466,477400
1277474,942200
1277476,474700
1277477,626500
1277481,250000
1277488,200000
1277493,284000
1277497,0
1277506,400000
1277511,1036000
1277525,1492500
1277526,400700
1277531,478600
1277536,367500
1277541,396800
1277543,667500
1277544,0
1277545,456300
1277551,798000
1277552,575800
1277558,448700
1277563,499700
1277571,317800
1277572,535800
1277575,1483000
1277576,0
1277578,0
1277580,1250000
1277584,500000
1277585,547500
1277587,863700
1277593,0
1277597,62000
1277598,1546500
1277604,481000
1277606,200000
1277608,1728000
1277611,150000
1277612,400000
1277617,314700
1277619,1092000
1277621,462500
1277624,225000
1277637,382500
1277643,795000
1277646,497500
1277647,1066500
1277648,339000
1277649,400000
1277650,555000
1277651,150000
1277653,658900
1277654,0
1277656,0
1277659,165000
1277663,0
1277668,986800
1277672,580000
1277675,739600
1277676,0
1277677,404100
1277679,332500
1277691,0
1277692,445000
1277694,150000
1277700,150000
1277723,0
1277726,150000
1277731,150000
1277733,411500
1277740,400000
1277741,701500
1277743,929900
1277748,385700
1277749,597300
1277756,0
1277766,400000
1277767,0
1277771,452700
1277772,692000
1277774,1485000
1277778,643200
1277780,549000
1277781,558000
1277786,449000
1277790,680000
1277792,444500
1277794,495400
1277795,284000
1277803,150000
1277806,650000
1277807,400000
1277819,500000
1277822,500000
1277833,505500
1277835,876900
1277839,130000
1277844,357600
1277845,774300
1277853,0
1277854,456300
1277859,200000
1277865,448200
1277873,150000
1277876,800000
1277889,120000
1277893,463700
1277894,133000
1277898,499700
1277899,600000
1277905,829300
1277909,427000
1277912,394000
1277915,1520000
1277918,500000
1277926,525000
1277932,450000
1277934,439200
1277936,411500
1277937,450000
1277938,809000
1277940,456200
1277944,0
1277951,120000
1277953,150000
1277954,150000
1277955,450000
1277956,664300
1277957,400000
1277959,0
1277961,700000
1277965,300000
1277966,2410000
1277971,0
1277979,380800
1277985,0
1277990,1867000
1278000,500000
1278001,0
1278002,555200
1278007,400000
1278009,371600
1278012,150000
1278013,476500
1278015,250000
1278021,553000
1278022,0
1278025,0
1278029,362100
1278032,458500
1278033,764000
1278034,118000
1278038,390500
1278040,450000
1278046,5414800
1278051,532000
1278058,1987800
1278064,1600000
1278065,560000
1278073,410500
1278075,384800
1278086,828500
1278088,478800
1278090,268000
1278103,494500
1278105,400000
1278106,960000
1278108,123000
1278120,250000
1278122,1600000
1278128,0
1278130,834500
1278132,440000
1278135,245000
1278139,415300
1278147,386000
1278149,2223500
1278152,436100
1278156,280000
1278160,414400
1278161,400000
1278175,360000
1278178,0
1278179,813300
1278183,661000
1278186,430200
1278195,400000
1278197,564400
1278199,0
1278206,150000
1278211,5112000
1278216,0
1278224,0
1278226,598000
1278237,150000
1278240,560500
1278241,500000
1278242,550000
1278247,330800
1278256,559000
1278257,0
1278258,0
1278260,0
1278263,800000
1278265,1095500
1278267,519800
1278268,150000
1278270,387900
1278274,600000
1278277,575500
1278279,664000
1278285,118000
1278298,599300
1278302,664000
1278305,499700
1278307,544500
1278315,399300
1278321,355300
1278331,532000
1278334,0
1278335,1025700
1278339,237000
1278342,609000
1278343,1485000
1278348,556400
1278350,649400
1278355,664000
1278366,664000
1278367,1487500
1278368,400000
1278374,780000
1278377,1497500
1278379,664000
1278381,358500
1278382,951800
1278383,700000
1278388,200000
1278394,664000
1278395,400000
1278397,0
1278404,350000
1278413,272000
1278420,664000
1278422,564400
1278427,790300
1278428,406000
1278430,664000
1278437,400000
1278438,400000
1278441,436000
1278445,150000
1278451,460800
1278452,458500
1278456,297000
1278464,1526800
1278466,0
1278467,250000
1278471,782000
1278474,714000
1278475,1967200
1278476,145000
1278479,150000
1278485,150000
1278489,714000
1278491,400000
1278493,500000
1278498,350000
1278503,521000
1278505,140000
1278507,0
1278508,0
1278510,0
1278513,82300
1278516,0
1278522,500000
1278523,1150000
1278527,414000
1278530,0
1278537,0
1278538,467500
1278546,1283900
1278555,550000
1278564,469700
1278567,0
1278572,472000
1278577,727000
1278580,0
1278592,250000
1278594,150000
1278598,821000
1278603,3600000
1278607,0
1278615,535800
1278616,595900
1278620,118000
1278624,890000
1278626,150000
1278629,135500
1278630,564400
1278637,564400
1278638,815000
1278639,478000
1278643,409600
1278646,0
1278647,621600
1278655,539200
1278658,0
1278663,392300
1278670,802700
1278682,615900
1278684,834500
1278687,467500
1278688,396300
1278691,650000
1278692,0
1278694,250000
1278695,1751900
1278697,361800
1278698,150000
1278702,311500
1278705,500000
1278706,417500
1278708,1000000
1278720,750000
1278729,250000
1278730,559000
1278733,451800
1278738,0
1278740,1315500
1278741,0
1278747,1900000
1278749,350000
1278750,700500
1278753,605400
1278754,0
1278756,0
1278758,400000
1278759,553200
1278763,500000
1278764,826500
1278777,482500
1278783,818900
1278795,438300
1278804,0
1278805,1148500
1278809,550000
1278811,400000
1278813,1396300
1278814,1347300
1278816,442300
1278823,1770800
1278826,150000
1278827,409000
1278828,290000
1278835,503300
1278837,400000
1278839,564400
1278843,400000
1278844,150000
1278852,0
1278854,150000
1278857,0
1278864,539000
1278868,550000
1278875,431300
1278877,343000
1278878,460500
1278880,500000
1278881,469700
1278889,250000
1278898,685000
1278916,492000
1278921,112000
1278922,619700
1278930,250000
1278931,595900
1278972,1273000
1278977,475500
1278978,0
1278981,444600
1278982,367800
1278987,404100
1278991,500000
1278994,0
1279001,799000
1279004,411300
1279019,723400
1279025,765300
1279038,0
1279049,105000
1279050,318000
1279055,837000
1279057,443000
1279058,619800
1279059,400000
1279065,800000
1279073,2022200
1279078,500000
1279079,500000
1279086,910000
1279089,9343000
1279091,250000
1279096,445900
1279099,500000
1279105,523800
1279109,250000
1279111,650000
1279114,0
1279115,0
1279118,0
1279121,150000
1279126,463000
1279130,400000
1279135,564400
1279142,790000
1279152,777400
1279168,0
1279178,450000
1279180,445500
1279181,0
1279182,382500
1279185,100000
1279189,900000
1279191,488200
1279192,367500
1279199,400000
1279204,422800
1279208,150000
1279211,642000
1279217,400000
1279227,350000
1279228,956000
1279234,0
1279236,450400
1279237,650000
1279240,800000
1279246,0
1279248,0
1279250,300000
1279251,770000
1279254,382500
1279255,480000
1279260,150000
1279261,0
1279262,0
1279263,410500
1279271,331000
1279274,0
1279277,0
1279278,315000
1279279,500000
1279283,425000
1279284,150000
1279287,423800
1279288,400000
1279290,585000
1279293,0
1279294,400000
1279296,150000
1279297,0
1279305,1472000
1279309,445000
1279311,150000
1279318,564400
1279329,140000
1279334,150000
1279338,490000
1279341,150000
1279344,150000
1279346,509200
1279347,426000
1279354,150000
1279361,657500
1279362,0
1279364,450000
1279367,0
1279373,400000
1279375,774300
1279377,0
1279385,758000
1279389,150000
1279391,150000
1279406,431000
1279407,150000
1279408,699000
1279411,732900
1279417,0
1279419,0
1279426,85000
1279429,503900
1279438,0
1279440,417500
1279448,358000
1279450,800000
1279454,6000000
1279467,405100
1279468,0
1279476,700000
1279477,0
1279479,597300
1279484,0
1279486,830000
1279491,407300
1279498,1190000
1279499,2533300
1279503,197400
1279505,350000
1279509,600600
1279511,429000
1279515,1840000
1279521,700000
1279522,0
1279526,300000
1279537,400000
1279539,1459800
1279549,200000
1279550,750000
1279552,1388100
1279553,1000000
1279555,1441000
1279559,400000
1279568,560000
1279570,699000
1279572,520000
1279574,569400
1279577,450000
1279581,0
1279593,297500
1279596,1408500
1279599,423500
1279600,0
1279604,0
1279612,0
1279626,440000
1279627,498600
1279635,0
1279636,596100
1279638,627500
1279641,0
1279647,340000
1279650,499000
1279654,0
1279662,0
1279671,0
1279675,150000
1279685,569200
1279692,547500
1279693,0
1279694,449500
1279696,548400
1279702,438700
1279704,450000
1279706,1124900
1279707,20000
1279714,400000
1279723,0
1279724,447000
1279729,150000
1279733,400000
1279734,481000
1279740,369000
1279744,172000
1279748,200000
1279754,10244100
1279755,717000
1279758,305000
1279761,481400
1279778,0
1279781,741400
1279793,0
1279795,584600
1279798,470500
1279801,550000
1279802,733300
1279808,1080700
1279815,1796500
1279817,400000
1279819,350000
1279820,1343500
1279824,0
1279843,468300
1279847,400000
1279854,947900
1279855,484200
1279856,530000
1279858,400000
1279861,0
1279863,400000
1279865,0
1279869,393300
1279875,712600
1279880,0
1279881,0
1279882,0
1279886,549000
1279888,0
1279905,311500
1279907,250000
1279908,441600
1279912,0
1279915,400000
1279923,0
1279927,399000
1279928,400000
1279930,0
1279937,31800
1279939,649000
1279944,911000
1279954,400000
1279970,349000
1279974,469800
1279976,0
1279979,815400
1279981,470200
1279983,400000
1279984,903400
1279986,1311500
1279987,786900
1279989,0
1279990,773200
1279991,350000
1280002,0
1280006,150000
1280017,400000
1280022,0
1280027,633500
1280029,552300
1280032,550000
1280035,0
1280036,200000
1280045,0
1280050,383500
1280051,650000
1280058,400000
1280059,250000
1280062,562700
1280065,865000
1280069,0
1280082,400000
1280084,573300
1280092,710000
1280094,1140500
1280096,472000
1280098,400000
1280102,0
1280103,400000
1280112,616400
1280114,150000
1280116,489100
1280123,465300
1280125,597100
1280127,250000
1280139,983500
1280141,400000
1280142,500000
1280154,0
1280158,400000
1280160,734000
1280166,317500
1280167,445000
1280169,469800
1280172,315000
1280179,378000
1280189,467500
1280190,475000
1280191,0
1280192,0
1280194,614000
1280197,150000
1280201,381500
1280206,320000
1280207,354200
1280210,573800
1280213,875000
1280223,0
1280225,443000
1280228,0
1280230,817100
1280237,400000
1280239,670600
1280240,529400
1280245,351400
1280247,670000
1280249,1892000
1280258,730700
1280263,150000
1280268,0
1280269,500000
1280271,400000
1280273,126000
1280278,520300
1280292,446000
1280299,0
1280305,0
1280306,132000
1280315,0
1280323,1512000
1280324,1503600
1280327,0
1280328,467500
1280331,150000
1280336,0
1280337,705100
1280339,446000
1280344,558000
1280365,680000
1280371,784000
1280372,0
1280378,379500
1280384,1325600
1280386,580000
1280395,400000
1280398,150000
1280399,150000
1280402,426400
1280406,970000
1280410,150000
1280413,0
1280418,400000
1280420,150000
1280421,498100
1280434,477000
1280436,0
1280438,374000
1280439,400000
1280443,0
1280449,150000
1280451,1174500
1280452,150000
1280453,927900
1280454,0
1280457,500000
1280458,150000
1280461,400000
1280464,650000
1280465,468500
1280466,667500
1280471,0
1280472,0
1280474,392000
1280475,0
1280478,499000
1280480,981000
1280481,664500
1280483,493500
1280500,400000
1280506,0
1280511,310000
1280517,150000
1280520,454000
1280523,0
1280526,442800
1280528,466000
1280529,0
1280532,464000
1280535,109200
1280543,500000
1280544,0
1280545,2683600
1280546,449500
1280549,441400
1280557,150000
1280560,331800
1280561,0
1280563,150000
1280564,200000
1280570,150000
1280576,500000
1280580,426700
1280581,534700
1280583,810800
1280585,382500
1280586,0
1280587,250000
1280588,557300
1280590,457000
1280595,368600
1280598,800000
1280601,150000
1280604,695300
1280610,250000
1280612,394000
1280613,0
1280618,0
1280629,220000
1280633,0
1280637,400000
1280642,340000
1280648,600000
1280652,500000
1280660,0
1280663,463000
1280665,294000
1280668,0
1280675,457000
1280685,564400
1280686,300000
1280688,368000
1280689,926700
1280692,467500
1280699,350000
1280708,467500
1280709,2868300
1280712,0
1280713,150000
1280714,400000
1280719,2568600
1280720,400000
1280722,332500
1280724,0
1280725,545300
1280732,0
1280739,400000
1280744,457000
1280745,381500
1280748,0
1280749,215200
1280750,400000
1280754,150000
1280756,419300
1280759,370500
1280766,0
1280772,375900
1280775,448000
1280785,492000
1280787,350000
1280792,1093900
1280794,870500
1280798,500000
1280799,0
1280809,0
1280817,0
1280818,140000
1280820,766200
1280821,572700
1280822,389200
1280831,0
1280832,300000
1280833,449100
1280838,583800
1280839,0
1280846,622000
1280861,613000
1280866,0
1280868,0
1280870,0
1280871,411500
1280872,500000
1280874,1009000
1280881,1209000
1280884,679000
1280887,0
1280889,0
1280897,647500
1280903,400000
1280904,839000
1280907,405800
1280909,0
1280910,450000
1280911,499000
1280915,660000
1280916,0
1280924,0
1280925,0
1280926,400000
1280927,0
1280929,369100
1280931,0
1280932,150000
1280935,150000
1280936,44000
1280941,685000
1280945,691100
1280946,1012100
1280950,74500
1280955,0
1280956,0
1280964,1046400
1280970,500000
1280971,350000
1280974,740800
1280975,465300
1280977,400000
1280985,529300
1280993,400000
1280997,800000
1281009,550000
1281010,454000
1281012,1406500
1281014,0
1281025,500000
1281030,0
1281036,370500
1281038,0
1281043,784700
1281044,500000
1281047,600000
1281049,150000
1281053,0
1281055,470500
1281058,821800
1281059,376600
1281065,487800
1281074,640900
1281078,0
1281079,736800
1281081,500000
1281084,568400
1281085,52500
1281086,400000
1281087,346500
1281089,563900
1281095,278000
1281107,400000
1281108,350000
1281116,378000
1281118,1800000
1281122,509200
1281123,352000
1281128,442000
1281131,198000
1281133,350000
1281134,300000
1281140,0
1281142,489100
1281144,377700
1281146,341500
1281150,150000
1281155,796600
1281159,371800
1281161,500000
1281169,198000
1281175,0
1281178,0
1281180,0
1281181,600000
1281182,0
1281184,400000
1281185,695300
1281188,614100
1281191,684700
1281194,332300
1281195,0
1281200,200000
1281203,0
1281204,634200
1281205,0
1281207,1130200
1281210,593000
1281215,400000
1281219,346500
1281222,435000
1281223,0
1281224,0
1281226,105000
1281228,554000
1281229,0
1281237,677000
1281238,1119700
1281240,300000
1281243,0
1281259,400000
1281260,392100
1281265,504000
1281267,0
1281270,400000
1281276,421500
1281281,0
1281284,500000
1281286,800000
1281290,550000
1281300,550000
1281303,400000
1281308,480600
1281309,467500
1281311,764400
1281312,535500
1281313,420000
1281314,386000
1281319,0
1281322,399100
1281327,490000
1281338,150000
1281339,463000
1281341,1180900
1281342,498100
1281344,150000
1281346,535800
1281349,467500
1281351,280000
1281355,726500
1281359,580000
1281360,0
1281363,0
1281365,0
1281366,417500
1281371,485500
1281377,950000
1281378,0
1281379,0
1281388,0
1281393,0
1281399,500000
1281405,590000
1281415,0
1281417,400000
1281419,428000
1281422,391900
1281423,320000
1281430,1800000
1281437,0
1281442,425500
1281443,674700
1281444,200000
1281447,350000
1281448,400000
1281452,422500
1281457,490800
1281458,500000
1281459,402000
1281462,0
1281471,842900
1281473,1855400
1281475,355500
1281484,488500
1281496,566500
1281497,0
1281521,431000
1281522,700000
1281524,500000
1281532,302100
1281536,430500
1281539,400000
1281540,950000
1281544,0
1281545,457600
1281548,420000
1281549,582500
1281553,0
1281558,806000
1281559,0
1281565,0
1281571,361500
1281572,800000
1281579,484000
1281584,534700
1281591,650000
1281592,400000
1281601,616700
1281604,500000
1281614,483300
1281618,766600
1281621,0
1281624,900000
1281625,439600
1281631,454000
1281637,389500
1281638,500000
1281649,310200
1281650,337800
1281662,0
1281663,417500
1281666,604000
1281670,400000
1281673,400000
1281675,200000
1281684,200000
1281691,380200
1281693,364000
1281698,0
1281699,5800000
1281720,0
1281722,585400
1281728,660000
1281733,360600
1281743,0
1281744,409500
1281745,727000
1281748,580000
1281749,150000
1281750,850000
1281754,400000
1281759,0
1281764,0
1281768,442800
1281770,0
1281771,185500
1281773,366500
1281774,620500
1281779,700000
1281780,0
1281782,150000
1281783,200000
1281789,492000
1281790,0
1281791,0
1281806,606500
1281810,818000
1281811,400000
1281812,150000
1281813,400000
1281818,380000
1281820,572500
1281821,560000
1281822,395000
1281823,500000
1281824,1504400
1281828,400000
1281830,0
1281836,4042400
1281839,535000
1281843,500000
1281847,472500
1281850,399500
1281856,100000
1281857,411300
1281858,506800
1281859,611600
1281861,381200
1281865,696500
1281872,500000
1281873,450000
1281880,0
1281888,745400
1281893,314700
1281894,0
1281904,0
1281908,402800
1281911,179700
1281912,465300
1281927,250000
1281929,523500
1281932,644500
1281938,545300
1281939,467100
1281941,1350000
1281948,534700
1281949,0
1281959,835000
1281967,450000
1281968,421300
1281976,630000
1281980,1449000
1281985,400000
1281986,450000
1281994,690000
1281995,2834700
1281998,499000
1281999,1000000
1282000,4800600
1282001,563500
1282003,676200
1282008,384200
1282012,0
1282015,690000
1282018,496000
1282023,250000
1282024,238000
1282030,0
1282034,0
1282040,1368200
1282051,250000
1282053,500000
1282061,0
1282062,312900
1282066,602200
1282070,1085800
1282077,332500
1282081,423000
1282090,608000
1282096,400000
1282097,550000
1282105,0
1282106,150000
1282109,150000
1282112,150000
1282113,0
1282117,585600
1282118,432500
1282125,683400
1282128,2931300
1282135,457000
1282144,0
1282149,4650000
1282150,1000000
1282152,815200
1282154,112000
1282163,500000
1282164,0
1282170,0
1282177,0
1282191,0
1282193,442800
1282196,150000
1282199,398500
1282211,480000
1282212,767500
1282215,383700
1282218,0
1282219,631500
1282220,150000
1282235,400000
1282238,486100
1282240,0
1282247,969300
1282253,895800
1282255,500000
1282257,500000
1282259,753800
1282262,350000
1282264,800000
1282265,497500
1282266,503400
1282268,5769500
1282270,490000
1282274,59400
1282277,0
1282289,414100
1282290,360000
1282293,467500
1282295,745200
1282301,392300
1282308,350000
1282315,423000
1282324,400000
1282330,442800
1282331,0
1282332,0
1282338,0
1282339,0
1282342,674500
1282345,0
1282346,0
1282357,650000
1282370,400000
1282372,0
1282373,88700
1282378,470500
1282383,367500
1282387,694300
1282391,0
1282396,540000
1282397,600000
1282403,0
1282405,550000
1282413,200000
1282415,0
1282419,458500
1282420,0
1282424,1158800
1282425,384400
1282427,367000
1282428,539100
1282432,374700
1282435,795000
1282442,419000
1282444,400000
1282451,400000
1282456,337900
1282462,300000
1282465,0
1282467,0
1282472,0
1282476,400000
1282480,0
1282482,0
1282484,550000
1282487,418600
1282497,400000
1282509,0
1282514,0
1282518,450000
1282530,652700
1282532,494500
1282533,0
1282535,362800
1282537,571500
1282538,417500
1282553,2550900
1282554,467500
1282555,135000
1282556,0
1282566,790500
1282571,400000
1282575,0
1282580,0
1282586,450400
1282587,400000
1282589,445400
1282590,400000
1282597,200000
1282599,404000
1282607,500000
1282613,2215300
1282614,350000
1282616,0
1282619,0
1282622,1065000
1282637,451800
1282638,0
1282645,0
1282647,537700
1282649,352000
1282650,400000
1282651,368500
1282664,454000
1282665,0
1282666,449100
1282669,250000
1282672,0
1282673,0
1282674,0
1282681,474700
1282683,150000
1282695,0
1282711,0
1282726,603100
1282731,0
1282732,1150000
1282741,350000
1282746,535000
1282767,0
1282768,1000000
1282770,0
1282779,2166300
1282787,500000
1282800,780000
1282805,454000
1282808,400000
1282811,0
1282825,386500
1282826,556400
1282829,0
1282832,846300
1282833,0
1282835,0
1282836,0
1282841,595200
1282845,300000
1282848,505000
1282852,0
1282853,867000
1282859,2059800
1282863,400000
1282868,474300
1282872,1207300
1282875,2561000
1282882,83200
1282905,400000
1282907,550000
1282915,447300
1282931,381600
1282942,622500
1282949,674500
1282979,394800
1282984,279100
1282987,872500
1282989,250000
1283000,250000
1283003,200000
1283008,517600
1283013,431500
1283016,684700
1283024,468400
1283031,957800
1283032,355000
1283041,467500
1283045,474500
1283053,1000000
1283056,0
1283066,500000
1283091,0
1283094,0
1283097,0
1283099,0
1283105,180000
1283107,457200
1283115,0
1283135,0
1283136,445000
1283137,105000
1283146,300000
1283152,1000000
1283155,0
1283156,0
1283160,0
1283162,315000
1283163,0
1283167,0
1283175,400000
1283176,0
1283180,0
1283188,0
1283190,0
1283191,0
1283198,500000
1283209,200000
1283213,0
1283214,0
1283216,0
1283229,0
1283230,0
1283236,770000
1283242,500000
1283246,0
1283247,0
1283250,570000
1283260,474700
1283261,150000
1283264,795000
1283271,0
1283282,250000
1283283,600000
1283289,0
1283295,0
1283302,445900
1283303,520000
1283305,0
1283310,958900
1283325,200000
1283333,600000
1283336,1290000
1283337,547800
1283348,0
1283352,339500
1283353,2183000
1283355,400000
1283359,0
1283362,0
1283366,260000
1283367,150000
1283373,400000
1283376,679000
1283377,856300
1283379,490000
1283382,0
1283386,0
1283391,358400
1283396,0
1283402,420000
1283414,444800
1283415,400000
1283422,0
1283443,0
1283447,0
1283448,400000
1283453,400000
1283459,300000
1283477,0
1283478,162000
1283485,469700
1283486,420800
1283492,400000
1283497,0
1283503,0
1283507,550000
1283511,350000
1283514,0
1283527,0
1283532,500000
1283535,469700
1283537,604600
1283549,1757800
1283550,0
1283558,0
1283561,0
1283562,150000
1283605,150000
1283612,541600
1283613,4600000
1283619,0
1283630,1102000
1283631,394400
1283633,740000
1283635,769400
1283640,491000
1283643,567100
1283644,500000
1283646,596000
1283655,350000
1283675,795400
1283680,0
1283683,150000
1283685,0
1283695,0
1283699,385000
1283701,330800
1283709,0
1283710,500000
1283712,400000
1283716,0
1283728,150000
1283739,721500
1283757,2890700
1283760,515500
1283776,450000
1283778,0
1283779,150000
1283784,250000
1283797,100000
1283799,450000
1283807,0
1283809,0
1283822,452000
1283825,409900
1283830,873500
1283833,490000
1283836,1339300
1283845,0
1283851,0
1283853,0
1283854,0
1283857,280000
1283860,617100
1283869,527000
1283895,550000
1283898,435200
1283905,325000
1283910,589600
1283913,0
1283914,0
1283915,0
1283916,794000
1283917,550000
1283924,0
1283926,1924900
1283927,0
1283933,2155500
1283934,0
1283946,1410000
1283948,0
1283951,500000
1283957,0
1283958,385000
1283967,454000
1283971,0
1283984,360500
1283988,270000
1283992,150000
1283993,250000
1284006,1231500
1284007,962000
1284008,0
1284017,613000
1284018,0
1284028,377500
1284029,0
1284030,550000
1284031,828800
1284034,0
1284040,547600
1284042,0
1284044,727800
1284050,631000
1284056,1079600
1284061,0
1284064,330800
1284086,350000
1284088,867500
1284099,387500
1284104,0
1284118,400000
1284121,0
1284123,150000
1284127,778600
1284129,671000
1284136,400000
1284137,0
1284150,525000
1284161,400000
1284168,525000
1284171,556000
1284183,623400
1284187,365000
1284189,250000
1284190,3185800
1284201,1000000
1284205,250000
1284207,0
1284214,767800
1284217,417500
1284219,0
1284221,150000
1284225,463900
1284227,486000
1284255,0
1284257,0
1284268,325000
1284272,600000
1284280,0
1284288,0
1284292,14862500
1284297,500000
1284305,634200
1284315,0
1284324,300000
1284333,250000
1284349,2452500
1284350,540500
1284351,326200
1284356,150000
1284360,0
1284364,367500
1284365,0
1284366,150000
1284368,350000
1284371,554400
1284372,639200
1284380,1073800
1284398,392500
1284404,200000
1284408,640000
1284409,440000
1284411,0
1284414,140000
1284420,571000
1284424,305000
1284425,0
1284426,0
1284436,542000
1284438,123000
1284441,0
1284443,0
1284450,0
1284454,231000
1284456,0
1284479,920400
1284483,0
1284494,350000
1284497,250000
1284498,470100
1284539,1834300
1284551,250000
1284558,1497000
1284566,1642100
1284579,400000
1284584,550000
1284585,144000
1284601,970000
1284605,697000
1284619,0
1284631,0
1284653,0
1284666,0
1284672,300000
1284685,0
1284686,1214000
1284689,0
1284694,461500
1284695,550000
1284699,0
1284712,0
1284721,166000
1284722,1270400
1284748,463000
1284760,283300
1284776,450000
1284784,617600
1284823,0
1284842,656100
1284852,500000
1284855,514500
1284856,553700
1284860,2614900
1284862,382500
1284873,0
1284874,624300
1284875,831500
1284881,0
1284883,677500
1284889,389800
1284890,550000
1284898,404100
1284902,0
1284903,1752800
1284904,337400
1284919,1010100
1284923,407300
1284932,500000
1284933,675000
1284937,500000
1284944,910300
1284945,1789800
1284956,412500
1284962,400000
1284963,2804000
1284965,458500
1284973,250000
1284979,1370700
1284981,340000
1284985,0
1284986,319000
1284996,0
1285009,0
1285014,1450000
1285015,480000
1285017,447500
1285022,600000
1285025,700000
1285041,413800
1285042,0
1285044,752000
1285045,490000
1285048,0
1285056,0
1285058,0
1285064,400400
1285073,400000
1285078,250000
1285081,450000
1285082,150000
1285084,0
1285086,150000
1285094,150000
1285097,24000
1285108,0
1285110,500000
1285114,130000
1285117,417500
1285120,0
1285126,152000
1285127,0
1285134,150000
1285135,200000
1285137,1019900
1285142,0
1285147,0
1285152,0
1285155,391500
1285156,695000
1285162,314700
1285163,328000
1285165,150000
1285169,500000
1285171,322500
1285175,0
1285176,290000
1285177,0
1285180,15400
1285182,458500
1285189,474300
1285190,469700
1285194,0
1285205,637800
1285218,438300
1285232,0
1285235,0
1285239,440500
1285241,460800
1285244,369000
1285247,500000
1285251,0
1285254,1738000
1285255,457000
1285261,500000
1285266,750000
1285267,534700
1285281,1412500
1285289,145000
1285291,583400
1285292,1404000
1285293,1060400
1285294,150000
1285299,0
1285305,472000
1285315,1202800
1285316,1369500
1285332,339000
1285337,1031000
1285338,0
1285339,1974400
1285348,550000
1285352,388700
1285365,387000
1285366,0
1285367,400000
1285369,250000
1285377,682300
1285379,685300
1285380,0
1285388,474300
1285392,150000
1285397,0
1285408,555000
1285410,6008700
1285413,500000
1285414,0
1285416,0
1285420,150000
1285422,150000
1285426,500000
1285431,785500
1285434,393000
1285443,0
1285452,418400
1285456,400000
1285457,0
1285458,400000
1285459,0
1285463,1819600
1285465,0
1285468,2666500
1285471,431500
1285473,708900
1285474,536200
1285477,1463300
1285478,0
1285487,485500
1285488,400000
1285490,648500
1285501,329000
1285502,424000
1285504,0
1285505,442800
1285507,437800
1285513,0
1285516,297500
1285517,205000
1285518,82600
1285522,0
1285524,771900
1285533,433300
1285543,85000
1285545,443000
1285556,0
1285564,322700
1285569,400000
1285570,400000
1285573,400000
1285576,310000
1285577,8522200
1285583,459400
1285584,0
1285589,350000
1285599,266500
1285600,343000
1285603,419800
1285606,487800
1285608,770800
1285616,650000
1285618,0
1285625,400000
1285626,0
1285640,1257100
1285642,458500
1285644,360000
1285645,369500
1285647,0
1285651,300000
1285653,382100
1285655,425000
1285658,0
1285659,400000
1285664,0
1285670,600000
1285682,500000
1285685,0
1285686,400000
1285688,0
1285692,724300
1285694,364800
1285695,0
1285696,280000
1285700,84000
1285705,400000
1285706,0
1285709,449500
1285711,250000
1285714,410800
1285717,0
1285719,0
1285728,0
1285730,0
1285731,0
1285737,400000
1285743,400000
1285744,445000
1285746,0
1285749,400000
1285751,0
1285752,0
1285754,445500
1285755,304300
1285756,493000
1285757,548400
1285760,0
1285762,400000
1285764,575400
1285765,0
1285773,0
1285774,0
1285779,400000
1285781,385500
1285787,0
1285795,0
1285796,11859000
1285800,150000
1285806,0
1285808,0
1285815,1165000
1285816,876700
1285817,0
1285818,467600
1285821,400000
1285823,0
1285828,549400
1285833,378500
1285834,445000
1285837,60000
1285838,0
1285839,400000
1285847,971800
1285853,0
1285854,0
1285861,0
1285864,400400
1285871,0
1285873,350000
1285887,0
1285888,485500
1285895,150000
1285898,0
1285901,350000
1285903,0
1285905,0
1285907,437000
1285909,450000
1285912,0
1285913,1977000
1285918,0
1285921,0
1285925,0
1285926,0
1285937,0
1285943,339400
1285954,0
1285963,0
1285969,475600
1285970,0
1285973,1994500
1285975,0
1285977,397000
1285981,429000
1285984,262400
1285985,0
1285988,150000
1286002,0
1286005,1421300
1286006,0
1286007,346500
1286008,782700
1286011,0
1286012,0
1286013,1415000
1286023,590000
1286028,0
1286031,0
1286032,467500
1286036,355000
1286041,938600
1286044,0
1286046,677000
1286047,0
1286049,900000
1286052,300800
1286057,0
1286063,200000
1286080,465300
1286081,0
1286082,300000
1286088,450000
1286089,400000
1286095,0
1286099,0
1286107,4286500
1286114,620500
1286120,4319400
1286123,0
1286125,457600
1286133,0
1286139,996200
1286141,440000
1286147,0
1286158,400000
1286164,0
1286166,0
1286167,300000
1286171,180000
1286174,0
1286175,400000
1286180,150000
1286181,400000
1286183,350000
1286185,475300
1286191,500000
1286197,1223600
1286203,708000
1286204,250000
1286218,600000
1286226,230000
1286227,450000
1286233,0
1286237,200000
1286238,345600
1286254,800000
1286255,441000
1286263,0
1286269,362700
1286289,0
1286290,400000
1286294,0
1286298,1353800
1286301,412500
1286304,0
1286319,500000
1286320,2311900
1286324,400000
1286325,355300
1286331,1026300
1286334,400000
1286339,1000000
1286341,564400
1286345,891900
1286346,872100
1286351,400000
1286352,0
1286354,1132600
1286361,0
1286375,429200
1286387,405100
1286391,140000
1286397,400000
1286400,600000
1286401,0
1286402,0
1286408,450000
1286411,595000
1286418,400000
1286430,150000
1286431,240000
1286433,799000
1286435,0
1286441,346500
1286443,370300
1286447,70000
1286448,0
1286458,500000
1286459,690000
1286470,168000
1286471,690000
1286480,409700
1286486,474700
1286497,1164100
1286498,357000
1286519,0
1286526,442200
1286530,0
1286531,430000
1286535,361600
1286536,454000
1286543,460200
1286548,396300
1286549,490500
1286551,500000
1286554,700000
1286561,0
1286567,0
1286572,2647900
1286573,447300
1286579,673900
1286583,850000
1286587,339000
1286594,537100
1286595,315000
1286597,350000
1286599,132000
1286600,443000
1286601,294000
1286608,400000
1286609,500000
1286610,317100
1286623,1384400
1286630,500000
1286651,367500
1286655,150000
1286656,0
1286663,0
1286671,0
1286676,1237900
1286679,385000
1286680,807200
1286684,0
1286693,410000
1286697,700000
1286701,0
1286704,1710000
1286710,700000
1286715,442800
1286720,335600
1286721,472000
1286723,900000
1286727,412300
1286728,714400
1286732,434500
1286741,707600
1286743,0
1286744,991600
1286747,425000
1286748,386500
1286749,1649400
1286751,0
1286754,370800
1286755,400000
1286756,450400
1286757,1680900
1286758,350000
1286761,457600
1286775,400500
1286778,500000
1286783,3584600
1286784,0
1286791,711100
1286792,469700
1286795,707000
1286798,634700
1286802,0
1286805,400000
1286808,1126300
1286818,1505400
1286823,0
1286827,400000
1286828,0
1286829,564400
1286830,350000
1286831,500000
1286836,469300
1286837,0
1286852,674000
1286857,400000
1286860,359500
1286863,446100
1286868,450000
1286870,400000
1286875,0
1286879,365000
1286882,536300
1286883,548700
1286884,771000
1286887,350000
1286890,0
1286892,420300
1286893,1995400
1286894,764400
1286895,500600
1286896,454000
1286897,395000
1286899,1303600
1286901,451800
1286903,350000
1286912,776300
1286918,150000
1286923,405000
1286929,338400
1286934,0
1286936,635500
1286944,0
1286948,560000
1286952,0
1286954,500000
1286964,1003400
1286970,0
1286971,563500
1286979,545300
1286986,0
1286987,400000
1286991,0
1286992,850000
1286999,453500
1287000,435700
1287001,328500
1287002,0
1287010,400000
1287014,1342200
1287025,628000
1287028,381500
1287033,0
1287034,335000
1287035,650000
1287040,773600
1287044,400000
1287055,817200
1287058,824800
1287074,400000
1287075,700000
1287077,150000
1287078,140000
1287082,0
1287083,458500
1287090,0
1287092,760000
1287094,474300
1287097,150000
1287100,363900
1287101,1148300
1287105,0
1287106,3134000
1287109,300000
1287116,522500
1287120,400000
1287121,600000
1287123,872100
1287136,545300
1287141,1089800
1287142,282000
1287145,520500
1287148,590500
1287158,478500
1287159,300000
1287169,400000
1287172,83300
1287186,563500
1287190,400000
1287192,150000
1287194,0
1287195,469300
1287196,447300
1287200,0
1287202,3461800
1287205,400000
1287206,400000
1287207,550000
1287209,38400
1287210,460800
1287212,747000
1287215,786000
1287224,0
1287227,1334000
1287236,150000
1287237,339500
1287239,0
1287248,0
1287249,0
1287251,346500
1287254,150000
1287255,302500
1287257,150000
1287271,0
1287272,0
1287274,347000
1287279,500000
1287286,400000
1287297,1199100
1287299,3687700
1287301,0
1287305,620300
1287306,1245500
1287307,445000
1287312,0
1287316,200000
1287324,558300
1287325,0
1287326,382900
1287327,757900
1287328,1036700
1287329,250000
1287330,0
1287336,717500
1287337,292500
1287340,413000
1287345,0
1287353,745600
1287357,0
1287362,945800
1287366,0
1287371,400000
1287372,481000
1287374,200000
1287375,709000
1287380,300000
1287383,346500
1287386,324500
1287388,250000
1287398,0
1287401,400000
1287412,248000
1287415,0
1287416,379100
1287418,350000
1287419,484400
1287421,434700
1287428,569000
1287431,545300
1287435,800000
1287442,400000
1287443,128000
1287446,180000
1287447,782800
1287448,1425900
1287449,478100
1287452,665000
1287453,0
1287456,0
1287459,15200
1287460,2137700
1287461,132000
1287463,515000
1287468,0
1287469,0
1287476,0
1287477,800000
1287478,771000
1287479,0
1287480,0
1287488,350000
1287498,0
1287499,0
1287500,563500
1287501,424500
1287502,100000
1287505,150000
1287507,0
1287513,250000
1287524,100000
1287528,758400
1287529,0
1287534,715300
1287538,950000
1287539,650000
1287541,0
1287544,481300
1287557,463000
1287563,0
1287572,1092400
1287576,859700
1287585,0
1287596,448600
1287600,126000
1287610,581500
1287618,458500
1287622,1123300
1287631,432500
1287636,135000
1287653,446000
1287659,449500
1287663,463500
1287666,150000
1287669,978400
1287673,429000
1287675,2415100
1287676,749100
1287677,225000
1287680,412500
1287681,0
1287685,0
1287686,554000
1287700,0
1287702,400000
1287703,0
1287706,180000
1287707,559000
1287712,576500
1287714,0
1287715,200000
1287716,496500
1287717,487000
1287721,0
1287724,434200
1287728,226700
1287731,250000
1287735,918800
1287739,581000
1287740,0
1287741,445000
1287743,500000
1287753,0
1287754,548000
1287756,400000
1287757,407600
1287767,3273000
1287769,196000
1287770,440100
1287776,0
1287791,950000
1287793,457200
1287797,392500
1287801,1000000
1287804,500000
1287807,150000
1287808,450400
1287810,550000
1287813,400000
1287815,399000
1287820,130000
1287821,442000
1287823,379500
1287830,400000
1287834,584700
1287840,360100
1287843,333000
1287851,611000
1287854,210000
1287859,0
1287862,0
1287866,619400
1287867,150000
1287869,922000
1287872,0
1287877,475200
1287878,2690000
1287884,410000
1287886,231000
1287891,474300
1287894,410700
1287895,370000
1287904,0
1287908,545300
1287919,614000
1287924,3584700
1287933,840000
1287934,0
1287936,350000
1287942,190000
1287945,400000
1287946,229000
1287950,0
1287953,459000
1287954,0
1287957,200000
1287959,0
1287961,500000
1287963,450000
1287966,389800
1287967,2828000
1287971,445000
1287972,442800
1287981,0
1287983,472900
1287988,0
1287994,472000
1287995,0
1288003,997700
1288004,750000
1288014,0
1288015,717500
1288016,1382500
1288019,0
1288024,494500
1288026,300000
1288027,0
1288028,398200
1288032,500000
1288035,820000
1288043,0
1288050,490000
1288052,0
1288055,400000
1288058,449500
1288060,400000
1288061,695000
1288072,500000
1288087,1169100
1288091,1116300
1288093,1693000
1288096,415200
1288102,342000
1288106,400000
1288107,474300
1288114,329000
1288116,2050000
1288119,0
1288120,850000
1288125,415000
1288127,682300
1288129,500000
1288136,403100
1288137,680500
1288138,400000
1288141,496200
1288155,360500
1288160,605000
1288165,130000
1288166,496200
1288167,930000
1288169,818400
1288176,887400
1288180,0
1288196,420000
1288199,476500
1288202,1174800
1288205,350000
1288212,150000
1288219,510300
1288222,371000
1288228,300000
1288233,727500
1288241,558300
1288243,24000
1288247,150000
1288257,700100
1288264,550000
1288267,400000
1288283,0
1288287,0
1288288,200000
1288290,334300
1288294,0
1288301,385000
1288313,611300
1288324,1727800
1288330,335400
1288337,0
1288343,419400
1288345,294000
1288346,500000
1288349,188600
1288351,398300
1288352,0
1288366,0
1288368,465300
1288369,1049800
1288373,500000
1288388,564400
1288395,0
1288397,395200
1288398,150000
1288399,115000
1288411,400000
1288412,1539500
1288415,0
1288418,350000
1288421,363600
1288428,150000
1288429,500000
1288430,904700
1288431,0
1288442,140000
1288445,481000
1288452,300000
1288454,573000
1288458,537000
1288459,419400
1288461,1577500
1288466,431300
1288468,732300
1288476,400000
1288484,0
1288489,150000
1288491,650000
1288503,454000
1288510,618500
1288511,819100
1288512,488000
1288514,400000
1288516,350000
1288520,413000
1288524,705000
1288528,824000
1288533,120000
1288543,0
1288544,1040800
1288546,325500
1288553,355300
1288555,400000
1288560,150000
1288562,1421600
1288566,150000
1288569,0
1288573,0
1288574,0
1288577,442800
1288601,250000
1288612,69900
1288614,350000
1288620,954100
1288624,135000
1288625,494500
1288631,0
1288634,400000
1288636,550000
1288638,563500
1288640,360000
1288647,695000
1288648,480000
1288655,2076500
1288659,0
1288667,453100
1288668,500000
1288679,400000
1288680,288000
1288681,515000
1288685,0
1288687,365800
1288690,0
1288695,400000
1288701,400000
1288702,368300
1288703,54800
1288704,150000
1288710,500000
1288711,150000
1288713,1081000
1288715,0
1288716,0
1288718,400000
1288719,450000
1288729,0
1288735,450000
1288741,400000
1288744,350000
1288746,688800
1288747,500000
1288750,0
1288753,0
1288755,400000
1288759,724000
1288761,400000
1288762,369000
1288765,400000
1288769,324000
1288784,649400
1288785,0
1288796,400000
1288804,1654000
1288805,847300
1288809,250000
1288813,577000
1288818,430200
1288820,0
1288822,400000
1288831,494500
1288833,86300
1288836,533000
1288838,409000
1288857,574000
1288858,0
1288873,645000
1288877,916000
1288897,811500
1288900,592800
1288911,469700
1288914,400000
1288915,0
1288916,150000
1288918,417500
1288922,746500
1288923,150000
1288925,1642800
1288929,700000
1288933,458500
1288940,400000
1288943,0
1288944,1182200
1288948,430000
1288949,617500
1288960,0
1288961,0
1288964,599500
1288972,500000
1288973,534000
1288979,2850600
1288988,0
1288992,468000
1288993,335500
1288995,417500
1288998,488000
1289001,250000
1289006,672300
1289010,472000
1289013,314800
1289018,1281900
1289029,495000
1289034,0
1289044,0
1289049,0
1289058,0
1289059,0
1289062,465300
1289065,400000
1289074,250000
1289075,372000
1289080,466600
1289096,150000
1289102,556500
1289106,497200
1289112,312000
1289118,465300
1289119,411700
1289121,0
1289124,150000
1289125,0
1289127,150000
1289130,399800
1289132,0
1289134,0
1289136,567800
1289137,0
1289140,416900
1289145,250000
1289148,0
1289154,0
1289155,310000
1289159,400000
1289165,956000
1289170,0
1289174,150000
1289184,0
1289186,452300
1289217,871900
1289231,400000
1289234,487800
1289236,0
1289237,250000
1289238,0
1289239,364000
1289240,684000
1289244,58000
1289245,628000
1289249,0
1289250,1050000
1289253,888800
1289254,650000
1289256,140000
1289258,0
1289259,350000
1289264,32000
1289267,291800
1289273,150000
1289275,0
1289276,417500
1289277,302500
1289281,0
1289283,66900
1289285,695000
1289288,0
1289290,350000
1289292,150000
1289301,428000
1289303,1100900
1289304,150000
1289307,480000
1289312,1430000
1289314,0
1289315,1522500
1289324,567500
1289330,0
1289334,520100
1289337,2820000
1289348,0
1289349,270600
1289350,203700
1289351,262000
1289362,200000
1289382,150000
1289384,0
1289385,692500
1289387,534000
1289390,570000
1289403,471500
1289413,600000
1289415,150000
1289421,0
1289425,0
1289426,0
1289429,429000
1289443,145000
1289453,550500
1289454,407000
1289458,411800
1289465,1644500
1289471,244000
1289472,149800
1289475,1240500
1289482,550000
1289494,590000
1289496,280000
1289517,208000
1289536,1117100
1289539,164500
1289542,405400
1289543,150000
1289547,0
1289548,226900
1289557,0
1289561,600000
1289567,0
1289573,0
1289582,55900
1289583,0
1289585,0
1289587,858000
1289592,0
1289594,400000
1289595,1640300
1289606,350000
1289609,400000
1289619,3136000
1289623,345500
1289628,4308700
1289633,0
1289642,674000
1289647,0
1289649,883700
1289650,3586900
1289651,150000
1289655,381000
1289663,150000
1289664,189000
1289666,550000
1289672,845000
1289674,450000
1289675,460000
1289678,2330000
1289681,140000
1289687,450000
1289688,561200
1289694,150000
1289701,1187500
1289702,0
1289713,400000
1289716,900000
1289728,960000
1289735,0
1289740,0
1289752,0
1289753,1200000
1289757,0
1289764,350000
1289770,176000
1289771,0
1289774,1108100
1289775,0
1289776,534000
1289779,481000
1289785,1203500
1289788,500000
1289790,736500
1289793,0
1289800,686100
1289807,0
1289813,128000
1289818,0
1289820,0
1289830,150000
1289835,0
1289841,450000
1289843,150000
1289863,535000
1289866,490000
1289869,450000
1289870,0
1289873,567100
1289875,560000
1289879,560000
1289885,0
1289891,0
1289895,0
1289898,500000
1289900,0
1289901,180000
1289910,819000
1289911,150000
1289912,287500
1289914,0
1289918,0
1289921,250000
1289932,469800
1289940,0
1289944,464000
1289945,0
1289951,300000
1289955,500000
1289959,250000
1289961,2310000
1289963,400000
1289967,711900
1289976,1099000
1289983,604000
1289987,500000
1289989,365000
1289994,978200
1289995,0
1290002,346000
1290003,553000
1290007,384300
1290014,680000
1290016,372100
1290017,0
1290026,157600
1290034,474300
1290037,250000
1290045,249000
1290046,852500
1290052,1474400
1290068,479600
1290076,637300
1290080,0
1290082,150000
1290088,0
1290099,189600
1290107,0
1290108,0
1290109,809500
1290119,150000
1290127,0
1290132,656600
1290138,600000
1290154,449500
1290162,200000
1290163,700000
1290166,0
1290168,150000
1290171,200000
1290175,0
1290192,0
1290197,0
1290199,1463300
1290203,639800
1290214,150000
1290215,0
1290218,149000
1290219,1080000
1290223,490000
1290228,140000
1290230,0
1290238,200000
1290247,0
1290248,445000
1290249,0
1290250,321000
1290259,503400
1290270,0
1290272,0
1290273,0
1290274,0
1290283,0
1290289,0
1290293,974000
1290305,508000
1290311,1000000
1290314,197500
1290316,1522000
1290317,800000
1290318,300000
1290320,672300
1290323,350000
1290326,375000
1290327,433100
1290328,497500
1290330,455000
1290332,1050000
1290335,0
1290348,488800
1290353,260300
1290358,500000
1290367,150000
1290374,0
1290375,770700
1290383,1721200
1290384,500000
1290385,451300
1290389,3869200
1290391,1359600
1290393,364000
1290399,0
1290401,600000
1290404,0
1290405,542100
1290406,81200
1290413,0
1290426,0
1290430,445800
1290431,500000
1290438,1016500
1290439,0
1290440,150000
1290446,369000
1290452,196000
1290455,526200
1290461,497500
1290463,0
1290466,733500
1290474,0
1290479,1359600
1290480,1351000
1290481,0
1290483,400000
1290485,550000
1290488,500000
1290494,889900
1290497,0
1290498,0
1290510,500000
1290514,0
1290528,150000
1290529,500000
1290540,0
1290543,0
1290546,431500
1290548,600000
1290550,971500
1290551,745000
1290552,1484200
1290553,4000
1290554,436000
1290563,0
1290570,505500
1290581,1039700
1290588,293000
1290591,150000
1290593,2087400
1290594,150000
1290607,1111500
1290613,375500
1290620,398600
1290628,702300
1290636,453000
1290638,1073300
1290640,544500
1290643,280000
1290644,458600
1290648,778000
1290654,0
1290656,226400
1290667,0
1290668,448900
1290669,783800
1290673,1905000
1290676,500000
1290679,0
1290681,759500
1290682,1151000
1290683,450000
1290695,294000
1290696,0
1290702,600000
1290705,573900
1290706,156700
1290710,99100
1290722,431000
1290726,657200
1290729,0
1290738,493000
1290739,469700
1290742,600000
1290743,0
1290750,642500
1290751,0
1290752,744000
1290759,0
1290761,150000
1290763,250000
1290765,0
1290777,518000
1290779,672500
1290780,1890000
1290782,516000
1290783,1336300
1290785,481000
1290791,398600
1290802,224400
1290809,574500
1290813,300000
1290814,469700
1290832,0
1290838,283500
1290841,250000
1290847,310000
1290850,0
1290859,1171700
1290862,300000
1290863,0
1290864,476500
1290867,314700
1290869,400000
1290873,997500
1290878,400000
1290879,150000
1290886,0
1290889,0
1290891,690000
1290894,619700
1290895,0
1290897,381600
1290902,629300
1290905,527000
1290909,223900
1290912,480000
1290919,522000
1290920,417500
1290927,636000
1290928,0
1290931,150000
1290933,350000
1290940,0
1290949,749500
1290950,469700
1290951,410500
1290963,450000
1290967,0
1290973,0
1290977,750000
1290978,100000
1290984,102000
1290985,672300
1290989,378000
1290994,469700
1290997,651600
1291006,669600
1291010,104000
1291028,200000
1291037,479300
1291041,250000
1291045,0
1291047,0
1291060,101600
1291061,486400
1291062,142000
1291064,572000
1291066,436000
1291079,0
1291088,0
1291090,500000
1291093,546000
1291103,150000
1291108,0
1291111,163000
1291115,571000
1291127,476500
1291128,1050000
1291129,400000
1291130,150000
1291131,0
1291135,365000
1291142,400000
1291148,0
1291149,756300
1291150,315000
1291154,788000
1291157,499000
1291163,885800
1291168,245000
1291170,672300
1291171,0
1291175,760900
1291178,0
1291182,220000
1291186,940000
1291187,0
1291192,0
1291202,864000
1291207,450000
1291208,540500
1291210,359600
1291213,0
1291214,0
1291222,500000
1291230,1270200
1291231,0
1291243,0
1291249,557000
1291250,475000
1291252,402000
1291258,0
1291277,112000
1291280,313600
1291300,400000
1291302,1959300
1291305,141600
1291306,400000
1291316,0
1291321,589800
1291324,637600
1291325,383000
1291331,739500
1291332,0
1291334,1874700
1291336,795000
1291341,1022000
1291343,0
1291345,0
1291349,150000
1291352,713400
1291354,472000
1291355,450000
1291366,150000
1291376,99000
1291378,322000
1291384,0
1291406,1049400
1291417,120000
1291418,577300
1291419,359600
1291420,450000
1291429,0
1291430,460800
1291431,1314900
1291444,350000
1291449,1281600
1291452,593400
1291454,0
1291469,0
1291470,364000
1291477,2337000
1291479,0
1291481,0
1291487,160000
1291488,431800
1291490,278400
1291499,550000
1291508,650000
1291510,826000
1291514,0
1291520,0
1291524,460800
1291534,617500
1291541,844500
1291542,2612800
1291543,400000
1291545,479300
1291548,0
1291562,0
1291573,0
1291576,0
1291577,250000
1291580,457600
1291585,0
1291587,0
1291592,598300
1291599,502500
1291600,346500
1291607,450000
1291609,200000
1291611,0
1291615,140000
1291621,788300
1291630,150000
1291632,538000
1291637,559000
1291640,795500
1291646,439800
1291647,150000
1291652,250000
1291657,436000
1291658,218000
1291662,339500
1291673,403800
1291676,0
1291677,466100
1291687,250000
1291689,421200
1291690,500000
1291695,1761000
1291707,250000
1291709,421200
1291710,0
1291718,479300
1291721,449100
1291724,0
1291726,0
1291727,250000
1291728,322000
1291732,449100
1291737,0
1291744,284000
1291746,350000
1291750,250000
1291751,558100
1291756,0
1291757,243000
1291766,0
1291767,400500
1291768,4145200
1291769,649100
1291775,250000
1291777,0
1291781,0
1291783,0
1291787,352500
1291791,649100
1291793,553000
1291804,200000
1291805,0
1291806,350000
1291807,0
1291810,250000
1291812,250000
1291827,150000
1291829,400000
1291830,649100
1291832,0
1291836,649100
1291839,250000
1291843,424000
1291844,105000
1291846,600000
1291849,344400
1291856,649100
1291857,0
1291871,370500
1291872,467500
1291878,0
1291885,0
1291886,447300
1291891,0
1291896,440500
1291901,250000
1291908,649100
1291918,711300
1291919,534400
1291926,250000
1291929,440500
1291938,1081100
1291940,600000
1291942,686200
1291946,340500
1291952,350000
1291953,444300
1291954,150000
1291961,0
1291962,558100
1291963,629300
1291969,0
1291971,558100
1291972,250000
1291976,0
1291977,0
1291988,550000
1291989,0
1291990,958000
1291994,250000
1291996,768000
1291999,0
1292009,400000
1292010,449100
1292013,150000
1292020,450000
1292024,629300
1292025,350000
1292028,558100
1292031,422000
1292034,150000
1292037,287000
1292046,150000
1292047,556300
1292051,442000
1292052,250000
1292056,150000
1292065,0
1292066,450000
1292067,587800
1292069,250000
1292071,399500
1292074,200000
1292082,0
1292087,1422500
1292091,468400
1292098,250000
1292100,431400
1292109,788500
1292111,577000
1292118,0
1292119,528700
1292123,400000
1292124,4395000
1292125,250000
1292132,1261800
1292137,628800
1292142,175000
1292145,350000
1292146,684000
1292151,302500
1292166,250000
1292168,0
1292170,402800
1292171,448100
1292173,0
1292181,260000
1292183,700000
1292194,0
1292201,0
1292203,916800
1292207,0
1292210,0
1292216,350000
1292217,1825700
1292224,250000
1292226,1707700
1292227,0
1292228,400000
1292234,0
1292235,0
1292241,250000
1292247,0
1292248,0
1292249,1037700
1292251,0
1292265,150000
1292270,618400
1292274,400000
1292275,332500
1292281,1062500
1292287,1349800
1292292,400000
1292307,300000
1292308,355000
1292311,1024000
1292312,150000
1292314,350000
1292316,530000
1292317,0
1292330,716000
1292331,48000
1292340,302500
1292347,600000
1292349,487800
1292359,600000
1292378,1164000
1292382,350000
1292386,2425400
1292395,400000
1292398,0
1292399,1105000
1292403,0
1292407,0
1292409,0
1292411,825000
1292423,0
1292430,1912900
1292436,0
1292459,399000
1292462,0
1292464,311500
1292473,0
1292478,887000
1292480,0
1292491,415000
1292495,0
1292497,400000
1292498,921200
1292501,342000
1292515,250000
1292517,0
1292522,465300
1292523,400000
1292540,250000
1292545,350000
1292556,0
1292563,0
1292571,313400
1292576,0
1292581,0
1292587,350000
1292590,381700
1292616,0
1292617,0
1292618,400000
1292619,0
1292623,650000
1292633,450000
1292636,0
1292643,0
1292644,0
1292664,0
1292675,275900
1292676,315000
1292682,0
1292687,467500
1292702,468800
1292705,800000
1292706,400000
1292710,1125000
1292713,400000
1292715,0
1292734,448000
1292736,850000
1292738,250000
1292744,0
1292746,200000
1292749,367500
1292750,142000
1292753,343000
1292754,400000
1292760,0
1292767,350000
1292783,550000
1292797,0
1292799,396400
1292803,565600
1292813,132000
1292816,434200
1292818,576000
1292820,0
1292831,347000
1292834,500000
1292835,0
1292840,150000
1292841,1424500
1292844,367500
1292857,351100
1292859,0
1292892,392000
1292895,575700
1292896,150000
1292903,132000
1292906,637800
1292916,469300
1292935,250000
1292940,150000
1292950,0
1292962,450000
1292975,0
1292981,400000
1292986,150000
1292993,700000
1292995,909200
1292999,338500
1293001,730000
1293003,150000
1293010,609000
1293012,0
1293018,361400
1293024,600000
1293033,361400
1293034,406000
1293039,0
1293040,429800
1293051,0
1293053,465300
1293055,400000
1293066,122000
1293079,0
1293081,122000
1293083,0
1293098,0
1293104,150000
1293105,0
1293109,145000
1293131,1220500
1293147,0
1293149,0
1293151,448000
1293160,350000
1293165,0
1293167,0
1293171,513500
1293178,350000
1293181,0
1293193,0
1293213,0
1293224,0
1293227,520000
1293230,250000
1293231,450000
1293245,675700
1293253,149500
1293262,704000
1293276,250000
1293281,0
1293307,0
1293312,647200
1293321,0
1293326,1013000
1293327,400000
1293329,521400
1293331,450000
1293333,360000
1293341,456300
1293354,0
1293355,885000
1293368,250000
1293374,411500
1293398,150000
1293404,736600
1293408,400000
1293415,0
1293417,539200
1293421,314700
1293428,450000
1293429,0
1293432,374600
1293438,838700
1293441,400000
1293448,0
1293450,674300
1293455,1828300
1293462,349300
1293464,268500
1293469,250000
1293470,500000
1293484,1210400
1293492,467300
1293496,311500
1293505,170000
1293509,65000
1293510,1009100
1293511,0
1293513,535300
1293514,349000
1293533,250000
1293534,1209500
1293541,537600
1293545,822500
1293553,856300
1293557,1409800
1293559,1191700
1293561,1250000
1293565,0
1293566,1005000
1293570,0
1293574,252500
1293578,679700
1293586,933000
1293591,735000
1293602,0
1293609,0
1293613,94400
1293615,724000
1293616,457500
1293617,378000
1293626,400000
1293627,400000
1293643,534300
1293646,246800
1293650,487500
1293655,1185800
1293657,500000
1293659,1074000
1293660,360000
1293661,150000
1293671,150000
1293675,59100
1293676,0
1293678,0
1293680,710000
1293683,150000
1293697,150000
1293699,0
1293707,200000
1293708,137000
1293711,150000
1293716,972800
1293717,171000
1293722,1024000
1293728,467500
1293735,380000
1293745,90000
1293753,1048800
1293755,0
1293758,400000
1293761,350000
1293762,1665800
1293763,0
1293772,395000
1293773,532000
1293778,0
1293781,315500
1293785,217600
1293791,1380400
1293795,400000
1293803,150000
1293804,0
1293806,121000
1293816,387500
1293817,0
1293818,0
1293834,1319200
1293836,445000
1293837,400000
1293842,534300
1293845,1023000
1293853,450000
1293857,0
1293858,363600
1293859,350000
1293871,700000
1293874,400000
1293877,700000
1293886,150000
1293906,0
1293913,468500
1293918,0
1293928,400000
1293936,400000
1293939,0
1293957,655500
1293958,437000
1293972,0
1293979,354500
1293983,0
1293989,1194000
1294000,475500
1294012,0
1294013,500000
1294024,1392000
1294026,0
1294029,430200
1294036,557700
1294044,431500
1294053,130000
1294071,429000
1294083,407600
1294085,0
1294088,417500
1294092,610000
1294093,430200
1294101,400000
1294106,2589700
1294107,785800
1294109,454000
1294113,421100
1294118,428000
1294121,481000
1294122,650000
1294129,469800
1294131,0
1294138,430100
1294140,452500
1294145,10043600
1294148,467500
1294155,689000
1294157,3205600
1294165,0
1294175,382500
1294183,0
1294184,0
1294190,0
1294193,150000
1294194,700000
1294195,458500
1294196,1261400
1294199,250000
1294207,602000
1294211,558600
1294216,0
1294217,468300
1294221,250000
1294223,250000
1294229,476500
1294232,1250000
1294236,0
1294239,0
1294244,483300
1294252,500000
1294253,852500
1294263,1042800
1294270,450000
1294276,350000
1294288,0
1294293,150000
1294295,699200
1294296,459900
1294298,788700
1294304,427500
1294313,501500
1294316,5944500
1294318,0
1294319,0
1294330,0
1294338,89300
1294349,355000
1294350,413100
1294360,1498500
1294365,0
1294367,818000
1294378,0
1294381,613900
1294384,2746400
1294385,0
1294388,0
1294399,500000
1294400,400000
1294402,290000
1294405,431300
1294406,105000
1294409,390200
1294414,0
1294418,0
1294427,553800
1294429,472000
1294435,250000
1294441,1080000
1294443,350000
1294446,842900
1294447,400000
1294449,0
1294451,2268500
1294452,1037000
1294453,1200000
1294454,350000
1294458,500000
1294465,1234200
1294478,1236500
1294483,750400
1294484,388400
1294486,150000
1294496,369000
1294497,125000
1294503,150000
1294507,400000
1294509,850000
1294511,0
1294525,565800
1294530,500000
1294533,492500
1294534,500000
1294535,315000
1294536,453100
1294537,245000
1294538,421000
1294549,400000
1294551,400000
1294553,155300
1294555,0
1294557,488000
1294559,200000
1294571,936500
1294572,1801000
1294576,468000
1294578,150000
1294582,315000
1294584,0
1294587,769000
1294592,849800
1294593,29400
1294597,389500
1294599,439800
1294605,431000
1294606,400000
1294607,0
1294609,0
1294610,400000
1294611,0
1294614,350000
1294617,578000
1294619,439800
1294626,463000
1294629,709000
1294633,650000
1294634,368100
1294640,439800
1294641,401300
1294646,686000
1294648,0
1294650,550000
1294651,332500
1294655,283500
1294663,742800
1294668,258800
1294670,315000
1294674,382500
1294683,452500
1294685,381000
1294689,752400
1294693,360500
1294695,400000
1294699,150000
1294700,1047000
1294701,697300
1294704,127300
1294706,526000
1294708,5685100
1294713,605300
1294716,350000
1294726,0
1294728,584800
1294730,0
1294731,0
1294734,2382500
1294738,300000
1294749,150000
1294753,250000
1294755,472000
1294759,0
1294768,800000
1294771,0
1294774,393000
1294775,709600
1294779,658800
1294781,866000
1294790,517500
1294791,681000
1294793,486900
1294794,1659500
1294796,767500
1294798,754300
1294800,150000
1294803,0
1294805,450000
1294810,1000000
1294814,411500
1294821,140000
1294822,501500
1294827,514500
1294839,150000
1294843,469700
1294844,710000
1294845,150000
1294847,535000
1294856,400000
1294870,450000
1294873,466000
1294878,740200
1294879,469800
1294880,400000
1294881,400000
1294894,0
1294903,140000
1294909,1485000
1294910,400000
1294914,150000
1294918,150000
1294919,140000
1294923,350000
1294927,0
1294928,150000
1294929,392000
1294937,400000
1294938,502900
1294939,150000
1294941,165000
1294942,451800
1294949,340900
1294955,485000
1294956,257700
1294963,1136900
1294966,423400
1294968,467400
1294973,250000
1294976,655000
1294978,0
1294984,1000000
1294985,150000
1294996,150000
1295016,404100
1295020,22500
1295031,350000
1295032,0
1295036,417500
1295037,150000
1295040,0
1295047,637800
1295048,81000
1295049,300000
1295050,0
1295052,2565000
1295054,0
1295056,200000
1295061,600000
1295063,590000
1295064,0
1295072,450000
1295073,628800
1295076,482800
1295085,150000
1295089,200000
1295091,400000
1295093,590000
1295094,550000
1295097,419700
1295099,350000
1295101,439800
1295102,0
1295103,1556500
1295104,400000
1295105,0
1295109,332500
1295111,139000
1295114,867500
1295115,112500
1295116,0
1295118,0
1295119,0
1295120,450000
1295121,175000
1295123,138600
1295125,248000
1295132,669700
1295142,600000
1295143,150000
1295147,845000
1295149,150000
1295150,410000
1295154,852700
1295157,631000
1295162,700000
1295163,420000
1295164,0
1295169,530000
1295170,200000
1295176,419700
1295177,0
1295178,0
1295180,150000
1295182,400000
1295184,1500000
1295186,345200
1295189,590000
1295190,0
1295196,617500
1295198,346500
1295204,0
1295214,0
1295215,419700
1295216,0
1295217,1248000
1295222,308000
1295224,114000
1295226,500000
1295229,400000
1295230,506300
1295231,800000
1295234,469700
1295236,0
1295237,0
1295240,450500
1295242,500000
1295246,975100
1295249,2228800
1295254,500000
1295255,0
1295259,140000
1295260,484900
1295263,132000
1295265,452200
1295266,400000
1295269,150000
1295270,445000
1295276,0
1295277,0
1295279,0
1295281,500000
1295282,0
1295283,0
1295284,406000
1295285,150000
1295287,0
1295289,0
1295298,150000
1295308,419300
1295310,0
1295312,1165800
1295315,387800
1295317,0
1295321,2710400
1295323,2360000
1295328,362600
1295332,300000
1295334,320000
1295336,1111700
1295338,471400
1295342,33000
1295345,577000
1295346,400000
1295348,0
1295349,924000
1295353,500000
1295359,250000
1295361,0
1295362,150000
1295363,344000
1295369,1100000
1295377,417500
1295379,0
1295381,137500
1295383,99000
1295393,0
1295394,150000
1295399,343100
1295400,766400
1295401,0
1295404,0
1295405,0
1295410,1205000
1295413,318000
1295415,535300
1295418,410000
1295420,0
1295439,447300
1295448,1178200
1295452,150000
1295464,0
1295468,700000
1295469,377000
1295482,0
1295483,2724900
1295492,0
1295494,2021800
1295496,644800
1295498,895600
1295500,571000
1295502,5300
1295505,467500
1295507,200000
1295508,274000
1295516,122000
1295524,0
1295525,400000
1295530,150000
1295537,180000
1295541,0
1295543,550000
1295550,0
1295552,270000
1295563,370000
1295565,951100
1295571,0
1295592,695200
1295593,250000
1295595,622000
1295596,0
1295597,0
1295604,250000
1295612,0
1295613,0
1295619,250000
1295625,250000
1295626,338500
1295632,0
1295633,334500
1295637,0
1295644,150000
1295654,617000
1295660,0
1295666,351000
1295668,410500
1295676,557600
1295679,494500
1295684,400000
1295688,338300
1295689,850000
1295697,429400
1295702,547800
1295704,552500
1295711,500000
1295713,940000
1295715,447300
1295719,396800
1295722,63000
1295728,150000
1295731,994500
1295740,1033700
1295741,500000
1295753,0
1295756,1100000
1295757,681800
1295758,150000
1295759,0
1295760,400000
1295761,594000
1295768,2015500
1295769,779500
1295774,949000
1295775,65000
1295784,550000
1295785,182500
1295791,0
1295792,0
1295798,622000
1295800,542000
1295804,805700
1295809,1388000
1295815,0
1295816,374000
1295818,361500
1295824,400000
1295827,339000
1295828,429500
1295837,346500
1295840,550000
1295846,0
1295847,410500
1295848,400000
1295858,70500
1295862,122000
1295863,508000
1295864,536300
1295866,463000
1295867,350000
1295870,377500
1295871,400000
1295881,0
1295885,0
1295887,832500
1295892,122000
1295894,668900
1295896,1522200
1295901,899600
1295914,0
1295915,0
1295917,637500
1295920,400000
1295924,750000
1295928,500000
1295930,624300
1295935,0
1295942,647000
1295943,1062800
1295948,140000
1295959,370900
1295961,2431100
1295964,442800
1295984,522300
1295991,540000
1295993,440500
1295994,0
1295997,150000
1296001,0
1296009,356000
1296014,387000
1296019,550000
1296025,540000
1296027,540000
1296032,500000
1296035,431000
1296036,1031800
1296038,1073800
1296039,250000
1296042,674500
1296044,449000
1296051,448900
1296052,0
1296056,433900
1296057,348500
1296059,549000
1296062,150000
1296069,0
1296071,250000
1296073,400000
1296077,150000
1296079,730500
1296084,150000
1296088,446500
1296093,650000
1296104,588000
1296106,448500
1296107,535000
1296109,150000
1296110,1563000
1296128,829000
1296131,0
1296133,445500
1296135,400000
1296139,315000
1296144,250000
1296157,300000
1296158,0
1296159,604800
1296160,375000
1296162,8450000
1296169,250000
1296172,132000
1296178,0
1296180,0
1296181,415000
1296188,400000
1296197,0
1296198,0
1296199,505300
1296201,0
1296203,456000
1296207,350000
1296211,0
1296212,467500
1296219,250000
1296222,450000
1296225,422000
1296228,400000
1296233,713800
1296236,315000
1296238,140000
1296243,750000
1296248,0
1296251,132000
1296257,0
1296258,390500
1296259,250000
1296264,374000
1296267,671300
1296268,722500
1296270,385000
1296272,881000
1296275,0
1296277,400000
1296284,250000
1296287,200000
1296295,400000
1296299,250000
1296300,0
1296308,1242500
1296309,500000
1296310,798000
1296311,550000
1296318,0
1296319,0
1296322,250000
1296329,0
1296332,135000
1296337,240000
1296339,250000
1296341,429000
1296346,0
1296347,400000
1296349,460800
1296351,395700
1296358,250000
1296373,678800
1296376,0
1296380,2167800
1296382,250000
1296385,135000
1296390,6168000
1296393,1329500
1296394,483200
1296395,447300
1296403,250000
1296404,350000
1296410,450400
1296411,0
1296418,550000
1296420,550200
1296422,350000
1296427,425600
1296431,500000
1296432,250000
1296438,0
1296444,1122600
1296446,250000
1296449,465300
1296453,473800
1296462,1050000
1296464,250000
1296465,478800
1296473,478800
1296474,400000
1296476,550000
1296477,500000
1296478,400000
1296479,428500
1296484,250000
1296485,0
1296491,395600
1296494,2000000
1296496,225000
1296505,400000
1296507,1509500
1296508,250000
1296513,527600
1296514,715000
1296518,500000
1296523,250000
1296531,457600
1296536,2000000
1296550,7459800
1296553,881500
1296557,400000
1296564,1218000
1296565,330000
1296573,150000
1296576,250000
1296582,0
1296588,474300
1296591,400000
1296593,250000
1296594,346500
1296597,400000
1296598,0
1296600,458500
1296606,250000
1296615,469700
1296620,602500
1296621,782100
1296626,581800
1296628,250000
1296631,0
1296632,431000
1296633,420600
1296637,385000
1296639,250000
1296648,467500
1296653,400000
1296654,250000
1296655,151000
1296657,531500
1296666,0
1296669,250000
1296670,458500
1296672,0
1296673,0
1296682,0
1296684,250000
1296686,481000
1296687,400000
1296688,409800
1296695,250000
1296696,0
1296705,406500
1296711,456700
1296714,1272500
1296716,0
1296717,879000
1296723,250000
1296726,400000
1296728,795500
1296733,0
1296741,500000
1296742,250000
1296747,716000
1296750,409500
1296752,0
1296754,500000
1296756,400000
1296757,387700
1296760,250000
1296761,297500
1296776,935000
1296783,0
1296786,829600
1296787,0
1296792,0
1296794,0
1296796,593400
1296797,434900
1296804,400000
1296807,479200
1296808,1105000
1296809,487000
1296810,0
1296811,431200
1296816,550000
1296819,483500
1296822,0
1296831,150000
1296837,0
1296844,498100
1296848,0
1296849,0
1296854,440500
1296859,750000
1296861,0
1296863,446500
1296873,358800
1296876,0
1296877,490000
1296880,1185100
1296885,1500000
1296888,375300
1296892,200000
1296893,400000
1296894,400000
1296896,441000
1296898,444500
1296901,559000
1296906,0
1296907,237400
1296908,954900
1296909,280000
1296918,339500
1296923,1000000
1296927,0
1296929,500000
1296931,1722500
1296933,0
1296934,812100
1296935,499000
1296940,759000
1296941,0
1296948,0
1296952,1315000
1296957,722000
1296961,597000
1296966,242500
1296967,0
1296976,0
1296979,597000
1296985,0
1296994,1196600
1296998,400000
1296999,648800
1297001,479000
1297005,450900
1297006,0
1297010,670000
1297016,500000
1297021,450000
1297026,28000
1297029,809000
1297030,400000
1297031,0
1297032,150000
1297033,250000
1297035,1220500
1297037,0
1297039,318000
1297040,0
1297043,682500
1297044,450000
1297049,350000
1297052,1015000
1297056,462800
1297061,0
1297066,476500
1297067,650000
1297071,457000
1297072,400000
1297074,667300
1297077,382500
1297081,108500
1297082,709000
1297086,0
1297089,0
1297093,0
1297100,217200
1297101,738900
1297106,440000
1297109,0
1297110,401500
1297113,360000
1297114,764000
1297116,400000
1297121,0
1297123,0
1297125,0
1297126,550000
1297138,400000
1297140,263000
1297141,0
1297143,641300
1297144,824800
1297146,0
1297150,150000
1297153,0
1297159,0
1297161,0
1297163,0
1297166,630600
1297167,481000
1297168,400000
1297172,0
1297182,639500
1297184,936400
1297185,492500
1297188,0
1297191,400000
1297192,752700
1297194,664000
1297195,605000
1297198,0
1297199,0
1297206,747400
1297219,0
1297221,1793200
1297227,505000
1297228,550000
1297229,550000
1297231,675000
1297234,448000
1297235,323200
1297236,400000
1297239,417500
1297243,452200
1297246,446800
1297254,400000
1297257,461000
1297265,150000
1297268,573000
1297272,1915000
1297273,454000
1297278,850000
1297279,360500
1297280,350000
1297288,414000
1297294,550000
1297295,493500
1297299,250000
1297301,350000
1297303,0
1297306,2510900
1297310,0
1297312,985400
1297316,572000
1297317,420300
1297318,0
1297319,0
1297322,500000
1297323,1201900
1297325,280000
1297331,350000
1297333,0
1297335,485600
1297339,1172500
1297340,450000
1297341,290000
1297344,500000
1297349,296000
1297350,47800
1297353,0
1297357,400900
1297368,1038000
1297369,463000
1297372,0
1297381,397300
1297382,0
1297383,710300
1297387,680000
1297389,684400
1297392,410000
1297393,481000
1297397,494600
1297399,613500
1297415,433000
1297419,1374500
1297425,300000
1297436,297500
1297440,491900
1297443,500000
1297445,0
1297447,250000
1297452,0
1297453,913400
1297455,330600
1297456,401300
1297459,434500
1297462,0
1297467,320000
1297470,570500
1297472,405000
1297475,323800
1297478,708500
1297482,558000
1297486,0
1297491,1182500
1297494,367500
1297499,150000
1297502,467500
1297505,431500
1297506,569000
1297522,400000
1297524,405800
1297528,443700
1297531,400000
1297532,0
1297534,0
1297537,400000
1297538,408700
1297539,400000
1297548,1720500
1297551,440500
1297560,650000
1297563,0
1297566,720000
1297568,330800
1297570,536300
1297572,300000
1297573,400000
1297574,400000
1297582,548000
1297585,367500
1297588,408500
1297589,983000
1297592,0
1297596,318000
1297599,600000
1297605,135000
1297609,608000
1297613,0
1297619,475600
1297639,350000
1297648,500000
1297649,295000
1297650,150000
1297654,1075000
1297658,400000
1297659,859000
1297661,400000
1297663,0
1297664,2757100
1297666,440000
1297668,400000
1297674,371500
1297675,774300
1297676,400000
1297679,0
1297680,0
1297686,500000
1297691,2174100
1297693,914800
1297695,350000
1297696,0
1297708,0
1297715,404000
1297721,1284900
1297724,1103800
1297727,332500
1297730,617500
1297743,150000
1297753,0
1297768,500000
1297777,420200
1297779,413000
1297781,546900
1297787,0
1297791,99000
1297793,485000
1297794,0
1297800,491200
1297803,301600
1297806,430600
1297812,0
1297815,955000
1297827,400000
1297829,179800
1297837,467500
1297838,270800
1297840,430200
1297843,1073800
1297844,400000
1297851,400000
1297855,75000
1297859,0
1297862,467500
1297878,1074600
1297880,1014200
1297886,633200
1297890,0
1297896,0
1297897,822200
1297898,742200
1297901,150000
1297908,450900
1297918,0
1297930,390900
1297931,500000
1297932,400000
1297934,0
1297936,613500
1297951,350000
1297954,450000
1297956,550000
1297958,0
1297959,415600
1297961,150000
1297962,450400
1297974,492000
1297976,576500
1297980,466200
1297981,467500
1297986,150000
1297988,694600
1297989,848900
1297990,1939000
1297996,332500
1298011,1149000
1298013,400000
1298017,0
1298018,350000
1298023,150000
1298042,150000
1298047,0
1298048,1216200
1298053,711800
1298065,500000
1298070,0
1298073,649000
1298075,0
1298079,200000
1298080,490900
1298081,728800
1298086,510800
1298089,0
1298110,929800
1298114,419900
1298122,1517400
1298123,1851600
1298124,653500
1298130,0
1298133,250000
1298139,858300
1298140,468400
1298145,436000
1298148,0
1298149,0
1298150,500000
1298151,504700
1298157,434900
1298158,400000
1298160,0
1298166,744000
1298168,0
1298170,402700
1298178,357800
1298180,460800
1298186,947300
1298191,573400
1298192,0
1298201,747500
1298203,0
1298208,0
1298216,868000
1298218,430000
1298224,1120700
1298225,450400
1298229,1514200
1298235,669300
1298236,466600
1298238,0
1298242,670200
1298243,818000
1298248,981600
1298251,250000
1298256,509000
1298257,356200
1298262,500000
1298264,0
1298268,2230000
1298269,600000
1298274,0
1298275,0
1298287,150000
1298288,763900
1298290,0
1298292,500000
1298297,0
1298300,450000
1298304,868400
1298311,484200
1298313,542000
1298320,0
1298321,413000
1298323,632600
1298326,400500
1298332,0
1298333,503100
1298334,400000
1298336,402700
1298340,195000
1298345,420500
1298349,0
1298354,899400
1298362,1179300
1298363,492300
1298364,547400
1298366,548000
1298374,467500
1298375,300000
1298377,492300
1298382,453300
1298386,470000
1298389,1287500
1298391,447500
1298392,0
1298398,0
1298401,4500
1298408,712200
1298411,1253600
1298413,0
1298416,2400
1298420,453100
1298426,0
1298430,428500
1298432,434300
1298433,0
1298434,380000
1298436,568000
1298440,504400
1298442,280000
1298445,481800
1298449,99500
1298452,400000
1298453,225000
1298454,0
1298455,195000
1298458,1538800
1298460,150000
1298461,598300
1298465,250000
1298469,0
1298470,458500
1298474,0
1298476,4500
1298478,0
1298486,0
1298490,500000
1298491,0
1298495,5300
1298499,0
1298501,337800
1298503,0
1298507,0
1298511,0
1298514,396000
1298516,457600
1298524,467200
1298525,392700
1298529,0
1298530,497600
1298534,524800
1298541,500000
1298544,0
1298546,378000
1298547,406500
1298548,850000
1298549,899200
1298552,691600
1298553,1039600
1298555,250000
1298559,294000
1298566,500000
1298568,1733000
1298571,472000
1298575,718000
1298580,504700
1298581,0
1298584,450000
1298591,3470800
1298592,3898900
1298595,0
1298598,573000
1298604,501000
1298606,403800
1298615,548000
1298616,300000
1298617,150000
1298620,95000
1298621,454800
1298622,0
1298629,0
1298631,1512000
1298640,555000
1298641,557000
1298642,0
1298647,1867200
1298648,415000
1298651,150000
1298654,1777500
1298655,463100
1298656,400000
1298658,17800
1298670,0
1298673,350000
1298674,400000
1298678,366000
1298682,0
1298686,954000
1298689,412200
1298691,1395200
1298693,2010000
1298694,15000
1298697,150000
1298699,9000
1298707,85700
1298711,394600
1298713,0
1298716,1456300
1298717,775900
1298725,9700
1298729,396300
1298733,180000
1298741,626000
1298743,150000
1298747,708500
1298748,400000
1298753,478300
1298755,459900
1298757,415300
1298759,250000
1298762,340000
1298764,617500
1298765,550000
1298768,550000
1298770,0
1298771,1588700
1298772,367000
1298775,546400
1298777,400000
1298779,718000
1298798,0
1298800,0
1298801,467500
1298805,660000
1298808,419500
1298809,250000
1298812,0
1298814,0
1298818,0
1298820,528300
1298822,1249600
1298826,500000
1298828,150000
1298829,718000
1298831,0
1298832,740000
1298834,2205900
1298836,0
1298837,120000
1298839,634500
1298842,426500
1298844,508100
1298845,448600
1298846,552600
1298847,1254200
1298852,718000
1298856,823000
1298867,718000
1298869,570000
1298872,450000
1298874,718000
1298875,1024100
1298877,2755400
1298878,184000
1298879,718000
1298882,340200
1298884,402700
1298888,300000
1298889,180000
1298897,559000
1298900,718000
1298901,0
1298903,0
1298919,600000
1298920,421500
1298922,500000
1298923,500000
1298927,718000
1298928,519000
1298931,465300
1298934,560000
1298935,609800
1298937,450000
1298939,336000
1298940,0
1298944,150000
1298946,600000
1298951,547500
1298952,284000
1298958,150000
1298959,0
1298965,500000
1298968,250000
1298976,617500
1298981,0
1298983,645000
1298986,1723900
1298989,0
1298990,500000
1298999,317600
1299003,400000
1299004,427500
1299010,450000
1299011,0
1299012,0
1299016,650400
1299017,869600
1299018,400100
1299019,889200
1299020,549400
1299023,0
1299025,727000
1299032,300000
1299045,923000
1299048,607600
1299053,450000
1299069,791000
1299070,310000
1299082,595500
1299087,643000
1299092,400000
1299099,294500
1299104,500000
1299114,400000
1299119,400000
1299121,0
1299122,400000
1299127,454000
1299130,467500
1299131,610100
1299136,150000
1299139,444600
1299142,200000
1299147,400000
1299148,200000
1299153,328500
1299156,400000
1299165,0
1299167,0
1299170,497000
1299172,742800
1299173,474800
1299179,389800
1299191,400000
1299192,2729600
1299199,0
1299205,600700
1299209,650000
1299212,406500
1299213,150000
1299224,402700
1299227,0
1299228,0
1299231,0
1299234,467500
1299236,0
1299238,453100
1299240,150000
1299242,214500
1299244,200000
1299245,743000
1299246,0
1299249,0
1299251,557500
1299253,0
1299259,467500
1299260,307000
1299263,460000
1299271,1237000
1299280,458600
1299292,1195800
1299295,150000
1299296,547600
1299298,150000
1299305,0
1299306,1401000
1299307,200000
1299311,626500
1299313,0
1299318,150000
1299324,499000
1299329,0
1299330,0
1299331,400000
1299333,435000
1299334,552300
1299335,453400
1299336,150000
1299340,550300
1299343,429000
1299345,250000
1299349,865400
1299351,150000
1299359,400000
1299360,50000
1299369,150000
1299380,150000
1299381,0
1299384,105000
1299386,449000
1299387,476500
1299392,400000
1299393,724000
1299397,200000
1299399,695000
1299408,490100
1299409,525000
1299413,150000
1299414,1465000
1299417,234000
1299420,812300
1299426,150000
1299427,400000
1299428,2076600
1299429,120000
1299430,409900
1299435,150000
1299436,400000
1299444,0
1299445,0
1299447,806300
1299448,544000
1299451,427500
1299458,0
1299465,469800
1299469,0
1299471,150000
1299473,450000
1299475,150000
1299478,579300
1299479,200000
1299482,60000
1299488,0
1299491,1552400
1299492,0
1299493,400000
1299495,409800
1299503,350000
1299504,150000
1299507,500000
1299508,1153500
1299511,458500
1299512,2552500
1299518,313300
1299535,695000
1299538,367400
1299539,0
1299543,467800
1299544,150000
1299548,695000
1299551,844800
1299552,400000
1299553,490900
1299554,318200
1299555,682400
1299564,563700
1299566,361900
1299569,488500
1299574,902300
1299577,0
1299580,580000
1299582,500000
1299583,1657200
1299586,500000
1299587,500000
1299591,400000
1299597,150000
1299609,400000
1299611,595000
1299613,409500
1299622,635500
1299623,493200
1299630,490000
1299635,550000
1299636,1734500
1299640,2057600
1299643,0
1299646,0
1299647,0
1299651,545000
1299657,0
1299661,537600
1299666,432800
1299668,581000
1299670,370000
1299671,355300
1299673,150000
1299676,836300
1299679,650000
1299681,679500
1299686,334100
1299695,460000
1299698,3232300
1299702,685600
1299707,500000
1299713,284200
1299714,1000000
1299717,1000900
1299721,600000
1299722,563000
1299731,0
1299732,1515000
1299737,500000
1299738,400000
1299740,477000
1299741,150000
1299746,0
1299748,860500
1299749,1152500
1299753,1293500
1299754,250000
1299755,526300
1299756,450000
1299759,572500
1299760,250000
1299763,438000
1299766,0
1299772,0
1299782,500000
1299783,686300
1299790,0
1299801,463100
1299803,350000
1299806,350000
1299809,679800
1299812,150000
1299813,493200
1299814,788500
1299815,596500
1299816,450900
1299817,437500
1299821,200000
1299823,522500
1299827,489100
1299828,809900
1299829,474000
1299830,0
1299838,458500
1299839,0
1299841,1106500
1299845,1104000
1299848,340000
1299853,361500
1299857,563500
1299859,14100
1299861,0
1299864,400000
1299866,350000
1299870,95800
1299871,533000
1299875,400000
1299881,782900
1299882,742500
1299883,0
1299884,545000
1299891,0
1299893,848500
1299895,457300
1299914,0
1299917,459400
1299920,0
1299922,556500
1299924,0
1299926,237500
1299930,0
1299934,350000
1299936,603600
1299940,332500
1299950,507000
1299954,1445600
1299962,953000
1299964,470000
1299965,500000
1299966,0
1299972,569000
1299973,150000
1299976,851000
1299981,492600
1299987,325000
1299991,455200
1299995,417400
1299998,467500
1300018,338700
1300020,0
1300022,357700
1300025,150000
1300026,461200
1300028,0
1300031,701800
1300037,750000
1300044,879400
1300045,447300
1300046,0
1300049,484500
1300053,140000
1300056,0
1300061,280900
1300062,456300
1300064,0
1300073,641200
1300075,765000
1300079,462000
1300081,0
1300083,1014000
1300090,763000
1300111,400000
1300118,1638400
1300120,0
1300121,400000
1300122,0
1300128,434800
1300129,2015500
1300136,568300
1300138,596000
1300140,0
1300144,0
1300145,370900
1300147,0
1300148,1068200
1300157,0
1300158,1167800
1300162,150000
1300167,409000
1300173,400000
1300174,0
1300183,0
1300199,0
1300201,341000
1300207,660000
1300209,400000
1300213,962300
1300216,628000
1300220,498800
1300221,0
1300228,0
1300235,0
1300241,550000
1300244,581600
1300246,0
1300250,0
1300254,148500
1300255,350000
1300257,0
1300259,1294500
1300260,350000
1300263,529000
1300267,4147500
1300268,850800
1300269,295100
1300275,380000
1300286,0
1300298,327300
1300306,600000
1300309,650000
1300310,0
1300312,650000
1300314,400000
1300315,263000
1300322,0
1300333,51100
1300343,150000
1300345,0
1300347,0
1300349,1207700
1300350,400000
1300352,0
1300355,0
1300367,1271000
1300369,112000
1300374,696000
1300375,0
1300381,745000
1300384,250000
1300386,650000
1300388,140000
1300389,150000
1300390,409800
1300391,598000
1300396,250000
1300397,59000
1300403,437600
1300404,761500
1300408,500000
1300409,552000
1300410,0
1300411,314700
1300413,0
1300414,672500
1300425,0
1300431,0
1300434,0
1300447,0
1300448,485500
1300456,444900
1300458,0
1300459,300000
1300464,0
1300465,475500
1300467,0
1300471,350000
1300472,594200
1300483,208500
1300489,400000
1300497,0
1300499,400000
1300503,647300
1300506,619700
1300511,595100
1300512,3206300
1300515,0
1300518,402500
1300521,0
1300528,0
1300532,322000
1300534,619700
1300535,619700
1300542,697100
1300545,410000
1300546,695000
1300547,488000
1300552,550000
1300563,250000
1300567,53700
1300571,420000
1300574,350000
1300580,410300
1300588,583000
1300589,450600
1300590,500000
1300595,0
1300597,0
1300598,0
1300609,583000
1300612,250000
1300615,0
1300616,400000
1300618,1311900
1300623,0
1300625,0
1300627,533000
1300630,817500
1300635,400000
1300636,0
1300639,350000
1300650,0
1300651,978400
1300652,0
1300661,0
1300676,0
1300680,0
1300682,533600
1300684,0
1300686,519800
1300693,150000
1300694,301000
1300697,115000
1300706,709000
1300707,6409800
1300710,889500
1300714,0
1300719,150000
1300720,214000
1300728,0
1300737,250000
1300741,270000
1300743,952000
1300747,1180600
1300753,550000
1300756,0
1300761,0
1300765,0
1300769,136000
1300772,0
1300778,0
1300782,500000
1300792,0
1300794,300000
1300800,250000
1300802,795000
1300808,285000
1300811,0
1300816,0
1300824,100000
1300827,0
1300829,921000
1300830,432900
1300831,883200
1300833,860000
1300840,400000
1300843,150000
1300846,284000
1300848,0
1300853,284000
1300855,491200
1300860,1008000
1300861,308000
1300867,250000
1300879,846600
1300885,345000
1300886,923200
1300891,225000
1300892,370000
1300897,401000
1300934,0
1300940,500000
1300947,717000
1300966,3372800
1300974,0
1300980,350000
1300986,0
1300993,0
1301000,0
1301011,350000
1301023,0
1301025,0
1301033,619100
1301036,0
1301043,400000
1301046,597000
1301063,500000
1301064,374000
1301067,0
1301068,0
1301076,500000
1301079,560500
1301081,422000
1301084,650000
1301091,3064000
1301096,0
1301100,745500
1301112,0
1301118,0
1301126,500000
1301138,779800
1301143,220000
1301151,487500
1301153,438300
1301154,367900
1301165,811000
1301171,653200
1301177,200000
1301178,0
1301183,0
1301198,650000
1301202,560000
1301210,650000
1301211,250000
1301216,0
1301217,450400
1301221,200000
1301238,200000
1301240,430200
1301241,0
1301244,500000
1301248,0
1301249,250000
1301251,353000
1301253,0
1301255,315000
1301271,982600
1301275,0
1301278,0
1301285,283500
1301287,1213500
1301289,650000
1301294,336000
1301297,0
1301329,860000
1301331,413000
1301333,150000
1301345,712000
1301347,0
1301348,467500
1301351,239000
1301355,400000
1301359,250000
1301369,215000
1301370,0
1301373,491200
1301379,536900
1301384,550000
1301390,0
1301392,363700
1301393,0
1301394,494000
1301396,0
1301400,250000
1301405,617500
1301409,1000000
1301414,150000
1301415,200000
1301416,400000
1301417,0
1301423,0
1301434,600700
1301436,324700
1301437,0
1301441,312000
1301444,0
1301448,400000
1301454,393200
1301460,0
1301478,0
1301487,1202100
1301488,740000
1301492,550000
1301507,350000
1301511,0
1301517,0
1301543,1200000
1301546,0
1301549,898100
1301555,131000
1301563,2229500
1301565,339500
1301566,200000
1301588,93000
1301599,425000
1301609,485500
1301610,1390900
1301630,520700
1301637,150000
1301648,430000
1301651,478800
1301663,280000
1301672,635000
1301674,671500
1301679,300000
1301682,344000
1301693,937600
1301694,925000
1301695,350000
1301696,120000
1301698,454000
1301701,250000
1301708,0
1301710,0
1301711,0
1301712,150000
1301714,500000
1301724,333300
1301725,491600
1301735,0
1301736,0
1301737,2271700
1301741,150000
1301749,550000
1301791,433300
1301801,652900
1301805,457100
1301812,515000
1301816,405000
1301820,350000
1301826,451000
1301831,257000
1301834,300000
1301839,568800
1301846,0
1301848,250000
1301852,150000
1301862,471600
1301868,700000
1301871,565000
1301872,100000
1301873,0
1301874,579000
1301885,0
1301889,464100
1301890,558700
1301893,400000
1301895,422000
1301906,350000
1301919,0
1301928,150000
1301942,500000
1301944,0
1301953,0
1301954,546000
1301956,0
1301975,349700
1301987,0
1301989,0
1301993,1843800
1301995,96000
1301998,150000
1302001,1050000
1302010,465300
1302016,642000
1302025,250000
1302034,727000
1302040,0
1302041,400000
1302045,1175500
1302052,650000
1302054,416800
1302061,0
1302072,250500
1302077,0
1302078,1216200
1302085,432500
1302088,49000
1302091,0
1302092,0
1302094,0
1302095,441600
1302097,550000
1302110,457000
1302113,728500
1302115,90000
1302121,799600
1302130,400000
1302131,314700
1302137,1074000
1302151,559000
1302152,350000
1302153,400000
1302157,584000
1302159,492000
1302165,997000
1302169,207200
1302171,395600
1302173,424300
1302187,795000
1302189,0
1302190,1911600
1302192,613000
1302200,0
1302219,850000
1302221,595200
1302229,400000
1302233,400000
1302235,520000
1302240,442800
1302242,150000
1302251,400000
1302252,675000
1302254,400000
1302257,874900
1302259,380000
1302260,457600
1302268,1058800
1302272,0
1302275,390000
1302276,0
1302282,801100
1302301,400000
1302309,330800
1302321,150000
1302322,209800
1302325,150000
1302326,0
1302330,622000
1302331,390000
1302337,467500
1302339,493000
1302340,654300
1302347,459000
1302354,767500
1302356,396200
1302360,934300
1302367,832700
1302373,1040700
1302378,476500
1302383,445800
1302386,270000
1302387,406500
1302389,285300
1302392,0
1302397,400000
1302403,467500
1302404,0
1302407,0
1302417,259500
1302422,884000
1302423,400000
1302428,641600
1302443,476500
1302447,0
1302448,416700
1302455,400000
1302457,383900
1302459,0
1302468,0
1302470,0
1302473,334300
1302483,1104700
1302486,0
1302487,420400
1302491,0
1302495,350000
1302499,0
1302501,500000
1302502,0
1302507,406000
1302511,372200
1302522,1904800
1302526,400000
1302531,149400
1302532,350000
1302534,295800
1302539,765600
1302543,408000
1302552,465300
1302553,1312500
1302555,315000
1302557,544500
1302559,472000
1302566,568000
1302571,464800
1302575,0
1302580,389600
1302582,0
1302594,464400
1302600,500000
1302604,150000
1302608,0
1302613,350000
1302615,450000
1302616,0
1302619,600000
1302623,400000
1302625,654400
1302631,0
1302638,735100
1302651,494000
1302659,150000
1302672,400000
1302677,450000
1302678,0
1302684,575000
1302689,595000
1302692,0
1302697,150000
1302702,0
1302704,200000
1302705,0
1302709,0
1302712,81300
1302713,0
1302721,400000
1302723,643600
1302724,0
1302726,508800
1302739,0
1302743,445100
1302749,406500
1302754,335000
1302756,451800
1302757,447300
1302759,0
1302761,0
1302763,0
1302766,800000
1302769,3166500
1302770,150000
1302772,0
1302773,150000
1302774,493600
1302783,615500
1302793,500000
1302795,577500
1302799,1383900
1302803,595000
1302807,850300
1302825,1911400
1302826,0
1302835,0
1302836,600000
1302838,400000
1302844,290000
1302857,500000
1302858,751000
1302868,0
1302874,0
1302876,178700
1302877,682000
1302883,400000
1302886,0
1302889,400000
1302890,0
1302891,893400
1302896,350000
1302906,960000
1302907,43000
1302909,1117600
1302911,0
1302912,0
1302915,722500
1302923,0
1302930,449100
1302931,570000
1302932,0
1302939,445500
1302945,67200
1302946,765600
1302956,1003800
1302963,440900
1302971,250000
1302973,565600
1302976,585000
1302979,1562500
1302983,440500
1302994,500000
1302996,400000
1302999,400000
1303006,1119000
1303012,320500
1303022,150000
1303042,690900
1303044,0
1303045,178400
1303048,1465000
1303064,5356800
1303071,1467000
1303074,0
1303075,3035200
1303077,640000
1303079,455400
1303081,431400
1303085,205900
1303087,150000
1303088,150000
1303092,417100
1303104,1538700
1303107,500000
1303108,0
1303110,332500
1303114,476500
1303118,1415000
1303124,0
1303126,1111300
1303137,0
1303144,944800
1303150,485300
1303153,298000
1303156,4255000
1303159,0
1303161,400000
1303162,450000
1303163,150000
1303165,342000
1303167,1031000
1303170,457700
1303172,467200
1303182,377000
1303183,361700
1303185,415000
1303188,378900
1303189,0
1303195,477600
1303197,0
1303200,0
1303202,700000
1303206,0
1303216,0
1303230,1217800
1303233,1624300
1303234,0
1303240,0
1303243,400000
1303244,0
1303253,88000
1303256,500000
1303266,678200
1303268,150000
1303272,150000
1303276,422300
1303285,358100
1303288,150000
1303289,481000
1303297,631500
1303300,0
1303306,179600
1303316,0
1303320,6244600
1303321,4148200
1303327,663500
1303328,0
1303329,3784600
1303336,590500
1303341,346500
1303343,400000
1303344,463600
1303345,400000
1303346,545000
1303354,378500
1303355,0
1303356,540000
1303362,500000
1303370,370200
1303379,315000
1303386,0
1303397,650000
1303398,617500
1303400,724300
1303405,610000
1303406,428500
1303409,385000
1303412,415000
1303414,385000
1303417,179800
1303422,450000
1303427,250000
1303428,474300
1303429,310000
1303436,0
1303437,362500
1303443,803000
1303445,320000
1303448,554000
1303458,0
1303462,0
1303464,456000
1303472,494500
1303474,860300
1303481,150000
1303482,400000
1303486,0
1303492,474300
1303497,0
1303503,369500
1303505,440000
1303509,350000
1303518,400000
1303523,512500
1303527,500000
1303534,0
1303536,0
1303546,400000
1303549,329000
1303555,440200
1303562,1167500
1303564,690000
1303565,956000
1303568,0
1303589,200000
1303595,667200
1303604,0
1303617,745000
1303628,431500
1303629,166700
1303630,550000
1303643,752100
1303644,580000
1303649,493600
1303651,0
1303659,0
1303665,978300
1303676,1039700
1303677,342700
1303680,350000
1303684,131000
1303685,0
1303688,0
1303689,715800
1303691,0
1303692,360000
1303693,363600
1303695,0
1303698,379800
1303704,0
1303716,500000
1303717,150000
1303719,0
1303720,0
1303722,450400
1303723,445000
1303724,0
1303725,591000
1303727,500000
1303728,870500
1303729,426500
1303737,0
1303738,609000
1303746,458100
1303750,550000
1303759,443000
1303760,574500
1303774,400000
1303775,780000
1303776,447300
1303780,338200
1303781,0
1303783,499500
1303785,50000
1303786,365000
1303787,373200
1303789,0
1303791,619400
1303794,448600
1303795,765000
1303799,731500
1303800,0
1303806,329000
1303807,0
1303808,296000
1303809,250000
1303812,459400
1303819,500000
1303828,150000
1303829,150000
1303830,400000
1303834,0
1303839,0
1303842,400000
1303850,308000
1303854,385200
1303855,500000
1303857,472000
1303858,373500
1303862,447300
1303863,764500
1303867,1670300
1303873,216000
1303874,472300
1303878,400000
1303886,250000
1303894,766000
1303895,0
1303896,412000
1303899,565800
1303916,400000
1303918,2501100
1303920,550000
1303928,510000
1303930,454800
1303931,0
1303932,430300
1303936,649700
1303944,488500
1303946,800000
1303947,942500
1303948,1824200
1303950,400000
1303952,315000
1303956,481500
1303957,400000
1303958,472000
1303966,471200
1303967,488500
1303972,500000
1303976,0
1303991,406000
1303992,413500
1303995,0
1303998,388500
1303999,550000
1304001,630000
1304003,483300
1304017,400000
1304026,368300
1304032,334300
1304037,280000
1304047,618500
1304048,400000
1304065,484600
1304070,500000
1304073,435500
1304075,0
1304079,0
1304082,500000
1304083,0
1304084,454800
1304087,427500
1304089,0
1304090,0
1304091,300000
1304094,0
1304097,150400
1304098,366400
1304100,3630900
1304103,601000
1304108,0
1304111,120000
1304115,0
1304116,1298000
1304126,150000
1304128,0
1304131,1392000
1304140,713500
1304141,445000
1304148,384800
1304150,780000
1304151,3190000
1304153,966100
1304159,0
1304160,571200
1304161,427900
1304163,95000
1304164,702500
1304165,0
1304166,0
1304168,1461000
1304169,150000
1304172,0
1304174,0
1304181,2807400
1304191,1712000
1304195,0
1304198,500000
1304208,794000
1304210,700000
1304215,400000
1304220,0
1304226,422000
1304229,444500
1304231,0
1304232,0
1304236,740500
1304240,668000
1304243,458500
1304249,280000
1304250,0
1304253,537600
1304262,0
1304267,363000
1304271,487300
1304274,0
1304287,0
1304291,1818600
1304292,0
1304293,632600
1304299,416800
1304300,550000
1304301,545000
1304302,1033500
1304304,870500
1304306,0
1304308,150000
1304317,0
1304322,790600
1304323,0
1304324,597000
1304327,396700
1304331,0
1304334,0
1304336,658000
1304337,400000
1304338,0
1304339,500000
1304344,350000
1304345,566000
1304348,453100
1304349,450000
1304351,0
1304354,0
1304356,0
1304358,460000
1304359,280000
1304363,0
1304364,0
1304365,378000
1304366,297000
1304370,0
1304377,616600
1304380,500000
1304388,2340500
1304390,1308000
1304391,0
1304393,0
1304402,350000
1304412,387000
1304415,396400
1304435,150000
1304441,0
1304444,0
1304445,163000
1304448,637000
1304454,1007000
1304456,5239000
1304457,595000
1304458,613900
1304460,0
1304470,990000
1304471,0
1304473,550000
1304475,150000
1304476,1123200
1304481,400000
1304488,471000
1304496,0
1304498,115000
1304501,350000
1304506,563500
1304514,598200
1304518,799000
1304521,250000
1304522,142000
1304523,650000
1304544,0
1304547,445000
1304550,690000
1304560,150000
1304567,734000
1304570,1068800
1304576,550000
1304579,530000
1304580,1032000
1304597,600000
1304602,149200
1304609,695800
1304611,0
1304621,484600
1304625,0
1304627,142000
1304628,0
1304630,0
1304631,0
1304644,232000
1304647,682100
1304648,440000
1304659,0
1304663,1651000
1304670,412000
1304673,200000
1304681,0
1304688,472000
1304701,287000
1304704,0
1304705,175000
1304709,600000
1304710,145000
1304714,478000
1304718,1299100
1304719,2013900
1304720,542100
1304721,539000
1304722,384500
1304724,450400
1304727,469800
1304732,400000
1304733,150000
1304737,650000
1304738,0
1304743,0
1304748,2000000
1304760,400000
1304769,0
1304771,344800
1304772,0
1304774,500000
1304775,1001600
1304776,416800
1304777,436000
1304785,357000
1304786,413100
1304788,2642400
1304793,350000
1304796,0
1304799,365300
1304800,0
1304801,0
1304808,0
1304811,1358300
1304812,654200
1304814,213900
1304819,150000
1304821,427900
1304822,12800
1304841,500000
1304844,431400
1304847,701900
1304850,120000
1304858,450000
1304867,0
1304868,100000
1304873,464800
1304877,392300
1304881,3582200
1304885,500000
1304890,0
1304892,0
1304894,150000
1304899,414000
1304900,120000
1304901,819500
1304902,793100
1304905,439600
1304909,383500
1304910,487800
1304912,0
1304914,400000
1304917,315000
1304921,531200
1304930,400000
1304935,467500
1304939,843700
1304941,578400
1304946,303000
1304947,0
1304955,439600
1304959,408000
1304962,466600
1304964,661500
1304966,0
1304967,633700
1304976,1200000
1304977,150000
1304981,0
1304983,346500
1304989,458500
1304990,3390000
1304992,942000
1304993,1623500
1304995,338500
1304999,562200
1305003,150000
1305011,343500
1305014,500000
1305017,2842200
1305022,796100
1305025,350000
1305026,400000
1305029,490000
1305039,864300
1305053,509000
1305054,586200
1305056,0
1305059,350000
1305065,910000
1305072,350000
1305075,11737100
1305076,402700
1305081,150000
1305082,684000
1305091,0
1305100,0
1305102,1085200
1305104,150000
1305110,163000
1305111,991400
1305112,366500
1305113,500000
1305114,531500
1305118,359500
1305120,0
1305121,467500
1305127,535300
1305135,907000
1305140,395000
1305143,586000
1305148,0
1305155,500000
1305163,350000
1305169,250000
1305170,492000
1305172,90000
1305174,412100
1305178,1281100
1305182,73500
1305185,861400
1305193,0
1305196,596200
1305197,378000
1305199,400000
1305201,650000
1305203,450000
1305205,350000
1305209,400000
1305212,790000
1305214,625000
1305217,641500
1305222,150000
1305225,506800
1305228,0
1305230,447300
1305237,449100
1305241,140000
1305243,430900
1305244,0
1305252,450000
1305254,781400
1305256,440000
1305257,525300
1305263,250000
1305267,1176800
1305277,336000
1305280,0
1305285,600000
1305292,0
1305296,1280100
1305301,0
1305306,300000
1305314,150000
1305316,462500
1305317,0
1305319,500000
1305325,705200
1305333,470700
1305337,1085200
1305339,154800
1305341,0
1305343,437000
1305346,150000
1305347,697200
1305348,1398300
1305353,400000
1305354,0
1305359,1511000
1305368,144000
1305369,775000
1305370,0
1305371,300000
1305375,224200
1305378,431800
1305384,1284600
1305393,1163000
1305394,400000
1305395,529500
1305411,654300
1305412,1205800
1305413,371500
1305416,1162300
1305419,424900
1305429,442800
1305435,250000
1305436,884800
1305443,0
1305451,1065000
1305456,445000
1305459,0
1305460,400000
1305465,150000
1305467,420000
1305470,0
1305474,1565100
1305475,439800
1305477,450000
1305481,330000
1305485,405000
1305486,780000
1305489,760500
1305492,709000
1305502,0
1305503,0
1305508,579000
1305515,0
1305517,913500
1305520,500000
1305524,1465100
1305525,150000
1305526,2003400
1305530,397300
1305531,400000
1305534,227000
1305541,0
1305544,580200
1305547,0
1305551,270000
1305552,255800
1305553,0
1305554,400000
1305559,0
1305563,350500
1305564,320000
1305568,600000
1305578,2021000
1305581,1542700
1305582,0
1305583,217500
1305585,250000
1305587,0
1305591,600700
1305596,624500
1305605,206300
1305607,240000
1305610,0
1305611,481500
1305613,217500
1305617,0
1305618,598600
1305625,0
1305626,705000
1305627,924000
1305636,0
1305642,496000
1305644,0
1305645,0
1305647,356200
1305651,150000
1305652,250000
1305654,350000
1305662,784800
1305663,350000
1305665,9840000
1305667,150000
1305668,0
1305670,467500
1305676,141000
1305685,0
1305687,140000
1305691,0
1305693,649000
1305694,0
1305695,530000
1305696,0
1305699,644700
1305702,388900
1305704,0
1305708,387900
1305716,0
1305719,400000
1305722,0
1305726,204000
1305727,0
1305729,280000
1305730,1609000
1305734,350000
1305735,250000
1305738,400000
1305743,0
1305747,120000
1305749,0
1305752,332600
1305757,771500
1305760,400000
1305762,340000
1305765,250000
1305768,271000
1305769,689200
1305772,423000
1305774,261600
1305776,0
1305779,364800
1305784,542000
1305785,463900
1305788,591000
1305795,120000
1305796,400000
1305798,908200
1305802,359600
1305805,400000
1305806,688200
1305818,400000
1305822,384900
1305825,300000
1305831,400000
1305832,1742900
1305834,6605000
1305838,440000
1305841,670000
1305849,400000
1305853,250000
1305865,250000
1305871,150000
1305881,0
1305882,354600
1305890,0
1305892,350000
1305893,1118400
1305897,724100
1305899,542700
1305901,0
1305903,140000
1305904,696800
1305905,433300
1305916,489500
1305923,294000
1305929,332500
1305938,332100
1305939,1120000
1305940,40500
1305942,0
1305946,650000
1305947,150000
1305958,400000
1305960,0
1305964,417500
1305966,467500
1305967,824800
1305970,0
1305972,400000
1305973,1955200
1305975,419100
1305981,500000
1305987,250000
1305988,336000
1305998,995500
1305999,922000
1306012,476500
1306018,0
1306024,350000
1306027,397800
1306029,356500
1306030,200000
1306031,0
1306034,400000
1306037,374100
1306039,550000
1306040,400000
1306041,0
1306049,0
1306053,158500
1306058,419100
1306061,488200
1306062,0
1306064,500000
1306065,588100
1306068,400000
1306069,0
1306071,1314400
1306072,1423800
1306073,580200
1306074,150000
1306080,530000
1306082,0
1306090,650000
1306098,0
1306099,77100
1306112,400000
1306116,520000
1306117,120000
1306127,582200
1306129,785000
1306130,650000
1306132,382500
1306133,912600
1306135,554500
1306143,445000
1306144,650000
1306150,0
1306158,425000
1306165,150000
1306167,1678100
1306173,644700
1306181,0
1306182,577000
1306183,356500
1306184,441000
1306186,0
1306192,1248700
1306196,500000
1306200,429000
1306203,396500
1306212,140000
1306217,445100
1306222,721200
1306223,0
1306228,584700
1306230,550000
1306231,2179100
1306234,427500
1306237,280000
1306241,510500
1306243,500000
1306255,449000
1306257,600000
1306261,650000
1306262,465300
1306265,629300
1306268,400000
1306269,0
1306273,444500
1306278,120000
1306282,150000
1306287,500000
1306290,0
1306292,370000
1306298,0
1306301,384000
1306306,332500
1306307,400000
1306309,7400
1306313,0
1306316,0
1306319,250000
1306321,120000
1306325,524800
1306330,150000
1306334,618000
1306345,400000
1306346,1198500
1306348,450000
1306349,350000
1306351,250000
1306352,1116000
1306354,0
1306362,430200
1306371,0
1306372,441400
1306379,385000
1306381,0
1306383,572500
1306390,700000
1306391,1224400
1306392,200400
1306394,0
1306403,1424500
1306404,772000
1306406,0
1306408,500000
1306412,500000
1306417,400000
1306422,430600
1306423,188600
1306425,575000
1306426,0
1306428,0
1306430,150000
1306442,0
1306450,1170000
1306455,0
1306456,1659700
1306457,412700
1306458,300000
1306460,553700
1306463,1178500
1306471,0
1306473,0
1306475,217500
1306476,150000
1306478,788500
1306481,150000
1306493,546400
1306494,400000
1306499,478500
1306502,454800
1306505,400000
1306506,400000
1306509,1117000
1306514,150000
1306516,595000
1306517,502500
1306519,750000
1306520,490500
1306532,1258300
1306542,400000
1306547,491300
1306548,362000
1306555,604500
1306556,814500
1306558,0
1306561,624900
1306567,650000
1306568,702300
1306587,496800
1306589,800000
1306593,428400
1306603,134500
1306605,150000
1306611,150000
1306612,0
1306613,471000
1306615,402200
1306616,664000
1306619,250000
1306624,437500
1306625,815000
1306630,914800
1306631,800000
1306632,343000
1306636,538200
1306644,150000
1306652,140000
1306663,500000
1306665,648100
1306666,460800
1306667,500000
1306669,395300
1306672,473400
1306674,140000
1306676,500000
1306677,432500
1306679,0
1306683,881000
1306688,704000
1306690,0
1306692,350000
1306693,150000
1306694,150000
1306697,500000
1306698,400000
1306704,589400
1306711,150000
1306715,401000
1306719,500000
1306723,445900
1306730,120000
1306735,775200
1306736,463000
1306738,400000
1306748,150000
1306755,969800
1306757,0
1306758,400000
1306765,0
1306770,618300
1306772,613900
1306779,1267300
1306782,1750000
1306787,392000
1306788,1955500
1306792,0
1306793,400000
1306805,775500
1306811,481000
1306820,670000
1306823,350000
1306831,400000
1306835,350000
1306844,500000
1306846,0
1306847,200000
1306853,711500
1306859,385000
1306870,0
1306873,408100
1306875,0
1306877,1646800
1306878,422900
1306884,940500
1306885,462500
1306892,500000
1306893,1000000
1306895,360500
1306899,500000
1306902,112000
1306909,500000
1306913,250000
1306923,347900
1306925,564400
1306927,0
1306936,0
1306947,0
1306955,807000
1306957,0
1306958,350000
1306959,529100
1306961,0
1306966,150000
1306967,150000
1306972,416800
1306975,0
1306977,400000
1307000,450000
1307001,3980100
1307003,400000
1307004,334300
1307014,292500
1307017,400000
1307018,417000
1307019,0
1307020,467500
1307021,332500
1307023,0
1307024,0
1307030,481000
1307033,315000
1307036,321700
1307039,460800
1307041,439500
1307044,130000
1307048,140000
1307052,372800
1307064,0
1307067,708500
1307071,400000
1307072,450000
1307075,500000
1307078,858500
1307082,407600
1307083,250000
1307084,1332500
1307087,464700
1307089,0
1307092,286500
1307095,400000
1307096,531900
1307097,385000
1307099,500000
1307100,1015300
1307103,647200
1307112,0
1307113,408800
1307115,0
1307122,469500
1307128,1995000
1307129,500000
1307130,595200
1307131,0
1307139,500000
1307141,379800
1307143,870200
1307145,450000
1307150,0
1307157,250000
1307171,544400
1307173,0
1307178,0
1307183,119000
1307184,394000
1307186,500000
1307187,150000
1307192,186500
1307205,400000
1307206,300000
1307209,500000
1307211,550000
1307216,0
1307219,250000
1307220,400000
1307225,376000
1307227,950000
1307229,916500
1307231,0
1307245,150000
1307246,550000
1307251,280000
1307253,494000
1307254,494000
1307259,616000
1307269,400000
1307271,400000
1307276,512300
1307277,0
1307290,400500
1307293,0
1307296,400000
1307306,500000
1307309,400000
1307313,451500
1307314,1856700
1307319,23800
1307320,452500
1307321,540000
1307325,250000
1307328,284000
1307330,492000
1307331,0
1307332,458500
1307339,1432000
1307342,458500
1307343,200000
1307347,150000
1307353,524500
1307355,0
1307356,886000
1307359,400000
1307362,494000
1307363,249000
1307365,0
1307370,315000
1307372,0
1307378,456000
1307383,0
1307386,119000
1307391,70200
1307392,150000
1307393,250000
1307396,485500
1307399,637500
1307405,522000
1307410,900000
1307412,700000
1307414,0
1307415,334300
1307424,1303500
1307427,550000
1307435,350000
1307436,0
1307438,570200
1307439,535200
1307441,0
1307450,545000
1307458,597100
1307467,393400
1307476,1300800
1307478,0
1307481,728500
1307491,0
1307495,150000
1307503,150000
1307508,513700
1307510,451800
1307511,400500
1307514,355000
1307515,0
1307518,546400
1307521,955000
1307525,880000
1307533,661400
1307538,150000
1307545,325500
1307553,591600
1307559,401800
1307562,450000
1307570,350000
1307595,805600
1307599,4070300
1307604,1933000
1307606,550000
1307613,200000
1307618,468500
1307622,400000
1307628,0
1307631,249900
1307633,389600
1307642,0
1307644,450000
1307645,561600
1307647,699000
1307648,0
1307650,484000
1307654,1225600
1307660,127500
1307661,35600
1307662,469800
1307663,587800
1307665,0
1307674,1158900
1307675,396500
1307678,425900
1307685,225000
1307689,1984400
1307690,500000
1307691,0
1307693,0
1307694,400000
1307696,200000
1307699,70000
1307702,285600
1307703,588300
1307704,0
1307705,0
1307707,0
1307711,617500
1307713,453300
1307716,600000
1307718,463000
1307725,69000
1307733,0
1307734,0
1307736,491400
1307738,0
1307744,400000
1307745,458500
1307749,445000
1307751,250000
1307752,494000
1307754,0
1307757,300000
1307760,0
1307765,500000
1307767,398700
1307774,0
1307780,0
1307782,323800
1307784,1131900
1307799,150000
1307800,958000
1307802,440000
1307806,894800
1307807,635500
1307811,150000
1307815,78000
1307819,451900
1307821,589700
1307822,617500
1307827,471600
1307837,894000
1307843,128000
1307847,300000
1307848,400000
1307849,1645800
1307850,749000
1307851,536600
1307863,599500
1307864,447600
1307865,400000
1307870,406000
1307872,481000
1307873,600000
1307874,0
1307879,800000
1307884,400000
1307885,500000
1307886,1572000
1307887,250000
1307892,0
1307896,777000
1307898,300000
1307906,150000
1307909,590000
1307910,1656600
1307914,290000
1307921,0
1307923,650000
1307926,0
1307929,467500
1307930,483100
1307931,250000
1307932,0
1307934,499000
1307935,618000
1307941,0
1307945,230000
1307957,439600
1307958,926800
1307964,350000
1307966,818500
1307969,460500
1307971,0
1307973,0
1307974,441300
1307976,1090000
1307977,606300
1307979,582500
1307980,590900
1307988,563500
1307992,734500
1307994,315000
1308005,25000
1308006,0
1308018,0
1308020,150000
1308021,700000
1308023,812200
1308026,0
1308027,844300
1308031,481000
1308037,406500
1308038,315000
1308040,613900
1308051,350000
1308054,482100
1308056,210000
1308063,454100
1308066,600000
1308073,400000
1308078,498000
1308085,0
1308086,400000
1308087,0
1308088,700000
1308091,0
1308097,570000
1308098,690300
1308108,150000
1308111,770300
1308117,445000
1308120,450000
1308123,0
1308130,4503000
1308132,685600
1308133,140000
1308134,0
1308137,350000
1308139,150000
1308144,0
1308147,400000
1308154,308000
1308158,0
1308161,0
1308164,555000
1308165,0
1308170,500000
1308172,140000
1308173,120000
1308175,545000
1308178,0
1308180,487300
1308183,400000
1308189,281800
1308190,606300
1308191,140000
1308192,490000
1308198,400000
1308199,490000
1308218,547800
1308219,281800
1308223,350000
1308227,222000
1308229,700000
1308237,518800
1308239,2561500
1308240,150000
1308242,500000
1308244,500000
1308247,420000
1308257,400000
1308258,350000
1308261,0
1308262,306000
1308269,424200
1308270,0
1308271,250000
1308274,427900
1308278,550000
1308279,400000
1308282,332500
1308284,631900
1308286,150000
1308288,659000
1308291,500000
1308298,873900
1308300,400000
1308304,350000
1308305,0
1308307,779500
1308310,889900
1308311,406500
1308312,800000
1308315,445000
1308316,400000
1308322,0
1308327,838700
1308330,0
1308334,905600
1308339,200000
1308342,525300
1308343,471300
1308345,582900
1308352,0
1308357,0
1308362,150000
1308374,586500
1308383,400000
1308386,650000
1308388,456700
1308390,400000
1308393,364000
1308398,2334300
1308403,0
1308405,630300
1308406,400000
1308409,381300
1308410,932400
1308412,0
1308413,400000
1308416,856000
1308424,400000
1308429,456300
1308437,0
1308438,332500
1308439,367500
1308450,473800
1308458,679500
1308467,400000
1308470,400000
1308473,0
1308474,350000
1308484,500000
1308487,1120000
1308491,0
1308499,665000
1308503,330400
1308508,0
1308524,620000
1308538,250000
1308539,994000
1308541,842300
1308542,445800
1308547,474300
1308548,70000
1308555,396000
1308561,956000
1308566,445000
1308576,952500
1308581,429000
1308583,0
1308585,405400
1308586,920000
1308587,200000
1308593,357700
1308594,450000
1308605,150000
1308618,0
1308622,306300
1308626,204700
1308627,150000
1308629,354600
1308632,612100
1308633,330000
1308641,905000
1308650,553000
1308653,0
1308662,150000
1308663,416500
1308667,445000
1308676,360900
1308678,0
1308690,0
1308691,1999700
1308693,642000
1308697,675000
1308699,150000
1308706,1211400
1308714,445000
1308724,473400
1308732,540000
1308750,400000
1308752,0
1308755,406500
1308763,0
1308769,280000
1308770,882500
1308771,150000
1308781,500000
1308782,573400
1308784,0
1308792,400000
1308795,831200
1308797,0
1308798,0
1308800,392100
1308806,1474500
1308807,0
1308816,692000
1308817,460800
1308823,409000
1308829,400000
1308834,650000
1308845,0
1308846,650000
1308849,150000
1308850,860000
1308854,0
1308857,467500
1308859,442000
1308863,0
1308876,507800
1308890,0
1308893,0
1308900,0
1308901,150000
1308903,730000
1308909,0
1308910,742000
1308911,50000
1308916,150000
1308920,542000
1308921,654400
1308923,2203200
1308928,0
1308929,500000
1308934,848700
1308938,400000
1308944,642500
1308946,433500
1308947,0
1308948,400000
1308960,400000
1308961,423500
1308966,374000
1308969,0
1308971,296000
1308986,368300
1308989,250000
1308993,0
1308997,436000
1308998,500000
1309001,337900
1309004,406500
1309006,840500
1309008,0
1309013,400000
1309015,660000
1309016,0
1309020,625000
1309021,800000
1309030,336000
1309036,654700
1309044,404500
1309047,150000
1309051,540000
1309074,493600
1309077,750000
1309079,379800
1309086,264000
1309088,677700
1309097,442300
1309100,628400
1309104,150000
1309119,150000
1309120,0
1309121,842000
1309127,713500
1309132,431200
1309134,420500
1309140,615700
1309144,500000
1309153,388000
1309155,480000
1309157,0
1309162,305000
1309167,732900
1309168,315000
1309169,651000
1309170,488200
1309171,0
1309173,400000
1309181,435700
1309184,477400
1309186,440000
1309191,150000
1309196,593500
1309197,810500
1309200,112000
1309210,0
1309213,400000
1309224,0
1309232,976900
1309236,442800
1309238,451800
1309243,471000
1309244,400000
1309248,450000
1309250,450000
1309251,500000
1309253,0
1309254,599100
1309257,179500
1309258,315000
1309259,1178100
1309261,400000
1309264,400000
1309266,1557500
1309272,0
1309281,6199000
1309283,824000
1309292,0
1309293,0
1309295,465200
1309298,0
1309300,250000
1309303,350000
1309311,0
1309313,350800
1309314,623500
1309328,1489800
1309329,1187500
1309338,410300
1309339,0
1309340,128400
1309347,400000
1309349,150000
1309350,650000
1309358,25000
1309364,400000
1309366,165000
1309368,1799000
1309381,0
1309383,200000
1309384,0
1309389,400000
1309390,306300
1309392,441000
1309395,0
1309396,404500
1309411,0
1309412,140000
1309415,0
1309423,0
1309424,400000
1309432,401800
1309434,900000
1309445,191000
1309454,517500
1309455,1000000
1309456,281800
1309457,500000
1309460,1224000
1309461,405100
1309464,392000
1309474,1768900
1309478,250000
1309483,347500
1309486,0
1309496,0
1309498,1030000
1309500,0
1309503,791300
1309504,821500
1309512,150000
1309516,616000
1309520,137000
1309523,0
1309527,0
1309535,518600
1309547,0
1309549,394000
1309551,23500
1309566,0
1309570,587400
1309575,0
1309577,0
1309579,461400
1309589,623600
1309600,650000
1309606,0
1309608,622600
1309626,400000
1309629,139700
1309635,150000
1309641,675000
1309647,630000
1309657,993500
1309661,150000
1309670,0
1309679,650000
1309685,0
1309689,150000
1309692,81100
1309702,388300
1309714,0
1309717,140000
1309723,554500
1309725,450000
1309739,500000
1309751,980000
1309763,653500
1309781,150000
1309783,315000
1309785,577000
1309789,400000
1309790,0
1309791,413300
1309799,449500
1309800,447600
1309805,9608000
1309806,120000
1309807,598200
1309817,297500
1309823,1013300
1309827,911800
1309831,1354000
1309832,0
1309835,438000
1309836,5333000
1309840,1078100
1309844,819000
1309853,0
1309857,0
1309860,0
1309861,0
1309863,350000
1309865,0
1309868,986500
1309878,300000
1309881,400000
1309884,400000
1309885,0
1309886,800000
1309892,477400
1309894,447300
1309897,0
1309901,449500
1309910,453100
1309913,0
1309920,315400
1309923,780000
1309929,355800
1309930,1027000
1309936,400000
1309938,70000
1309939,656300
1309948,0
1309950,574300
1309955,156800
1309957,270000
1309962,1352000
1309968,853800
1309973,400000
1309981,579400
1309982,200000
1309987,0
1309989,782300
1309992,404500
1309994,310200
1310024,758500
1310035,0
1310052,250000
1310057,0
1310060,1142500
1310064,0
1310066,0
1310070,0
1310074,2031600
1310075,414500
1310078,1350000
1310083,433700
1310090,0
1310098,406500
1310103,0
1310107,285000
1310114,676200
1310116,822000
1310125,450000
1310133,725300
1310135,310000
1310139,0
1310140,275000
1310146,482600
1310157,1322000
1310164,315000
1310167,492000
1310169,0
1310171,0
1310174,350000
1310177,350000
1310178,704000
1310184,0
1310185,790000
1310190,0
1310193,0
1310207,385000
1310210,794300
1310220,550000
1310233,400000
1310237,160000
1310239,0
1310243,64500
1310248,0
1310253,0
1310268,466800
1310271,0
1310280,458500
1310281,416000
1310296,217500
1310303,381500
1310310,130000
1310324,290500
1310327,574000
1310337,200000
1310342,612700
1310348,438300
1310357,0
1310362,445900
1310364,432500
1310367,610000
1310368,0
1310371,168900
1310372,0
1310375,531500
1310377,574300
1310402,500000
1310406,400000
1310411,530000
1310412,0
1310413,496000
1310417,169400
1310418,635500
1310434,0
1310436,436500
1310444,385000
1310456,0
1310457,631500
1310459,0
1310461,500000
1310463,0
1310467,332500
1310472,52500
1310476,400000
1310484,484500
1310502,596000
1310506,500000
1310521,0
1310526,250000
1310532,450000
1310541,0
1310554,1066500
1310563,435500
1310567,400000
1310573,390600
1310578,0
1310580,120000
1310581,0
1310596,416600
1310599,1091100
1310600,415000
1310606,1800000
1310610,707000
1310612,0
1310617,1048500
1310621,298000
1310629,0
1310638,257500
1310641,320000
1310643,350000
1310646,327000
1310647,800000
1310649,457600
1310662,670000
1310663,14440000
1310666,0
1310669,280000
1310677,780700
1310681,3339800
1310685,396000
1310691,648000
1310696,211000
1310702,3250000
1310704,965000
1310712,570200
1310714,0
1310717,638000
1310721,0
1310727,0
1310731,528800
1310747,0
1310752,0
1310762,365000
1310763,350000
1310775,404500
1310778,200000
1310787,0
1310791,0
1310794,150000
1310814,0
1310815,360000
1310839,460800
1310844,0
1310850,350000
1310878,651100
1310890,400000
1310903,0
1310911,0
1310912,838800
1310921,7470000
1310938,458500
1310939,437500
1310955,260000
1310958,0
1310970,787600
1310978,1615000
1310979,300000
1310983,385000
1310985,400000
1310986,250000
1310989,400000
1311000,0
1311017,250000
1311025,300000
1311026,150000
1311031,1649500
1311036,150000
1311041,314700
1311063,625200
1311085,550000
1311102,0
1311128,336000
1311133,840000
1311142,0
1311146,0
1311157,0
1311158,35600
1311162,0
1311165,759500
1311169,494500
1311171,0
1311181,200000
1311185,1389400
1311192,400000
1311195,512200
1311204,0
1311209,331700
1311214,397000
1311218,600000
1311221,0
1311223,362500
1311224,526800
1311229,426200
1311230,150000
1311233,400000
1311234,150000
1311236,583300
1311238,150000
1311239,250000
1311248,600000
1311257,150000
1311259,1405000
1311269,142000
1311284,540000
1311289,0
1311290,480000
1311297,468000
1311299,791000
1311300,0
1311301,325000
1311306,0
1311309,150000
1311315,0
1311322,764000
1311325,881000
1311327,314700
1311345,0
1311350,600000
1311353,350000
1311365,700000
1311373,950000
1311374,0
1311376,0
1311380,449000
1311389,0
1311394,417500
1311395,367200
1311407,322000
1311411,400000
1311412,385100
1311413,488200
1311414,0
1311416,355000
1311418,0
1311419,35200
1311420,0
1311426,49000
1311427,800000
1311431,1022500
1311438,818800
1311447,712800
1311451,300000
1311452,350000
1311455,0
1311472,346500
1311476,1156700
1311487,400000
1311490,511500
1311491,0
1311492,63000
1311503,1150000
1311506,385000
1311508,0
1311509,500000
1311514,0
1311520,642000
1311531,0
1311536,0
1311543,0
1311549,500000
1311565,351500
1311572,0
1311573,0
1311583,0
1311595,340000
1311635,1355000
1311641,0
1311649,350000
1311651,377000
1311659,458500
1311661,406300
1311665,575000
1311667,727700
1311670,0
1311671,445000
1311676,423800
1311695,224500
1311707,0
1311709,900000
1311711,150000
1311716,350000
1311721,534000
1311722,0
1311727,110000
1311734,0
1311735,180000
1311741,0
1311743,1585400
1311744,406800
1311755,464400
1311761,150000
1311768,87500
1311773,150000
1311781,382500
1311785,481000
1311787,450000
1311788,150000
1311796,0
1311798,250000
1311801,463000
1311803,0
1311808,396900
1311818,419800
1311819,467500
1311820,250000
1311828,0
1311834,9527900
1311835,150000
1311837,650000
1311854,0
1311857,500000
1311858,400900
1311859,150000
1311860,500000
1311871,550000
1311881,400000
1311886,925900
1311887,0
1311897,0
1311900,984000
1311902,320000
1311908,0
1311929,886000
1311942,450000
1311945,200000
1311955,436400
1311957,0
1311959,850000
1311960,400000
1311963,150000
1311987,5523200
1311991,349400
1311992,0
1311998,400000
1311999,350000
1312003,659100
1312004,440000
1312009,473800
1312010,605000
1312012,0
1312014,529500
1312016,350000
1312017,0
1312026,776500
1312027,0
1312028,771800
1312035,400000
1312037,384100
1312040,324000
1312046,430200
1312051,0
1312058,386100
1312061,500000
1312069,800000
1312071,490000
1312074,400000
1312079,359600
1312089,0
1312102,0
1312111,445000
1312117,400000
1312119,677000
1312129,0
1312144,195000
1312150,200000
1312151,667800
1312152,768000
1312153,0
1312157,500000
1312162,0
1312163,0
1312168,950500
1312170,450000
1312172,0
1312182,0
1312183,658500
1312189,400000
1312190,628500
1312211,370000
1312216,816000
1312221,0
1312224,0
1312226,424300
1312233,315000
1312257,0
1312267,600000
1312271,260000
1312274,0
1312278,0
1312281,1134200
1312285,150000
1312296,390000
1312297,493600
1312299,0
1312306,487500
1312308,1067500
1312322,93000
1312331,150000
1312335,0
1312336,0
1312341,150000
1312351,1327200
1312353,661200
1312362,0
1312368,450000
1312378,0
1312381,400400
1312382,411600
1312383,0
1312392,400000
1312396,0
1312409,500000
1312420,663500
1312432,756600
1312435,408500
1312438,0
1312441,500000
1312445,0
1312448,1678800
1312450,556500
1312451,250000
1312463,500000
1312466,302500
1312470,450000
1312471,536600
1312486,1796000
1312495,400000
1312498,250000
1312504,500000
1312507,0
1312512,322500
1312517,646700
1312518,250000
1312523,800000
1312526,332600
1312552,0
1312553,500000
1312555,358300
1312563,0
1312564,150000
1312566,0
1312573,492400
1312577,472600
1312578,463000
1312584,2736200
1312586,115000
1312598,385000
1312602,456300
1312605,391000
1312611,0
1312615,500000
1312623,0
1312629,800000
1312630,389300
1312632,206000
1312638,0
1312641,645000
1312643,0
1312644,1361900
1312646,329800
1312651,400000
1312652,0
1312653,250000
1312657,0
1312658,200000
1312662,0
1312663,439800
1312665,314000
1312666,0
1312667,140000
1312672,120000
1312678,870700
1312681,1276000
1312685,1885100
1312691,698200
1312692,800000
1312693,984000
1312694,128000
1312695,1129500
1312700,600700
1312706,485500
1312715,388300
1312717,593400
1312719,136000
1312722,150000
1312723,1221500
1312724,592500
1312729,0
1312731,150000
1312732,400000
1312734,0
1312735,546200
1312741,0
1312743,150000
1312745,400000
1312748,550000
1312751,0
1312756,0
1312761,0
1312763,300000
1312770,536300
1312771,933400
1312775,0
1312779,599700
1312783,971200
1312788,115000
1312789,960500
1312797,400000
1312800,500000
1312808,0
1312811,800000
1312812,800000
1312814,0
1312817,400000
1312822,777600
1312823,400000
1312824,150000
1312831,136000
1312832,568900
1312836,1242400
1312837,400000
1312843,0
1312845,0
1312853,460300
1312855,500000
1312858,800000
1312871,0
1312872,800000
1312873,454000
1312877,995000
1312878,81000
1312879,1078000
1312882,954000
1312885,150000
1312890,0
1312901,568000
1312904,388500
1312910,961600
1312912,494700
1312913,0
1312921,0
1312925,120000
1312930,350000
1312933,550000
1312936,440500
1312937,0
1312938,857900
1312946,500000
1312951,400000
1312958,450900
1312959,0
1312960,614800
1312968,400000
1312971,0
1312978,150000
1312979,0
1312987,400000
1312994,0
1312998,614700
1312999,0
1313001,400000
1313007,440500
1313008,402900
1313016,445000
1313020,150000
1313021,400000
1313025,140000
1313032,385000
1313033,500000
1313039,120000
1313044,370000
1313046,472000
1313047,333400
1313050,150000
1313051,400000
1313055,481000
1313058,467500
1313065,400000
1313072,417000
1313076,0
1313079,500000
1313081,150000
1313089,618000
1313091,404500
1313092,550000
1313096,454000
1313097,350000
1313099,4472800
1313100,250000
1313101,159000
1313105,490000
1313112,392000
1313114,0
1313115,400000
1313117,0
1313121,594300
1313128,494700
1313134,972000
1313142,382400
1313146,38200
1313150,650000
1313154,627100
1313157,400000
1313160,400000
1313161,462500
1313164,600000
1313179,0
1313181,0
1313183,550000
1313190,400000
1313194,346200
1313202,584700
1313203,150000
1313208,164700
1313212,0
1313213,300000
1313214,150000
1313219,367700
1313220,378400
1313222,130000
1313223,391600
1313225,400000
1313228,439800
1313231,1654700
1313232,400000
1313235,600000
1313240,200000
1313241,460800
1313245,795000
1313248,573000
1313253,44000
1313254,150000
1313256,563500
1313258,778100
1313259,590500
1313261,332500
1313262,1119000
1313264,318500
1313267,592500
1313272,400000
1313283,614700
1313286,376000
1313292,0
1313294,447700
1313295,0
1313296,813800
1313297,140000
1313299,850000
1313300,200000
1313302,709000
1313303,584700
1313309,500000
1313314,332500
1313316,849700
1313317,400000
1313318,142000
1313320,499000
1313321,800000
1313326,687400
1313328,300000
1313332,601800
1313338,550000
1313339,150000
1313349,600000
1313352,644000
1313361,400000
1313368,0
1313377,0
1313378,171900
1313388,400000
1313392,378000
1313395,445000
1313398,356100
1313412,890700
1313414,459800
1313419,400000
1313424,749700
1313425,400000
1313427,0
1313428,339000
1313429,0
1313432,0
1313433,485500
1313442,500000
1313450,0
1313451,400000
1313456,0
1313459,481000
1313463,0
1313465,0
1313469,0
1313470,400000
1313472,584700
1313475,579800
1313476,904000
1313479,386200
1313482,1140000
1313496,446200
1313498,599500
1313500,800000
1313502,567500
1313504,197000
1313506,6100000
1313507,467500
1313511,416500
1313514,360000
1313517,0
1313521,494700
1313524,474300
1313528,400000
1313531,500000
1313534,0
1313537,150000
1313542,447200
1313544,365000
1313557,150000
1313574,0
1313575,0
1313577,327500
1313581,500000
1313584,634200
1313592,500000
1313594,8000
1313595,140000
1313600,378000
1313604,648000
1313607,500000
1313611,358800
1313618,584700
1313623,25000
1313624,536300
1313628,559000
1313637,496500
1313644,903900
1313655,511500
1313656,449500
1313661,550000
1313662,0
1313667,499900
1313669,467500
1313671,200000
1313672,400000
1313676,146200
1313688,472000
1313692,200000
1313693,0
1313698,2062000
1313703,400000
1313705,974200
1313709,355700
1313715,400000
1313720,500000
1313721,1811100
1313722,0
1313730,0
1313732,150000
1313734,1706300
1313739,150000
1313742,1021800
1313749,198400
1313750,550000
1313754,107500
1313756,400000
1313757,450000
1313760,1224000
1313761,385000
1313762,588000
1313763,550000
1313767,401500
1313770,392000
1313776,550000
1313777,500000
1313783,0
1313785,1082000
1313786,577000
1313791,400000
1313793,448000
1313803,900000
1313804,0
1313807,250000
1313815,1650000
1313818,432600
1313824,445000
1313825,0
1313833,454000
1313834,0
1313839,0
1313848,381500
1313852,400000
1313857,675800
1313864,150000
1313867,545000
1313869,400000
1313873,360500
1313875,355000
1313883,336000
1313898,0
1313913,300000
1313915,600000
1313918,325000
1313921,531500
1313935,0
1313943,487500
1313945,417500
1313946,467500
1313963,150000
1313966,481000
1313974,382100
1313982,400000
1313985,400000
1313996,450000
1313997,400000
1314000,522500
1314001,1600000
1314008,962000
1314009,1290000
1314011,499000
1314018,702100
1314019,350000
1314026,500000
1314027,561500
1314036,2637500
1314045,467500
1314046,120000
1314057,436100
1314058,375000
1314060,400000
1314061,0
1314065,400000
1314069,576100
1314071,423000
1314082,0
1314090,400000
1314099,150000
1314105,1267600
1314107,150000
1314108,550000
1314109,500000
1314121,150000
1314122,385800
1314126,448200
1314131,518000
1314133,485600
1314146,376300
1314150,440500
1314153,1063800
1314156,406500
1314157,500000
1314158,0
1314162,476500
1314165,575900
1314167,390500
1314172,0
1314179,1460700
1314184,643200
1314187,425500
1314189,390000
1314192,857000
1314204,0
1314206,369000
1314209,400000
1314211,450000
1314216,668000
1314219,0
1314222,396300
1314225,650000
1314227,476500
1314228,327300
1314229,570000
1314232,637000
1314233,444800
1314238,351800
1314241,500000
1314245,481000
1314249,496500
1314251,400000
1314258,0
1314261,0
1314263,472900
1314264,396300
1314266,600000
1314271,0
1314285,700000
1314307,595000
1314308,0
1314309,499900
1314317,505000
1314320,0
1314321,1709000
1314324,350000
1314330,200000
1314334,400000
1314348,357500
1314355,0
1314357,0
1314358,468700
1314359,350000
1314361,651500
1314362,500000
1314363,350000
1314364,684000
1314368,0
1314372,922500
1314373,450000
1314385,400000
1314388,200000
1314389,813600
1314392,620000
1314394,650000
1314398,500000
1314404,150000
1314417,400000
1314421,400000
1314422,396300
1314428,0
1314434,557500
1314436,790600
1314437,400000
1314441,0
1314445,0
1314449,350000
1314455,347000
1314456,420300
1314457,474300
1314458,315000
1314474,400000
1314485,457000
1314490,0
1314491,262500
1314494,0
1314503,535500
1314511,0
1314516,314000
1314517,481000
1314518,400000
1314520,446500
1314531,0
1314533,150000
1314534,343000
1314537,414000
1314538,0
1314539,467500
1314540,467500
1314542,100000
1314552,1200000
1314553,350000
1314558,148000
1314559,0
1314560,341300
1314561,456300
1314566,472000
1314572,563500
1314573,407300
1314575,500000
1314578,441300
1314586,863500
1314587,398300
1314588,400000
1314597,550000
1314601,483300
1314602,400000
1314605,0
1314609,25000
1314611,449700
1314618,0
1314624,769800
1314632,396300
1314636,400000
1314645,0
1314653,577500
1314658,400000
1314665,200000
1314668,0
1314673,396300
1314692,500000
1314697,0
1314701,507900
1314714,482500
1314715,552300
1314725,545500
1314729,563500
1314732,458400
1314744,1156800
1314746,0
1314750,400000
1314757,467500
1314760,678000
1314763,500000
1314764,150000
1314765,585500
1314769,915000
1314770,0
1314774,650500
1314785,902900
1314790,0
1314792,350000
1314794,346500
1314796,254500
1314800,1522500
1314805,422500
1314806,0
1314810,400000
1314813,809600
1314817,450000
1314818,484600
1314825,500000
1314826,416000
1314830,0
1314833,571700
1314836,350000
1314843,150000
1314844,0
1314849,400000
1314855,567500
1314856,300000
1314863,400000
1314870,350000
1314871,550000
1314876,150000
1314879,430200
1314880,980000
1314882,292000
1314883,400000
1314885,465300
1314895,500000
1314902,0
1314903,150000
1314907,467700
1314909,693400
1314920,400000
1314927,499000
1314928,385000
1314929,500000
1314932,400000
1314944,400000
1314946,500000
1314947,150000
1314948,206500
1314950,1904200
1314965,400000
1314968,0
1314976,0
1314979,400000
1314980,0
1314985,400000
1314987,417000
1314993,438000
1314994,398700
1315004,287000
1315009,794200
1315013,439600
1315018,374800
1315026,676800
1315030,387500
1315031,350000
1315033,536300
1315049,400000
1315052,142000
1315053,639000
1315054,952200
1315059,385000
1315066,150000
1315071,2274500
1315079,385000
1315081,150000
1315083,528000
1315096,339000
1315113,240000
1315120,400000
1315121,396300
1315127,0
1315128,0
1315130,1439900
1315131,450000
1315134,202000
1315143,0
1315144,24000
1315151,336000
1315156,0
1315162,0
1315163,1000000
1315166,294000
1315179,550000
1315181,614500
1315183,332500
1315190,763000
1315192,385000
1315193,795000
1315200,343000
1315205,250000
1315215,601800
1315216,400000
1315220,400000
1315221,909600
1315224,0
1315227,293000
1315230,410500
1315233,0
1315237,200000
1315246,337100
1315251,225000
1315252,415000
1315254,400000
1315256,463800
1315262,646500
1315264,500000
1315267,1314700
1315271,0
1315275,400000
1315281,400000
1315290,550000
1315296,0
1315298,53100
1315299,0
1315300,559000
1315307,407800
1315317,0
1315332,0
1315334,0
1315337,1459000
1315347,0
1315355,135000
1315357,341200
1315363,400000
1315373,0
1315375,2189900
1315381,393600
1315393,550000
1315403,800000
1315407,500000
1315412,316000
1315415,500000
1315419,1600000
1315425,0
1315427,400000
1315436,456700
1315439,489300
1315442,663500
1315446,157100
1315452,450000
1315453,0
1315455,120000
1315460,400000
1315462,400000
1315468,0
1315476,394200
1315488,500000
1315491,140000
1315492,485100
1315495,0
1315497,0
1315498,500000
1315503,0
1315505,0
1315516,400000
1315517,0
1315519,700000
1315522,591700
1315523,454000
1315524,650000
1315527,250000
1315532,429000
1315533,400000
1315544,769800
1315548,1370000
1315555,0
1315562,0
1315566,500000
1315568,518800
1315569,759000
1315584,376000
1315587,0
1315592,0
1315594,250000
1315597,760000
1315602,669000
1315613,456300
1315621,150000
1315623,484600
1315627,500000
1315631,350000
1315633,463000
1315656,0
1315658,823500
1315685,385000
1315686,0
1315687,341200
1315699,659000
1315701,850000
1315704,343000
1315706,463900
1315707,300000
1315710,0
1315716,369000
1315719,400000
1315722,350000
1315729,450400
1315738,392000
1315745,422000
1315746,791500
1315750,245400
1315757,766200
1315758,125000
1315759,0
1315764,397800
1315767,0
1315768,608400
1315774,430600
1315775,756600
1315776,481500
1315782,0
1315796,297500
1315799,616100
1315804,400000
1315805,488500
1315819,250000
1315834,179400
1315844,0
1315863,0
1315865,346500
1315867,0
1315877,612800
1315884,396300
1315885,130000
1315886,1097000
1315907,0
1315914,400000
1315918,0
1315936,400000
1315944,0
1315946,174700
1315951,0
1315958,600000
1315963,220000
1315965,443000
1315971,400000
1315982,339500
1315987,500000
1315994,140000
1315998,920000
1316011,839000
1316012,391600
1316015,1621100
1316017,383100
1316019,250000
1316022,536300
1316024,0
1316025,467500
1316030,150000
1316035,589600
1316037,0
1316039,0
1316043,460800
1316045,161500
1316047,500000
1316048,410500
1316052,346500
1316056,650000
1316060,488400
1316062,492300
1316063,417500
1316066,416500
1316068,350000
1316070,474300
1316071,400000
1316079,805200
1316080,436800
1316082,466600
1316084,0
1316095,150000
1316102,803300
1316105,505000
1316107,297500
1316110,57600
1316123,150000
1316126,667800
1316130,1379900
1316137,0
1316139,0
1316141,1306500
1316143,0
1316145,450000
1316146,400000
1316157,383000
1316159,406000
1316164,400000
1316165,365400
1316170,0
1316176,922000
1316180,330800
1316192,0
1316202,339500
1316209,150000
1316213,362400
1316223,770700
1316235,390500
1316239,150000
1316242,839000
1316244,529000
1316246,466500
1316255,249500
1316256,400400
1316272,577000
1316273,645700
1316275,600000
1316277,0
1316289,400000
1316291,0
1316295,420000
1316296,543300
1316298,472000
1316314,398300
1316324,0
1316331,0
1316341,454200
1316345,150000
1316349,381800
1316350,502500
1316351,0
1316357,500000
1316358,714000
1316360,800000
1316367,400000
1316371,400000
1316373,900000
1316374,695000
1316378,500000
1316380,450000
1316383,0
1316391,0
1316393,500000
1316394,360500
1316401,650000
1316404,481000
1316414,500000
1316419,322000
1316420,950800
1316421,0
1316426,400000
1316427,477400
1316429,0
1316432,0
1316434,0
1316436,430000
1316437,0
1316441,310000
1316446,700000
1316451,577000
1316452,150000
1316460,405500
1316461,150000
1316462,0
1316463,538300
1316470,900000
1316478,19600
1316480,0
1316482,511500
1316489,470000
1316492,400000
1316497,749500
1316504,0
1316507,500000
1316511,0
1316519,800000
1316520,350000
1316521,350000
1316527,631100
1316528,403500
1316546,1114000
1316549,400000
1316555,35200
1316567,0
1316568,400000
1316570,472000
1316571,400000
1316578,825600
1316580,0
1316584,3450300
1316586,0
1316587,373100
1316588,396400
1316590,563500
1316593,507000
1316597,400000
1316600,800000
1316603,500000
1316608,320000
1316620,400000
1316629,719000
1316632,0
1316634,0
1316635,954100
1316638,719200
1316641,0
1316642,0
1316650,422400
1316651,0
1316654,493600
1316661,635900
1316662,0
1316665,470000
1316675,0
1316676,0
1316677,335700
1316685,150000
1316687,590000
1316688,400000
1316689,369900
1316691,150000
1316695,392300
1316704,414000
1316705,800700
1316711,329000
1316716,550000
1316724,330500
1316736,350000
1316740,400000
1316742,0
1316744,436600
1316745,0
1316748,400000
1316751,685200
1316753,609000
1316756,0
1316758,0
1316760,0
1316770,150000
1316772,500000
1316775,541000
1316781,970400
1316783,542400
1316784,400000
1316787,400000
1316792,569300
1316796,713500
1316797,390000
1316808,0
1316824,0
1316837,640000
1316838,536300
1316841,433600
1316842,660100
1316843,430000
1316844,396500
1316851,0
1316854,508300
1316877,150000
1316881,150000
1316882,150000
1316883,400000
1316885,404800
1316887,429700
1316892,516000
1316899,150000
1316901,150000
1316911,2014600
1316923,0
1316927,1507300
1316928,150000
1316939,717900
1316943,150000
1316947,0
1316949,431300
1316960,0
1316965,400000
1316969,385500
1316983,400000
1316984,484500
1316986,0
1316987,62100
1316989,558400
1316990,563500
1316999,0
1317006,300000
1317012,0
1317014,0
1317015,150000
1317017,408500
1317021,1133300
1317022,0
1317025,250000
1317026,0
1317028,459400
1317030,0
1317036,0
1317039,400000
1317043,0
1317044,360500
1317053,481000
1317060,559000
1317062,438400
1317066,400000
1317068,441600
1317078,0
1317089,550000
1317090,1632000
1317095,150000
1317102,270000
1317109,0
1317119,500000
1317120,762000
1317129,473000
1317139,381500
1317142,0
1317144,0
1317146,329000
1317152,0
1317156,451100
1317160,484600
1317161,0
1317163,400000
1317173,800000
1317175,0
1317176,485500
1317177,615800
1317178,0
1317184,448600
1317185,430600
1317186,414000
1317188,290000
1317194,350000
1317204,0
1317207,0
1317209,545000
1317216,418000
1317218,588300
1317222,110000
1317223,577000
1317230,0
1317243,713500
1317244,594000
1317246,0
1317250,350000
1317261,1010500
1317266,1995000
1317268,422000
1317272,250000
1317284,400000
1317288,400000
1317291,260000
1317292,400000
1317295,400000
1317296,607700
1317298,0
1317301,400000
1317306,300000
1317308,150000
1317310,879800
1317315,550000
1317321,150000
1317330,330000
1317332,0
1317343,860500
1317344,108000
1317347,450000
1317355,400000
1317368,1644000
1317377,464700
1317379,0
1317385,400000
1317388,0
1317399,400000
1317408,400000
1317419,400000
1317423,0
1317425,288000
1317459,0
1317465,554000
1317470,540900
1317474,826800
1317478,500000
1317480,460800
1317493,500000
1317495,160000
1317497,3197400
1317503,1111000
1317505,0
1317507,400000
1317512,450000
1317513,0
1317514,150000
1317526,0
1317527,400000
1317530,105000
1317532,346500
1317533,0
1317538,400100
1317543,774300
1317545,985700
1317546,465300
1317549,395500
1317551,400000
1317552,400000
1317556,450000
1317562,500000
1317563,0
1317565,353000
1317568,400000
1317569,650000
1317571,0
1317575,810200
1317576,443700
1317577,644800
1317579,514400
1317580,0
1317583,650000
1317584,620000
1317604,820300
1317608,400000
1317613,481000
1317617,0
1317620,400000
1317623,315500
1317625,400000
1317631,500000
1317633,200000
1317640,490000
1317646,905700
1317647,481000
1317648,500000
1317656,650000
1317657,350000
1317679,406500
1317681,500000
1317682,377500
1317683,342500
1317685,481000
1317696,610000
1317697,591000
1317701,500000
1317703,462000
1317713,350000
1317716,0
1317723,500000
1317731,361500
1317734,350000
1317739,550000
1317740,332500
1317744,757900
1317746,400000
1317750,0
1317752,173400
1317766,428000
1317770,400000
1317772,1154700
1317777,658600
1317786,550000
1317795,0
1317803,428000
1317808,0
1317809,386000
1317811,1186500
1317816,445900
1317836,2329000
1317838,500000
1317859,250000
1317862,1100000
1317864,0
1317868,854000
1317870,800000
1317876,434200
1317877,468000
1317879,329000
1317883,935000
1317888,428000
1317896,0
1317898,474300
1317900,0
1317903,348300
1317905,768100
1317907,350000
1317908,479500
1317909,353400
1317919,0
1317923,700900
1317930,629500
1317931,138900
1317933,400000
1317941,713500
1317944,498000
1317947,0
1317948,0
1317949,1009000
1317952,579500
1317956,467500
1317965,0
1317969,185000
1317973,428000
1317975,559000
1317980,400000
1317983,536300
1317986,445800
1317991,0
1317993,428000
1318002,380200
1318017,72000
1318026,500000
1318037,700000
1318039,150000
1318040,717500
1318041,329000
1318043,459400
1318049,500000
1318056,493600
1318057,0
1318058,150000
1318059,600000
1318066,5005800
1318073,1281000
1318074,350000
1318075,0
1318080,487300
1318081,520000
1318083,1894400
1318085,308000
1318087,357000
1318091,0
1318098,600000
1318100,0
1318109,0
1318111,500000
1318112,200000
1318115,0
1318119,476500
1318125,0
1318126,498500
1318132,600000
1318134,0
1318135,0
1318142,400000
1318143,610000
1318146,562000
1318148,0
1318149,0
1318163,1458900
1318166,350000
1318180,469800
1318182,509500
1318186,0
1318216,0
1318219,585000
1318230,817800
1318233,463000
1318235,0
1318236,345500
1318245,514800
1318248,543000
1318249,350000
1318254,0
1318255,404000
1318265,150000
1318267,467500
1318272,0
1318276,0
1318279,400000
1318282,150000
1318283,400000
1318287,453100
1318294,434000
1318296,450000
1318315,0
1318316,500000
1318318,400000
1318322,550000
1318326,609800
1318331,0
1318332,0
1318335,0
1318342,1974000
1318347,0
1318348,200000
1318353,250000
1318364,650000
1318373,297500
1318381,490000
1318387,713300
1318388,0
1318396,1449900
1318401,140000
1318403,145500
1318406,796800
1318410,374900
1318418,1381500
1318420,250000
1318423,400000
1318430,0
1318434,350000
1318439,1008500
1318440,0
1318448,482000
1318449,5458700
1318453,0
1318465,413000
1318473,0
1318477,125000
1318480,400000
1318483,0
1318488,0
1318492,829300
1318493,550000
1318497,472000
1318511,369000
1318518,300000
1318519,438300
1318523,0
1318524,406500
1318531,400000
1318536,307300
1318551,575500
1318566,3021200
1318575,250000
1318576,400000
1318577,650000
1318580,424500
1318615,0
1318618,0
1318619,250000
1318633,647500
1318644,125000
1318646,150000
1318648,514100
1318654,135000
1318657,621000
1318660,573500
1318662,805400
1318673,300000
1318675,563200
1318679,0
1318683,440000
1318697,0
1318699,756500
1318700,150000
1318701,359400
1318705,1422500
1318717,458500
1318722,379400
1318730,953000
1318732,478300
1318740,733000
1318745,400000
1318746,180000
1318748,0
1318759,400000
1318760,362300
1318766,870000
1318770,400000
1318771,901500
1318773,500000
1318776,391400
1318778,354800
1318780,0
1318783,150000
1318785,400000
1318786,0
1318788,1345000
1318793,1070000
1318801,381500
1318803,0
1318805,339800
1318807,510000
1318815,611600
1318818,400000
1318820,400000
1318821,530000
1318829,493600
1318835,579500
1318844,500000
1318848,450000
1318851,80000
1318853,563500
1318854,550000
1318860,500000
1318873,464600
1318882,346500
1318883,0
1318888,491000
1318896,200000
1318897,0
1318899,325400
1318911,0
1318914,733000
1318916,0
1318920,150000
1318926,0
1318932,400000
1318948,0
1318954,0
1318957,599500
1318960,382500
1318963,0
1318966,0
1318967,400000
1318978,400000
1318981,0
1318986,540000
1318987,840500
1318993,248000
1318997,0
1318998,150000
1319003,254000
1319010,922500
1319015,591000
1319023,188000
1319029,600000
1319034,718000
1319040,484600
1319043,424200
1319045,400000
1319046,1722500
1319051,355500
1319052,276000
1319066,652500
1319067,150000
1319079,12283500
1319086,5251700
1319091,336000
1319106,1042700
1319112,365000
1319113,753500
1319119,294000
1319122,140000
1319126,288000
1319127,464300
1319129,0
1319160,400000
1319162,550000
1319179,430200
1319181,0
1319189,1433000
1319198,660000
1319210,400000
1319219,400000
1319241,250000
1319251,395100
1319263,250000
1319267,2955000
1319278,2294500
1319297,0
1319322,418000
1319323,350000
1319328,632900
1319329,750500
1319330,315000
1319336,398800
1319337,363300
1319344,400000
1319345,0
1319358,0
1319362,400000
1319380,0
1319381,466600
1319395,250000
1319401,505500
1319406,426500
1319415,600000
1319421,0
1319433,210000
1319435,297500
1319452,200000
1319453,559000
1319456,648300
1319463,0
1319464,445000
1319469,720800
1319478,315000
1319493,250000
1319501,400000
1319504,0
1319506,400000
1319507,250000
1319509,430000
1319514,0
1319515,200000
1319522,350000
1319542,747000
1319551,385300
1319553,700000
1319557,0
1319563,360500
1319576,0
1319577,0
1319581,0
1319583,510000
1319588,873000
1319599,350000
1319600,350000
1319606,150000
1319610,95500
1319612,150000
1319615,250000
1319623,150000
1319631,891000
1319633,1050000
1319634,789000
1319642,150000
1319646,409100
1319651,513200
1319652,2039500
1319653,250000
1319657,0
1319658,563500
1319660,454000
1319669,580000
1319671,400000
1319684,400000
1319686,2435300
1319688,400000
1319693,244300
1319696,660000
1319697,559000
1319709,420200
1319712,406500
1319713,2042300
1319721,400000
1319723,300000
1319736,0
1319738,0
1319739,567100
1319744,1100800
1319748,350000
1319750,556000
1319763,0
1319766,370500
1319773,323000
1319779,606900
1319795,1593000
1319796,0
1319800,0
1319801,574800
1319814,462500
1319825,206400
1319828,469800
1319835,500000
1319838,336500
1319844,0
1319845,0
1319847,465300
1319848,400000
1319853,480900
1319856,150000
1319859,2412500
1319861,544000
1319886,1181400
1319888,450400
1319896,400000
1319898,400000
1319900,300000
1319907,365000
1319913,0
1319917,427500
1319920,250000
1319922,739000
1319926,388500
1319941,550000
1319943,250000
1319950,250000
1319955,728500
1319956,500000
1319962,165000
1319963,0
1319967,73000
1319971,400000
1319981,586100
1319989,12303400
1320004,400000
1320020,0
1320024,0
1320031,0
1320035,250000
1320037,550000
1320046,500000
1320047,425500
1320050,405000
1320060,305000
1320061,0
1320066,278500
1320070,0
1320072,310100
1320075,411700
1320082,0
1320090,365000
1320098,180000
1320099,464000
1320111,0
1320114,0
1320118,400000
1320121,439000
1320124,730000
1320125,428000
1320126,865000
1320136,380000
1320137,0
1320143,630000
1320154,0
1320170,0
1320171,250000
1320173,150000
1320182,400000
1320183,400000
1320192,0
1320194,0
1320197,650000
1320202,150000
1320210,624900
1320214,386500
1320215,400000
1320223,250000
1320224,0
1320229,0
1320231,200000
1320233,400000
1320240,300000
1320249,546700
1320252,441400
1320257,750000
1320276,597900
1320277,250000
1320283,0
1320286,136300
1320288,359600
1320293,630000
1320294,0
1320298,500000
1320308,250000
1320319,461700
1320324,450000
1320332,0
1320339,400000
1320341,0
1320344,0
1320350,763300
1320351,405000
1320353,4819000
1320358,622900
1320362,0
1320366,400000
1320376,651800
1320378,1434000
1320379,500000
1320397,550000
1320399,150000
1320400,463900
1320419,500000
1320425,1369400
1320428,417500
1320434,0
1320445,379300
1320460,0
1320467,400000
1320475,0
1320498,0
1320502,97500
1320503,470000
1320517,947500
1320525,422000
1320534,1221900
1320535,450000
1320544,400000
1320555,37500
1320560,481000
1320562,450000
1320565,600000
1320582,135000
1320588,2066400
1320591,500000
1320603,450000
1320606,685100
1320607,250000
1320615,597000
1320616,447600
1320626,900000
1320628,0
1320629,237000
1320635,39000
1320640,456300
1320645,0
1320667,650000
1320673,450000
1320690,150000
1320693,700000
1320695,0
1320702,250000
1320712,186800
1320726,0
1320739,1173500
1320742,150000
1320752,0
1320757,250000
1320767,3295000
1320782,1412600
1320789,1174100
1320791,250000
1320794,0
1320797,0
1320828,3300000
1320852,450000
1320856,350000
1320860,428400
1320864,337100
1320865,294000
1320870,334300
1320889,660500
1320910,0
1320917,0
1320926,250000
1320933,250000
1320935,877000
1320937,318500
1320941,160000
1320945,439600
1320950,661200
1320967,198900
1320972,55000
1320974,350000
1320983,1155000
1320986,0
1320991,507300
1321004,0
1321007,397500
1321016,381600
1321027,450000
1321038,0
1321044,0
1321052,536300
1321057,600000
1321063,0
1321064,500000
1321065,0
1321066,500000
1321067,150000
1321126,347800
1321128,568000
1321130,17600
1321133,0
1321141,355600
1321143,975500
1321148,0
1321152,0
1321159,360000
1321160,250000
1321176,0
1321181,421500
1321184,0
1321206,150000
1321218,1015000
1321220,1696900
1321244,200000
1321264,364500
1321284,561000
1321288,1500000
1321299,0
1321300,785000
1321310,305500
1321316,330800
1321318,5713400
1321320,0
1321336,0
1321353,0
1321365,250000
1321384,275000
1321391,135000
1321402,0
1321414,692600
1321418,0
1321420,451000
1321421,150000
1321424,0
1321440,450000
1321446,0
1321455,400000
1321469,550000
1321479,450000
1321480,500000
1321485,400000
1321488,1548200
1321503,250000
1321511,631300
1321524,417500
1321528,473800
1321530,870800
1321533,480000
1321542,452200
1321545,2000000
1321562,450400
1321578,150000
1321585,500000
1321596,0
1321600,430000
1321612,0
1321620,80000
1321621,0
1321632,0
1321642,449600
1321649,250000
1321651,813500
1321658,200000
1321663,451000
1321680,0
1321684,472000
1321687,478800
1321694,486000
1321697,500000
1321707,520000
1321729,464800
1321736,250000
1321755,484600
1321763,400000
1321766,250000
1321773,0
1321776,479300
1321781,0
1321783,432300
1321789,707500
1321795,0
1321797,0
1321804,135000
1321807,0
1321809,0
1321814,0
1321821,400000
1321823,350000
1321842,250000
1321849,0
1321856,0
1321859,0
1321862,150000
1321863,225000
1321864,500000
1321870,682500
1321872,400000
1321875,2875300
1321879,0
1321896,460800
1321903,346500
1321920,302500
1321928,219000
1321938,385000
1321945,1276100
1321951,400000
1321979,550000
1321980,0
1321985,0
1321991,360000
1322010,834500
1322015,3696000
1322025,400000
1322029,465300
1322030,0
1322046,343000
1322052,574500
1322056,0
1322057,150000
1322058,0
1322062,676100
1322067,975000
1322070,400000
1322078,735300
1322082,1287000
1322083,600000
1322084,0
1322095,484700
1322097,599000
1322105,364100
1322107,761900
1322112,152500
1322117,631900
1322118,476500
1322124,350000
1322129,400000
1322139,283500
1322148,1133900
1322158,590000
1322161,380000
1322173,400000
1322178,665000
1322181,396000
1322185,447300
1322186,375000
1322188,277900
1322224,536300
1322232,322000
1322233,0
1322234,1157500
1322249,898500
1322251,0
1322254,651500
1322256,450400
1322257,250000
1322258,0
1322259,1587100
1322264,510000
1322266,437900
1322268,400000
1322269,0
1322270,0
1322271,909000
1322275,404800
1322280,0
1322281,1060000
1322285,386500
1322291,8181300
1322294,368500
1322299,368300
1322307,0
1322312,500000
1322314,432500
1322315,150000
1322318,447500
1322324,465300
1322326,0
1322330,536300
1322333,870700
1322336,0
1322341,450900
1322342,0
1322344,393000
1322346,1500000
1322347,417500
1322358,97500
1322360,350000
1322363,0
1322366,400000
1322369,0
1322375,347700
1322376,490000
1322379,730400
1322382,0
1322383,550000
1322391,426000
1322392,150000
1322394,0
1322395,0
1322401,0
1322418,0
1322419,524600
1322426,850000
1322427,465300
1322429,450000
1322431,467500
1322432,400000
1322435,0
1322438,0
1322439,0
1322442,0
1322444,1741500
1322445,0
1322449,301000
1322450,0
1322452,507000
1322453,376000
1322454,3863900
1322455,0
1322456,492300
1322458,1102500
1322459,175000
1322468,0
1322471,493000
1322472,372200
1322491,430000
1322495,454100
1322512,1230000
1322513,550000
1322519,700000
1322532,350000
1322538,0
1322540,400000
1322549,0
1322550,300000
1322554,709500
1322559,0
1322561,725000
1322567,0
1322571,567500
1322573,288000
1322578,0
1322581,0
1322583,600000
1322585,450000
1322589,250000
1322592,500000
1322601,563500
1322603,517600
1322619,470000
1322622,394300
1322623,455800
1322626,0
1322628,476000
1322630,388600
1322631,447300
1322632,500000
1322641,350000
1322642,400000
1322644,500000
1322656,1032500
1322677,439200
1322679,775000
1322680,297500
1322691,0
1322700,274200
1322703,0
1322708,467500
1322723,400000
1322734,668000
1322736,1066400
1322737,0
1322741,500000
1322744,686300
1322749,250000
1322757,650000
1322759,0
1322768,0
1322770,1765800
1322772,949000
1322775,0
1322776,1059000
1322781,4573500
1322790,0
1322805,0
1322806,400000
1322815,812000
1322817,350000
1322818,460800
1322822,400000
1322824,722000
1322831,440500
1322836,445500
1322845,0
1322846,500000
1322850,949600
1322853,708400
1322855,0
1322857,635800
1322862,450000
1322865,3021600
1322872,1220000
1322874,315000
1322877,0
1322886,1036800
1322902,256000
1322904,449500
1322914,481000
1322925,0
1322926,0
1322942,0
1322943,0
1322946,437900
1322950,0
1322954,492300
1322958,810000
1322962,453100
1322965,160000
1322966,400000
1322970,0
1322972,0
1322984,368300
1322987,130000
1322988,440500
1322990,315000
1322993,400000
1322998,0
1323001,1617500
1323003,444300
1323015,500000
1323022,571200
1323032,355700
1323034,400000
1323037,454000
1323047,7500
1323050,0
1323062,425600
1323063,638400
1323065,396000
1323071,443300
1323073,395900
1323076,0
1323078,457600
1323081,0
1323082,400000
1323097,0
1323098,0
1323103,472000
1323105,2017700
1323108,448600
1323115,444100
1323116,400000
1323119,0
1323122,610000
1323123,335000
1323125,325000
1323126,200000
1323128,644300
1323134,300000
1323135,350000
1323136,400000
1323140,515000
1323141,569600
1323143,270000
1323146,0
1323148,588000
1323149,463000
1323156,550000
1323160,150000
1323163,550000
1323168,350000
1323169,500000
1323179,0
1323187,642500
1323191,1767500
1323193,0
1323196,362000
1323199,450000
1323205,0
1323206,315000
1323210,400000
1323211,449500
1323212,609000
1323220,498700
1323221,378800
1323229,0
1323244,0
1323249,550000
1323252,0
1323258,933200
1323262,150000
1323270,56000
1323272,500000
1323279,0
1323280,0
1323288,1036500
1323298,0
1323303,650000
1323304,500000
1323309,750000
1323320,1329000
1323321,347500
1323322,556200
1323324,0
1323328,290000
1323337,500000
1323342,397500
1323345,250000
1323362,0
1323371,772200
1323383,559000
1323386,881700
1323389,458500
1323393,51000
1323394,510000
1323398,481900
1323399,0
1323403,551000
1323406,500000
1323410,177000
1323418,500000
1323424,400000
1323432,500000
1323439,599500
1323442,1027000
1323451,1376600
1323455,351000
1323462,414300
1323471,1403100
1323475,200000
1323477,577000
1323479,500000
1323490,431000
1323496,408000
1323497,1528600
1323510,460600
1323514,434500
1323516,170300
1323520,586000
1323522,350000
1323530,449500
1323533,0
1323534,400000
1323544,425600
1323551,651800
1323553,422000
1323559,614700
1323564,389500
1323567,400000
1323572,0
1323575,400000
1323577,413000
1323578,663000
1323582,500000
1323585,552500
1323592,450400
1323595,1064000
1323602,560000
1323611,600000
1323613,500000
1323635,921400
1323636,479800
1323637,350000
1323642,250000
1323645,0
1323650,247000
1323658,150000
1323663,415800
1323665,500000
1323668,0
1323674,563500
1323676,400000
1323677,619800
1323680,559000
1323684,445000
1323704,472900
1323706,0
1323707,500000
1323729,649600
1323730,500000
1323731,800000
1323732,0
1323733,1037800
1323734,500000
1323735,250000
1323737,250000
1323738,400000
1323739,718000
1323741,584700
1323746,568000
1323749,400000
1323752,0
1323759,400100
1323769,0
1323772,472000
1323773,315500
1323778,1191000
1323785,550000
1323786,0
1323788,0
1323789,500000
1323793,0
1323798,435000
1323800,131000
1323801,280000
1323802,0
1323805,458500
1323807,448400
1323811,400000
1323819,514000
1323822,640000
1323823,400000
1323826,203500
1323834,378000
1323838,550000
1323841,720000
1323854,0
1323857,508000
1323865,414000
1323868,836500
1323870,755300
1323873,467500
1323874,743500
1323875,0
1323878,306300
1323879,463000
1323884,490000
1323890,1675400
1323893,499000
1323896,140000
1323897,0
1323899,431300
1323902,0
1323903,394800
1323906,0
1323910,400000
1323911,485500
1323912,0
1323916,350000
1323917,1362500
1323918,0
1323920,297500
1323925,401800
1323928,0
1323933,474300
1323934,687400
1323946,349300
1323955,0
1323959,250000
1323961,821000
1323966,400000
1323969,400000
1323974,650000
1323980,485000
1323983,542500
1323985,450000
1323988,417000
1323993,0
1323996,550000
1324001,756500
1324023,339000
1324028,640000
1324036,2867200
1324039,281100
1324040,500000
1324041,530100
1324048,600000
1324052,520000
1324059,0
1324060,417000
1324065,445000
1324069,0
1324070,0
1324071,888300
1324072,0
1324083,744900
1324094,315000
1324095,0
1324113,0
1324114,350000
1324115,7145400
1324136,550000
1324142,416100
1324144,550000
1324147,554000
1324158,1286500
1324159,315000
1324166,500000
1324169,488500
1324173,0
1324174,344700
1324183,410000
1324184,550000
1324191,308000
1324196,366300
1324201,286900
1324202,439000
1324203,0
1324204,489200
1324205,350000
1324207,563100
1324208,880000
1324209,350000
1324210,550000
1324212,1360000
1324214,0
1324231,350200
1324242,372500
1324245,491000
1324248,315000
1324250,326000
1324259,674700
1324265,519400
1324277,250000
1324278,833300
1324285,0
1324288,150000
1324289,469300
1324293,643600
1324296,350000
1324297,270000
1324301,0
1324308,0
1324317,416500
1324330,0
1324332,1073500
1324336,550000
1324340,770100
1324346,0
1324347,400000
1324350,0
1324354,500000
1324355,499300
1324362,590000
1324363,400000
1324374,150000
1324378,552000
1324381,690000
1324384,500000
1324385,480000
1324389,550000
1324396,385000
1324399,0
1324401,496800
1324402,360500
1324403,150000
1324404,345000
1324405,360000
1324408,875700
1324415,628000
1324424,443500
1324425,500000
1324426,450000
1324433,250000
1324438,0
1324440,300000
1324441,657000
1324442,650000
1324444,1027800
1324447,470000
1324448,400000
1324450,87100
1324457,500000
1324461,336000
1324463,489100
1324464,4137400
1324469,0
1324476,140000
1324479,0
1324481,461500
1324488,1771400
1324491,0
1324494,364500
1324508,358500
1324510,430900
1324512,600000
1324516,400000
1324521,0
1324526,373800
1324529,500000
1324532,360000
1324535,0
1324540,340300
1324547,500000
1324554,400000
1324558,300000
1324563,390000
1324565,150000
1324570,500000
1324573,435500
1324574,1463400
1324577,341700
1324578,339300
1324582,400000
1324600,400000
1324602,500000
1324610,0
1324616,422000
1324627,161600
1324631,400000
1324632,512300
1324634,469800
1324639,369400
1324641,617500
1324642,350000
1324647,426700
1324665,476500
1324667,329000
1324675,0
1324679,400000
1324683,150000
1324692,400000
1324701,400000
1324702,389500
1324709,500000
1324716,0
1324722,686000
1324725,0
1324734,500000
1324739,626700
1324745,868500
1324754,0
1324765,0
1324766,433600
1324770,400000
1324776,0
1324787,250000
1324791,0
1324794,386500
1324795,861300
1324797,250000
1324802,299300
1324804,0
1324806,1116000
1324814,552700
1324828,323900
1324831,315000
1324844,500000
1324846,125000
1324848,0
1324854,0
1324859,400000
1324866,657600
1324869,391300
1324888,300000
1324893,400000
1324894,0
1324895,470200
1324896,669000
1324900,1679000
1324903,1443600
1324912,448600
1324913,2507500
1324914,505000
1324918,0
1324923,400000
1324924,400000
1324941,0
1324946,341000
1324954,400000
1324956,400000
1324958,732500
1324963,521600
1324969,0
1324985,350000
1324991,600000
1324995,481000
1325015,150000
1325022,1180600
1325028,100000
1325031,0
1325042,0
1325049,467500
1325057,1152900
1325063,521000
1325066,400000
1325067,195000
1325069,754000
1325070,1000000
1325074,516600
1325078,400000
1325083,1125100
1325097,290000
1325100,646200
1325113,474300
1325119,496000
1325128,169500
1325140,145400
1325147,550000
1325151,400000
1325156,0
1325157,399100
1325158,888300
1325159,350000
1325164,381300
1325168,563300
1325170,0
1325177,350000
1325181,400000
1325185,229500
1325194,400000
1325199,467500
1325200,0
1325211,466900
1325218,400000
1325219,0
1325223,0
1325228,119700
1325242,0
1325249,318500
1325252,0
1325253,726300
1325258,430100
1325262,140000
1325263,543800
1325265,0
1325269,484300
1325274,1479000
1325278,417500
1325295,334000
1325298,150000
1325303,463500
1325306,478800
1325308,400000
1325309,442000
1325312,1471000
1325314,150000
1325316,407100
1325317,500000
1325318,0
1325321,400000
1325327,476500
1325337,468700
1325338,675000
1325344,853000
1325355,0
1325361,130000
1325370,472000
1325373,0
1325377,438300
1325380,496300
1325382,397000
1325385,150000
1325386,0
1325392,563500
1325393,250000
1325397,800000
1325398,597300
1325416,400000
1325417,0
1325420,400000
1325431,650000
1325444,650000
1325445,400000
1325447,329000
1325456,445000
1325462,599000
1325463,500000
1325473,0
1325479,400000
1325483,416600
1325493,536300
1325497,741500
1325502,455400
1325505,0
1325507,579500
1325517,385000
1325522,0
1325524,400000
1325527,400000
1325536,431500
1325545,250000
1325551,0
1325552,1588600
1325558,180000
1325562,535700
1325573,0
1325576,423000
1325577,435600
1325588,592500
1325593,500000
1325596,500000
1325597,120000
1325598,946200
1325601,929700
1325608,350000
1325615,380500
1325616,0
1325625,300000
1325629,1110000
1325630,748000
1325631,150000
1325635,0
1325636,125900
1325644,1620500
1325656,1189500
1325657,217000
1325664,500000
1325665,400000
1325674,150000
1325676,648000
1325677,550000
1325681,550000
1325688,0
1325690,516200
1325696,412200
1325697,375800
1325700,767400
1325711,0
1325718,795000
1325719,0
1325720,0
1325721,824700
1325723,441000
1325726,473800
1325728,718000
1325730,200000
1325732,0
1325735,0
1325746,467500
1325747,0
1325758,676800
1325760,47300
1325762,975300
1325766,631900
1325769,0
1325784,1119000
1325788,480000
1325791,550000
1325797,500000
1325798,843000
1325802,0
1325803,400000
1325804,578800
1325813,631000
1325822,0
1325823,327700
1325826,0
1325833,400000
1325835,378900
1325838,0
1325847,400000
1325848,900000
1325854,0
1325855,0
1325857,1150000
1325864,550000
1325865,400000
1325869,980000
1325871,854000
1325884,257400
1325887,332500
1325888,8451000
1325889,1293300
1325898,464800
1325900,0
1325903,520000
1325907,0
1325912,490000
1325919,464400
1325923,400000
1325926,0
1325929,2003500
1325932,767500
1325938,0
1325940,400000
1325945,469800
1325951,332500
1325953,400000
1325955,150000
1325965,483300
1325970,4843000
1325971,428800
1325985,842000
1325986,0
1325988,649100
1325993,150000
1325998,400000
1325999,330800
1326002,150000
1326010,400000
1326013,400000
1326014,397000
1326015,607000
1326017,626500
1326018,0
1326019,421400
1326023,343900
1326026,450000
1326032,1733900
1326033,1032300
1326037,434000
1326044,500000
1326045,400000
1326047,561000
1326053,0
1326054,400000
1326056,414000
1326058,150000
1326060,219800
1326062,0
1326064,2664800
1326065,1205900
1326075,385000
1326082,0
1326083,0
1326090,739000
1326097,429300
1326099,1035500
1326103,383000
1326120,400000
1326122,0
1326124,850000
1326125,429300
1326126,469800
1326134,500000
1326139,1000000
1326145,308400
1326153,400000
1326155,305000
1326165,398900
1326168,400000
1326170,794500
1326172,329000
1326173,0
1326179,593500
1326186,365000
1326187,0
1326190,0
1326193,676800
1326200,0
1326204,771000
1326210,1275000
1326216,400000
1326219,790100
1326234,803300
1326235,376500
1326237,0
1326242,400000
1326245,550000
1326251,0
1326253,400000
1326256,480900
1326264,0
1326276,448000
1326287,1318200
1326288,452500
1326292,150000
1326293,329000
1326297,420700
1326298,614000
1326299,0
1326312,150000
1326329,524700
1326330,500000
1326331,404000
1326333,450000
1326334,400000
1326341,490000
1326342,413000
1326343,0
1326348,400000
1326349,500000
1326351,758700
1326357,772500
1326359,395600
1326374,0
1326381,449500
1326382,500000
1326385,1250000
1326389,519800
1326391,350000
1326401,400000
1326405,350000
1326406,400000
1326409,150000
1326412,436100
1326423,316800
1326427,329000
1326430,400000
1326452,592800
1326453,290000
1326472,439600
1326477,413600
1326479,400000
1326486,346500
1326488,476500
1326489,441400
1326493,0
1326499,985000
1326500,150000
1326509,455400
1326513,400000
1326517,150000
1326518,0
1326520,450400
1326522,346500
1326534,150000
1326543,0
1326544,150000
1326555,0
1326563,599500
1326570,790000
1326571,329500
1326584,353800
1326596,432000
1326599,597900
1326602,900000
1326619,500000
1326622,297800
1326623,941400
1326624,413500
1326626,400000
1326637,1362000
1326639,565300
1326643,389000
1326646,469700
1326647,952500
1326658,703000
1326668,400000
1326669,0
1326671,1400000
1326672,0
1326675,500000
1326678,2690400
1326684,0
1326696,150000
1326700,1150000
1326702,450200
1326703,270000
1326711,139000
1326715,458500
1326716,0
1326725,1027300
1326726,550000
1326732,444800
1326733,0
1326734,389000
1326748,741500
1326749,250000
1326754,413000
1326755,0
1326757,359600
1326758,492700
1326761,614800
1326768,0
1326770,467500
1326775,959700
1326780,681500
1326783,800000
1326787,1413700
1326791,430300
1326793,361500
1326799,0
1326800,500000
1326804,406300
1326818,549200
1326820,456300
1326823,150000
1326824,437500
1326826,339500
1326835,0
1326839,150000
1326858,0
1326860,500000
1326868,485500
1326870,0
1326878,358500
1326881,1115500
1326888,400000
1326890,450000
1326893,400000
1326896,400000
1326902,150000
1326908,150000
1326910,467500
1326911,469800
1326912,561500
1326916,0
1326919,486000
1326923,754700
1326926,180000
1326934,400000
1326936,439500
1326942,0
1326944,450000
1326946,639100
1326949,0
1326951,464400
1326953,0
1326959,722500
1326964,0
1326966,689500
1326967,0
1326970,582500
1326971,399000
1326983,447000
1326991,0
1326993,564900
1327004,400000
1327007,1600000
1327011,1144700
1327013,986300
1327015,821500
1327016,594100
1327021,0
1327032,630000
1327035,382000
1327036,400000
1327037,490000
1327039,800000
1327040,400000
1327041,770000
1327043,560000
1327044,400000
1327055,0
1327059,0
1327066,586000
1327072,0
1327073,150000
1327076,400000
1327079,2651200
1327080,379000
1327082,737900
1327083,565300
1327084,722600
1327085,1553000
1327100,400000
1327104,1400000
1327105,640800
1327109,150000
1327110,0
1327111,400000
1327119,567000
1327123,0
1327125,691800
1327127,200000
1327130,400000
1327131,250000
1327137,722500
1327138,864600
1327139,378000
1327140,49000
1327146,0
1327151,400000
1327156,493600
1327165,450000
1327168,400000
1327174,1343900
1327175,0
1327183,561500
1327185,489000
1327199,750400
1327210,0
1327222,0
1327223,297200
1327249,400000
1327254,0
1327256,367300
1327259,778000
1327294,1537000
1327316,577000
1327328,475600
1327329,332500
1327338,1209000
1327353,690000
1327354,2343600
1327358,400000
1327369,0
1327378,699300
1327387,731500
1327399,2887000
1327402,500000
1327403,150000
1327404,722500
1327407,494500
1327411,707500
1327412,382000
1327414,476500
1327415,945300
1327416,2000000
1327421,400000
1327423,433000
1327424,400000
1327431,695100
1327432,377100
1327434,1690000
1327437,0
1327439,500000
1327440,0
1327442,400000
1327443,863000
1327444,150000
1327446,0
1327448,950000
1327457,536300
1327458,1128000
1327460,105000
1327467,311900
1327475,280200
1327476,0
1327481,350000
1327484,0
1327486,0
1327492,600000
1327493,962800
1327508,2000000
1327533,1947000
1327534,0
1327549,500000
1327557,332500
1327567,792400
1327575,0
1327577,472000
1327578,500000
1327579,0
1327584,283500
1327585,552300
1327588,724000
1327589,771500
1327590,428500
1327591,0
1327592,0
1327595,400000
1327596,1197600
1327599,400000
1327602,751600
1327603,580600
1327605,369000
1327609,771200
1327611,150000
1327620,421000
1327622,0
1327624,1424600
1327630,1087000
1327633,400000
1327635,438100
1327643,400000
1327657,0
1327660,400000
1327664,298000
1327669,735000
1327680,800000
1327681,471600
1327692,400000
1327699,0
1327703,400000
1327705,0
1327713,400000
1327715,382500
1327720,0
1327727,473400
1327728,400000
1327736,565300
1327739,815300
1327741,550000
1327742,394300
1327751,378300
1327753,0
1327754,556000
1327755,219000
1327756,2127600
1327764,315000
1327774,150000
1327775,628000
1327778,0
1327781,350000
1327785,550000
1327796,1225300
1327798,766300
1327804,1974400
1327809,400000
1327822,500000
1327823,895000
1327829,125000
1327833,400000
1327834,400000
1327839,474300
1327840,0
1327843,392000
1327844,450000
1327849,974700
1327856,486500
1327868,746500
1327869,400000
1327874,427800
1327879,417000
1327884,847600
1327889,60000
1327894,500000
1327900,481000
1327906,0
1327910,350000
1327916,462500
1327917,400000
1327921,400000
1327922,485000
1327928,0
1327940,0
1327944,650000
1327967,311500
1327971,470000
1327974,400000
1327975,491400
1327976,0
1327977,150000
1327989,2413400
1327992,438000
1328006,700000
1328017,910000
1328026,504800
1328032,300000
1328033,350000
1328038,480600
1328043,400000
1328046,576600
1328049,473800
1328050,456700
1328054,650000
1328060,139000
1328061,4326700
1328064,369000
1328068,150000
1328070,467500
1328072,1883300
1328073,350000
1328075,315000
1328078,417500
1328081,1806300
1328082,490000
1328092,400000
1328094,485500
1328095,863400
1328104,500000
1328110,0
1328114,950000
1328118,500000
1328122,85500
1328135,445000
1328138,1416000
1328145,0
1328152,518600
1328154,262000
1328156,477900
1328161,857000
1328166,200000
1328177,469600
1328181,950000
1328187,0
1328189,150000
1328201,782900
1328205,150000
1328206,555500
1328212,950000
1328216,400000
1328219,461700
1328222,286700
1328223,450000
1328228,431500
1328231,0
1328238,500000
1328244,403500
1328247,315000
1328251,457600
1328260,674700
1328267,0
1328268,385900
1328269,0
1328274,150000
1328277,0
1328284,0
1328290,150000
1328292,358400
1328293,90000
1328294,689000
1328311,355000
1328313,382800
1328315,478800
1328317,130000
1328320,0
1328322,1030400
1328330,415000
1328334,0
1328337,724700
1328339,539800
1328340,0
1328343,0
1328346,592600
1328347,1069900
1328349,399000
1328350,400000
1328352,0
1328356,150000
1328358,286700
1328360,550000
1328363,351800
1328368,0
1328369,504300
1328371,542500
1328374,357800
1328376,477400
1328390,500000
1328395,1514700
1328397,405000
1328410,0
1328412,2006800
1328415,250000
1328420,722700
1328422,500000
1328426,458600
1328427,0
1328444,572300
1328445,2100000
1328446,2277400
1328448,0
1328458,150000
1328471,409200
1328474,814200
1328475,107500
1328476,0
1328481,350000
1328483,1120000
1328491,439900
1328493,350000
1328496,1054300
1328497,450000
1328498,506500
1328499,0
1328508,445500
1328509,652300
1328511,2000000
1328515,350000
1328523,400000
1328531,150000
1328536,0
1328538,400000
1328539,1097500
1328541,0
1328554,1000000
1328570,450400
1328575,950000
1328576,250000
1328577,400000
1328581,0
1328583,0
1328585,150000
1328590,381200
1328594,864800
1328596,1354000
1328600,450000
1328601,0
1328605,333900
1328606,517500
1328608,550000
1328609,450000
1328610,650000
1328612,100000
1328619,511000
1328626,673500
1328627,200000
1328629,30000
1328631,250000
1328632,524700
1328634,500000
1328636,200000
1328648,150000
1328650,150000
1328651,637800
1328652,150000
1328658,0
1328659,684000
1328662,0
1328670,767500
1328674,0
1328675,174500
1328676,150000
1328678,440000
1328680,150000
1328685,0
1328687,422500
1328691,150000
1328694,792000
1328695,800000
1328697,550800
1328701,974000
1328703,400000
1328706,422000
1328707,150000
1328708,973000
1328728,2067600
1328729,150000
1328733,777100
1328735,0
1328742,400000
1328748,750000
1328751,1995100
1328754,237500
1328758,0
1328759,0
1328761,346500
1328765,469800
1328773,250000
1328775,0
1328776,383100
1328777,123000
1328778,0
1328779,458700
1328782,512100
1328783,150000
1328788,379500
1328796,445000
1328797,850000
1328798,450000
1328804,0
1328806,340000
1328807,150000
1328812,0
1328813,604800
1328815,400000
1328816,400000
1328824,400000
1328827,465300
1328834,150000
1328840,347500
1328841,0
1328843,880300
1328845,630700
1328858,362300
1328862,0
1328873,0
1328877,962900
1328880,0
1328881,150000
1328882,6394900
1328888,400000
1328890,0
1328893,0
1328897,500000
1328902,490000
1328908,0
1328909,0
1328913,1947000
1328920,0
1328923,319900
1328924,548000
1328927,1741900
1328928,0
1328934,0
1328938,400000
1328941,325300
1328942,473400
1328945,0
1328950,442300
1328953,0
1328956,519600
1328959,150000
1328962,0
1328963,457600
1328964,400000
1328966,400000
1328967,500000
1328971,0
1328972,454000
1328977,350000
1328982,400000
1328986,0
1328996,798900
1328997,600000
1329001,0
1329006,542000
1329007,0
1329014,400000
1329016,332500
1329021,500000
1329025,326000
1329027,790000
1329028,0
1329029,400000
1329033,0
1329034,247500
1329038,384800
1329039,260000
1329041,963000
1329047,500000
1329049,494500
1329060,0
1329071,400000
1329074,500000
1329080,395200
1329083,459000
1329085,427000
1329086,0
1329089,0
1329092,0
1329093,600400
1329095,439600
1329096,0
1329097,400000
1329099,210600
1329101,100000
1329102,423400
1329106,350000
1329107,650000
1329108,393400
1329119,575000
1329123,0
1329125,433200
1329130,200000
1329131,0
1329136,618900
1329145,65000
1329146,221000
1329147,250000
1329153,0
1329154,252000
1329155,150000
1329159,400000
1329160,437000
1329170,0
1329171,239800
1329174,358400
1329181,445000
1329183,0
1329191,536300
1329192,360500
1329198,1271500
1329200,0
1329208,455500
1329210,0
1329211,413000
1329213,0
1329214,880000
1329216,1674500
1329220,445000
1329225,175000
1329229,500000
1329230,102000
1329233,0
1329235,421500
1329239,1600000
1329240,342000
1329244,458500
1329245,474300
1329253,0
1329254,393100
1329259,650000
1329260,455400
1329261,700000
1329262,0
1329264,467500
1329269,350000
1329271,400000
1329272,400000
1329275,1435000
1329279,500000
1329280,500000
1329283,539200
1329287,742700
1329289,0
1329291,650000
1329292,302100
1329294,139000
1329296,478800
1329298,500000
1329309,362700
1329312,0
1329318,355500
1329322,150000
1329323,400000
1329330,0
1329332,457400
1329333,0
1329334,444500
1329335,400000
1329351,150000
1329353,383200
1329356,1494100
1329357,500000
1329358,485000
1329359,0
1329373,0
1329374,2188700
1329389,399000
1329393,150000
1329394,301000
1329396,500000
1329399,0
1329401,540100
1329402,400000
1329407,500000
1329416,436000
1329419,2566800
1329420,400000
1329423,233800
1329427,400000
1329434,1086500
1329435,982100
1329437,0
1329440,546000
1329442,0
1329455,1752000
1329459,400000
1329461,576500
1329467,875500
1329474,400000
1329480,150000
1329481,30000
1329482,942700
1329484,1014700
1329494,0
1329500,469800
1329510,450400
1329527,925000
1329532,400000
1329533,0
1329536,400000
1329542,490000
1329543,650000
1329544,436000
1329545,400000
1329546,150000
1329551,801600
1329564,0
1329566,590500
1329574,404500
1329580,446500
1329582,1035000
1329583,862500
1329584,417500
1329586,550000
1329598,438400
1329601,350000
1329602,0
1329605,150000
1329610,0
1329616,400000
1329618,250000
1329626,550000
1329627,250000
1329638,319000
1329639,335100
1329641,472000
1329647,454000
1329648,478400
1329649,524700
1329650,300000
1329651,783600
1329653,336000
1329659,400000
1329665,596500
1329666,445000
1329672,380200
1329674,550500
1329677,400000
1329686,1172600
1329687,1291100
1329691,235000
1329701,340100
1329703,0
1329705,674700
1329706,700000
1329707,120000
1329709,0
1329713,694800
1329722,0
1329726,225800
1329734,501200
1329737,597800
1329739,125000
1329741,795000
1329746,2500000
1329752,439500
1329757,0
1329759,0
1329767,501200
1329769,550000
1329771,400000
1329772,250000
1329782,500000
1329791,552300
1329793,0
1329794,0
1329804,150000
1329805,1224000
1329806,2051600
1329809,400000
1329816,500000
1329833,0
1329844,0
1329845,454000
1329854,540300
1329856,0
1329869,400000
1329874,237500
1329880,430200
1329892,200000
1329900,467600
1329905,539200
1329913,150000
1329915,430600
1329930,330800
1329951,294500
1329954,1026500
1329963,621400
1329966,438900
1329974,300000
1329977,250000
1329995,445700
1329999,0
1330001,0
1330013,550000
1330015,142000
1330017,2404800
1330024,0
1330033,608500
1330034,0
1330045,0
1330046,400000
1330053,0
1330062,467500
1330068,315000
1330070,150000
1330075,312900
1330077,0
1330087,0
1330095,400000
1330097,150000
1330107,0
1330113,150000
1330120,0
1330132,400000
1330134,482500
1330135,250000
1330136,135000
1330138,531500
1330143,686300
1330147,400000
1330150,435900
1330161,0
1330166,50400
1330167,483100
1330169,360000
1330175,400000
1330183,250000
1330186,646000
1330193,150000
1330198,400000
1330199,473400
1330207,436800
1330209,593800
1330215,0
1330237,400000
1330238,221000
1330247,849800
1330250,150000
1330254,2987500
1330258,535600
1330262,349900
1330264,955500
1330268,518000
1330269,393900
1330271,467000
1330276,448000
1330289,150000
1330290,922000
1330292,150000
1330296,150000
1330297,0
1330311,452500
1330312,399000
1330315,480500
1330316,400000
1330322,474300
1330331,467500
1330332,966700
1330339,0
1330343,150000
1330349,250000
1330355,889300
1330358,350000
1330369,200000
1330384,730000
1330388,746500
1330391,535000
1330392,4283700
1330400,150000
1330409,378000
1330411,500000
1330415,1492000
1330427,500000
1330435,950000
1330443,0
1330448,467500
1330449,150000
1330450,430200
1330456,857000
1330458,1011600
1330465,1387500
1330466,1428300
1330468,499000
1330475,529400
1330479,0
1330485,399100
1330496,470500
1330497,400000
1330502,0
1330507,350000
1330512,482800
1330524,474300
1330526,0
1330529,600000
1330533,526800
1330534,570000
1330540,1168400
1330543,470000
1330569,350000
1330576,0
1330579,396500
1330580,0
1330582,1041000
1330599,0
1330637,317000
1330643,150000
1330653,250000
1330657,572500
1330662,0
1330668,350000
1330697,250000
1330712,0
1330734,0
1330738,318000
1330742,1000000
1330749,417500
1330759,0
1330772,0
1330784,720000
1330794,452500
1330795,0
1330802,885000
1330811,400000
1330812,150000
1330817,250000
1330818,450000
1330833,450000
1330834,1297200
1330837,0
1330844,115300
1330846,517200
1330851,0
1330857,551200
1330885,500000
1330887,0
1330891,1488400
1330894,447300
1330895,332000
1330896,0
1330908,535000
1330909,1540000
1330910,410500
1330913,150000
1330927,650000
1330930,0
1330933,0
1330938,290000
1330940,800000
1330944,440500
1330949,656800
1330957,125000
1330959,767900
1330961,625600
1330967,250000
1330974,870000
1330975,464400
1330976,360500
1330980,125000
1330981,359000
1330982,405000
1330987,600000
1330994,458500
1331013,665700
1331027,2000000
1331031,0
1331032,443200
1331052,0
1331054,0
1331055,364400
1331061,255000
1331063,400000
1331065,150000
1331077,1100500
1331083,500000
1331084,301000
1331085,150000
1331087,0
1331088,350000
1331089,0
1331091,450000
1331099,532900
1331100,1050000
1331101,3957500
1331103,150000
1331108,343000
1331116,150000
1331118,715800
1331119,6352100
1331121,350000
1331122,100000
1331128,484500
1331131,645200
1331139,1060800
1331142,0
1331146,150000
1331151,150000
1331155,0
1331156,0
1331158,0
1331159,0
1331163,0
1331166,150000
1331188,520000
1331189,712000
1331190,822500
1331195,315000
1331199,165500
1331201,437500
1331207,0
1331219,449000
1331220,0
1331222,400000
1331228,0
1331231,0
1331235,648500
1331237,0
1331239,460800
1331245,3227300
1331254,125000
1331261,343000
1331275,350000
1331282,0
1331286,0
1331298,391800
1331304,0
1331313,400000
1331314,462600
1331317,0
1331322,0
1331335,125000
1331340,0
1331344,450000
1331345,200000
1331348,150000
1331349,413000
1331352,928000
1331353,250000
1331354,400000
1331359,451300
1331362,0
1331365,500000
1331370,250000
1331372,445000
1331376,861000
1331379,463900
1331387,306000
1331390,0
1331393,362500
1331400,375000
1331407,588400
1331413,150000
1331415,120000
1331417,0
1331420,467500
1331422,0
1331430,574200
1331433,941300
1331437,400000
1331440,829100
1331448,250000
1331462,387000
1331470,250000
1331476,350000
1331481,500000
1331486,0
1331503,250000
1331505,494500
1331508,420000
1331512,457200
1331516,0
1331519,250000
1331533,1150000
1331534,250000
1331536,400000
1331542,550000
1331549,413700
1331553,516500
1331555,0
1331556,371000
1331559,0
1331563,250000
1331566,350000
1331568,2145700
1331579,0
1331586,660000
1331587,0
1331589,350000
1331595,400000
1331605,0
1331607,400000
1331633,650000
1331640,315000
1331652,350000
1331682,600000
1331690,0
1331697,1335700
1331698,0
1331704,450000
1331726,472000
1331735,0
1331741,400000
1331748,200000
1331749,400000
1331753,500000
1331754,419900
1331755,150000
1331761,148300
1331763,150000
1331766,0
1331773,837000
1331782,726000
1331790,426800
1331797,600000
1331804,0
1331830,700000
1331832,2739300
1331834,0
1331837,0
1331839,0
1331852,570000
1331862,654100
1331865,305000
1331866,304500
1331873,459600
1331877,966000
1331882,437800
1331887,609000
1331892,0
1331899,747000
1331902,0
1331904,0
1331907,0
1331912,400000
1331913,400000
1331920,0
1331928,640400
1331930,250000
1331933,40800
1331946,0
1331957,550000
1331959,526000
1331981,1095500
1331984,428000
1332002,0
1332019,0
1332024,0
1332029,428000
1332031,0
1332072,965400
1332083,1463300
1332087,1456900
1332089,0
1332094,572500
1332098,662000
1332101,305000
1332102,459000
1332105,250000
1332107,250000
1332128,320000
1332153,205000
1332154,500000
1332161,150000
1332172,1102900
1332221,0
1332228,325000
1332240,415400
1332265,500000
1332273,500000
1332278,331000
1332279,625000
1332280,0
1332282,0
1332316,457200
1332318,300000
1332330,126000
1332335,350000
1332342,0
1332368,350000
1332369,0
1332378,0
1332384,250000
1332389,0
1332394,0
1332396,297000
1332428,0
1332430,350000
1332440,0
1332444,0
1332451,0
1332462,445800
1332482,0
1332487,350000
1332489,0
1332511,290000
1332545,250000
1332549,250000
1332557,336200
1332559,0
1332569,467500
1332579,300000
1332583,0
1332588,574300
1332599,250500
1332608,461700
1332612,0
1332615,130000
1332653,0
1332656,440000
1332669,350000
1332670,202300
1332674,0
1332675,500000
1332684,892600
1332691,0
1332694,1000000
1332697,1227100
1332701,150000
1332702,0
1332705,351500
1332708,300000
1332725,1036000
1332729,536300
1332730,559000
1332736,658500
1332743,350000
1332748,532500
1332756,0
1332758,467500
1332760,530600
1332767,375000
1332769,0
1332772,0
1332781,150000
1332783,2842300
1332789,481500
1332794,493000
1332804,350000
1332807,400000
1332817,1471700
1332824,815400
1332825,3030500
1332830,338000
1332861,0
1332864,2000000
1332865,649900
1332872,150000
1332879,450000
1332885,615500
1332898,380000
1332900,2159200
1332901,768700
1332902,400000
1332904,0
1332913,150000
1332914,0
1332917,445000
1332919,390200
1332931,0
1332934,562300
1332941,150000
1332944,481000
1332946,0
1332950,0
1332953,476500
1332962,0
1332967,2807000
1332975,445000
1332982,1589600
1332985,150000
1332990,315000
1332991,0
1333014,450000
1333035,0
1333041,0
1333046,150000
1333050,374600
1333051,500000
1333055,0
1333056,0
1333058,0
1333061,365600
1333067,0
1333070,283000
1333071,632000
1333079,0
1333085,1432200
1333088,6458800
1333096,430200
1333099,308000
1333101,0
1333105,380000
1333109,490000
1333113,0
1333115,150000
1333116,3809900
1333122,608400
1333125,0
1333127,0
1333132,9458000
1333137,1037500
1333144,315000
1333145,669400
1333146,0
1333154,1913800
1333160,453100
1333162,399000
1333170,397000
1333172,890000
1333178,50000
1333179,500000
1333183,0
1333185,0
1333186,726800
1333196,290500
1333197,350000
1333199,500000
1333204,430600
1333206,0
1333209,846000
1333215,14345000
1333217,482500
1333227,68500
1333230,450000
1333231,400000
1333234,150000
1333238,421100
1333240,261000
1333251,0
1333252,1271000
1333258,1028700
1333260,2521800
1333262,500000
1333263,0
1333272,586000
1333273,300000
1333277,920300
1333314,622000
1333317,498800
1333319,372500
1333322,231800
1333325,400000
1333328,1542500
1333329,0
1333362,0
1333364,400000
1333368,389200
1333369,150000
1333377,0
1333386,400000
1333388,507000
1333398,600000
1333402,629000
1333414,1908500
1333417,500000
1333421,1103600
1333422,0
1333425,451800
1333426,400000
1333429,400000
1333431,177500
1333432,448000
1333435,255000
1333443,0
1333453,150000
1333454,478300
1333463,1028900
1333467,613000
1333470,400000
1333473,470200
1333476,593000
1333477,759000
1333482,0
1333484,350000
1333515,0
1333522,458500
1333527,499900
1333532,0
1333534,301000
1333537,449100
1333543,150000
1333551,915000
1333562,463000
1333563,300000
1333572,330200
1333581,500000
1333584,462600
1333585,730600
1333591,400000
1333609,417500
1333619,222500
1333624,582000
1333633,0
1333636,786000
1333637,400000
1333641,0
1333646,492700
1333648,400000
1333649,3300000
1333657,1073000
1333660,413400
1333664,492300
1333673,0
1333675,393500
1333676,474300
1333677,1389400
1333681,0
1333698,357000
1333708,552300
1333715,1275000
1333722,0
1333723,360500
1333733,400000
1333734,610100
1333740,0
1333741,629900
1333751,1218000
1333755,550000
1333762,632000
1333765,139000
1333773,599500
1333776,1448600
1333777,1533800
1333778,400000
1333780,572500
1333785,3659500
1333787,928600
1333788,4692100
1333802,398600
1333803,332500
1333804,586400
1333805,1180000
1333808,456500
1333811,0
1333812,473400
1333818,200000
1333826,500000
1333828,400000
1333837,725300
1333840,696600
1333842,350000
1333848,547200
1333851,0
1333852,250000
1333856,815000
1333858,976100
1333861,0
1333864,666600
1333879,0
1333881,0
1333883,1051700
1333888,904300
1333893,500000
1333902,450400
1333904,0
1333905,493600
1333906,400000
1333907,392800
1333917,0
1333923,744500
1333926,378200
1333927,400000
1333933,212000
1333934,88000
1333935,200000
1333939,590100
1333941,0
1333944,100000
1333945,615700
1333957,150000
1333959,0
1333961,362700
1333966,2664000
1333967,486000
1333968,0
1333969,550000
1333970,400000
1333975,0
1333983,3008900
1333984,1103000
1333987,391500
1333993,0
1333995,494500
1333999,400000
1334010,400000
1334012,1525000
1334014,0
1334018,386200
1334031,362500
1334032,440500
1334038,377300
1334043,683700
1334049,0
1334059,441000
1334061,24000
1334068,150000
1334070,400000
1334072,454000
1334084,0
1334097,0
1334099,400000
1334104,1594000
1334110,0
1334123,400000
1334127,0
1334146,370900
1334152,0
1334155,525800
1334157,0
1334164,0
1334170,150000
1334172,330800
1334175,971600
1334177,0
1334180,0
1334182,1039000
1334186,0
1334191,321000
1334197,0
1334199,400000
1334200,0
1334206,383700
1334211,350000
1334224,452500
1334230,389500
1334238,276200
1334243,544100
1334250,550000
1334252,459400
1334260,411500
1334270,387500
1334283,301000
1334286,150000
1334289,280000
1334301,450000
1334303,341400
1334305,150000
1334318,366500
1334323,500000
1334325,728400
1334330,300000
1334332,2234700
1334338,463000
1334348,494900
1334350,450000
1334353,199500
1334363,400000
1334366,270000
1334369,504300
1334374,0
1334376,476500
1334382,350000
1334385,0
1334390,400000
1334398,3196100
1334400,400000
1334405,0
1334407,250000
1334411,290500
1334412,1165100
1334414,0
1334419,791700
1334422,700000
1334424,360000
1334426,649100
1334429,500000
1334440,150000
1334441,1465000
1334442,282000
1334443,370400
1334449,476500
1334450,650000
1334455,446500
1334459,500000
1334465,423000
1334476,400000
1334481,467500
1334484,429000
1334485,940000
1334486,417500
1334487,460000
1334490,1603000
1334493,400000
1334499,400000
1334505,472000
1334506,500000
1334510,1304500
1334515,0
1334516,2692000
1334521,0
1334527,350000
1334542,969000
1334543,400000
1334547,1922800
1334553,472100
1334557,552700
1334560,350000
1334563,200000
1334575,195000
1334581,478200
1334583,0
1334586,850000
1334589,454000
1334593,0
1334596,0
1334606,150000
1334610,700000
1334611,550000
1334614,465400
1334618,686300
1334619,403500
1334625,322000
1334631,496500
1334641,250000
1334643,0
1334651,490000
1334660,550000
1334664,400000
1334666,130000
1334669,0
1334673,550000
1334676,400000
1334685,495400
1334686,572500
1334689,365400
1334690,0
1334695,0
1334696,400000
1334697,1830300
1334706,1426600
1334709,495300
1334715,786000
1334722,80000
1334723,463000
1334726,148800
1334728,481900
1334729,996000
1334734,614400
1334745,700000
1334756,449500
1334771,0
1334775,350000
1334778,1004900
1334794,400000
1334801,0
1334809,2999500
1334814,524700
1334817,598500
1334824,229200
1334826,750000
1334827,280000
1334828,575800
1334834,469800
1334835,1089500
1334841,0
1334844,412400
1334849,150000
1334851,500000
1334881,599500
1334886,483700
1334894,500000
1334895,343400
1334901,0
1334904,482800
1334908,221000
1334916,72400
1334923,0
1334932,706000
1334934,248500
1334937,422000
1334941,2572500
1334947,1344300
1334949,644900
1334950,0
1334951,0
1334954,430200
1334955,323700
1334957,500000
1334963,280000
1334967,360500
1334971,659000
1334978,655500
1334979,0
1334981,454000
1334985,451800
1334987,0
1334988,476500
1335004,790200
1335007,0
1335012,451800
1335025,763600
1335027,0
1335030,632000
1335031,485500
1335033,467500
1335038,0
1335040,0
1335042,550000
1335051,0
1335056,570000
1335061,450000
1335063,0
1335065,0
1335066,1711800
1335069,400000
1335087,400000
1335089,466600
1335091,0
1335096,447300
1335106,397800
1335115,790200
1335117,430900
1335130,370000
1335137,483300
1335142,400000
1335144,774000
1335145,393800
1335155,400000
1335157,620700
1335159,811500
1335163,454800
1335164,428500
1335172,450000
1335174,0
1335175,0
1335181,0
1335198,150000
1335202,376000
1335207,454000
1335209,450900
1335211,0
1335212,1562000
1335214,700000
1335217,565800
1335220,362800
1335221,841400
1335226,402700
1335234,250000
1335239,686300
1335246,767500
1335248,825500
1335253,490000
1335260,500000
1335275,458900
1335299,709600
1335304,765300
1335305,445000
1335307,350000
1335313,1024100
1335326,80000
1335328,948000
1335331,0
1335332,350000
1335334,0
1335339,559000
1335340,3493200
1335342,686300
1335348,150000
1335355,576900
1335356,355000
1335361,769000
1335363,752500
1335365,0
1335371,850000
1335374,478800
1335375,490000
1335382,430300
1335383,400000
1335389,454000
1335391,690000
1335396,400000
1335397,536300
1335399,650000
1335401,433000
1335403,300000
1335404,324200
1335405,150000
1335408,245400
1335414,0
1335417,550000
1335418,192600
1335419,350000
1335420,448000
1335421,150000
1335422,733000
1335424,0
1335426,0
1335427,0
1335434,422000
1335442,0
1335445,459400
1335447,677900
1335451,334000
1335452,400000
1335460,35000
1335461,0
1335463,1506200
1335464,415000
1335465,395200
1335466,0
1335467,650000
1335468,0
1335469,550000
1335474,476500
1335484,0
1335500,0
1335503,0
1335509,863500
1335512,458000
1335515,458500
1335517,534700
1335519,553000
1335521,0
1335526,1126200
1335534,0
1335539,500000
1335548,500000
1335551,463000
1335556,250000
1335563,2548900
1335569,2552600
1335575,1486900
1335577,777300
1335579,990000
1335590,400000
1335595,0
1335596,469400
1335601,0
1335602,400000
1335609,517500
1335617,919700
1335622,425100
1335624,400000
1335625,467500
1335626,354800
1335628,372800
1335631,494500
1335652,150000
1335653,686300
1335666,0
1335667,0
1335669,350000
1335679,1326000
1335681,0
1335682,0
1335683,0
1335686,0
1335688,150000
1335689,330000
1335693,490000
1335696,510400
1335699,0
1335708,0
1335723,437700
1335724,0
1335725,445800
1335727,1734500
1335729,544600
1335730,606000
1335736,150000
1335742,120000
1335743,448000
1335748,100000
1335749,350000
1335754,689800
1335756,120000
1335761,0
1335769,0
1335775,393500
1335780,360500
1335781,0
1335785,358100
1335795,0
1335796,347500
1335799,449500
1335807,0
1335808,472000
1335809,430000
1335811,380000
1335814,0
1335825,546000
1335826,504300
1335827,0
1335834,0
1335836,574500
1335841,400000
1335843,387500
1335848,0
1335857,150000
1335864,0
1335866,400000
1335876,0
1335877,150000
1335881,0
1335882,600000
1335883,1003000
1335892,500000
1335897,400000
1335899,400000
1335900,0
1335901,350000
1335903,604000
1335907,0
1335912,800000
1335914,223000
1335930,391000
1335936,500000
1335948,1260200
1335950,476500
1335952,0
1335955,0
1335956,454000
1335965,563500
1335966,400000
1335967,655300
1335970,709000
1335973,465700
1335976,354300
1335981,915800
1335983,400000
1335987,630000
1335993,364900
1335994,489600
1335995,645000
1335997,488500
1336001,450000
1336008,402200
1336013,845600
1336014,915900
1336018,500000
1336019,948500
1336021,400000
1336022,0
1336024,0
1336025,644500
1336029,454800
1336034,0
1336037,674200
1336038,498100
1336059,0
1336075,105000
1336077,1163700
1336081,400000
1336087,735000
1336090,399000
1336092,450000
1336094,489500
1336098,580800
1336101,584000
1336103,264000
1336107,542400
1336109,500000
1336110,442500
1336114,634000
1336118,950000
1336120,400000
1336124,0
1336133,775000
1336139,0
1336150,500000
1336152,478800
1336153,150000
1336154,559000
1336156,330800
1336157,1000000
1336159,0
1336167,0
1336169,428400
1336173,700000
1336175,0
1336188,500000
1336189,476500
1336193,445000
1336203,454000
1336204,0
1336206,334000
1336210,2000000
1336211,600000
1336212,150000
1336213,250000
1336217,500000
1336225,0
1336231,500000
1336233,0
1336234,250000
1336236,404000
1336253,0
1336261,468400
1336264,400000
1336265,590000
1336266,677800
1336268,0
1336278,616000
1336282,0
1336290,300000
1336291,1167900
1336298,454000
1336304,1036200
1336305,802500
1336306,0
1336308,801000
1336312,0
1336313,611500
1336317,610000
1336318,124000
1336319,2022000
1336336,0
1336340,0
1336351,250000
1336352,150000
1336353,272200
1336355,0
1336366,124000
1336369,592200
1336370,1670000
1336372,2486000
1336375,250000
1336378,763300
1336381,936000
1336385,467500
1336397,375500
1336399,255700
1336401,698000
1336403,300000
1336405,478200
1336406,180000
1336410,0
1336411,859500
1336422,454000
1336424,400000
1336430,367500
1336432,247400
1336433,150000
1336438,536000
1336447,606300
1336449,550000
1336456,606300
1336458,277500
1336459,0
1336463,472000
1336475,1438500
1336476,275500
1336477,400000
1336483,454000
1336487,894500
1336492,417500
1336494,400000
1336499,0
1336500,1100000
1336514,1074000
1336518,446500
1336521,455500
1336526,0
1336539,372100
1336540,387500
1336542,0
1336549,297500
1336553,736800
1336555,676000
1336561,0
1336562,607000
1336564,485000
1336572,445000
1336576,440000
1336578,0
1336582,465300
1336597,488500
1336603,1149500
1336609,435400
1336610,500000
1336613,64500
1336623,499000
1336632,441000
1336635,425000
1336640,0
1336641,400000
1336657,0
1336659,207000
1336674,150000
1336678,250000
1336679,473800
1336680,63400
1336681,350000
1336682,500000
1336686,751600
1336687,492700
1336689,0
1336692,566200
1336698,0
1336705,400000
1336708,667800
1336709,580800
1336712,393800
1336713,480000
1336719,850000
1336732,150000
1336735,493000
1336737,723400
1336745,525400
1336747,400000
1336754,150000
1336757,454000
1336763,400000
1336764,414500
1336767,722000
1336770,0
1336774,463000
1336779,1236300
1336786,350000
1336787,200000
1336792,0
1336794,150000
1336795,352700
1336802,500000
1336805,150000
1336814,1615200
1336822,0
1336828,500000
1336835,112500
1336842,150000
1336843,150000
1336851,400000
1336860,0
1336867,494500
1336868,0
1336870,1293500
1336872,0
1336874,1255400
1336881,393000
1336882,325000
1336885,0
1336886,734700
1336888,0
1336893,363800
1336897,676600
1336899,379000
1336900,250000
1336906,600000
1336909,1992000
1336915,667800
1336919,346300
1336925,536000
1336930,434700
1336934,536000
1336935,0
1336938,790000
1336947,309600
1336949,450000
1336953,1030000
1336954,472900
1336958,800000
1336966,1002900
1336973,472400
1336979,950000
1336980,1450900
1336981,107500
1336988,400000
1336989,0
1336990,0
1336991,0
1336995,128000
1336999,250000
1337002,0
1337003,150000
1337007,625600
1337008,0
1337009,120000
1337016,0
1337023,737500
1337027,406000
1337028,0
1337029,0
1337032,343000
1337039,2000000
1337042,690200
1337046,0
1337050,489900
1337052,2000000
1337072,174500
1337080,989000
1337083,600000
1337085,473300
1337088,1051100
1337090,550800
1337095,741500
1337097,400000
1337101,0
1337105,75000
1337107,458000
1337108,0
1337110,492700
1337126,135200
1337150,400000
1337154,0
1337158,400000
1337162,0
1337164,0
1337168,404000
1337170,647300
1337199,120000
1337200,570000
1337201,350000
1337203,390600
1337206,0
1337216,650000
1337217,0
1337219,0
1337220,315000
1337227,373500
1337234,269500
1337235,0
1337239,459800
1337241,608600
1337248,453100
1337254,200000
1337263,441000
1337271,404000
1337280,0
1337284,422900
1337286,751800
1337289,428500
1337291,469800
1337296,709000
1337303,984000
1337304,636400
1337305,0
1337308,481000
1337313,0
1337315,479500
1337319,0
1337323,0
1337335,0
1337339,337800
1337345,314700
1337348,550000
1337349,736000
1337357,400000
1337359,413100
1337361,0
1337368,452500
1337369,0
1337379,437400
1337380,351500
1337383,487500
1337397,150000
1337402,550000
1337410,0
1337413,190000
1337434,392500
1337446,0
1337451,100000
1337453,1454000
1337461,75000
1337465,0
1337472,0
1337477,0
1337479,896000
1337481,400000
1337482,983200
1337486,681400
1337493,205000
1337500,398600
1337501,1208800
1337510,400000
1337513,400000
1337521,454200
1337525,663900
1337529,189000
1337533,667800
1337539,400000
1337544,2168400
1337552,570000
1337558,510000
1337567,512500
1337569,50000
1337572,400000
1337573,1044000
1337577,400000
1337582,2035200
1337584,1739000
1337590,181200
1337591,400000
1337598,400000
1337602,400000
1337604,500000
1337605,675000
1337614,467500
1337617,400000
1337621,400000
1337625,0
1337637,550000
1337640,403500
1337642,500000
1337643,1094000
1337645,696900
1337652,400000
1337655,469500
1337656,0
1337659,600000
1337661,629500
1337667,0
1337671,333400
1337675,7000
1337676,400000
1337680,0
1337681,150000
1337684,150000
1337689,550000
1337690,1434900
1337691,400000
1337700,0
1337702,0
1337705,443000
1337708,350000
1337709,265600
1337714,0
1337716,400000
1337718,454000
1337725,373400
1337728,850000
1337733,0
1337744,828000
1337751,550000
1337752,500000
1337753,505500
1337761,0
1337767,1148000
1337769,400000
1337770,472500
1337772,343000
1337773,474300
1337784,400300
1337791,179800
1337795,700000
1337802,398700
1337803,370000
1337804,395500
1337816,449500
1337818,400000
1337829,596500
1337835,2375100
1337846,360100
1337854,310100
1337855,1142800
1337857,400000
1337858,500000
1337861,0
1337871,0
1337874,350000
1337878,700000
1337885,463000
1337890,739500
1337894,476500
1337897,0
1337898,550000
1337903,460800
1337904,332500
1337906,700000
1337907,0
1337910,551700
1337912,445100
1337916,351800
1337917,400000
1337919,240400
1337920,463400
1337924,4709500
1337926,454000
1337930,0
1337931,0
1337933,448800
1337934,750900
1337943,0
1337945,1635600
1337950,428800
1337953,511500
1337963,400000
1337965,350000
1337967,0
1337973,930800
1337974,569500
1337980,332500
1337991,367000
1337998,850000
1338001,660000
1338002,0
1338006,350000
1338016,356300
1338025,400000
1338026,150000
1338028,150000
1338036,549000
1338039,0
1338047,415300
1338049,400000
1338053,500000
1338057,0
1338065,272300
1338066,0
1338067,150000
1338071,667800
1338072,332500
1338075,0
1338076,0
1338078,0
1338079,406900
1338083,649500
1338089,472000
1338090,500000
1338092,818900
1338093,400000
1338094,120000
1338113,600000
1338117,400000
1338119,700000
1338120,150000
1338123,0
1338124,370600
1338130,643500
1338131,1695400
1338136,2779500
1338148,400000
1338149,130000
1338155,700000
1338156,1641000
1338157,400000
1338158,1317200
1338160,300000
1338161,0
1338165,563500
1338166,150000
1338167,250000
1338170,420000
1338171,150000
1338174,738000
1338176,376000
1338178,3216500
1338180,0
1338184,550000
1338188,450000
1338190,650000
1338196,0
1338199,6056100
1338200,501600
1338203,139800
1338206,314700
1338208,120000
1338209,500000
1338211,307900
1338212,0
1338217,350000
1338218,741300
1338223,0
1338225,533700
1338228,826400
1338232,0
1338236,1077700
1338239,367500
1338241,618700
1338250,0
1338257,1329000
1338260,595000
1338264,500000
1338273,0
1338278,436000
1338279,500000
1338286,346500
1338287,1055500
1338288,396000
1338291,400000
1338294,0
1338295,549500
1338296,1369300
1338299,396000
1338304,0
1338313,0
1338320,150000
1338324,400000
1338326,400000
1338331,3001500
1338344,150000
1338349,400000
1338359,586000
1338361,1734000
1338362,600000
1338364,0
1338366,0
1338370,513500
1338377,0
1338379,600000
1338385,0
1338386,521000
1338398,638000
1338400,800000
1338401,0
1338403,500000
1338409,405000
1338411,0
1338417,634600
1338419,517800
1338425,609600
1338444,386500
1338453,343900
1338456,400600
1338461,250000
1338463,467500
1338465,450000
1338485,600000
1338501,525000
1338512,420700
1338517,400000
1338521,150000
1338522,0
1338525,450000
1338530,1000000
1338534,830200
1338536,250000
1338543,380600
1338546,758900
1338557,0
1338561,0
1338571,250000
1338574,1087100
1338582,0
1338584,512100
1338609,470500
1338610,602100
1338611,400000
1338620,0
1338626,450000
1338628,295000
1338630,400000
1338637,400000
1338639,604000
1338641,673600
1338646,842300
1338650,400000
1338662,150000
1338668,714500
1338670,0
1338672,235000
1338673,0
1338678,378000
1338691,100000
1338692,622500
1338693,331000
1338695,404000
1338698,891200
1338699,0
1338701,472000
1338709,250000
1338711,676000
1338724,0
1338727,0
1338730,527400
1338732,150000
1338737,332500
1338739,400000
1338745,0
1338757,400000
1338758,401000
1338759,200000
1338771,649000
1338772,500000
1338775,0
1338776,1674400
1338778,400000
1338786,0
1338788,136000
1338789,100000
1338796,150000
1338797,595000
1338800,400000
1338808,1027000
1338820,805000
1338821,478000
1338824,500000
1338829,150000
1338832,400000
1338836,705000
1338837,0
1338838,0
1338839,300000
1338844,1050000
1338847,500000
1338849,404100
1338851,0
1338855,4295100
1338863,468500
1338864,719000
1338865,120000
1338872,150000
1338874,401500
1338877,722000
1338878,409500
1338882,617600
1338885,0
1338887,817800
1338888,0
1338893,500000
1338899,0
1338900,432300
1338902,675000
1338905,0
1338908,0
1338910,400000
1338912,458500
1338913,910500
1338922,527300
1338925,500000
1338927,553400
1338931,400000
1338938,447300
1338942,300000
1338946,633800
1338956,467500
1338960,572000
1338961,0
1338981,0
1338986,463500
1338992,410500
1339003,250000
1339006,400000
1339008,567500
1339010,0
1339013,532000
1339018,379500
1339019,1065000
1339022,0
1339024,590500
1339025,300000
1339029,430200
1339034,0
1339045,700000
1339061,0
1339062,631000
1339065,1149000
1339074,0
1339075,0
1339076,400000
1339079,494800
1339081,500000
1339085,490000
1339086,483000
1339090,851700
1339101,0
1339103,142000
1339105,550000
1339106,2310000
1339108,350000
1339109,1197500
1339113,290500
1339116,603800
1339118,400000
1339120,1489200
1339126,467200
1339130,645000
1339133,0
1339134,668200
1339135,475200
1339137,619000
1339139,343400
1339141,150000
1339144,490000
1339156,150000
1339157,400400
1339162,0
1339164,215000
1339167,891300
1339173,907500
1339187,1315000
1339188,2053900
1339190,0
1339191,935000
1339197,459500
1339204,346500
1339207,0
1339213,0
1339218,372600
1339224,400000
1339226,0
1339229,704600
1339236,120000
1339240,0
1339241,290000
1339247,2883000
1339251,500000
1339258,1112000
1339262,447300
1339267,217000
1339272,284800
1339275,0
1339288,312300
1339289,0
1339291,447300
1339297,250000
1339298,600000
1339299,446800
1339300,879800
1339301,563500
1339303,450000
1339306,0
1339308,400000
1339313,150000
1339314,500000
1339315,573400
1339316,570100
1339323,470600
1339329,1549300
1339330,0
1339334,150000
1339336,930000
1339355,0
1339356,1025000
1339361,550000
1339369,0
1339370,400000
1339371,0
1339373,110000
1339375,0
1339377,2919100
1339379,622500
1339382,648900
1339390,0
1339399,610000
1339400,1536000
1339401,481000
1339404,315000
1339405,2000000
1339408,473600
1339413,350000
1339417,0
1339423,430300
1339424,0
1339425,1397000
1339426,550000
1339434,1650000
1339435,858700
1339436,200000
1339440,431900
1339442,849000
1339443,527300
1339446,661900
1339449,395000
1339451,1899100
1339452,520000
1339455,42000
1339457,0
1339471,396900
1339474,240000
1339480,681200
1339482,500000
1339488,706000
1339491,724000
1339493,958500
1339496,430500
1339498,598000
1339504,904500
1339508,350000
1339512,0
1339515,1061900
1339524,432000
1339525,0
1339528,1890000
1339533,650000
1339537,476500
1339545,0
1339552,978800
1339554,278400
1339557,550000
1339558,2207000
1339562,0
1339568,485500
1339569,576200
1339575,0
1339580,1060000
1339590,100000
1339601,727200
1339604,250000
1339610,483700
1339614,400000
1339620,0
1339626,500000
1339631,619900
1339632,600000
1339633,500000
1339635,500000
1339640,0
1339646,0
1339651,150000
1339652,3290500
1339656,40800
1339658,1474800
1339661,0
1339663,450000
1339668,0
1339673,858500
1339677,776000
1339679,450000
1339680,657800
1339696,400000
1339698,351800
1339700,0
1339702,400000
1339709,300000
1339717,686700
1339726,859000
1339728,932500
1339729,572500
1339730,150000
1339733,550000
1339735,130000
1339739,0
1339741,382500
1339746,0
1339753,148000
1339754,257500
1339756,398500
1339762,754900
1339763,360500
1339768,572500
1339774,332500
1339779,992500
1339784,332500
1339786,1761000
1339788,500000
1339792,0
1339796,378000
1339812,470000
1339815,0
1339819,520900
1339820,400000
1339823,0
1339831,400000
1339833,519000
1339835,66000
1339836,400000
1339840,463000
1339844,650000
1339849,396800
1339853,400000
1339854,350000
1339865,481000
1339866,325500
1339869,500000
1339870,200000
1339872,399100
1339873,213000
1339883,345800
1339887,438800
1339888,445000
1339889,675000
1339890,523500
1339892,213000
1339897,670000
1339898,407500
1339906,325500
1339907,613000
1339909,150000
1339912,860000
1339923,300000
1339925,120000
1339930,325500
1339932,0
1339944,650000
1339946,624300
1339950,325500
1339953,637000
1339958,642000
1339962,400000
1339963,2000000
1339973,690000
1339978,600000
1339979,440000
1339981,750000
1339988,822400
1339989,128000
1339990,150000
1339996,325500
1339997,250000
1339998,537200
1340001,438400
1340005,343000
1340006,700400
1340007,371500
1340011,505500
1340020,350000
1340029,0
1340030,500000
1340035,400000
1340036,613600
1340037,408300
1340038,403500
1340040,502500
1340043,128000
1340051,250000
1340053,500000
1340054,300000
1340055,400000
1340059,398600
1340060,346400
1340062,0
1340064,394400
1340065,400000
1340066,381500
1340069,400000
1340071,544700
1340075,505500
1340079,0
1340080,449500
1340093,150000
1340097,838700
1340099,162500
1340100,760800
1340101,400000
1340103,2383700
1340108,180000
1340127,866000
1340131,0
1340137,427300
1340140,280000
1340142,465500
1340145,457600
1340146,550000
1340151,0
1340156,2000000
1340157,531900
1340161,413000
1340168,1422000
1340170,0
1340174,844600
1340177,138000
1340179,350000
1340180,0
1340184,0
1340186,555000
1340188,400000
1340189,422000
1340190,546000
1340191,171000
1340194,440500
1340208,0
1340209,405700
1340210,400000
1340211,0
1340213,0
1340214,500000
1340218,0
1340225,235000
1340238,0
1340240,467500
1340242,245000
1340243,476500
1340244,637300
1340251,1315500
1340252,364000
1340267,0
1340268,150000
1340270,0
1340271,720000
1340272,513000
1340278,0
1340301,400000
1340302,531500
1340304,501500
1340318,2000000
1340319,2208600
1340321,700000
1340329,450000
1340335,1824700
1340337,0
1340344,130000
1340350,485000
1340353,429700
1340356,0
1340370,0
1340373,422900
1340378,467600
1340379,288000
1340380,228000
1340381,350000
1340382,650000
1340383,285000
1340388,0
1340389,150000
1340396,518000
1340397,211000
1340398,646500
1340401,913000
1340407,700000
1340408,445800
1340410,400000
1340411,113500
1340413,459400
1340417,750000
1340418,0
1340421,130000
1340432,0
1340436,0
1340444,600000
1340445,0
1340448,494500
1340450,400000
1340454,517800
1340455,337000
1340463,481000
1340464,0
1340466,315000
1340471,125000
1340475,396100
1340476,677000
1340482,450400
1340483,485500
1340485,500000
1340488,0
1340503,140000
1340507,435200
1340519,0
1340521,482800
1340526,550000
1340529,0
1340533,493200
1340535,237500
1340550,540000
1340552,0
1340558,472000
1340560,500000
1340565,509500
1340567,0
1340572,0
1340574,623000
1340576,547500
1340579,500000
1340580,500000
1340582,285000
1340583,463000
1340584,621600
1340586,0
1340589,125000
1340594,467500
1340602,0
1340603,500000
1340605,400000
1340607,1300000
1340608,0
1340613,0
1340620,150000
1340625,1628300
1340626,150000
1340628,0
1340629,2307000
1340635,449100
1340642,0
1340643,474000
1340644,400000
1340648,316000
1340649,484200
1340653,400000
1340661,172000
1340674,0
1340677,600000
1340679,392000
1340680,457800
1340682,453600
1340683,417500
1340688,150000
1340699,100000
1340724,500000
1340728,400000
1340731,0
1340735,0
1340738,400000
1340740,0
1340746,681000
1340751,891900
1340757,500000
1340758,300000
1340771,222500
1340773,583600
1340774,350000
1340776,0
1340781,400000
1340793,682500
1340796,452000
1340797,644000
1340798,490000
1340803,588500
1340814,0
1340816,0
1340818,650000
1340825,300000
1340830,617500
1340833,357000
1340834,398700
1340849,355300
1340851,270000
1340857,338000
1340859,375500
1340863,350000
1340870,747000
1340877,325500
1340881,488500
1340883,381200
1340884,350000
1340889,984700
1340891,395100
1340892,0
1340893,461800
1340896,360500
1340897,350000
1340900,318500
1340901,683000
1340904,400000
1340906,572500
1340907,395800
1340909,492700
1340910,150000
1340916,571500
1340920,527300
1340923,400000
1340929,563500
1340930,207000
1340937,332500
1340944,0
1340949,400000
1340952,382500
1340959,325500
1340962,0
1340966,400000
1340969,574200
1340977,439300
1340979,349700
1340983,0
1340988,400000
1340993,1192600
1340996,325500
1340998,1000000
1341007,489500
1341008,640500
1341012,800000
1341015,470000
1341022,325500
1341026,120000
1341027,0
1341029,467500
1341040,452700
1341041,674000
1341043,6319200
1341056,444500
1341061,289600
1341064,400000
1341066,150000
1341067,466600
1341080,280000
1341082,0
1341083,482500
1341086,483700
1341090,0
1341092,653000
1341101,993500
1341104,0
1341106,500000
1341112,1192700
1341121,444500
1341123,460800
1341125,150000
1341130,975500
1341138,0
1341146,500000
1341147,0
1341149,325500
1341155,454600
1341156,150000
1341164,0
1341165,308000
1341166,1090600
1341169,415900
1341171,0
1341172,332500
1341174,428400
1341179,603500
1341180,315000
1341181,458500
1341193,449100
1341194,0
1341195,325500
1341197,556200
1341203,0
1341204,0
1341208,586000
1341217,327300
1341219,1936100
1341221,466600
1341222,0
1341223,450000
1341224,0
1341227,400500
1341228,500000
1341236,200000
1341241,619000
1341252,350000
1341253,0
1341258,325500
1341261,408500
1341262,496500
1341266,455400
1341276,2365200
1341280,481000
1341282,572500
1341291,100000
1341307,400000
1341320,325500
1341325,0
1341344,428000
1341347,1251500
1341348,0
1341351,325500
1341357,150000
1341360,0
1341361,595000
1341362,390100
1341369,351500
1341371,992000
1341389,325500
1341392,206000
1341413,312900
1341419,0
1341431,220000
1341434,325500
1341436,1268500
1341437,581000
1341446,396200
1341447,0
1341450,400000
1341455,150000
1341457,786500
1341461,500000
1341465,903000
1341471,440000
1341476,400000
1341480,329000
1341484,500000
1341485,300000
1341487,0
1341488,364100
1341492,150000
1341494,400000
1341499,325500
1341500,0
1341501,567200
1341505,550000
1341507,251100
1341508,1021500
1341509,419400
1341515,1791900
1341516,400000
1341519,965800
1341524,325500
1341525,0
1341530,457800
1341532,0
1341533,400000
1341537,440000
1341542,0
1341544,0
1341557,325500
1341559,210000
1341563,141000
1341570,946100
1341571,0
1341577,0
1341578,650000
1341580,0
1341581,280000
1341584,237500
1341585,550000
1341587,0
1341588,0
1341596,385000
1341599,400000
1341604,450000
1341613,0
1341619,150000
1341628,0
1341630,400000
1341635,809200
1341649,400000
1341652,400000
1341653,150000
1341669,434300
1341678,350000
1341680,433000
1341681,0
1341684,460000
1341691,503000
1341694,619000
1341703,198000
1341709,500000
1341710,350000
1341721,339000
1341724,0
1341726,0
1341728,150000
1341730,400000
1341731,516800
1341733,0
1341734,0
1341736,0
1341740,0
1341742,673600
1341752,0
1341753,0
1341759,652000
1341763,1826300
1341768,2000000
1341769,500000
1341772,448300
1341773,427300
1341776,350000
1341777,530000
1341780,594500
1341783,870700
1341797,150000
1341806,400000
1341810,322000
1341811,134500
1341832,0
1341835,515000
1341839,335000
1341840,130000
1341851,590000
1341852,0
1341853,350000
1341854,582000
1341858,0
1341865,80000
1341868,150000
1341885,0
1341892,764500
1341903,530000
1341904,2182000
1341906,420000
1341911,339500
1341913,0
1341915,300000
1341924,150000
1341932,300000
1341936,627500
1341948,300000
1341952,0
1341957,120000
1341960,103000
1341965,496100
1341970,0
1341973,300000
1341974,665600
1341975,400000
1341977,0
1341978,0
1341979,370000
1341994,0
1341996,0
1341997,0
1341998,400000
1341999,635000
1342000,150000
1342001,1661100
1342004,0
1342008,350000
1342019,403800
1342022,150000
1342025,400300
1342027,322000
1342028,150000
1342031,400000
1342032,500000
1342038,592200
1342043,500000
1342046,373800
1342054,150000
1342057,350000
1342063,653300
1342064,150000
1342075,550000
1342077,0
1342081,598400
1342084,2600000
1342092,345200
1342099,0
1342101,0
1342106,425000
1342111,250000
1342113,372900
1342132,1666200
1342135,720000
1342141,481000
1342144,0
1342147,0
1342149,150000
1342151,0
1342153,700000
1342162,400000
1342165,0
1342166,0
1342173,450000
1342192,455700
1342195,0
1342197,0
1342202,284000
1342206,450000
1342212,461200
1342218,563500
1342220,150000
1342221,0
1342224,550000
1342227,472300
1342228,0
1342231,450300
1342234,0
1342237,550000
1342242,150000
1342243,200000
1342245,120000
1342248,382500
1342258,708000
1342261,0
1342267,430000
1342269,0
1342272,0
1342273,400000
1342277,400000
1342283,460800
1342290,345000
1342293,0
1342295,994000
1342307,0
1342314,490500
1342317,770000
1342324,669000
1342328,0
1342331,508300
1342336,80000
1342344,300000
1342347,752000
1342351,200000
1342355,1527500
1342365,190000
1342369,343000
1342371,0
1342378,0
1342381,612200
1342391,550000
1342397,970800
1342398,343000
1342407,181700
1342417,0
1342419,0
1342432,490000
1342444,458500
1342452,293900
1342453,0
1342456,0
1342460,400000
1342463,120000
1342471,300000
1342474,450000
1342483,350000
1342512,322000
1342514,0
1342520,0
1342529,250000
1342530,0
1342531,250000
1342542,689700
1342545,0
1342547,150000
1342554,0
1342555,1041500
1342567,250000
1342571,744700
1342575,0
1342577,343800
1342590,150000
1342591,120000
1342593,423500
1342609,340000
1342610,572000
1342621,0
1342625,0
1342627,0
1342631,0
1342632,677500
1342633,442500
1342634,203000
1342635,0
1342638,865500
1342641,350000
1342642,400000
1342645,277000
1342648,1484000
1342657,329500
1342659,0
1342661,0
1342664,730100
1342668,973500
1342672,782500
1342673,12468500
1342680,340100
1342687,0
1342689,550000
1342698,0
1342707,500000
1342711,78000
1342717,807000
1342718,0
1342723,1204200
1342726,400000
1342735,504000
1342747,460800
1342749,17290000
1342762,0
1342764,500000
1342767,544200
1342772,460800
1342777,120000
1342780,460800
1342790,250000
1342805,150000
1342813,0
1342817,250000
1342820,400000
1342822,0
1342831,638600
1342833,0
1342834,250000
1342859,929000
1342860,650000
1342865,400000
1342878,500000
1342879,500000
1342880,0
1342893,0
1342894,213000
1342900,450000
1342902,552000
1342904,150000
1342916,555000
1342922,314500
1342947,114000
1342952,340000
1342958,0
1342964,250000
1342970,0
1342974,439500
1342976,517800
1342993,0
1343000,315000
1343002,650000
1343005,550000
1343009,600000
1343015,0
1343018,0
1343024,541500
1343041,250000
1343048,400000
1343054,668900
1343071,367500
1343080,200000
1343085,150000
1343094,300000
1343096,1208400
1343100,600000
1343110,150000
1343114,485500
1343157,250000
1343167,474500
1343170,400000
1343189,250000
1343192,619400
1343193,1231500
1343196,0
1343218,250000
1343248,997100
1343271,0
1343309,430200
1343323,0
1343327,66000
1343359,400000
1343360,452600
1343367,1560000
1343369,433300
1343372,450000
1343378,303000
1343392,450000
1343393,400000
1343406,0
1343408,689100
1343424,0
1343429,400000
1343440,0
1343457,0
1343465,150000
1343466,490000
1343474,0
1343480,658000
1343481,670300
1343483,0
1343505,436200
1343508,346500
1343532,380000
1343535,1988400
1343537,1904400
1343539,0
1343542,0
1343546,722000
1343551,450000
1343553,150000
1343557,465300
1343561,250000
1343570,589600
1343572,1590600
1343573,120000
1343582,250000
1343585,486800
1343589,2598800
1343598,1300000
1343600,422000
1343604,440000
1343612,505500
1343617,600000
1343618,486000
1343626,475000
1343632,736800
1343636,0
1343642,0
1343649,543000
1343657,0
1343661,459900
1343662,0
1343672,0
1343674,409600
1343686,150000
1343687,0
1343694,899500
1343696,0
1343705,440000
1343715,250000
1343716,0
1343720,1054800
1343722,0
1343723,340000
1343729,0
1343736,2939900
1343740,400000
1343742,565000
1343744,450000
1343745,0
1343752,0
1343753,300000
1343758,798500
1343773,350000
1343779,636400
1343782,0
1343783,150000
1343787,452000
1343790,500000
1343792,0
1343795,2562000
1343797,150000
1343802,387900
1343810,135000
1343812,0
1343813,0
1343816,0
1343817,450000
1343819,0
1343820,925000
1343826,0
1343827,0
1343831,400000
1343834,0
1343844,0
1343853,0
1343855,630200
1343857,135000
1343862,0
1343864,200000
1343872,150000
1343874,0
1343885,230000
1343887,0
1343891,0
1343895,882900
1343896,0
1343903,320000
1343912,387600
1343914,546700
1343919,2271500
1343920,128000
1343931,450000
1343935,550000
1343961,0
1343964,775100
1343969,100000
1343977,0
1343979,400000
1343981,1186100
1343982,481500
1343989,225000
1343998,898000
1343999,350000
1344000,530300
1344003,1006300
1344011,150000
1344016,454100
1344019,0
1344027,372800
1344042,454000
1344045,458500
1344052,476500
1344053,65000
1344057,487800
1344064,150000
1344074,1538200
1344078,2145600
1344085,400000
1344087,606300
1344103,170000
1344108,954300
1344113,0
1344140,150000
1344142,0
1344145,0
1344148,300000
1344151,770000
1344160,522000
1344161,150000
1344162,431000
1344169,0
1344176,478300
1344182,663500
1344184,465300
1344190,375000
1344195,0
1344207,150000
1344209,500000
1344210,400000
1344212,415000
1344213,286600
1344217,363500
1344219,0
1344225,227500
1344226,0
1344237,407000
1344246,1300000
1344247,485500
1344252,400000
1344254,0
1344257,500000
1344259,400000
1344264,325000
1344268,253800
1344272,400000
1344275,350000
1344276,321000
1344277,400000
1344285,347500
1344298,350000
1344303,0
1344304,350000
1344313,1552000
1344328,400000
1344330,0
1344336,0
1344339,717000
1344342,506000
1344344,150000
1344352,679700
1344362,150000
1344364,482000
1344372,0
1344388,540000
1344389,150000
1344391,400000
1344393,892800
1344398,150000
1344400,338800
1344403,120000
1344405,254000
1344408,376700
1344410,150000
1344411,350000
1344416,381500
1344418,217500
1344423,150000
1344426,200000
1344428,464700
1344435,790000
1344442,455800
1344457,500000
1344460,431300
1344461,3103900
1344462,350000
1344469,637300
1344475,0
1344476,572500
1344481,0
1344486,0
1344487,334000
1344489,399000
1344490,200000
1344491,150000
1344493,200000
1344494,400000
1344503,0
1344515,0
1344520,430200
1344525,416500
1344529,400000
1344530,150000
1344536,150000
1344544,0
1344548,500000
1344549,670000
1344556,345300
1344558,0
1344561,350000
1344562,454000
1344563,0
1344566,554100
1344575,450000
1344576,0
1344586,0
1344587,1553500
1344588,0
1344591,723000
1344592,469300
1344598,468400
1344599,467500
1344601,0
1344603,0
1344604,382800
1344605,3827000
1344607,850000
1344612,400000
1344618,492800
1344621,646500
1344628,732000
1344635,487300
1344636,150000
1344648,476500
1344655,301200
1344667,0
1344672,400000
1344674,0
1344678,1095000
1344680,436000
1344681,150000
1344688,487300
1344689,525000
1344694,0
1344705,150000
1344706,616800
1344712,0
1344714,382500
1344723,455500
1344732,0
1344734,212000
1344736,0
1344741,650000
1344744,926400
1344750,360500
1344758,0
1344762,400000
1344763,400000
1344764,500000
1344765,0
1344773,498100
1344776,0
1344781,787800
1344782,742800
1344787,470200
1344788,0
1344798,1193700
1344801,754000
1344807,441000
1344818,1349000
1344826,300000
1344828,430800
1344841,560000
1344844,150000
1344845,579600
1344846,350000
1344849,325000
1344850,443000
1344853,487300
1344857,690300
1344860,600000
1344863,131500
1344872,379000
1344874,590000
1344889,688000
1344891,873400
1344893,261400
1344902,517000
1344903,0
1344904,128000
1344908,400000
1344914,0
1344915,500000
1344919,120000
1344920,489500
1344922,350000
1344926,463000
1344928,0
1344931,666800
1344932,0
1344940,0
1344946,0
1344952,1000000
1344957,0
1344969,1057300
1344972,405000
1344976,700000
1344986,680000
1344988,413000
1344990,536200
1344993,430200
1344994,419500
1344998,0
1344999,80000
1345001,450400
1345006,484000
1345011,417500
1345014,150000
1345021,400000
1345023,0
1345026,150000
1345027,620500
1345029,0
1345030,1244000
1345035,833500
1345039,962500
1345040,483300
1345041,448000
1345047,0
1345054,460800
1345055,150000
1345062,0
1345064,350000
1345090,475600
1345091,0
1345101,457000
1345103,0
1345104,497700
1345105,722000
1345113,0
1345116,697700
1345138,128000
1345140,0
1345144,0
1345149,574300
1345151,2067800
1345158,374700
1345161,0
1345162,1953500
1345175,0
1345179,686000
1345181,692200
1345182,1095500
1345183,0
1345184,661300
1345186,0
1345187,353000
1345190,400000
1345192,528000
1345194,250000
1345196,345500
1345205,300000
1345207,589800
1345212,449000
1345219,0
1345221,250000
1345228,0
1345229,418000
1345239,80000
1345242,413900
1345247,500000
1345249,608200
1345256,494500
1345269,400000
1345276,487800
1345277,350000
1345285,250000
1345286,0
1345290,0
1345292,0
1345297,691400
1345314,389500
1345316,400000
1345320,0
1345321,0
1345323,85000
1345325,550000
1345328,0
1345330,559700
1345337,1068300
1345339,700000
1345352,150000
1345355,0
1345356,254000
1345361,445100
1345363,150000
1345370,658000
1345371,500000
1345372,545000
1345380,300000
1345381,8402000
1345384,0
1345386,120000
1345388,408000
1345389,800000
1345391,400000
1345402,526100
1345406,0
1345408,0
1345418,966200
1345423,845100
1345432,180000
1345437,150000
1345438,1095800
1345442,567200
1345443,0
1345446,0
1345452,742900
1345453,0
1345456,349000
1345458,386800
1345460,463900
1345463,378000
1345470,0
1345472,819000
1345474,550000
1345475,1795000
1345476,391500
1345480,655500
1345494,1054800
1345507,0
1345508,1914000
1345509,120000
1345516,1707900
1345518,438800
1345521,0
1345527,298000
1345530,297500
1345533,150000
1345534,467500
1345536,399000
1345539,500000
1345541,0
1345545,400000
1345551,752500
1345552,750000
1345553,1279900
1345555,350000
1345557,0
1345568,525000
1345571,450000
1345573,0
1345575,454000
1345582,771000
1345584,0
1345590,750000
1345592,400000
1345594,305000
1345599,0
1345601,250000
1345609,417500
1345612,150000
1345617,300000
1345619,874200
1345628,751800
1345632,900000
1345633,300000
1345637,0
1345639,1005500
1345640,0
1345647,458500
1345650,350000
1345651,300000
1345654,0
1345655,465300
1345661,500000
1345664,379800
1345668,462600
1345673,457600
1345675,0
1345676,384800
1345677,250000
1345680,150000
1345685,0
1345689,439600
1345693,874900
1345698,228000
1345700,550000
1345702,450000
1345710,454000
1345713,250000
1345718,350000
1345723,0
1345725,449500
1345728,65900
1345729,532700
1345732,0
1345735,0
1345738,0
1345739,380200
1345742,500000
1345743,30000
1345745,417000
1345749,0
1345752,500000
1345756,0
1345770,356000
1345777,250000
1345778,472500
1345791,451500
1345797,30000
1345807,1667800
1345810,140000
1345821,296800
1345825,1374300
1345831,386800
1345833,574300
1345834,506000
1345850,350000
1345852,640000
1345857,350000
1345859,530000
1345862,1092000
1345875,1211000
1345878,940800
1345883,550000
1345887,550000
1345895,0
1345901,1068300
1345902,320300
1345905,779500
1345908,483700
1345909,505500
1345912,0
1345920,400000
1345922,470700
1345923,250000
1345934,0
1345937,700000
1345938,445100
1345940,451800
1345951,0
1345952,150000
1345954,150000
1345957,499000
1345958,150000
1345964,300000
1345967,400000
1345968,1500000
1345969,600000
1345977,868000
1345983,80000
1345984,690000
1345994,497300
1345998,0
1345999,279500
1346002,500000
1346010,400000
1346011,0
1346014,549100
1346016,300000
1346019,390300
1346020,454000
1346024,100000
1346026,0
1346031,531000
1346032,438300
1346034,0
1346036,440700
1346042,467500
1346044,150000
1346045,400000
1346046,0
1346047,1200000
1346053,467500
1346059,656500
1346061,492000
1346065,250000
1346067,700000
1346074,433000
1346076,0
1346078,1153500
1346080,705500
1346093,700000
1346099,430000
1346100,400000
1346103,0
1346109,0
1346112,870500
1346119,346500
1346128,400000
1346129,350000
1346132,574500
1346136,1254300
1346143,527500
1346144,500000
1346147,400000
1346148,0
1346149,580000
1346150,478800
1346158,0
1346159,500000
1346165,408000
1346171,400000
1346172,350000
1346173,750000
1346176,494500
1346177,494500
1346178,719000
1346192,531500
1346200,150000
1346202,550000
1346203,0
1346208,400000
1346219,500000
1346223,439200
1346225,351100
1346227,799000
1346231,550000
1346234,0
1346235,697000
1346242,637300
1346244,0
1346247,250000
1346254,626500
1346258,469200
1346259,0
1346278,456700
1346281,0
1346282,354500
1346283,0
1346285,150000
1346287,474300
1346289,350000
1346292,532500
1346295,886000
1346299,250000
1346304,389700
1346313,400000
1346315,346500
1346317,0
1346319,390000
1346325,150000
1346326,753000
1346327,0
1346329,470000
1346330,0
1346336,400000
1346338,490000
1346339,376600
1346344,0
1346347,335500
1346349,445100
1346350,1697900
1346352,0
1346360,1240500
1346362,396300
1346364,450000
1346365,400000
1346369,521300
1346379,150000
1346383,574800
1346395,700000
1346397,0
1346405,150000
1346419,0
1346422,399100
1346427,100000
1346429,1342000
1346432,172000
1346437,0
1346438,1206000
1346440,0
1346444,0
1346446,471000
1346450,0
1346452,625300
1346456,400000
1346458,800000
1346459,2605200
1346467,400000
1346473,0
1346474,225000
1346477,400000
1346481,745000
1346488,997500
1346491,415400
1346496,150000
1346498,0
1346500,2058100
1346502,0
1346505,0
1346506,473800
1346511,500000
1346517,4570700
1346519,250000
1346522,550000
1346523,150000
1346529,350000
1346534,606700
1346535,372000
1346549,385000
1346552,994900
1346554,489100
1346560,445500
1346561,457600
1346568,400000
1346570,0
1346573,384800
1346574,354500
1346585,431300
1346587,550000
1346589,450000
1346590,0
1346591,0
1346592,279000
1346595,850000
1346596,150000
1346597,200000
1346598,6522200
1346599,1157500
1346606,391500
1346618,500000
1346621,1635500
1346640,500000
1346648,0
1346649,0
1346650,400000
1346654,468400
1346655,0
1346663,400000
1346669,400000
1346670,150000
1346679,0
1346682,591200
1346684,662000
1346685,0
1346687,0
1346689,648500
1346693,374500
1346696,458500
1346703,250000
1346704,314700
1346707,400000
1346712,0
1346717,415400
1346719,417500
1346720,0
1346724,400000
1346732,338500
1346733,800000
1346736,500000
1346739,0
1346743,0
1346761,431000
1346764,209600
1346765,200000
1346771,445000
1346772,232000
1346773,445000
1346779,2503900
1346791,0
1346792,1000600
1346796,314700
1346799,400000
1346800,500000
1346806,1400000
1346810,550000
1346812,31600
1346816,0
1346820,2341200
1346825,450000
1346829,350000
1346830,350000
1346834,987000
1346836,150000
1346845,568000
1346846,350000
1346850,150000
1346853,150000
1346855,450000
1346856,449500
1346861,366800
1346863,400000
1346864,0
1346873,449000
1346875,454700
1346877,418000
1346878,3036700
1346879,450900
1346880,0
1346890,0
1346891,0
1346893,500000
1346895,467500
1346902,1455200
1346910,0
1346913,0
1346914,0
1346920,390500
1346927,856000
1346931,839100
1346932,272300
1346933,400000
1346935,328300
1346938,475000
1346943,0
1346944,0
1346945,367500
1346946,330800
1346948,982700
1346950,1695200
1346952,400000
1346961,467500
1346963,1358800
1346969,380400
1346970,989000
1346971,0
1346973,550000
1346975,150000
1346983,427900
1346998,357000
1346999,479300
1347000,400100
1347002,0
1347008,467500
1347011,0
1347014,500000
1347019,400000
1347020,733300
1347022,0
1347030,388900
1347031,0
1347032,576600
1347049,400000
1347056,391500
1347059,0
1347063,727000
1347067,405200
1347068,400000
1347079,702300
1347083,0
1347086,554500
1347095,495100
1347096,352500
1347098,0
1347099,0
1347103,600400
1347104,431300
1347106,0
1347108,500000
1347109,415000
1347110,632000
1347126,0
1347128,600000
1347129,734400
1347134,400000
1347135,0
1347136,332500
1347137,401500
1347141,407000
1347145,350000
1347148,493000
1347150,482900
1347153,0
1347164,0
1347167,413100
1347175,0
1347181,0
1347186,0
1347195,0
1347197,0
1347198,0
1347200,510300
1347201,670400
1347209,315000
1347211,332500
1347219,550000
1347224,400000
1347234,0
1347238,6163100
1347241,866300
1347245,0
1347246,315000
1347250,1674500
1347252,468000
1347259,0
1347274,372000
1347277,0
1347286,657000
1347287,867200
1347289,0
1347297,935900
1347299,898100
1347301,1305900
1347303,429300
1347305,765900
1347306,348600
1347308,603000
1347313,550000
1347314,705500
1347316,400000
1347319,1900000
1347324,448600
1347326,0
1347341,524500
1347343,474300
1347345,400000
1347346,800000
1347347,1103300
1347348,400000
1347349,297500
1347353,630000
1347356,410500
1347364,526200
1347369,400000
1347373,400000
1347374,400000
1347382,0
1347383,0
1347388,0
1347390,968100
1347391,622000
1347396,0
1347398,495500
1347399,395500
1347408,520000
1347411,150000
1347412,431400
1347413,0
1347414,431300
1347416,400000
1347417,80600
1347426,0
1347437,0
1347441,500000
1347442,0
1347445,180000
1347453,400000
1347456,232500
1347458,314700
1347460,346500
1347471,0
1347479,140000
1347484,0
1347486,400000
1347488,0
1347492,495000
1347498,400000
1347500,350000
1347501,474400
1347505,628300
1347509,500000
1347512,431000
1347517,336000
1347520,898200
1347521,0
1347522,0
1347524,657500
1347525,478800
1347529,400000
1347530,0
1347534,400000
1347535,400300
1347537,499000
1347538,0
1347557,400000
1347563,494500
1347567,580800
1347570,492000
1347577,400000
1347581,0
1347587,400000
1347588,0
1347592,450000
1347595,0
1347600,417500
1347601,0
1347608,350000
1347613,2042800
1347616,315000
1347621,0
1347634,0
1347635,460800
1347638,502500
1347640,458500
1347642,3299400
1347648,463900
1347649,390300
1347654,847300
1347665,389900
1347666,0
1347673,500000
1347675,300000
1347680,400000
1347681,426000
1347682,314500
1347684,608500
1347690,0
1347692,250000
1347694,887100
1347696,396500
1347701,500000
1347703,3638700
1347704,0
1347705,555500
1347714,0
1347715,555600
1347718,400000
1347721,0
1347733,400000
1347735,500000
1347740,619800
1347742,694000
1347743,472000
1347748,784800
1347751,393900
1347752,643000
1347758,471600
1347767,411500
1347769,593800
1347771,0
1347772,0
1347776,0
1347779,1307800
1347781,123000
1347782,460800
1347786,460800
1347788,0
1347790,504000
1347792,0
1347795,551000
1347797,400000
1347800,400000
1347801,400000
1347802,0
1347811,284000
1347813,456000
1347817,481000
1347820,145000
1347832,437000
1347834,400000
1347835,400000
1347840,500000
1347845,0
1347850,0
1347853,1201100
1347858,0
1347862,526600
1347865,461800
1347866,314700
1347870,0
1347873,400000
1347874,1333200
1347879,150000
1347880,500000
1347881,0
1347889,500000
1347890,720000
1347891,474500
1347903,750000
1347905,476000
1347906,0
1347916,790400
1347920,672100
1347922,0
1347924,350000
1347931,500000
1347932,67200
1347939,550000
1347947,0
1347952,200000
1347955,400000
1347958,684000
1347961,675400
1347965,314900
1347975,507500
1347977,213000
1347983,0
1347986,400100
1347989,0
1347993,400000
1347998,1847500
1348006,0
1348010,350000
1348011,1152000
1348016,0
1348024,91500
1348025,400000
1348027,0
1348028,460800
1348039,636000
1348042,905500
1348046,150000
1348053,436000
1348058,400000
1348065,592000
1348066,0
1348067,0
1348072,470200
1348075,150000
1348080,0
1348086,500000
1348087,883600
1348089,0
1348091,640000
1348093,492300
1348094,0
1348097,295000
1348098,82500
1348101,375000
1348102,1107000
1348103,0
1348105,424900
1348107,86500
1348109,455300
1348118,0
1348120,492100
1348121,493000
1348127,450000
1348128,400000
1348140,445100
1348142,301500
1348144,400000
1348154,400500
1348156,550000
1348158,378500
1348165,640000
1348167,400000
1348170,1043000
1348173,189000
1348178,574200
1348181,1903800
1348183,400000
1348190,445000
1348192,0
1348194,600000
1348198,1475900
1348200,500000
1348203,250000
1348212,400000
1348215,504200
1348219,1190700
1348243,400000
1348247,150000
1348251,90000
1348252,335000
1348254,445000
1348262,500000
1348268,955000
1348273,250000
1348274,445100
1348275,201500
1348282,0
1348285,644500
1348290,500000
1348291,0
1348293,105000
1348302,0
1348311,150000
1348314,471200
1348317,238000
1348323,600000
1348324,0
1348328,466600
1348331,400000
1348341,466000
1348345,0
1348346,310000
1348349,525000
1348350,0
1348351,550000
1348360,0
1348364,629500
1348365,60000
1348368,2035100
1348372,939000
1348382,550000
1348390,630000
1348397,494500
1348408,0
1348420,923700
1348424,500000
1348431,0
1348432,2000000
1348436,400000
1348451,0
1348454,450000
1348456,0
1348460,863200
1348462,425000
1348470,433800
1348472,0
1348475,467500
1348477,450000
1348482,443600
1348483,500000
1348495,0
1348503,314700
1348505,0
1348507,350000
1348511,362500
1348514,643000
1348515,0
1348516,734900
1348517,1613100
1348519,1781800
1348520,374600
1348521,4280600
1348536,499000
1348550,0
1348559,809500
1348565,5214400
1348567,402700
1348568,0
1348573,200000
1348576,400000
1348578,736100
1348581,786800
1348587,400000
1348596,400000
1348603,0
1348608,492300
1348609,391000
1348611,0
1348612,0
1348614,0
1348617,1187400
1348621,0
1348623,0
1348624,363500
1348629,1323000
1348630,315000
1348645,300000
1348646,481000
1348649,445100
1348652,315000
1348654,135000
1348655,671000
1348663,474300
1348666,550000
1348674,0
1348679,0
1348693,190000
1348694,561000
1348696,581100
1348698,1202000
1348700,0
1348701,381800
1348704,482800
1348708,532000
1348709,0
1348712,142000
1348715,727700
1348716,10900000
1348718,600000
1348720,863000
1348721,785900
1348726,753800
1348733,602800
1348735,1065000
1348739,414000
1348740,418500
1348741,457000
1348749,607500
1348750,1131700
1348752,750000
1348756,1127700
1348768,2307000
1348773,400000
1348775,0
1348777,843700
1348778,400000
1348779,230000
1348781,718500
1348785,150000
1348788,474000
1348801,0
1348805,295000
1348808,378800
1348812,367000
1348814,0
1348817,250000
1348819,250000
1348825,0
1348834,240000
1348835,250000
1348841,350000
1348851,474300
1348854,430500
1348860,292200
1348862,0
1348866,150000
1348868,500000
1348869,392000
1348871,0
1348872,0
1348875,750000
1348877,0
1348888,500000
1348897,0
1348899,200000
1348901,0
1348906,500000
1348907,740000
1348908,1184500
1348922,166000
1348926,450800
1348930,91800
1348932,459400
1348938,965500
1348939,386500
1348943,0
1348947,655400
1348955,446400
1348957,785900
1348962,400000
1348964,350000
1348965,479000
1348966,130000
1348967,350000
1348971,0
1348974,500000
1348981,150000
1348986,377000
1348989,500000
1348992,314700
1348993,550000
1348995,424300
1349001,1329900
1349011,596000
1349012,0
1349016,421800
1349021,579300
1349026,312500
1349035,0
1349037,0
1349038,112000
1349043,534400
1349045,0
1349047,400000
1349048,475900
1349053,713700
1349054,0
1349066,320000
1349068,468000
1349072,400000
1349077,450000
1349079,150000
1349081,400000
1349085,291800
1349096,0
1349097,270000
1349099,0
1349103,556500
1349105,255000
1349115,412300
1349116,400000
1349120,305000
1349121,455600
1349125,244500
1349126,0
1349127,0
1349130,564200
1349133,450800
1349134,0
1349135,0
1349136,291300
1349139,1696500
1349141,550000
1349144,515800
1349145,250000
1349147,1035000
1349151,400000
1349155,150000
1349157,469800
1349165,458500
1349167,650000
1349173,500000
1349175,394600
1349178,400000
1349186,314700
1349193,1055800
1349196,823000
1349199,6845000
1349210,432500
1349211,463000
1349212,0
1349214,469100
1349225,366800
1349229,250000
1349230,0
1349233,590500
1349234,687500
1349241,113000
1349251,786500
1349256,520000
1349258,0
1349262,382000
1349265,355100
1349266,0
1349268,0
1349272,654900
1349275,2422500
1349277,350000
1349279,0
1349283,670000
1349286,218000
1349287,337800
1349288,0
1349290,400000
1349292,0
1349296,400000
1349299,356600
1349309,457200
1349310,314700
1349311,550000
1349312,677000
1349313,892500
1349314,0
1349319,422500
1349320,112000
1349325,0
1349328,561400
1349335,517500
1349345,0
1349353,38400
1349356,0
1349358,577000
1349365,400000
1349366,430200
1349368,0
1349369,287500
1349376,0
1349381,10847500
1349382,0
1349383,396500
1349407,2495100
1349409,0
1349411,0
1349413,1200000
1349422,351900
1349424,1150000
1349426,0
1349433,989000
1349437,1730200
1349438,0
1349439,0
1349440,482500
1349441,400000
1349443,0
1349445,751300
1349447,700000
1349453,336000
1349458,690900
1349462,350000
1349468,454000
1349470,393000
1349472,400000
1349475,350000
1349478,0
1349479,3761000
1349492,0
1349497,400000
1349499,400000
1349503,400000
1349508,186400
1349512,0
1349514,0
1349517,0
1349523,1090400
1349531,400000
1349535,0
1349542,595000
1349543,454500
1349546,150000
1349547,474300
1349553,388800
1349557,0
1349560,0
1349565,458500
1349566,400000
1349573,538800
1349583,400000
1349585,665600
1349593,150000
1349595,0
1349597,467500
1349605,595000
1349606,581400
1349609,0
1349612,302500
1349613,0
1349617,314700
1349618,463300
1349625,1153700
1349638,265000
1349644,350000
1349646,0
1349648,0
1349649,500000
1349650,0
1349655,150000
1349656,630000
1349661,7290900
1349670,400000
1349679,68500
1349680,690500
1349681,1700000
1349683,0
1349696,691500
1349698,388800
1349702,399100
1349706,703000
1349707,430000
1349719,894600
1349729,400000
1349731,0
1349736,800000
1349738,699800
1349739,250000
1349746,150000
1349749,0
1349755,400000
1349758,789000
1349764,1048300
1349768,1121900
1349771,560800
1349785,600000
1349787,400000
1349796,364000
1349798,420000
1349803,702200
1349805,314700
1349808,0
1349810,2944700
1349822,466600
1349823,0
1349824,476600
1349830,850000
1349838,618200
1349843,500500
1349848,472000
1349849,404100
1349855,377700
1349860,0
1349871,928100
1349874,465300
1349878,451800
1349880,349500
1349881,829100
1349885,150000
1349888,0
1349891,1065000
1349893,564500
1349899,2199200
1349901,876600
1349909,500000
1349916,0
1349917,871700
1349924,346500
1349929,0
1349930,0
1349931,689700
1349936,406000
1349943,400000
1349948,635000
1349951,250000
1349960,570800
1349965,1296500
1349967,399000
1349968,3210300
1349986,941400
1349991,0
1349992,500000
1349995,563900
1349996,1737700
1350002,754000
1350013,1189900
1350018,673000
1350019,0
1350021,350000
1350023,405000
1350024,431500
1350028,550000
1350030,297500
1350031,126000
1350034,399100
1350036,500000
1350037,189500
1350039,0
1350047,2754900
1350048,0
1350049,214000
1350051,550000
1350058,0
1350059,0
1350062,0
1350063,707200
1350064,0
1350081,200000
1350084,920000
1350086,150000
1350087,0
1350088,473300
1350091,280000
1350092,526500
1350100,0
1350110,700000
1350117,150000
1350122,0
1350126,300000
1350133,285300
1350138,500000
1350142,600300
1350144,0
1350147,532500
1350152,332300
1350156,595000
1350158,645000
1350159,900000
1350160,400000
1350178,454000
1350188,379800
1350190,471800
1350191,51500
1350196,877500
1350204,550000
1350211,0
1350212,400000
1350218,0
1350222,606000
1350225,454400
1350227,450000
1350234,2163200
1350235,101500
1350237,1264500
1350247,248000
1350254,370500
1350256,335000
1350257,454000
1350263,0
1350265,540100
1350267,350000
1350269,495700
1350276,1468800
1350278,659800
1350283,0
1350290,647200
1350291,400000
1350295,400000
1350298,350000
1350299,403800
1350303,5191300
1350305,0
1350307,400000
1350309,526100
1350314,0
1350321,0
1350324,757400
1350326,397700
1350329,500000
1350333,441000
1350335,0
1350342,398800
1350355,100000
1350358,410000
1350363,0
1350365,1079000
1350369,0
1350371,67900
1350375,710000
1350382,738000
1350385,650000
1350387,359800
1350393,743800
1350400,0
1350403,0
1350404,3114000
1350407,170000
1350409,218000
1350414,417200
1350416,0
1350422,250000
1350423,400000
1350430,500000
1350439,400000
1350457,499000
1350463,537000
1350471,0
1350473,330800
1350475,400000
1350478,249800
1350480,0
1350484,249700
1350488,500000
1350489,0
1350492,269700
1350493,0
1350496,0
1350497,308500
1350503,250000
1350509,346500
1350514,2852000
1350518,400000
1350524,400000
1350525,667500
1350527,745600
1350530,780000
1350534,0
1350540,472500
1350541,240000
1350558,460800
1350570,238500
1350572,984500
1350573,320000
1350576,150000
1350579,542000
1350582,450000
1350584,1946900
1350586,422900
1350587,250000
1350588,451500
1350590,480000
1350595,317500
1350597,619900
1350600,643000
1350601,0
1350604,220000
1350606,0
1350609,679100
1350611,150000
1350612,552500
1350613,553300
1350614,400000
1350632,300000
1350634,342500
1350635,1416300
1350640,280000
1350641,0
1350644,0
1350661,150000
1350669,600000
1350670,400000
1350671,250000
1350677,4652100
1350683,650200
1350688,573200
1350690,712500
1350694,0
1350703,550000
1350705,0
1350711,315000
1350714,217200
1350719,499000
1350723,0
1350725,375100
1350726,516300
1350728,515200
1350729,350000
1350734,150000
1350743,0
1350752,672500
1350756,438000
1350766,1150500
1350768,450000
1350770,450000
1350771,365500
1350781,0
1350788,460800
1350789,0
1350796,224800
1350804,0
1350807,710800
1350809,367500
1350811,250000
1350818,150000
1350819,818500
1350823,0
1350825,4134300
1350828,920000
1350830,575000
1350833,357000
1350837,0
1350839,687000
1350840,0
1350844,0
1350845,250000
1350851,852000
1350857,875000
1350867,867400
1350871,350000
1350874,1481200
1350879,0
1350882,150000
1350883,658000
1350885,617500
1350886,850000
1350890,0
1350892,165000
1350895,0
1350896,670000
1350910,667300
1350911,597000
1350915,767000
1350918,435000
1350919,0
1350924,0
1350927,250000
1350930,100000
1350931,0
1350937,350000
1350940,200000
1350951,350000
1350955,0
1350958,537100
1350960,325000
1350972,308200
1350981,125000
1350983,0
1350986,0
1350996,1810100
1351001,689500
1351002,88000
1351003,0
1351005,0
1351008,450000
1351019,1045000
1351028,0
1351032,300000
1351040,354600
1351042,450000
1351045,180000
1351057,939000
1351064,594900
1351066,150000
1351067,714700
1351068,450000
1351073,0
1351081,0
1351082,150000
1351083,774100
1351085,0
1351087,446500
1351089,0
1351094,0
1351096,500000
1351099,443000
1351103,0
1351105,1466600
1351108,977600
1351110,841600
1351128,668600
1351130,150000
1351133,0
1351135,0
1351137,350000
1351141,98000
1351144,1050000
1351145,300000
1351158,450400
1351159,382900
1351168,294900
1351169,217200
1351175,654900
1351177,0
1351178,2365000
1351180,150000
1351181,729500
1351187,475000
1351190,518000
1351198,0
1351199,320000
1351202,569300
1351205,200000
1351212,1926400
1351213,0
1351215,1233500
1351225,437000
1351235,798000
1351243,364000
1351249,18359800
1351251,400000
1351252,0
1351255,836000
1351258,0
1351262,350000
1351269,250000
1351271,0
1351274,350000
1351276,400000
1351280,912700
1351284,942000
1351288,400000
1351293,550000
1351296,650000
1351300,220000
1351306,700000
1351307,1354100
1351314,0
1351324,0
1351341,250000
1351342,0
1351345,0
1351346,846800
1351360,150000
1351361,0
1351366,0
1351374,824000
1351381,0
1351382,445800
1351390,0
1351392,392800
1351394,500000
1351401,0
1351403,6466600
1351407,208600
1351409,314000
1351416,350000
1351421,513000
1351441,419900
1351446,0
1351448,45000
1351452,100000
1351456,0
1351459,86500
1351460,1807500
1351466,0
1351468,294900
1351469,1095100
1351476,475000
1351483,250000
1351485,0
1351486,375000
1351490,0
1351503,642300
1351506,0
1351513,250000
1351522,850000
1351526,0
1351529,0
1351544,0
1351548,0
1351559,412500
1351564,0
1351568,400000
1351570,550000
1351573,504500
1351586,0
1351587,305000
1351589,550000
1351590,332500
1351593,250000
1351594,0
1351595,467500
1351596,278000
1351597,237500
1351604,0
1351605,11020300
1351609,562000
1351610,746700
1351618,2430000
1351620,250000
1351628,516000
1351629,103000
1351632,0
1351633,0
1351636,1006800
1351640,500000
1351641,262500
1351642,453500
1351649,2175100
1351654,236900
1351665,219500
1351679,0
1351680,33600
1351688,643000
1351691,535000
1351693,0
1351700,384600
1351703,495500
1351707,0
1351717,200000
1351720,150000
1351724,560000
1351730,86500
1351734,500000
1351735,600000
1351737,0
1351741,353600
1351747,302500
1351752,2633500
1351757,0
1351769,135000
1351771,250000
1351772,322000
1351773,455000
1351793,361200
1351794,470000
1351800,450000
1351802,205000
1351805,440000
1351806,0
1351809,1070400
1351811,240000
1351816,713500
1351819,1178000
1351820,200000
1351833,0
1351836,0
1351843,0
1351844,157400
1351845,550000
1351855,287700
1351858,0
1351862,145000
1351867,348500
1351869,476100
1351881,1323800
1351882,604500
1351897,86500
1351899,115000
1351900,404200
1351903,400000
1351905,362500
1351909,0
1351910,512000
1351914,457600
1351919,0
1351921,250000
1351931,1045000
1351934,2590600
1351936,0
1351937,351000
1351947,350000
1351953,765100
1351956,400000
1351970,86500
1351977,400000
1351980,464000
1351981,457000
1351989,302500
1351995,0
1352000,926200
1352001,39000
1352005,0
1352020,0
1352021,800000
1352033,1551900
1352037,500000
1352038,0
1352040,0
1352054,276500
1352060,325800
1352063,0
1352072,1203600
1352076,563500
1352099,600000
1352100,440000
1352102,0
1352104,246600
1352108,244200
1352113,800000
1352114,806300
1352115,400000
1352116,463900
1352118,416600
1352126,398600
1352127,300000
1352129,416800
1352131,639600
1352135,532400
1352136,510000
1352137,250000
1352139,150000
1352141,350000
1352145,0
1352150,259000
1352152,1600000
1352154,236000
1352159,511300
1352162,500000
1352165,450900
1352169,15000
1352176,150000
1352178,548000
1352182,0
1352189,455000
1352193,2529000
1352197,631000
1352198,0
1352199,1409000
1352202,210900
1352224,0
1352241,250000
1352248,187400
1352262,269700
1352264,584100
1352271,535000
1352283,571600
1352306,280000
1352310,0
1352312,431600
1352319,400000
1352322,250000
1352328,100000
1352329,0
1352333,0
1352334,592500
1352341,360500
1352342,150000
1352343,250000
1352345,675300
1352350,713000
1352354,250000
1352364,600000
1352366,613500
1352367,250000
1352375,150000
1352383,256000
1352392,434000
1352405,710000
1352410,127000
1352414,400000
1352415,431000
1352416,472000
1352417,423800
1352418,0
1352419,350000
1352429,325000
1352430,323000
1352437,0
1352447,0
1352450,1457000
1352451,0
1352452,0
1352462,0
1352482,438200
1352486,0
1352500,0
1352501,250000
1352502,338000
1352504,0
1352512,150000
1352514,900000
1352515,587000
1352518,528200
1352521,451000
1352525,1870800
1352528,450000
1352531,578100
1352537,350000
1352541,829800
1352544,895000
1352546,150000
1352552,0
1352558,200000
1352563,550000
1352568,0
1352570,1000000
1352571,3812300
1352574,0
1352583,0
1352590,0
1352591,402000
1352593,3512600
1352594,0
1352599,0
1352603,370000
1352617,467500
1352627,0
1352628,0
1352630,371000
1352635,298000
1352637,628800
1352640,0
1352648,544800
1352652,0
1352655,0
1352657,195000
1352659,715000
1352669,0
1352694,326900
1352701,600000
1352704,0
1352709,0
1352722,200000
1352727,433400
1352747,1094800
1352757,250000
1352761,308200
1352762,0
1352773,549400
1352775,0
1352779,988000
1352780,0
1352786,0
1352790,150000
1352791,134000
1352801,2737000
1352807,0
1352809,250000
1352813,1696500
1352814,250000
1352816,500000
1352825,224800
1352828,0
1352831,350000
1352841,610000
1352842,0
1352848,1635400
1352851,250000
1352855,250000
1352857,0
1352860,0
1352863,350000
1352869,400000
1352881,0
1352886,0
1352892,0
1352899,142000
1352903,350000
1352908,300000
1352910,757000
1352911,840300
1352913,250000
1352925,574300
1352928,550000
1352932,430200
1352947,302500
1352950,300000
1352951,350000
1352955,0
1352960,0
1352962,332500
1352969,624000
1352977,0
1352979,399500
1352984,350000
1352990,1016000
1352991,250000
1352993,400000
1352999,400000
1353019,481000
1353021,450000
1353024,332500
1353041,450000
1353045,1154300
1353062,440000
1353065,250000
1353072,294400
1353073,896100
1353074,0
1353076,1095000
1353080,750000
1353083,0
1353099,439200
1353116,300000
1353117,350000
1353121,3921800
1353125,607000
1353126,500000
1353130,932200
1353144,13331500
1353155,250000
1353167,0
1353186,0
1353187,0
1353191,250000
1353193,766000
1353197,500000
1353212,631000
1353218,150000
1353227,150000
1353233,484900
1353236,372000
1353239,300000
1353251,400000
1353255,472300
1353259,617300
1353262,3380000
1353269,0
1353273,0
1353281,0
1353284,370900
1353295,350000
1353296,812000
1353305,305000
1353307,250000
1353308,0
1353309,0
1353315,650000
1353318,180000
1353319,250000
1353320,500000
1353321,0
1353324,446500
1353329,250000
1353335,0
1353340,380300
1353355,533400
1353382,128000
1353383,250000
1353384,233600
1353385,0
1353389,464000
1353392,0
1353396,0
1353397,495000
1353404,731000
1353408,0
1353409,0
1353422,250000
1353431,860400
1353433,0
1353435,0
1353441,0
1353444,51200
1353446,993200
1353447,1215500
1353451,531000
1353459,213000
1353463,0
1353464,0
1353471,521500
1353479,550000
1353485,585600
1353486,0
1353487,0
1353494,350000
1353501,250000
1353510,0
1353530,1014000
1353531,0
1353534,0
1353538,0
1353540,263000
1353546,350000
1353550,450000
1353552,150000
1353558,609000
1353562,0
1353568,528500
1353573,500000
1353574,0
1353583,0
1353588,350000
1353589,343000
1353590,467500
1353598,698600
1353604,613000
1353609,424500
1353621,500000
1353627,920000
1353643,498300
1353653,400000
1353667,350000
1353678,0
1353691,250000
1353699,450000
1353709,513500
1353715,450000
1353724,2002100
1353738,2087000
1353750,0
1353752,450000
1353756,168000
1353760,0
1353761,74000
1353787,527000
1353797,450000
1353802,0
1353804,0
1353821,938300
1353835,319000
1353841,2188500
1353852,0
1353875,0
1353877,491900
1353879,600000
1353884,0
1353891,1040000
1353895,599000
1353911,399100
1353917,1039900
1353936,0
1353940,740000
1353942,1080000
1353959,75000
1353965,14000
1353966,599000
1353977,129500
1353995,400000
1354014,0
1354025,275600
1354050,250000
1354058,870400
1354064,847200
1354065,758000
1354066,0
1354069,783500
1354078,1323500
1354079,370000
1354081,160000
1354092,870000
1354095,162000
1354107,400000
1354119,0
1354126,560000
1354127,0
1354133,400000
1354144,0
1354147,0
1354150,649000
1354151,500000
1354153,150000
1354156,1328500
1354161,2371600
1354176,574300
1354188,150000
1354189,400000
1354198,306100
1354207,150000
1354219,0
1354223,700000
1354234,400000
1354241,0
1354264,400000
1354269,0
1354276,0
1354284,1012200
1354294,0
1354297,100000
1354306,1510400
1354311,493000
1354318,1006100
1354330,887500
1354331,150000
1354335,500000
1354340,0
1354346,466800
1354352,1119600
1354357,250000
1354358,838500
1354359,132000
1354362,150000
1354367,350000
1354368,0
1354374,0
1354381,450000
1354382,30000
1354387,692500
1354393,3671800
1354396,1034000
1354405,275000
1354406,0
1354411,516000
1354415,0
1354417,415000
1354421,150000
1354428,149000
1354431,250000
1354433,1015500
1354438,400000
1354445,800000
1354446,0
1354448,250000
1354449,0
1354456,150000
1354462,485500
1354469,327500
1354474,780500
1354482,110000
1354486,458500
1354489,342000
1354490,250000
1354491,246000
1354496,0
1354498,0
1354501,0
1354502,0
1354506,0
1354507,1000000
1354509,525000
1354524,621800
1354536,450000
1354541,0
1354556,524300
1354567,406300
1354571,0
1354573,450000
1354576,1565600
1354577,0
1354578,460800
1354579,1000000
1354589,450000
1354590,0
1354594,0
1354596,520300
1354608,697600
1354612,335000
1354619,0
1354628,1075000
1354630,400000
1354646,985800
1354647,500000
1354648,610000
1354656,589400
1354664,525000
1354666,550000
1354668,250000
1354676,500000
1354678,428400
1354682,465600
1354691,706300
1354692,400000
1354693,0
1354696,150000
1354697,1484800
1354699,522000
1354700,1298700
1354701,0
1354704,400000
1354710,448900
1354714,470000
1354732,145000
1354733,550000
1354736,0
1354747,1520500
1354756,450000
1354761,1000000
1354762,410400
1354773,868000
1354782,467500
1354786,450000
1354791,635700
1354795,1512300
1354797,1048600
1354802,350000
1354808,450000
1354810,608800
1354812,1762000
1354818,0
1354820,0
1354822,314700
1354827,400000
1354829,314700
1354838,714000
1354839,1494600
1354840,0
1354844,0
1354848,343000
1354849,145000
1354859,793000
1354862,400000
1354869,330800
1354871,0
1354873,0
1354888,150000
1354890,500000
1354892,505200
1354902,424500
1354906,439600
1354908,500000
1354913,472900
1354919,340500
1354925,2150000
1354931,450000
1354933,494500
1354940,0
1354946,400000
1354948,2205000
1354950,800000
1354952,350000
1354960,490000
1354962,312800
1354968,500000
1354976,373000
1354986,0
1354997,0
1354998,250000
1355000,0
1355002,400000
1355007,0
1355020,0
1355023,434500
1355025,494000
1355028,344300
1355030,270000
1355041,150000
1355043,505000
1355044,391000
1355053,150000
1355063,490800
1355065,400000
1355066,150000
1355068,727000
1355070,467500
1355077,0
1355078,0
1355080,392800
1355086,150000
1355091,391500
1355093,0
1355096,450000
1355103,150000
1355104,0
1355105,400000
1355108,0
1355118,2000000
1355122,400000
1355124,0
1355131,332500
1355132,150000
1355134,799700
1355138,930900
1355139,0
1355144,400000
1355145,150000
1355148,150000
1355163,99000
1355169,0
1355173,400000
1355176,0
1355178,337700
1355185,298000
1355190,400000
1355202,493200
1355203,445000
1355207,400000
1355211,0
1355213,400000
1355218,0
1355222,1635700
1355225,417500
1355228,901200
1355237,542800
1355238,0
1355239,402500
1355241,474300
1355244,550000
1355261,314700
1355262,315000
1355279,0
1355286,629800
1355288,2003800
1355290,0
1355291,869700
1355303,598200
1355304,0
1355307,465300
1355313,500000
1355318,150000
1355320,150000
1355321,55000
1355323,782300
1355327,575300
1355330,296500
1355344,457000
1355356,948800
1355357,335000
1355358,445000
1355363,391500
1355364,0
1355368,390100
1355370,455000
1355372,444800
1355373,250000
1355375,0
1355379,400000
1355380,400000
1355381,369000
1355382,0
1355386,400000
1355387,500000
1355391,400000
1355393,400900
1355395,494500
1355397,200000
1355401,353500
1355410,350000
1355412,430100
1355414,546400
1355415,0
1355417,0
1355419,0
1355426,0
1355430,879000
1355431,478300
1355433,332500
1355452,400000
1355462,760400
1355467,314700
1355472,332500
1355478,543100
1355479,435000
1355480,750000
1355483,0
1355484,0
1355492,0
1355500,1867900
1355507,400000
1355510,378600
1355512,2437600
1355518,450000
1355521,0
1355522,410800
1355529,374500
1355530,250000
1355532,390400
1355539,357000
1355542,331000
1355544,464700
1355552,305000
1355554,587500
1355558,350000
1355561,441700
1355563,165800
1355564,400000
1355565,540000
1355569,0
1355592,400000
1355597,400000
1355601,400000
1355605,346900
1355608,657500
1355609,350000
1355611,0
1355614,350000
1355628,0
1355633,0
1355638,385000
1355641,481000
1355651,2195400
1355654,400000
1355655,896400
1355658,400000
1355669,387100
1355670,200000
1355678,400000
1355679,1197000
1355685,0
1355691,829100
1355699,1175200
1355708,434200
1355710,350000
1355716,686600
1355737,0
1355751,463900
1355755,400000
1355756,153000
1355760,350000
1355761,314000
1355763,595000
1355764,400000
1355766,720300
1355772,439600
1355782,365500
1355785,577000
1355789,500000
1355795,370700
1355800,395500
1355805,464400
1355811,400000
1355820,543200
1355821,130500
1355823,0
1355835,350000
1355837,465300
1355841,440000
1355849,0
1355852,0
1355856,0
1355857,400000
1355872,400000
1355875,570000
1355881,0
1355887,592800
1355889,690000
1355891,0
1355892,442300
1355893,315500
1355895,0
1355899,98400
1355900,150000
1355910,800000
1355914,0
1355916,838000
1355918,469100
1355943,0
1355948,356000
1355950,393000
1355952,343000
1355960,550000
1355961,627000
1355964,400000
1355966,0
1355972,518800
1355981,0
1355982,464700
1355983,5522900
1355984,400000
1355985,314700
1355991,769800
1355992,577500
1355995,400000
1355996,400000
1355997,0
1356006,467500
1356008,759500
1356016,400000
1356020,500000
1356021,375000
1356022,950000
1356025,535000
1356027,413800
1356028,920000
1356032,326000
1356034,585000
1356038,0
1356044,414000
1356048,500000
1356051,408000
1356064,400000
1356072,868500
1356075,400000
1356078,400000
1356083,467500
1356089,143900
1356092,0
1356095,550000
1356100,1176000
1356101,0
1356106,250000
1356107,350000
1356108,650000
1356112,649300
1356113,340600
1356117,500000
1356119,0
1356123,8854600
1356127,588300
1356128,1000000
1356130,0
1356134,346500
1356142,697000
1356143,0
1356147,300000
1356149,0
1356152,385100
1356154,529300
1356155,1175000
1356156,1781000
1356168,0
1356174,260000
1356175,0
1356177,388500
1356184,515700
1356189,457500
1356198,0
1356200,467500
1356201,371000
1356204,1059200
1356205,517500
1356206,422500
1356208,439900
1356209,0
1356210,1372000
1356221,0
1356227,789000
1356231,747400
1356232,1428500
1356233,489000
1356236,415300
1356239,319800
1356243,0
1356247,600000
1356248,1417300
1356250,400000
1356256,0
1356260,315000
1356262,441600
1356263,450000
1356264,400000
1356265,400000
1356273,400000
1356276,350000
1356279,400000
1356281,238500
1356282,0
1356285,400000
1356286,0
1356293,145000
1356294,457300
1356296,490000
1356302,0
1356303,450000
1356313,1287300
1356314,0
1356318,742000
1356324,373200
1356325,350000
1356326,0
1356329,555500
1356338,777800
1356341,0
1356344,454100
1356349,250000
1356352,610500
1356353,3724700
1356354,1158800
1356355,150000
1356369,668500
1356390,400000
1356405,1941600
1356410,495900
1356411,0
1356414,494500
1356416,0
1356417,0
1356419,490000
1356421,0
1356429,656300
1356432,991500
1356437,0
1356442,474300
1356445,150000
1356446,0
1356447,0
1356455,450000
1356463,0
1356464,656500
1356469,250000
1356471,1109700
1356473,791500
1356476,145000
1356481,0
1356487,450000
1356493,440600
1356504,0
1356506,830000
1356511,429000
1356513,0
1356514,400000
1356515,454000
1356520,0
1356521,400000
1356522,577000
1356525,962500
1356526,319800
1356527,442500
1356530,798500
1356532,540000
1356542,0
1356547,2585000
1356548,150000
1356553,381500
1356555,255800
1356557,0
1356567,500000
1356574,400000
1356576,0
1356582,369000
1356583,606300
1356585,598000
1356590,832100
1356594,385500
1356595,931000
1356599,0
1356605,150000
1356617,0
1356625,0
1356628,302200
1356636,150000
1356638,120000
1356639,350000
1356641,1657200
1356642,399000
1356645,0
1356648,500000
1356649,914300
1356651,401000
1356656,420200
1356660,499000
1356661,400000
1356663,0
1356670,600000
1356671,150000
1356672,434500
1356674,271800
1356676,932000
1356678,332500
1356683,477400
1356684,0
1356685,400000
1356692,452000
1356693,780800
1356698,0
1356699,285000
1356701,1246200
1356706,972000
1356707,314700
1356711,428500
1356712,499300
1356715,454100
1356718,692000
1356720,540000
1356723,754300
1356725,550000
1356731,350000
1356732,487500
1356736,400000
1356737,393800
1356740,480000
1356741,314700
1356742,571500
1356745,400000
1356750,2313200
1356755,0
1356757,761000
1356759,0
1356760,459000
1356762,400000
1356764,435100
1356767,450000
1356772,469600
1356774,0
1356775,150000
1356776,0
1356782,721800
1356788,550000
1356799,434600
1356804,353500
1356807,150000
1356808,0
1356811,108500
1356812,556700
1356814,454000
1356817,250000
1356821,0
1356822,0
1356832,590000
1356835,500000
1356837,0
1356849,334000
1356852,459400
1356854,580000
1356855,225000
1356860,360500
1356868,568500
1356869,1379300
1356872,0
1356874,692800
1356876,384000
1356877,482500
1356880,500000
1356882,550000
1356883,500000
1356886,551900
1356888,108600
1356891,332500
1356906,700000
1356909,240000
1356912,0
1356915,383000
1356919,0
1356921,350000
1356922,0
1356923,400000
1356930,553600
1356933,595800
1356943,199000
1356944,0
1356945,1236900
1356955,512800
1356956,570000
1356958,135000
1356963,0
1356966,1764900
1356976,400000
1356980,332500
1356983,250000
1356989,600000
1356990,1504700
1357000,500000
1357001,5375100
1357009,0
1357017,175000
1357019,754400
1357024,314700
1357026,210000
1357031,400000
1357037,0
1357039,350000
1357047,0
1357048,404000
1357049,618500
1357068,356100
1357069,250000
1357076,0
1357094,457200
1357097,1202600
1357099,0
1357103,389600
1357104,489500
1357107,150000
1357109,400000
1357118,0
1357120,663300
1357131,400000
1357142,190000
1357149,1840200
1357156,200000
1357157,250000
1357162,565400
1357165,314700
1357167,0
1357168,331800
1357174,0
1357181,528300
1357186,0
1357187,350000
1357193,150000
1357197,795000
1357201,1458000
1357202,1010000
1357210,653800
1357214,315000
1357221,606300
1357224,4836400
1357227,652000
1357230,461800
1357231,500000
1357235,406800
1357236,378000
1357243,1009900
1357247,0
1357254,316300
1357259,607000
1357261,150000
1357263,286000
1357268,762900
1357270,551900
1357271,300000
1357273,250000
1357280,870500
1357285,200000
1357288,500000
1357308,500000
1357311,450000
1357312,481000
1357313,725300
1357314,550000
1357317,0
1357318,650000
1357327,1328900
1357336,400000
1357337,2777300
1357339,435500
1357348,628000
1357350,0
1357352,467500
1357355,383200
1357362,604000
1357365,600000
1357366,250000
1357367,467500
1357370,456300
1357376,350000
1357381,474300
1357383,600000
1357391,351200
1357397,326000
1357398,471600
1357404,0
1357405,150000
1357406,0
1357407,0
1357410,627000
1357413,0
1357423,0
1357425,314700
1357430,348900
1357431,0
1357443,337000
1357448,0
1357453,533700
1357458,437600
1357460,350000
1357466,358000
1357469,836900
1357471,656100
1357473,362500
1357491,1282000
1357492,449000
1357493,837200
1357496,0
1357498,0
1357505,385100
1357510,397300
1357513,350000
1357524,614200
1357525,0
1357527,0
1357535,250000
1357541,1118100
1357545,0
1357547,100000
1357552,0
1357553,448200
1357557,433500
1357558,458500
1357562,400000
1357566,438400
1357571,473800
1357574,686000
1357577,0
1357578,0
1357579,550000
1357580,500000
1357587,0
1357588,650000
1357589,467500
1357590,613900
1357593,0
1357597,0
1357606,0
1357608,905000
1357612,1955300
1357617,650000
1357623,2126100
1357632,407500
1357635,150000
1357639,400000
1357643,400000
1357644,150000
1357645,150000
1357648,0
1357655,1476800
1357656,425800
1357657,400000
1357658,350000
1357659,0
1357661,361800
1357662,450000
1357677,330800
1357678,400000
1357682,0
1357687,632000
1357696,400000
1357699,250000
1357706,0
1357708,467500
1357710,785200
1357713,400000
1357716,574300
1357717,501100
1357726,993000
1357728,332500
1357740,0
1357742,459100
1357743,500700
1357745,499000
1357746,667500
1357747,417500
1357748,517800
1357750,912000
1357761,425800
1357762,0
1357765,400000
1357770,180000
1357771,150000
1357772,283000
1357775,0
1357776,0
1357778,0
1357779,350000
1357780,745000
1357781,150000
1357789,360500
1357790,0
1357799,539000
1357802,1011900
1357809,484600
1357818,809500
1357821,150000
1357827,150000
1357829,356200
1357831,332500
1357837,0
1357844,5217800
1357847,1000
1357850,332500
1357851,34300
1357852,150000
1357855,467500
1357856,500000
1357857,350000
1357867,343000
1357875,1623900
1357881,332500
1357884,450400
1357885,1886400
1357886,550000
1357888,330800
1357892,600000
1357894,400000
1357898,0
1357903,0
1357905,150000
1357909,370000
1357910,597000
1357911,425800
1357915,400000
1357916,150000
1357919,967500
1357922,0
1357923,465400
1357926,0
1357932,957000
1357934,449000
1357935,140000
1357945,500000
1357946,0
1357951,332500
1357967,372000
1357969,500000
1357972,187000
1357976,250000
1357984,1181600
1357988,1065000
1357996,0
1357997,400000
1357998,391500
1358006,150000
1358008,286000
1358013,417500
1358016,799800
1358019,440500
1358021,538500
1358028,433000
1358029,928000
1358034,0
1358037,725600
1358039,1920900
1358046,0
1358048,490000
1358049,332500
1358050,0
1358063,0
1358064,0
1358072,0
1358073,600000
1358075,142000
1358076,440000
1358079,0
1358082,540000
1358085,526200
1358087,642200
1358088,150000
1358091,550000
1358093,400000
1358094,2359300
1358100,349300
1358101,180000
1358102,450000
1358111,98000
1358113,762000
1358115,250400
1358117,481500
1358133,0
1358136,950000
1358140,314700
1358142,580800
1358163,0
1358170,395500
1358172,1144500
1358173,400000
1358174,413900
1358175,350000
1358180,194100
1358184,639000
1358186,1335200
1358187,0
1358189,0
1358190,669400
1358205,740800
1358210,450400
1358218,582000
1358219,450000
1358225,365000
1358227,0
1358230,0
1358232,0
1358233,402200
1358236,450400
1358239,700000
1358240,150000
1358241,479300
1358244,110000
1358247,250000
1358248,445800
1358249,1150000
1358255,599500
1358257,431000
1358258,0
1358260,523200
1358262,314700
1358263,750000
1358265,1121100
1358268,150000
1358269,859000
1358270,0
1358272,567900
1358282,1112000
1358288,461200
1358294,0
1358295,0
1358301,450000
1358303,250000
1358310,0
1358319,175000
1358329,500000
1358330,385000
1358331,611300
1358334,332500
1358350,625000
1358354,1468000
1358355,344800
1358356,157500
1358357,0
1358363,400000
1358364,314700
1358368,332500
1358370,737900
1358373,0
1358375,400000
1358381,0
1358383,500000
1358385,0
1358386,1190000
1358389,498500
1358392,493800
1358399,0
1358404,454000
1358414,150000
1358421,1010100
1358425,634600
1358428,463900
1358436,332500
1358438,400000
1358440,0
1358444,0
1358449,338500
1358456,0
1358458,0
1358461,550000
1358465,1441700
1358472,400000
1358475,509000
1358481,1157500
1358486,0
1358491,434000
1358500,1158500
1358502,500000
1358508,309500
1358516,270000
1358522,1358500
1358523,127600
1358524,0
1358525,481000
1358530,980100
1358540,774300
1358543,0
1358548,350000
1358551,400000
1358554,927000
1358555,400000
1358556,681800
1358561,336100
1358562,400000
1358564,1011200
1358580,158700
1358587,120000
1358588,692900
1358592,440200
1358607,900000
1358613,400000
1358618,288000
1358621,150000
1358627,450000
1358629,425000
1358631,1485600
1358632,511900
1358636,425500
1358637,400000
1358638,0
1358641,400000
1358651,419800
1358653,350000
1358659,576500
1358661,500000
1358664,1000000
1358665,250000
1358667,467500
1358673,332500
1358677,0
1358680,467200
1358683,500000
1358690,763900
1358691,654500
1358692,676100
1358695,400000
1358696,476500
1358698,408300
1358699,713500
1358701,500000
1358703,150000
1358711,150000
1358712,1536500
1358717,1832000
1358719,464700
1358724,0
1358729,563500
1358732,0
1358735,6390000
1358740,314700
1358742,0
1358744,150000
1358747,250000
1358752,315000
1358753,2000000
1358756,150000
1358766,1100000
1358771,140000
1358787,437400
1358795,796500
1358799,476400
1358806,400000
1358807,0
1358808,435000
1358811,140000
1358812,0
1358814,332500
1358818,522800
1358819,400000
1358820,410500
1358824,839000
1358828,13630500
1358829,0
1358833,926500
1358836,332500
1358839,598000
1358842,373200
1358847,332500
1358851,0
1358855,400000
1358860,446200
1358861,448200
1358863,494500
1358874,373500
1358875,136500
1358878,387500
1358880,642000
1358888,0
1358895,679000
1358899,536400
1358907,637500
1358911,492000
1358913,0
1358914,500000
1358917,250000
1358918,782500
1358919,149700
1358922,414000
1358923,152500
1358929,698000
1358931,347000
1358932,350000
1358948,0
1358956,0
1358958,287000
1358961,481500
1358963,400000
1358965,350000
1358966,912500
1358967,400000
1358968,780600
1358970,550000
1358979,862000
1358981,0
1358990,416500
1358992,887500
1358997,3003200
1358998,512800
1359000,244000
1359001,0
1359003,6147200
1359014,2602300
1359025,498000
1359026,150000
1359027,0
1359028,400000
1359035,447600
1359039,333000
1359040,360000
1359041,0
1359042,400000
1359051,150000
1359055,400000
1359056,659100
1359059,400000
1359062,377100
1359066,757500
1359069,388800
1359073,0
1359076,550000
1359081,454000
1359084,350000
1359085,250000
1359088,0
1359095,318000
1359101,0
1359103,400000
1359109,526800
1359111,156000
1359112,0
1359116,332500
1359120,0
1359123,1443500
1359146,550000
1359147,0
1359157,381800
1359158,1124300
1359161,654200
1359164,3405200
1359172,720000
1359175,0
1359178,350000
1359184,1760500
1359190,400000
1359193,1217400
1359194,150000
1359197,360000
1359198,0
1359200,491400
1359204,472000
1359208,452000
1359210,498300
1359214,526800
1359227,2055000
1359232,454000
1359244,227900
1359252,0
1359256,400000
1359258,5249500
1359260,752800
1359261,0
1359264,400000
1359265,0
1359273,385000
1359279,560000
1359284,700000
1359300,0
1359306,400000
1359307,418400
1359309,990000
1359310,472500
1359314,0
1359315,414000
1359316,377500
1359318,0
1359326,289500
1359327,339000
1359328,390000
1359334,944500
1359342,0
1359343,150000
1359351,314700
1359359,838500
1359370,346900
1359372,400000
1359374,344000
1359377,708100
1359382,350000
1359385,0
1359387,910000
1359390,901500
1359392,659800
1359393,350000
1359396,400000
1359400,400000
1359401,200000
1359403,200000
1359404,150000
1359415,100000
1359419,492400
1359427,1192200
1359428,400000
1359429,332500
1359432,332500
1359438,400000
1359439,0
1359440,400000
1359441,0
1359444,467400
1359450,457200
1359458,0
1359462,0
1359474,744000
1359478,348000
1359490,200000
1359492,0
1359494,382500
1359502,150000
1359504,629300
1359507,500000
1359515,0
1359518,300000
1359524,520000
1359537,1143500
1359545,0
1359552,467500
1359559,324200
1359560,400000
1359565,700000
1359571,400000
1359572,0
1359578,437400
1359580,350000
1359582,150000
1359583,350000
1359585,314700
1359587,410000
1359589,392300
1359594,216000
1359597,448200
1359598,427500
1359599,587600
1359606,1322100
1359607,0
1359611,0
1359612,432300
1359616,128000
1359618,470700
1359623,0
1359624,439500
1359626,400000
1359630,0
1359639,150000
1359640,530000
1359647,1033900
1359648,0
1359652,250000
1359653,300000
1359659,437400
1359662,300000
1359663,450000
1359667,60000
1359670,528000
1359674,449500
1359680,533000
1359682,431000
1359683,9493600
1359684,1300000
1359686,0
1359688,365000
1359691,535000
1359695,150000
1359703,250000
1359705,0
1359706,200000
1359709,400000
1359711,18847500
1359713,454500
1359723,0
1359724,467500
1359741,180000
1359746,493400
1359750,435500
1359751,653900
1359752,0
1359753,0
1359759,225000
1359760,339200
1359762,150000
1359770,550000
1359775,370000
1359776,400000
1359780,627000
1359788,0
1359795,0
1359798,0
1359799,388300
1359802,790000
1359804,1000000
1359807,2113400
1359818,633200
1359821,0
1359824,146500
1359826,671900
1359830,450000
1359832,1057600
1359834,834300
1359840,0
1359850,1033000
1359857,0
1359859,147500
1359861,150000
1359862,465300
1359863,250000
1359865,150000
1359867,350000
1359869,150000
1359870,0
1359877,250000
1359883,901000
1359886,0
1359889,250000
1359893,4663400
1359904,0
1359910,431900
1359917,914400
1359921,369000
1359922,777500
1359924,259000
1359926,600000
1359929,400000
1359931,0
1359933,0
1359941,246000
1359944,150000
1359949,250000
1359958,0
1359964,300000
1359965,400000
1359974,385000
1359980,441000
1359984,395200
1359988,450000
1359990,890000
1359995,250000
1359996,438000
1359998,800000
1360008,0
1360016,542500
1360017,0
1360021,400000
1360023,800000
1360025,610900
1360033,400000
1360034,1073400
1360039,0
1360047,350000
1360048,503000
1360052,500500
1360057,12600
1360059,615000
1360071,400000
1360074,350000
1360075,339900
1360083,454900
1360084,0
1360085,450000
1360086,1250000
1360094,150000
1360096,622500
1360098,289700
1360099,315000
1360100,338600
1360102,0
1360104,350000
1360106,815000
1360107,360700
1360112,0
1360113,415300
1360119,740000
1360127,0
1360129,450000
1360135,140000
1360139,520900
1360140,92500
1360141,0
1360142,0
1360145,512000
1360146,1221100
1360151,1050000
1360153,580000
1360155,0
1360157,0
1360158,1002000
1360160,0
1360161,500000
1360164,0
1360169,330800
1360176,350000
1360181,0
1360184,314700
1360189,250000
1360190,616000
1360191,1049300
1360197,965400
1360198,494500
1360199,0
1360206,350000
1360209,200000
1360210,0
1360211,0
1360216,0
1360225,840000
1360231,1485600
1360235,525000
1360245,250000
1360246,340000
1360255,0
1360257,230000
1360258,0
1360259,250000
1360261,400000
1360263,0
1360267,6000
1360270,400000
1360271,0
1360273,0
1360276,536400
1360282,501500
1360284,1339200
1360288,0
1360291,330800
1360293,0
1360298,350000
1360304,0
1360307,330000
1360308,447000
1360310,250000
1360317,0
1360327,0
1360329,350000
1360332,162400
1360335,530000
1360337,419000
1360345,587500
1360355,0
1360359,509400
1360361,52500
1360362,0
1360363,460200
1360364,1296100
1360366,423500
1360371,0
1360375,440000
1360388,154000
1360389,609000
1360391,332500
1360401,359400
1360402,400000
1360403,0
1360405,250000
1360408,577000
1360409,0
1360413,0
1360414,350000
1360415,150000
1360419,480000
1360420,0
1360421,470000
1360429,426700
1360433,850300
1360435,350000
1360440,215700
1360442,200000
1360443,5542900
1360449,0
1360456,467600
1360458,300000
1360462,363800
1360463,500000
1360465,0
1360467,420500
1360472,0
1360473,0
1360475,418700
1360479,390000
1360482,336000
1360484,0
1360485,350000
1360487,697500
1360490,112000
1360491,0
1360492,359400
1360501,400000
1360502,0
1360504,0
1360506,770000
1360509,0
1360510,300000
1360512,390200
1360515,200000
1360517,150000
1360521,330800
1360522,150000
1360524,0
1360531,420000
1360537,0
1360544,360000
1360548,600000
1360556,1994200
1360560,0
1360561,389000
1360562,0
1360564,400000
1360567,290000
1360568,465000
1360570,548000
1360571,417500
1360576,473000
1360577,389600
1360583,0
1360584,0
1360586,1339500
1360595,110000
1360605,317500
1360606,350000
1360614,551200
1360618,0
1360627,876500
1360630,542500
1360631,0
1360635,395600
1360636,1408300
1360639,350000
1360640,200000
1360646,991500
1360651,0
1360655,0
1360666,0
1360670,0
1360672,874500
1360673,0
1360676,0
1360682,425800
1360683,376700
1360690,0
1360693,479800
1360694,0
1360697,0
1360699,250000
1360702,761000
1360707,0
1360713,129000
1360723,704500
1360724,359200
1360739,150000
1360745,0
1360750,265000
1360751,264700
1360752,0
1360753,150000
1360760,314700
1360764,0
1360767,0
1360768,400000
1360770,300000
1360776,0
1360778,350000
1360780,0
1360781,608500
1360783,147000
1360789,250000
1360791,395500
1360800,0
1360804,1604200
1360805,0
1360807,250000
1360808,150000
1360809,424300
1360816,1112000
1360822,200000
1360829,600000
1360837,0
1360840,496500
1360841,232500
1360842,0
1360845,0
1360851,0
1360854,0
1360859,0
1360866,764000
1360868,0
1360870,0
1360873,638000
1360876,400000
1360877,0
1360879,250000
1360880,359400
1360881,0
1360883,0
1360886,300000
1360888,399900
1360895,0
1360899,0
1360901,1250800
1360917,188700
1360920,280000
1360931,650000
1360932,479300
1360943,1392200
1360946,0
1360948,0
1360949,0
1360952,0
1360954,606000
1360955,0
1360957,250000
1360961,0
1360965,179800
1360970,250000
1360971,393700
1360972,0
1360973,0
1360976,291000
1360987,300000
1360988,108000
1360990,359400
1360992,454000
1360993,425000
1360996,25878000
1361001,407800
1361015,0
1361018,0
1361023,0
1361025,158800
1361028,413000
1361030,142000
1361033,0
1361035,150000
1361040,924200
1361048,130000
1361054,580500
1361055,349500
1361062,0
1361067,624900
1361071,360000
1361079,611600
1361080,0
1361089,413000
1361091,839000
1361093,982800
1361094,0
1361102,0
1361103,375000
1361107,50800
1361109,494200
1361110,1464000
1361113,0
1361114,250000
1361116,150000
1361126,0
1361130,32000
1361140,555700
1361142,765000
1361145,600000
1361153,0
1361155,500000
1361163,0
1361166,0
1361170,685000
1361174,653300
1361175,0
1361178,0
1361185,1117000
1361192,463000
1361194,200000
1361195,0
1361196,420000
1361198,1130000
1361209,350000
1361211,957500
1361225,400000
1361228,463100
1361231,500000
1361234,0
1361236,0
1361239,474300
1361241,413000
1361249,250000
1361253,0
1361254,342000
1361255,0
1361261,0
1361266,430100
1361271,2679700
1361273,0
1361281,300000
1361282,0
1361284,2145600
1361286,0
1361287,324000
1361291,0
1361293,0
1361294,119600
1361299,0
1361305,900000
1361307,350000
1361311,0
1361319,400000
1361323,285000
1361326,150000
1361336,0
1361337,0
1361338,175200
1361340,602300
1361341,419300
1361343,0
1361346,545000
1361347,0
1361348,292800
1361352,760600
1361353,400000
1361356,200000
1361359,240000
1361368,455300
1361369,623100
1361372,0
1361378,467600
1361379,450000
1361384,521700
1361385,475600
1361386,401000
1361389,0
1361390,626500
1361396,646800
1361404,570000
1361406,356500
1361407,1058900
1361409,250000
1361412,0
1361416,0
1361420,400000
1361427,200000
1361428,0
1361429,509700
1361433,608400
1361434,62400
1361435,1089800
1361437,0
1361443,314700
1361444,425000
1361448,512000
1361451,0
1361458,800000
1361462,827500
1361463,337500
1361467,200000
1361470,0
1361486,150000
1361494,0
1361495,150000
1361498,169000
1361500,0
1361504,0
1361506,0
1361507,250000
1361508,859000
1361516,454500
1361522,202000
1361524,150000
1361527,326000
1361535,350000
1361546,0
1361551,0
1361552,327500
1361553,0
1361554,280000
1361555,350000
1361558,143400
1361562,600000
1361565,0
1361567,500000
1361569,779000
1361571,481000
1361575,0
1361581,287500
1361592,400000
1361593,0
1361601,0
1361602,355000
1361603,500000
1361604,0
1361605,564000
1361610,0
1361613,400000
1361614,450000
1361618,700000
1361620,401000
1361625,350000
1361628,734000
1361630,350000
1361631,136500
1361633,0
1361637,0
1361640,250000
1361642,350000
1361647,4596000
1361653,623400
1361656,0
1361668,0
1361673,559000
1361676,2823900
1361678,456200
1361686,825000
1361690,4036000
1361692,0
1361693,440000
1361695,0
1361697,0
1361699,5074300
1361701,0
1361702,2000000
1361703,780800
1361704,400000
1361709,200000
1361710,250000
1361717,0
1361719,0
1361725,754300
1361726,400000
1361727,0
1361731,0
1361733,350000
1361734,0
1361742,400000
1361746,804000
1361748,450000
1361757,448500
1361759,185000
1361761,476100
1361763,235800
1361764,250000
1361766,4935900
1361767,300000
1361770,0
1361773,0
1361774,0
1361776,143800
1361781,0
1361784,250000
1361788,576000
1361791,150000
1361793,0
1361795,0
1361808,507000
1361820,0
1361835,0
1361839,108400
1361847,1136300
1361851,938500
1361854,150000
1361857,0
1361864,500000
1361874,150000
1361884,0
1361885,523500
1361887,649000
1361913,500000
1361923,0
1361924,0
1361945,436000
1361949,0
1361953,4241100
1361954,881900
1361956,350000
1361957,177000
1361963,656600
1361964,0
1361970,500000
1361971,0
1361975,500000
1361985,332500
1361989,473800
1361996,0
1362001,508000
1362002,8447200
1362003,120000
1362006,18676500
1362007,0
1362012,599000
1362013,0
1362014,410000
1362019,400000
1362022,344700
1362038,250000
1362039,0
1362042,905000
1362046,400000
1362056,355100
1362059,0
1362061,250000
1362063,224500
1362069,0
1362078,45000
1362079,267000
1362080,1916200
1362082,500000
1362083,862500
1362084,314700
1362086,562600
1362088,0
1362095,0
1362104,235800
1362105,525200
1362106,250000
1362109,500000
1362111,392500
1362112,440500
1362117,250000
1362126,0
1362127,0
1362134,0
1362135,250000
1362142,250000
1362151,140000
1362154,1054400
1362161,250000
1362173,516600
1362174,0
1362194,400000
1362199,331500
1362201,0
1362204,399000
1362213,500000
1362227,315000
1362228,934500
1362240,360000
1362243,250000
1362246,0
1362247,859900
1362249,254000
1362251,0
1362264,0
1362269,0
1362273,250000
1362292,400000
1362302,450000
1362312,0
1362326,354500
1362329,400000
1362334,370700
1362345,0
1362362,0
1362366,250000
1362368,9490000
1362371,150000
1362375,200000
1362376,838000
1362384,108500
1362385,0
1362395,735300
1362396,1609800
1362398,400000
1362408,150000
1362410,0
1362413,0
1362425,1078900
1362429,0
1362440,0
1362448,350000
1362452,621000
1362460,480000
1362464,0
1362467,375000
1362468,385000
1362469,400000
1362471,387100
1362480,0
1362482,0
1362483,0
1362494,0
1362505,751100
1362515,0
1362524,1216500
1362526,0
1362543,129600
1362547,130000
1362553,943200
1362559,331500
1362560,0
1362565,250000
1362566,0
1362569,349000
1362570,0
1362578,255000
1362585,318000
1362593,327700
1362594,0
1362598,0
1362600,1416600
1362604,400000
1362606,378000
1362607,505200
1362612,379000
1362617,0
1362620,0
1362622,700000
1362626,350000
1362627,0
1362628,0
1362635,0
1362650,540000
1362653,591000
1362656,0
1362663,0
1362667,500000
1362682,517300
1362684,100000
1362691,0
1362692,1624400
1362696,0
1362700,0
1362701,0
1362704,0
1362710,250000
1362715,0
1362717,596400
1362722,0
1362723,400000
1362727,250000
1362729,400000
1362734,350000
1362735,1272700
1362740,0
1362742,237500
1362750,250000
1362755,0
1362769,407600
1362779,430600
1362783,131000
1362788,0
1362793,0
1362800,0
1362805,454000
1362806,0
1362813,250000
1362820,314700
1362825,758900
1362837,728200
1362844,318000
1362849,175000
1362854,409500
1362855,250000
1362856,400000
1362859,0
1362860,104000
1362877,1094000
1362882,339700
1362892,465300
1362896,0
1362900,9453600
1362922,0
1362933,332000
1362938,24006000
1362939,391000
1362946,382500
1362953,250000
1362957,0
1362964,400000
1362967,132500
1362970,385000
1362981,140000
1362983,440000
1362996,0
1363022,341500
1363028,312900
1363030,489100
1363038,30400
1363044,1922600
1363046,1342800
1363049,0
1363052,800500
1363054,509000
1363060,550000
1363082,645500
1363083,393000
1363085,250000
1363092,500000
1363103,250000
1363106,419700
1363111,400000
1363112,4252700
1363115,942000
1363116,0
1363119,150000
1363120,784000
1363123,0
1363126,350000
1363128,948100
1363131,0
1363133,128000
1363136,374000
1363139,250000
1363140,500000
1363143,404000
1363144,116000
1363150,1554400
1363157,350000
1363158,550000
1363159,1717300
1363161,250000
1363167,288000
1363169,277700
1363170,400000
1363173,617000
1363175,870000
1363177,443100
1363193,0
1363194,596700
1363197,295300
1363200,0
1363206,250000
1363207,482000
1363216,360000
1363217,833400
1363218,920000
1363222,0
1363240,1855600
1363241,0
1363246,748000
1363254,2365100
1363262,0
1363265,455300
1363266,150000
1363268,0
1363269,124000
1363277,0
1363279,350000
1363281,0
1363282,3079500
1363283,250000
1363284,0
1363296,150000
1363305,350000
1363316,503000
1363319,10800800
1363322,150000
1363325,650500
1363331,800000
1363332,0
1363333,250000
1363347,150000
1363348,350000
1363349,0
1363355,250000
1363360,807000
1363370,920000
1363372,0
1363377,3095000
1363388,0
1363389,0
1363402,663000
1363409,1741800
1363411,256000
1363421,325000
1363422,474800
1363423,0
1363429,400000
1363435,150000
1363440,0
1363442,0
1363448,0
1363453,739700
1363456,0
1363457,398000
1363458,0
1363487,522000
1363501,400000
1363508,250000
1363516,0
1363519,464700
1363520,393600
1363536,0
1363582,374500
1363588,400000
1363591,450000
1363593,250000
1363600,500000
1363608,609200
1363611,250000
1363613,500000
1363616,400000
1363618,0
1363619,2217100
1363620,156000
1363624,100000
1363640,581900
1363660,488500
1363674,800000
1363681,250000
1363682,250000
1363698,669000
1363706,450000
1363709,0
1363712,200000
1363722,350000
1363726,0
1363730,0
1363742,0
1363743,0
1363750,550000
1363772,747000
1363790,5989900
1363792,500000
1363795,250000
1363825,1200000
1363827,250000
1363844,150000
1363853,133200
1363860,621000
1363866,0
1363867,849800
1363875,0
1363877,250000
1363882,926400
1363886,0
1363887,556800
1363894,0
1363909,825000
1363929,0
1363933,0
1363936,0
1363937,250000
1363938,0
1363949,436400
1363952,1376500
1363955,1047000
1363956,450000
1363957,200000
1363967,0
1363979,200000
1363989,417000
1363990,550000
1363992,300000
1363999,1198000
1364000,350000
1364018,405500
1364019,1715100
1364023,0
1364024,433000
1364029,867500
1364043,70000
1364047,150000
1364048,0
1364049,800000
1364052,0
1364053,945000
1364080,930000
1364087,0
1364101,150000
1364111,336000
1364118,147500
1364120,12453000
1364123,670000
1364134,590000
1364147,350000
1364148,350000
1364151,0
1364160,179800
1364163,350000
1364166,1555000
1364169,400000
1364171,0
1364172,0
1364185,1204000
1364187,856800
1364190,772500
1364197,150000
1364205,563500
1364214,0
1364218,0
1364220,1292700
1364223,448500
1364224,639000
1364229,0
1364233,350000
1364234,1349000
1364244,0
1364247,0
1364259,500000
1364270,350000
1364274,507000
1364276,400000
1364283,440000
1364286,1501500
1364291,214000
1364296,495400
1364299,0
1364301,538400
1364304,1213300
1364314,1055200
1364325,386400
1364326,300000
1364328,828400
1364331,650000
1364334,120000
1364340,797000
1364343,902400
1364344,509700
1364349,3125000
1364353,128000
1364355,330000
1364358,350000
1364368,388800
1364370,560400
1364378,474300
1364379,0
1364390,250000
1364393,295000
1364397,400000
1364400,0
1364412,0
1364413,400000
1364415,0
1364425,250000
1364429,517800
1364431,0
1364433,710000
1364450,470000
1364451,0
1364455,449500
1364461,150000
1364463,250000
1364466,315000
1364467,0
1364470,315500
1364478,0
1364485,531500
1364494,0
1364517,534800
1364518,692900
1364522,448000
1364536,502500
1364538,350000
1364540,400000
1364541,303600
1364547,0
1364549,0
1364558,0
1364563,653800
1364564,0
1364579,250000
1364582,735500
1364584,0
1364601,405000
1364606,400000
1364608,517500
1364615,452000
1364617,142500
1364618,425800
1364624,453800
1364628,0
1364629,622600
1364631,310000
1364641,427300
1364643,0
1364644,555000
1364656,443000
1364657,350000
1364659,0
1364666,3147800
1364673,150000
1364679,608800
1364681,150000
1364684,330800
1364686,0
1364688,593100
1364695,0
1364699,0
1364700,200000
1364702,800000
1364703,332500
1364706,0
1364714,0
1364717,150000
1364720,467500
1364721,400000
1364722,0
1364728,371600
1364729,357000
1364732,302800
1364734,200000
1364735,500000
1364739,1400000
1364741,495000
1364752,400000
1364758,704500
1364760,400000
1364762,392500
1364765,0
1364766,2000
1364771,0
1364772,511800
1364781,557500
1364783,400000
1364789,39000
1364791,400000
1364799,502400
1364806,116000
1364810,150000
1364812,420000
1364820,526800
1364825,0
1364845,0
1364849,0
1364854,445900
1364866,0
1364867,756300
1364871,332500
1364877,250000
1364881,0
1364888,2178000
1364894,2293800
1364906,782500
1364908,0
1364909,400000
1364911,526800
1364914,150000
1364917,0
1364918,0
1364920,427000
1364921,550000
1364927,0
1364930,400000
1364940,0
1364941,400000
1364945,540000
1364946,650000
1364949,0
1364955,332500
1364959,500000
1364960,400000
1364966,467500
1364968,417500
1364973,400000
1364979,450000
1364982,0
1364988,0
1364991,253800
1364992,350000
1364996,479300
1364997,13794700
1364998,1431000
1365000,312900
1365004,150000
1365007,736800
1365008,0
1365010,350000
1365011,19424400
1365016,707500
1365027,3857200
1365029,140000
1365051,209500
1365052,0
1365060,0
1365062,400000
1365066,424300
1365069,150000
1365071,450000
1365072,200000
1365075,140000
1365076,1276700
1365079,442900
1365081,0
1365083,140000
1365085,323800
1365090,490000
1365091,71900
1365096,679300
1365097,484700
1365101,0
1365105,400000
1365106,420000
1365107,225800
1365113,150000
1365114,360500
1365116,150000
1365118,357000
1365131,150000
1365134,400000
1365135,0
1365137,1290000
1365140,277000
1365142,427000
1365147,491400
1365149,531500
1365151,1260100
1365163,327600
1365166,0
1365172,241200
1365175,95600
1365176,300000
1365179,0
1365182,380300
1365183,0
1365189,850500
1365195,516000
1365196,500000
1365198,374000
1365204,350000
1365227,150000
1365235,0
1365240,400000
1365244,1086100
1365250,400000
1365252,315000
1365253,377500
1365256,500000
1365262,504600
1365263,414000
1365267,150000
1365268,0
1365269,211000
1365270,0
1365271,150000
1365273,629300
1365281,0
1365283,0
1365285,410700
1365287,0
1365292,709700
1365295,1014000
1365305,373000
1365316,413500
1365317,450000
1365321,0
1365323,0
1365329,377500
1365330,400000
1365336,0
1365339,550000
1365340,397500
1365341,155000
1365343,906700
1365344,281600
1365346,3230000
1365348,150000
1365351,400000
1365355,436000
1365357,609000
1365360,790500
1365363,60000
1365365,0
1365366,1041300
1365369,360000
1365370,403600
1365373,0
1365376,533700
1365377,0
1365378,496000
1365379,327300
1365383,250000
1365387,0
1365391,150000
1365392,0
1365401,629300
1365403,440500
1365405,0
1365406,0
1365419,693000
1365421,624300
1365422,400000
1365425,4171000
1365427,0
1365428,774300
1365431,457000
1365432,0
1365435,400000
1365438,0
1365439,452500
1365443,616500
1365446,499000
1365450,485000
1365451,0
1365459,1100100
1365460,465300
1365461,1031800
1365471,0
1365474,1106300
1365481,650000
1365484,0
1365488,764400
1365489,250000
1365492,696700
1365493,0
1365494,497200
1365496,504500
1365497,516000
1365499,425800
1365500,629300
1365501,595700
1365503,445000
1365506,350000
1365507,400000
1365516,250000
1365533,367500
1365534,0
1365537,250000
1365541,271500
1365547,200000
1365550,500000
1365552,629300
1365556,0
1365557,250000
1365559,500000
1365561,342000
1365572,541000
1365575,0
1365577,8924000
1365580,180000
1365584,288800
1365592,0
1365597,0
1365603,150000
1365607,222500
1365612,400000
1365617,11516200
1365619,565000
1365621,357000
1365622,550000
1365623,350000
1365631,629300
1365633,596000
1365642,0
1365643,400000
1365646,690000
1365647,560000
1365651,116000
1365663,150000
1365669,0
1365671,400000
1365676,0
1365686,617500
1365688,913500
1365689,276000
1365705,400000
1365710,385000
1365717,0
1365726,640000
1365728,483700
1365731,150000
1365735,5014400
1365752,0
1365756,0
1365760,1082000
1365765,719000
1365776,0
1365779,0
1365780,391900
1365781,350000
1365782,246800
1365793,485500
1365799,250000
1365800,550000
1365804,500000
1365805,0
1365807,0
1365811,468000
1365813,373000
1365818,870000
1365822,400000
1365827,863800
1365829,785900
1365834,796800
1365837,575600
1365838,315000
1365846,0
1365859,481000
1365862,460800
1365864,0
1365872,908200
1365876,209500
1365877,400000
1365878,0
1365898,0
1365903,357000
1365906,0
1365909,400000
1365910,1150000
1365912,400000
1365924,400000
1365931,563500
1365936,0
1365940,525200
1365941,200000
1365943,472000
1365944,185000
1365948,476500
1365949,525000
1365963,0
1365968,0
1365973,400000
1365978,560700
1365980,1240800
1365983,663700
1365988,433400
1365993,385000
1365998,0
1365999,499900
1366003,306500
1366015,360500
1366016,603000
1366017,509000
1366019,712200
1366021,0
1366022,509800
1366024,150000
1366031,0
1366032,1066000
1366033,0
1366034,1253000
1366035,430000
1366037,0
1366042,0
1366044,400000
1366047,500200
1366057,505000
1366059,3305000
1366063,1754400
1366068,410800
1366070,541300
1366078,270000
1366080,0
1366087,150000
1366096,0
1366100,400000
1366103,785500
1366106,0
1366108,439800
1366109,395200
1366112,577000
1366113,507000
1366115,400500
1366122,496800
1366127,517500
1366147,370000
1366153,302500
1366158,1100000
1366159,0
1366162,288000
1366169,394500
1366170,1100000
1366174,150000
1366180,300000
1366181,500000
1366182,592500
1366185,1802300
1366189,0
1366191,400000
1366193,0
1366196,400000
1366198,0
1366202,500000
1366204,472200
1366206,417500
1366213,450000
1366215,0
1366220,0
1366221,450000
1366222,0
1366223,0
1366227,314700
1366231,406000
1366234,500000
1366237,0
1366241,744400
1366245,400000
1366251,367500
1366252,150000
1366253,0
1366254,3600
1366256,550000
1366260,464700
1366262,490800
1366266,0
1366274,400000
1366279,400000
1366285,932500
1366286,0
1366292,3600
1366296,779200
1366298,0
1366303,1294900
1366306,200000
1366307,692000
1366309,250000
1366311,557400
1366312,562500
1366315,494700
1366316,0
1366321,0
1366336,0
1366337,507800
1366340,0
1366344,400000
1366345,816800
1366346,663000
1366348,0
1366352,400000
1366353,6523400
1366355,500000
1366356,343000
1366357,325500
1366359,200000
1366368,0
1366375,447000
1366380,0
1366381,454000
1366383,300000
1366392,1900000
1366393,465300
1366402,150000
1366403,150000
1366410,600000
1366413,8990000
1366414,332500
1366416,0
1366420,179900
1366421,0
1366422,823000
1366424,1086500
1366426,140000
1366427,3874000
1366428,400000
1366432,0
1366441,577300
1366453,500000
1366457,370000
1366466,0
1366470,400000
1366482,0
1366486,0
1366495,300000
1366496,150000
1366497,0
1366501,352500
1366508,0
1366510,400000
1366520,0
1366525,440500
1366526,589000
1366527,678000
1366528,592800
1366530,140000
1366535,487800
1366536,0
1366537,2302000
1366552,0
1366553,397400
1366555,0
1366558,687500
1366562,150000
1366567,500000
1366568,458500
1366575,550000
1366580,150000
1366584,400000
1366599,250000
1366604,0
1366607,140000
1366609,522000
1366610,0
1366612,517500
1366624,350000
1366631,463000
1366648,0
1366651,0
1366652,400000
1366654,550000
1366655,474300
1366656,383300
1366659,434500
1366660,400000
1366663,150000
1366664,0
1366673,0
1366674,0
1366679,343000
1366681,2515000
1366683,529400
1366687,400000
1366688,716000
1366690,0
1366695,400000
1366700,963600
1366704,326200
1366709,400000
1366713,0
1366717,543800
1366722,400000
1366723,180000
1366731,325500
1366737,0
1366740,629700
1366742,237500
1366750,0
1366751,645300
1366753,327300
1366754,0
1366760,150000
1366767,550000
1366775,0
1366779,500000
1366787,424400
1366788,385000
1366791,450400
1366798,325500
1366804,539200
1366809,610000
1366811,492300
1366814,0
1366817,350000
1366818,564000
1366821,462600
1366824,634000
1366828,325500
1366829,667900
1366832,0
1366834,500000
1366835,483300
1366841,417500
1366846,450000
1366854,0
1366858,0
1366861,500000
1366862,325500
1366865,450000
1366867,454000
1366869,300000
1366874,314700
1366879,1963500
1366880,404500
1366884,150000
1366885,140000
1366886,0
1366888,468100
1366889,325500
1366893,417500
1366894,992000
1366900,499000
1366901,455000
1366903,500000
1366908,400000
1366911,1524000
1366923,346500
1366924,450000
1366931,478800
1366935,1112000
1366939,0
1366946,476500
1366952,130000
1366959,555400
1366965,323000
1366968,988600
1366969,400000
1366970,325500
1366974,374500
1366975,518000
1366982,150000
1366983,250000
1366987,0
1366998,400000
1367001,400000
1367006,392400
1367008,325500
1367009,274000
1367013,350000
1367016,1776000
1367017,400000
1367018,150000
1367020,657500
1367026,517500
1367037,556800
1367044,466500
1367047,500000
1367048,325500
1367050,400000
1367059,371800
1367060,361600
1367065,458500
1367067,400000
1367074,283500
1367077,555000
1367079,720000
1367081,897000
1367083,238500
1367088,364000
1367091,1711500
1367094,692500
1367097,0
1367098,420300
1367102,414000
1367104,0
1367107,466200
1367108,0
1367111,250000
1367112,1861900
1367114,350000
1367117,387000
1367120,0
1367123,150000
1367127,150000
1367128,0
1367131,430200
1367138,350000
1367140,483800
1367143,417500
1367148,434600
1367152,141000
1367153,250000
1367157,467500
1367158,1289000
1367166,371700
1367169,474300
1367172,330800
1367175,631000
1367176,0
1367183,512800
1367184,0
1367189,1200000
1367195,800000
1367197,425500
1367198,0
1367204,0
1367207,0
1367208,536500
1367215,434300
1367217,449900
1367218,800000
1367224,0
1367232,467500
1367238,493600
1367241,445900
1367242,150000
1367244,590000
1367247,645500
1367251,1175000
1367255,471600
1367260,635000
1367261,0
1367267,994500
1367268,550000
1367270,400000
1367272,650000
1367274,150000
1367276,343000
1367279,150000
1367287,401400
1367288,400000
1367289,425800
1367294,400000
1367297,0
1367302,517300
1367306,0
1367309,500000
1367315,400000
1367317,0
1367323,499300
1367324,350000
1367325,0
1367332,0
1367338,439000
1367339,196600
1367342,130000
1367350,0
1367352,456300
1367354,1083300
1367356,0
1367357,0
1367358,0
1367363,463200
1367366,433100
1367375,0
1367376,391600
1367380,0
1367384,342000
1367388,0
1367391,500000
1367399,0
1367411,0
1367421,474000
1367423,250000
1367428,2997000
1367429,0
1367432,474300
1367438,0
1367442,0
1367444,400000
1367450,250000
1367451,0
1367454,314700
1367458,350000
1367460,0
1367461,0
1367462,0
1367465,0
1367470,879000
1367474,456000
1367483,478800
1367484,450400
1367486,0
1367488,200000
1367496,283500
1367497,758000
1367501,0
1367503,0
1367511,0
1367516,445000
1367519,315000
1367521,550000
1367527,314700
1367528,439700
1367529,150000
1367530,150000
1367531,0
1367533,356500
1367534,0
1367544,0
1367546,650000
1367551,1150000
1367554,0
1367555,629400
1367557,370000
1367558,400000
1367559,0
1367560,467500
1367562,1700000
1367566,950000
1367567,362500
1367570,567800
1367574,672800
1367576,0
1367579,0
1367580,454700
1367581,0
1367585,612200
1367587,0
1367590,450000
1367591,400000
1367592,414000
1367593,200000
1367610,500000
1367621,0
1367623,1517000
1367635,0
1367638,237400
1367649,765000
1367652,455000
1367663,0
1367669,0
1367679,0
1367683,440000
1367684,0
1367687,0
1367691,510000
1367692,1120800
1367698,314700
1367699,343000
1367701,0
1367711,0
1367715,500000
1367716,150000
1367717,388500
1367718,400000
1367721,0
1367722,0
1367724,417000
1367725,0
1367726,0
1367732,350000
1367736,0
1367738,430800
1367746,409600
1367747,530000
1367753,0
1367758,649300
1367762,500000
1367764,350000
1367766,1535900
1367774,1503300
1367781,453100
1367785,590600
1367786,0
1367787,0
1367798,400000
1367800,1987100
1367807,0
1367812,0
1367816,400000
1367819,150000
1367827,400000
1367829,800000
1367831,502500
1367839,250000
1367841,0
1367844,130000
1367850,0
1367853,0
1367854,555000
1367855,1314300
1367869,314700
1367870,0
1367871,465900
1367873,500000
1367875,0
1367876,400000
1367879,500000
1367884,0
1367885,829000
1367889,443600
1367897,464700
1367900,164500
1367901,0
1367902,410000
1367903,79000
1367914,361400
1367915,616400
1367919,709000
1367922,467500
1367924,85000
1367925,800000
1367931,766500
1367934,454000
1367935,457200
1367941,559000
1367943,1013100
1367953,735000
1367955,100000
1367959,0
1367960,3600
1367963,488500
1367964,391400
1367966,690800
1367968,1110000
1367974,524800
1367976,787500
1367978,350000
1367979,0
1367980,330400
1367985,0
1367988,472000
1367994,407000
1367998,400000
1367999,3600
1368000,0
1368001,314700
1368003,0
1368005,400000
1368008,400000
1368014,917500
1368017,745800
1368020,1163500
1368022,400000
1368025,150000
1368026,400000
1368027,492500
1368032,374400
1368033,400000
1368035,364000
1368041,0
1368042,499300
1368044,2993900
1368045,467500
1368058,150000
1368062,332500
1368071,0
1368080,367500
1368081,0
1368084,500000
1368086,524000
1368091,400000
1368092,400000
1368100,400000
1368101,311500
1368106,314700
1368126,444300
1368132,268800
1368137,330800
1368145,67000
1368149,350000
1368150,0
1368151,150000
1368154,0
1368160,826500
1368161,440000
1368163,440500
1368164,866500
1368167,385000
1368172,350000
1368178,0
1368181,0
1368185,657500
1368189,0
1368196,414000
1368197,2299100
1368199,2128900
1368200,130000
1368202,649300
1368205,250000
1368206,0
1368208,0
1368209,821000
1368211,522000
1368216,400000
1368227,716800
1368238,0
1368241,463000
1368242,480800
1368254,150000
1368261,335000
1368263,349400
1368268,150000
1368271,0
1368283,150000
1368287,150000
1368289,438900
1368292,490900
1368293,491800
1368297,431500
1368302,0
1368310,150000
1368313,634000
1368315,795400
1368317,0
1368319,590800
1368324,0
1368329,450000
1368339,650000
1368341,500000
1368349,0
1368353,940000
1368355,382500
1368362,0
1368367,568200
1368369,467500
1368374,737600
1368377,150000
1368386,605400
1368387,250000
1368389,636300
1368390,329600
1368393,400000
1368395,944800
1368399,0
1368402,860600
1368405,755000
1368410,534000
1368423,0
1368425,0
1368433,150000
1368435,128000
1368442,1056300
1368444,506000
1368447,1190500
1368455,0
1368458,0
1368462,0
1368471,450000
1368477,497500
1368481,0
1368492,600000
1368495,400400
1368499,1581700
1368502,0
1368503,150000
1368505,2035500
1368506,446500
1368508,0
1368510,0
1368526,0
1368533,400000
1368535,500000
1368540,939500
1368542,806200
1368544,461200
1368545,400000
1368552,324500
1368553,556800
1368557,600000
1368558,0
1368576,0
1368581,0
1368585,916000
1368587,416200
1368592,297500
1368594,700000
1368595,910500
1368598,300000
1368600,0
1368606,250000
1368612,0
1368613,250000
1368622,900000
1368625,527000
1368630,150000
1368634,400000
1368637,800000
1368638,351500
1368643,0
1368660,700000
1368661,706400
1368664,972500
1368668,397700
1368669,150000
1368670,300000
1368671,150000
1368677,832000
1368680,269800
1368683,1444500
1368684,400000
1368688,900000
1368694,369000
1368709,373000
1368710,407300
1368718,0
1368721,250000
1368728,150000
1368729,340000
1368739,285300
1368740,130000
1368741,397800
1368742,0
1368743,509300
1368747,250000
1368756,0
1368759,980000
1368766,300000
1368769,140000
1368772,0
1368776,0
1368779,0
1368781,0
1368784,0
1368786,130000
1368792,0
1368793,3200000
1368802,769900
1368808,416000
1368814,413600
1368822,150000
1368825,257400
1368826,0
1368831,400000
1368832,425800
1368835,442900
1368837,494700
1368843,425000
1368845,0
1368847,0
1368848,130000
1368851,350000
1368853,579300
1368854,824000
1368857,897200
1368866,1278400
1368867,1245000
1368871,290500
1368873,0
1368875,0
1368884,700000
1368887,128000
1368893,394500
1368902,0
1368905,0
1368907,400000
1368913,348700
1368916,458500
1368919,0
1368923,0
1368935,876800
1368941,71200
1368942,0
1368946,773300
1368948,674000
1368953,200000
1368958,397300
1368962,0
1368968,957500
1368969,0
1368981,217000
1368983,150000
1368987,0
1368989,234400
1368991,262300
1368994,810000
1368995,0
1368997,0
1369002,450000
1369006,0
1369007,559000
1369012,150000
1369016,982200
1369017,130000
1369024,300000
1369025,478600
1369028,0
1369029,894900
1369033,789600
1369038,505500
1369041,2244400
1369043,298200
1369045,883800
1369049,0
1369052,658700
1369060,782500
1369063,79900
1369065,500000
1369070,467500
1369076,314700
1369083,713700
1369087,150000
1369091,0
1369096,450000
1369100,1752500
1369104,1578700
1369105,350000
1369108,408800
1369110,428500
1369114,463900
1369120,400000
1369121,0
1369123,0
1369125,460800
1369127,0
1369130,4517800
1369131,458500
1369136,0
1369140,1689000
1369144,565200
1369147,559000
1369148,0
1369153,0
1369155,650000
1369158,540000
1369161,0
1369177,250000
1369178,763000
1369181,667500
1369182,3675800
1369185,800000
1369188,535300
1369189,1220000
1369190,300000
1369193,0
1369195,314700
1369196,0
1369199,0
1369200,0
1369202,400000
1369204,700000
1369212,322000
1369218,383500
1369219,0
1369231,0
1369232,0
1369238,350000
1369245,604700
1369246,314700
1369255,450000
1369257,0
1369259,421000
1369262,612000
1369276,393800
1369277,385000
1369280,604600
1369281,350000
1369283,314700
1369289,467500
1369292,709000
1369294,570000
1369300,500000
1369302,500000
1369303,0
1369305,0
1369309,150000
1369311,150000
1369312,300000
1369323,400000
1369325,0
1369331,450000
1369333,447300
1369336,128000
1369340,425000
1369341,383200
1369343,381800
1369347,150000
1369348,345500
1369352,150000
1369357,364000
1369358,559900
1369360,328500
1369366,500000
1369367,6500
1369370,617500
1369372,200000
1369373,400000
1369381,1137100
1369382,0
1369390,414000
1369393,400000
1369396,400000
1369399,400000
1369400,400000
1369402,150000
1369403,0
1369407,335000
1369408,340700
1369410,0
1369413,0
1369418,300000
1369420,6500
1369426,0
1369427,670300
1369429,500000
1369435,0
1369444,457000
1369446,668700
1369448,404000
1369452,0
1369456,0
1369461,360000
1369464,0
1369466,370000
1369470,448000
1369478,130000
1369486,0
1369487,400000
1369490,400000
1369503,314700
1369504,600000
1369512,0
1369516,463000
1369517,0
1369525,400000
1369531,0
1369542,1102500
1369544,795300
1369550,602800
1369552,410800
1369557,667500
1369560,140000
1369561,500000
1369566,210000
1369567,0
1369569,0
1369577,190000
1369581,1485900
1369585,648500
1369588,0
1369590,392000
1369591,128500
1369594,543400
1369595,0
1369599,479200
1369600,350000
1369603,0
1369604,300000
1369611,0
1369614,400000
1369624,490000
1369627,314700
1369629,384500
1369631,385000
1369635,312700
1369641,499300
1369643,579300
1369644,690500
1369646,390000
1369648,150000
1369651,0
1369656,496800
1369657,838000
1369659,1037500
1369661,0
1369674,447100
1369677,666500
1369678,226500
1369680,675000
1369683,300000
1369688,0
1369689,2836600
1369691,495000
1369694,699000
1369695,454000
1369697,314700
1369699,400000
1369700,0
1369702,425300
1369703,909000
1369704,534000
1369706,500000
1369709,250000
1369716,706700
1369720,2611100
1369723,792600
1369726,649000
1369733,545000
1369734,0
1369741,500000
1369744,474300
1369749,393800
1369752,587500
1369756,649300
1369762,463900
1369767,473000
1369772,2355400
1369783,400000
1369788,0
1369796,300000
1369798,500000
1369799,493200
1369800,451500
1369801,250000
1369804,624000
1369805,515500
1369809,150000
1369810,485500
1369812,0
1369818,500000
1369825,500000
1369831,400000
1369837,130000
1369840,450200
1369843,500000
1369844,150000
1369845,692000
1369850,489600
1369858,1822500
1369861,0
1369863,647500
1369865,0
1369868,425800
1369869,5620000
1369870,1156000
1369872,0
1369876,451400
1369877,200000
1369887,0
1369894,300000
1369900,0
1369902,587700
1369908,0
1369918,400000
1369920,200000
1369922,615000
1369923,0
1369927,500000
1369930,512800
1369933,520000
1369940,393800
1369941,290000
1369943,417500
1369948,200000
1369952,561800
1369959,350000
1369960,450500
1369965,451800
1369967,400000
1369981,640000
1369985,552500
1369991,200000
1369993,250000
1369996,0
1369997,1050900
1370009,200000
1370012,454700
1370015,128000
1370016,450000
1370017,445000
1370027,400000
1370032,300000
1370034,0
1370035,467500
1370036,790000
1370040,400000
1370044,300000
1370045,0
1370047,0
1370057,335300
1370058,530000
1370060,150000
1370064,882500
1370065,0
1370066,150000
1370067,341800
1370071,2532000
1370084,200000
1370087,522400
1370091,496200
1370094,0
1370095,395000
1370096,675500
1370104,697300
1370110,425800
1370116,422000
1370117,0
1370120,0
1370122,352900
1370126,450000
1370134,516000
1370135,0
1370136,476500
1370137,0
1370139,578000
1370141,699700
1370142,0
1370146,200000
1370147,150000
1370151,296000
1370154,454000
1370156,0
1370157,1059500
1370160,474300
1370162,474300
1370169,1394200
1370171,0
1370175,0
1370178,0
1370179,475000
1370188,300000
1370190,600000
1370191,90000
1370193,677000
1370202,150000
1370207,0
1370211,514000
1370213,0
1370214,400000
1370217,474300
1370221,568000
1370222,280000
1370225,500000
1370227,0
1370230,596000
1370236,2000000
1370244,950000
1370250,293300
1370251,400000
1370254,0
1370258,406600
1370259,0
1370262,150000
1370266,0
1370268,367500
1370276,837000
1370278,350000
1370280,300000
1370281,263800
1370283,150000
1370290,200000
1370294,314000
1370296,150000
1370300,440500
1370302,90000
1370304,499300
1370306,498000
1370307,350000
1370316,654800
1370320,150000
1370328,569000
1370330,431000
1370334,327800
1370335,0
1370340,425800
1370342,667000
1370344,400000
1370349,0
1370351,0
1370352,400000
1370356,350000
1370357,0
1370359,150000
1370369,0
1370370,414000
1370374,250000
1370375,799800
1370376,117400
1370377,0
1370379,19600
1370381,702600
1370390,347500
1370398,417500
1370402,0
1370403,590000
1370406,693500
1370409,406300
1370410,0
1370414,458500
1370416,550000
1370426,612700
1370430,425800
1370433,140000
1370434,951500
1370437,607500
1370438,1682500
1370440,0
1370441,450000
1370442,0
1370446,1619100
1370449,423600
1370453,0
1370454,770600
1370456,1015600
1370459,600000
1370464,350000
1370468,828000
1370475,0
1370481,544500
1370483,0
1370484,1207300
1370491,888700
1370492,459400
1370494,2419700
1370496,488500
1370498,150000
1370512,0
1370513,428600
1370514,450000
1370516,400000
1370518,300000
1370521,350000
1370523,877000
1370526,925000
1370528,314700
1370534,136000
1370536,300000
1370541,443700
1370545,220000
1370546,370300
1370547,350000
1370548,650000
1370549,425800
1370550,488500
1370551,1500000
1370561,777400
1370563,0
1370569,300000
1370575,0
1370576,560000
1370577,591800
1370580,250000
1370581,536000
1370590,478700
1370594,747300
1370595,2039300
1370601,404000
1370603,630300
1370604,571000
1370608,441000
1370610,488500
1370611,150000
1370612,300000
1370613,477700
1370615,142000
1370629,550000
1370637,0
1370640,0
1370642,2541700
1370645,536000
1370650,1202500
1370653,400000
1370656,500000
1370664,128000
1370667,2094500
1370671,473800
1370676,425800
1370677,932500
1370681,498600
1370690,0
1370692,1869000
1370693,0
1370694,131000
1370695,150000
1370700,414000
1370705,350000
1370711,385000
1370721,0
1370723,0
1370741,550000
1370742,449500
1370745,720100
1370748,1282800
1370749,0
1370751,480200
1370755,410800
1370759,350000
1370760,2250000
1370762,350000
1370765,425800
1370773,0
1370777,695900
1370781,150000
1370784,1218000
1370794,450000
1370802,400000
1370804,431100
1370805,0
1370807,336700
1370808,410500
1370826,0
1370827,517200
1370828,800000
1370835,300000
1370837,250000
1370838,150000
1370839,445000
1370840,450400
1370847,751800
1370855,518100
1370863,0
1370867,0
1370868,150000
1370879,364000
1370882,150000
1370887,1652100
1370900,300000
1370902,499000
1370905,0
1370908,528000
1370909,286000
1370917,365100
1370919,1300000
1370929,358000
1370936,0
1370947,297500
1370948,461400
1370949,430200
1370954,150000
1370959,0
1370964,0
1370965,150000
1370968,965200
1370979,508600
1370988,150000
1370989,300000
1370990,0
1370991,405000
1370996,147000
1370999,250000
1371011,0
1371013,150000
1371018,281500
1371021,0
1371023,0
1371026,0
1371028,1079000
1371029,0
1371031,328800
1371040,0
1371043,450000
1371044,752900
1371047,0
1371048,500000
1371058,455600
1371066,454500
1371070,268000
1371085,205000
1371086,423800
1371090,350000
1371091,0
1371094,482800
1371099,550000
1371108,150000
1371113,0
1371116,833700
1371120,200000
1371126,1752000
1371128,522500
1371129,343500
1371135,695300
1371136,346500
1371137,250000
1371142,0
1371144,448000
1371152,500000
1371154,350000
1371155,0
1371157,330000
1371158,400000
1371161,150000
1371172,150000
1371174,1012600
1371179,650000
1371180,130000
1371188,0
1371189,996000
1371198,531500
1371202,200000
1371206,450000
1371211,1064900
1371219,700000
1371223,150000
1371225,425800
1371231,150000
1371239,350000
1371241,0
1371244,571500
1371245,764000
1371247,548600
1371249,600000
1371250,2330600
1371253,4653000
1371254,500000
1371259,235000
1371260,594800
1371261,400000
1371267,3264000
1371282,0
1371284,450000
1371286,425800
1371292,1545300
1371304,0
1371308,485500
1371310,149000
1371311,980000
1371315,0
1371317,0
1371321,561400
1371338,350000
1371340,0
1371341,130000
1371344,350000
1371351,0
1371358,425800
1371359,0
1371362,479300
1371363,463900
1371371,798500
1371377,450000
1371380,250000
1371386,0
1371387,150000
1371390,670300
1371392,592100
1371395,348300
1371402,297500
1371409,500000
1371411,461000
1371430,190000
1371431,935000
1371436,350000
1371441,362700
1371447,125000
1371448,150000
1371451,400000
1371455,1836100
1371456,0
1371460,0
1371467,1141500
1371468,0
1371470,402000
1371479,518500
1371483,415300
1371485,425800
1371490,2466800
1371491,150000
1371494,466000
1371502,400000
1371520,0
1371524,400000
1371529,814800
1371530,0
1371534,400000
1371536,150000
1371544,0
1371552,1517800
1371555,728800
1371558,0
1371563,0
1371564,150000
1371567,447500
1371571,1650000
1371573,445000
1371574,582000
1371580,527000
1371584,150000
1371586,798800
1371587,0
1371594,300000
1371596,0
1371597,0
1371600,0
1371604,0
1371610,423500
1371612,525000
1371613,845000
1371614,784600
1371620,0
1371638,499300
1371643,83200
1371644,0
1371648,449400
1371652,480000
1371657,634000
1371668,400000
1371669,400000
1371675,605500
1371685,480000
1371691,1670000
1371692,0
1371693,600000
1371699,400000
1371706,120000
1371707,350000
1371720,300000
1371724,89100
1371727,649000
1371734,178500
1371735,510200
1371737,400000
1371741,150000
1371744,0
1371745,700000
1371747,445000
1371756,400000
1371757,350000
1371767,975900
1371768,349500
1371772,0
1371773,400000
1371784,150000
1371787,211400
1371789,463000
1371795,300000
1371798,457500
1371799,200000
1371801,648900
1371802,365000
1371808,660000
1371813,277500
1371816,142000
1371820,1027000
1371825,355600
1371831,858500
1371835,550000
1371837,350000
1371839,0
1371847,778400
1371852,750000
1371856,347500
1371858,201500
1371865,443600
1371870,0
1371875,1694500
1371877,844100
1371878,400000
1371880,466600
1371881,516500
1371888,0
1371895,0
1371897,705000
1371901,0
1371908,0
1371920,400000
1371921,400000
1371923,381500
1371931,250000
1371939,0
1371944,0
1371945,400000
1371951,0
1371955,358000
1371956,150000
1371967,212500
1371970,500000
1371977,150000
1371990,0
1371993,150000
1371999,350000
1372005,970300
1372008,475400
1372013,813900
1372020,0
1372032,0
1372037,551900
1372044,0
1372046,316000
1372047,225000
1372059,195000
1372067,400000
1372075,496900
1372078,358000
1372080,0
1372097,0
1372098,150000
1372099,1412000
1372100,150000
1372105,417500
1372110,0
1372114,0
1372118,412500
1372121,483000
1372122,0
1372123,467500
1372136,0
1372139,0
1372146,630000
1372152,700000
1372158,782500
1372161,451500
1372162,0
1372164,335100
1372165,150000
1372169,450200
1372170,0
1372171,150000
1372173,0
1372178,500000
1372181,128000
1372182,1671800
1372184,371000
1372188,0
1372190,111000
1372197,350000
1372199,500000
1372200,463100
1372206,400000
1372208,250000
1372210,349500
1372217,300100
1372218,992600
1372222,400000
1372223,857200
1372227,150000
1372228,128000
1372236,458000
1372243,327500
1372247,450000
1372249,1515700
1372258,686000
1372263,3614300
1372269,0
1372270,250000
1372273,237300
1372275,150000
1372276,253800
1372278,0
1372289,1125300
1372293,659400
1372294,2517800
1372303,0
1372306,387500
1372318,0
1372321,327500
1372345,0
1372348,0
1372351,0
1372352,669500
1372356,985200
1372369,150000
1372373,800000
1372387,670300
1372389,445400
1372394,441000
1372396,457300
1372403,0
1372405,0
1372408,1166400
1372409,0
1372415,400000
1372419,380000
1372437,530000
1372442,287600
1372451,457300
1372453,812000
1372454,0
1372455,887900
1372458,0
1372461,139000
1372462,0
1372466,0
1372468,756000
1372469,0
1372470,690000
1372471,466200
1372479,0
1372484,0
1372487,0
1372490,475600
1372505,578000
1372510,587800
1372513,1121100
1372517,2837500
1372521,450000
1372534,0
1372535,354500
1372549,350000
1372554,200000
1372563,150000
1372566,347500
1372568,400000
1372571,150000
1372577,679800
1372579,150000
1372580,699000
1372583,150000
1372585,712000
1372586,1074700
1372590,275000
1372598,378000
1372601,460000
1372610,130000
1372611,724600
1372613,406400
1372614,869000
1372615,455000
1372619,0
1372625,530000
1372626,705000
1372628,227500
1372630,387000
1372647,450000
1372650,0
1372653,300000
1372658,400000
1372659,400000
1372665,250000
1372670,0
1372673,400000
1372681,499000
1372684,413000
1372689,450000
1372691,0
1372692,300000
1372701,670300
1372704,98000
1372712,0
1372728,0
1372737,240000
1372741,448000
1372743,400000
1372744,629200
1372745,496000
1372749,350000
1372751,467500
1372759,0
1372769,1137500
1372774,593000
1372784,80000
1372789,0
1372793,400000
1372798,651100
1372806,614300
1372808,400000
1372810,150000
1372814,0
1372815,300000
1372816,400000
1372818,3648900
1372821,250000
1372822,433300
1372834,617800
1372837,400000
1372838,316000
1372839,804600
1372842,250000
1372846,450000
1372851,400000
1372852,0
1372856,0
1372859,482000
1372861,550000
1372866,590000
1372875,0
1372882,446500
1372887,400000
1372890,390000
1372892,8600
1372894,300000
1372898,0
1372899,0
1372901,442000
1372906,600000
1372918,336000
1372919,107000
1372924,0
1372929,844100
1372930,250000
1372932,379500
1372938,0
1372944,485500
1372946,314700
1372955,400000
1372961,141000
1372962,608500
1372968,150000
1372970,597500
1372975,150000
1372980,250000
1372981,0
1372985,150000
1372986,200000
1372990,300000
1373008,448000
1373016,315000
1373021,150000
1373026,0
1373028,450000
1373033,150000
1373035,135000
1373042,600000
1373045,0
1373046,600000
1373051,400000
1373055,300000
1373062,0
1373063,579000
1373079,550000
1373083,250000
1373084,756000
1373087,470000
1373094,453200
1373096,100000
1373097,365400
1373098,0
1373105,642000
1373111,722400
1373116,0
1373117,2832200
1373123,448500
1373127,222700
1373151,960500
1373152,305000
1373164,400000
1373177,457000
1373178,150000
1373182,0
1373184,0
1373185,0
1373193,1748400
1373197,0
1373207,0
1373208,1140000
1373211,1054900
1373212,357000
1373235,0
1373243,306000
1373254,566800
1373259,604000
1373262,130000
1373267,150000
1373271,554500
1373279,400000
1373280,0
1373282,150000
1373286,0
1373291,0
1373294,0
1373295,150000
1373308,150000
1373311,450000
1373313,1256800
1373326,650000
1373330,150000
1373335,250000
1373342,720000
1373349,815000
1373350,400000
1373355,0
1373358,0
1373362,500000
1373363,0
1373365,150000
1373368,560700
1373370,658500
1373373,0
1373376,250000
1373377,400000
1373382,367800
1373387,0
1373390,150000
1373399,0
1373402,150000
1373409,0
1373412,600000
1373414,150000
1373415,0
1373416,150000
1373427,2035300
1373432,0
1373438,120000
1373450,150000
1373452,110000
1373453,957400
1373462,0
1373468,339500
1373482,948500
1373488,0
1373495,650000
1373497,973000
1373499,384300
1373508,300000
1373510,675000
1373514,150000
1373522,0
1373523,384300
1373528,350000
1373534,250000
1373535,700000
1373540,471200
1373545,384300
1373551,1019600
1373555,128000
1373568,250000
1373582,0
1373586,384300
1373594,442200
1373598,145000
1373604,500000
1373605,0
1373614,400000
1373616,300000
1373624,474800
1373629,474000
1373633,0
1373644,0
1373646,0
1373660,0
1373663,0
1373679,139000
1373681,477300
1373683,1035300
1373712,0
1373718,150000
1373739,111000
1373742,200000
1373745,150000
1373746,150000
1373757,0
1373768,350000
1373772,1508100
1373789,367500
1373792,400000
1373794,0
1373799,300000
1373821,250000
1373839,450000
1373844,0
1373847,250000
1373853,250000
1373857,599700
1373861,150000
1373871,500000
1373877,0
1373887,140000
1373889,150000
1373894,0
1373895,350000
1373897,142800
1373927,250000
1373934,0
1373947,150000
1373950,339000
1373952,190000
1373961,930000
1373984,450000
1373993,165000
1373995,600000
1374011,589000
1374014,500000
1374018,669000
1374030,574200
1374031,0
1374032,450000
1374037,1763700
1374050,0
1374072,1129500
1374082,480500
1374090,1195500
1374096,150000
1374116,315000
1374117,127000
1374120,540000
1374123,400000
1374132,500000
1374151,453500
1374153,1252000
1374154,0
1374165,569100
1374166,0
1374172,523000
1374174,350000
1374176,550000
1374178,0
1374183,457000
1374188,150000
1374205,1142000
1374209,250000
1374210,0
1374213,450000
1374214,446000
1374220,0
1374226,2558500
1374227,900000
1374228,0
1374229,0
1374236,0
1374244,0
1374248,630000
1374249,0
1374255,0
1374257,469800
1374267,250000
1374277,0
1374280,0
1374283,150000
1374284,400000
1374290,456800
1374293,0
1374302,0
1374308,460000
1374311,0
1374327,0
1374341,0
1374342,389900
1374346,0
1374348,2080800
1374351,431000
1374355,400000
1374360,150000
1374373,0
1374381,110000
1374384,250000
1374385,0
1374390,314700
1374392,291100
1374401,400000
1374411,453900
1374414,0
1374427,110000
1374431,396700
1374436,1312000
1374445,3684500
1374458,94000
1374464,400000
1374471,982600
1374472,250000
1374510,550000
1374525,850000
1374535,400000
1374541,0
1374546,816200
1374552,393200
1374579,501000
1374583,395000
1374600,1000400
1374607,250000
1374612,307300
1374615,365500
1374617,499000
1374624,150000
1374633,128000
1374640,972000
1374642,567200
1374652,0
1374660,359000
1374667,946600
1374671,735000
1374693,534700
1374694,150000
1374706,150000
1374719,557000
1374721,500000
1374722,800000
1374727,0
1374736,475000
1374738,0
1374741,409500
1374745,450000
1374751,481000
1374752,128000
1374753,2082900
1374763,0
1374772,500000
1374783,1259000
1374810,700000
1374811,0
1374812,0
1374818,400000
1374823,0
1374825,404000
1374828,722000
1374839,349800
1374846,1100000
1374847,0
1374852,0
1374868,1162000
1374878,0
1374880,550000
1374889,659000
1374903,0
1374908,306000
1374912,0
1374926,150000
1374934,333000
1374936,150000
1374938,684800
1374939,0
1374945,0
1374948,644700
1374955,400000
1374960,150000
1374970,25000
1374971,0
1374972,0
1374982,350000
1374987,0
1374995,0
1375003,325000
1375009,140000
1375017,250000
1375025,300000
1375037,0
1375042,400000
1375046,480100
1375052,872500
1375054,287500
1375057,450000
1375059,550000
1375065,605600
1375071,694000
1375073,2058000
1375074,152500
1375075,700000
1375081,400000
1375083,128000
1375098,150000
1375105,627300
1375108,742000
1375112,0
1375131,1086000
1375134,499800
1375136,0
1375147,0
1375157,315000
1375173,0
1375189,1114500
1375194,0
1375196,0
1375199,140000
1375200,490000
1375208,546500
1375214,500000
1375217,435000
1375223,583000
1375225,0
1375228,0
1375232,0
1375236,1981200
1375244,300000
1375261,0
1375267,0
1375270,600000
1375272,250000
1375276,440500
1375283,338600
1375287,440500
1375292,150000
1375296,53000
1375298,877000
1375307,0
1375312,450000
1375315,835100
1375321,427000
1375323,521800
1375329,1034600
1375336,0
1375337,429000
1375343,0
1375351,520000
1375357,0
1375358,150000
1375360,343000
1375364,495500
1375374,500000
1375375,328300
1375384,450000
1375389,314700
1375396,150000
1375398,683100
1375399,280000
1375404,0
1375405,361200
1375406,752100
1375407,336000
1375420,500000
1375423,400000
1375426,466600
1375428,363500
1375431,250000
1375436,314700
1375437,417000
1375439,1902600
1375443,400000
1375445,0
1375446,430300
1375447,0
1375449,407500
1375455,1228600
1375460,597000
1375462,400000
1375465,479300
1375471,447000
1375473,364000
1375481,1012400
1375485,360500
1375493,0
1375500,560000
1375508,0
1375510,513500
1375511,412200
1375514,629300
1375516,600000
1375518,0
1375519,500000
1375530,593900
1375531,0
1375535,5789000
1375544,346500
1375547,400000
1375558,369000
1375561,1676300
1375564,0
1375567,250000
1375577,280000
1375583,84000
1375584,150000
1375587,1421300
1375590,150000
1375593,982000
1375595,500000
1375596,559000
1375597,550000
1375600,400000
1375603,505400
1375610,629300
1375611,400000
1375615,467500
1375619,559000
1375625,0
1375626,382100
1375628,400000
1375633,0
1375636,450000
1375638,450000
1375639,415300
1375643,371000
1375645,400000
1375649,0
1375669,380000
1375680,376700
1375684,314700
1375688,530000
1375689,175000
1375690,150000
1375693,439600
1375700,629300
1375704,327000
1375706,568000
1375715,594000
1375718,431100
1375732,410500
1375733,150000
1375738,936300
1375739,603200
1375749,150000
1375751,0
1375760,445400
1375762,472000
1375768,0
1375773,629300
1375775,400800
1375780,500000
1375789,150000
1375791,0
1375792,0
1375798,498100
1375799,135000
1375801,400000
1375802,444600
1375805,200000
1375806,500000
1375807,386800
1375819,150000
1375826,314700
1375833,0
1375834,460800
1375837,0
1375840,314700
1375842,399000
1375843,275000
1375844,4690000
1375845,0
1375849,0
1375850,642000
1375853,469800
1375856,0
1375861,209900
1375864,0
1375869,0
1375874,699500
1375876,0
1375879,314700
1375882,400000
1375886,649500
1375889,250000
1375891,350000
1375892,0
1375893,700000
1375895,280000
1375902,0
1375906,680000
1375908,400000
1375910,0
1375913,772000
1375914,449000
1375920,400000
1375922,150000
1375924,314700
1375927,0
1375929,800000
1375931,420000
1375940,790500
1375945,1579100
1375950,0
1375959,0
1375961,0
1375965,480000
1375968,0
1375969,643000
1375975,485500
1375985,0
1375987,150000
1375990,150000
1376001,414500
1376010,0
1376011,180000
1376018,280000
1376022,1455800
1376029,400000
1376030,150000
1376037,467500
1376043,0
1376045,500000
1376047,463300
1376054,701500
1376055,590500
1376063,0
1376070,577500
1376071,750000
1376073,1175000
1376081,1370000
1376089,450000
1376090,407600
1376095,150000
1376102,0
1376105,150000
1376106,1275500
1376110,400000
1376113,200000
1376120,954800
1376122,0
1376134,875200
1376139,407600
1376142,0
1376143,400000
1376148,400000
1376149,1204900
1376154,800000
1376158,800000
1376160,0
1376167,417500
1376168,637500
1376177,673300
1376179,410300
1376183,400000
1376184,813300
1376186,495400
1376193,400000
1376206,800000
1376210,848900
1376217,400000
1376219,469800
1376234,0
1376236,678300
1376239,350000
1376249,0
1376257,14000
1376258,368800
1376268,150000
1376273,37500
1376278,472500
1376280,1000000
1376284,750000
1376285,196800
1376289,430000
1376292,530000
1376296,0
1376300,592000
1376301,514000
1376306,451800
1376311,400000
1376320,850000
1376332,150000
1376337,948500
1376339,150000
1376340,463900
1376344,0
1376346,350000
1376347,466000
1376351,0
1376359,0
1376360,572500
1376367,0
1376371,380100
1376372,450000
1376375,0
1376383,467500
1376390,458500
1376391,924300
1376392,817500
1376394,713100
1376404,5088500
1376407,427500
1376408,630400
1376417,0
1376426,984300
1376437,67000
1376438,745000
1376442,481500
1376444,269700
1376452,0
1376458,856000
1376464,976300
1376465,449500
1376466,997200
1376477,0
1376481,372300
1376492,415000
1376494,0
1376496,0
1376498,0
1376502,345500
1376508,517500
1376509,150000
1376510,1055000
1376513,900000
1376514,500000
1376520,720000
1376521,324000
1376523,225000
1376524,711300
1376528,0
1376538,500000
1376543,300000
1376552,467500
1376557,467500
1376559,114000
1376563,1012100
1376570,0
1376571,0
1376572,553100
1376574,367500
1376583,2194200
1376585,0
1376588,550000
1376590,570000
1376601,264600
1376605,0
1376612,405000
1376618,364000
1376627,0
1376629,0
1376639,150000
1376646,352700
1376654,400000
1376655,600000
1376657,798000
1376662,491800
1376669,400000
1376671,200000
1376676,1835000
1376679,250000
1376685,417800
1376694,414500
1376698,481900
1376699,0
1376700,60000
1376704,0
1376707,15000
1376708,445000
1376709,400000
1376712,0
1376717,400000
1376724,325000
1376725,459900
1376726,773000
1376731,400000
1376732,150000
1376735,730000
1376737,392000
1376738,0
1376739,0
1376742,623500
1376746,456300
1376747,534000
1376751,489800
1376752,350000
1376767,0
1376774,400000
1376776,450000
1376780,400000
1376788,150000
1376790,445000
1376797,421000
1376798,485500
1376799,665000
1376805,169300
1376813,0
1376822,1012200
1376823,472900
1376829,0
1376834,730000
1376838,500000
1376841,400000
1376846,378500
1376847,110400
1376848,400000
1376852,0
1376859,649300
1376864,0
1376870,560300
1376873,449000
1376874,0
1376875,346500
1376880,400000
1376882,400000
1376885,400000
1376886,1100000
1376888,297000
1376892,467200
1376894,663000
1376896,0
1376898,0
1376902,665000
1376912,439600
1376913,400000
1376919,628800
1376925,540000
1376926,150000
1376928,670800
1376932,0
1376936,3128900
1376938,399000
1376943,620000
1376946,656800
1376947,559000
1376948,643800
1376950,410000
1376955,441000
1376957,0
1376965,0
1376966,935800
1376976,615000
1376977,763000
1376983,132500
1376985,400000
1376987,150000
1376996,150000
1377001,467500
1377011,0
1377014,1395000
1377020,465300
1377023,325000
1377024,150000
1377036,149800
1377042,0
1377049,649300
1377050,394000
1377053,650000
1377057,150000
1377060,297500
1377061,150000
1377064,500000
1377067,313300
1377070,0
1377075,1577200
1377079,345300
1377081,0
1377084,430000
1377087,0
1377090,633700
1377094,800000
1377099,1152500
1377100,400000
1377104,329600
1377112,400000
1377119,995900
1377121,0
1377123,499300
1377127,400000
1377129,0
1377133,200000
1377134,0
1377135,350000
1377144,458500
1377145,0
1377149,0
1377150,1878000
1377152,150000
1377155,650000
1377159,349700
1377161,641800
1377163,280000
1377172,0
1377177,498100
1377184,490800
1377186,437800
1377187,209500
1377189,800000
1377195,669800
1377197,0
1377200,0
1377203,556800
1377204,842800
1377207,150000
1377210,0
1377212,4634200
1377217,1906700
1377221,3287000
1377223,364000
1377225,0
1377226,500000
1377233,0
1377234,0
1377242,667000
1377243,1557600
1377248,523900
1377250,150000
1377254,150000
1377255,400000
1377262,500000
1377263,0
1377264,400000
1377268,532500
1377271,399000
1377273,400000
1377284,150000
1377285,120000
1377288,329000
1377293,0
1377294,300000
1377298,0
1377299,400000
1377305,474300
1377306,140000
1377308,0
1377310,290000
1377311,0
1377314,1186000
1377319,0
1377321,431500
1377326,1086000
1377328,336000
1377335,350000
1377345,1343800
1377346,250000
1377354,399000
1377361,2194700
1377363,588000
1377365,499300
1377366,0
1377372,314700
1377373,700000
1377375,469800
1377377,645000
1377379,1131800
1377392,0
1377395,1200000
1377398,0
1377401,603500
1377403,300000
1377406,640100
1377412,0
1377414,525000
1377415,1031000
1377416,1200000
1377417,200000
1377423,610000
1377425,377200
1377426,600000
1377428,400000
1377429,410000
1377430,500000
1377435,150000
1377436,400000
1377438,838000
1377443,500000
1377447,413500
1377451,635500
1377453,0
1377455,586000
1377457,528000
1377458,1478800
1377459,437400
1377460,0
1377465,364100
1377466,686300
1377470,486400
1377477,1066800
1377482,450000
1377485,400000
1377487,1531300
1377488,446400
1377494,450000
1377498,450000
1377500,420000
1377502,1381800
1377514,0
1377516,292300
1377517,2093900
1377518,317200
1377523,150000
1377527,884000
1377531,413300
1377539,0
1377552,450400
1377553,120000
1377557,347500
1377563,0
1377578,150000
1377584,3542500
1377585,0
1377588,859600
1377595,447300
1377596,685100
1377597,150000
1377603,0
1377608,0
1377609,150000
1377611,325100
1377615,5290700
1377617,389500
1377622,357700
1377625,0
1377626,797500
1377637,150000
1377645,0
1377650,150000
1377651,400000
1377655,0
1377669,110000
1377670,570900
1377671,150000
1377676,0
1377677,500000
1377682,0
1377683,490000
1377684,400000
1377685,140000
1377689,350000
1377694,223500
1377703,565800
1377706,314700
1377710,938800
1377719,364000
1377722,454000
1377723,419300
1377725,926000
1377731,0
1377734,500000
1377740,695000
1377742,430200
1377745,2285200
1377747,450000
1377749,604700
1377754,1351000
1377759,150000
1377762,422800
1377763,500000
1377767,440000
1377768,0
1377770,350000
1377775,0
1377777,0
1377782,464400
1377785,400000
1377786,128000
1377787,370300
1377798,423800
1377804,624300
1377805,150000
1377807,384300
1377809,400000
1377810,384300
1377812,417500
1377814,982000
1377816,500000
1377829,0
1377834,384300
1377836,400000
1377837,929400
1377841,500000
1377843,1506600
1377844,649400
1377851,489000
1377858,384300
1377861,621000
1377874,467500
1377875,839100
1377880,400000
1377881,627000
1377888,424500
1377890,425700
1377891,314700
1377895,2000000
1377899,289000
1377900,467500
1377901,512800
1377912,180000
1377918,472000
1377920,1006300
1377922,0
1377925,400400
1377930,400000
1377931,210000
1377932,0
1377935,400000
1377936,382900
1377938,675000
1377946,0
1377949,349800
1377957,559700
1377962,767900
1377969,0
1377970,952900
1377972,987100
1377980,465300
1377983,475200
1377989,239800
1377990,280000
1377991,1138200
1377997,450000
1378002,414000
1378008,329000
1378010,491300
1378014,704000
1378016,0
1378020,0
1378024,297500
1378028,350000
1378029,315000
1378030,0
1378032,0
1378039,412900
1378044,150000
1378047,538300
1378054,325500
1378055,423000
1378057,314700
1378061,543100
1378063,0
1378066,442000
1378070,304500
1378074,510200
1378079,325500
1378080,508700
1378081,297500
1378082,350000
1378083,559000
1378086,400000
1378091,0
1378094,543800
1378096,150000
1378097,0
1378103,500000
1378107,0
1378119,150000
1378122,325500
1378123,681000
1378127,500000
1378129,559000
1378131,400000
1378139,460800
1378140,1190400
1378144,788000
1378150,500000
1378151,400000
1378154,464700
1378155,325500
1378157,201000
1378158,870000
1378160,0
1378162,330800
1378164,423200
1378166,0
1378169,500000
1378180,568000
1378189,150000
1378191,467500
1378194,150000
1378199,400000
1378208,441000
1378209,0
1378212,671000
1378214,442800
1378218,750000
1378220,329000
1378223,499300
1378229,0
1378240,529300
1378241,450000
1378243,650000
1378249,346500
1378251,615800
1378252,280000
1378253,0
1378256,400000
1378257,350000
1378260,300000
1378261,265000
1378262,490000
1378267,1358200
1378270,200000
1378271,350000
1378273,534900
1378274,400000
1378282,0
1378286,0
1378292,790500
1378299,1799800
1378300,314700
1378301,469800
1378306,650000
1378311,564500
1378312,0
1378313,530000
1378316,1050000
1378317,771800
1378327,150000
1378328,500000
1378329,1083200
1378330,835500
1378331,314700
1378335,400000
1378336,907400
1378342,419300
1378344,362400
1378358,500000
1378361,621000
1378364,550000
1378365,305000
1378366,0
1378370,0
1378373,400000
1378377,946000
1378379,451800
1378385,855800
1378389,314700
1378395,770200
1378400,670100
1378407,762000
1378415,500000
1378426,700000
1378427,498300
1378435,34400
1378443,400000
1378450,467500
1378452,0
1378457,350000
1378466,400000
1378468,145000
1378469,350000
1378472,0
1378474,467500
1378479,580500
1378481,380000
1378488,304500
1378498,0
1378499,399000
1378501,1000000
1378508,276300
1378514,0
1378515,343000
1378520,364000
1378523,533000
1378525,498000
1378528,250000
1378530,365000
1378532,650000
1378535,467100
1378537,586000
1378548,212400
1378550,401000
1378556,370000
1378560,500000
1378563,414000
1378567,0
1378574,400000
1378577,0
1378580,537000
1378581,0
1378584,364000
1378585,584000
1378590,400000
1378591,0
1378593,580500
1378600,406300
1378603,553200
1378607,500000
1378609,431000
1378611,0
1378612,485500
1378613,483300
1378617,80800
1378619,400000
1378622,0
1378626,455200
1378627,550000
1378628,495500
1378631,363300
1378633,30000
1378646,0
1378649,498300
1378662,800000
1378663,397800
1378666,735200
1378672,1983300
1378684,400000
1378685,462600
1378688,499000
1378689,529300
1378691,408500
1378693,150000
1378699,400000
1378704,550000
1378714,534000
1378718,417500
1378721,500000
1378723,454000
1378732,608000
1378735,150000
1378736,500000
1378737,400000
1378738,0
1378740,1349800
1378743,0
1378746,500000
1378749,510000
1378757,400000
1378759,637700
1378779,470200
1378790,533700
1378792,690000
1378793,1864200
1378798,483300
1378804,0
1378815,0
1378822,1205000
1378823,500000
1378829,483300
1378837,432500
1378843,346500
1378844,800000
1378847,798000
1378849,2250000
1378852,415000
1378853,476500
1378855,0
1378858,400000
1378859,1238200
1378862,450000
1378864,607200
1378871,409000
1378875,422500
1378879,752200
1378880,650000
1378892,395800
1378893,376000
1378897,1751500
1378898,0
1378906,0
1378911,482000
1378915,0
1378917,444800
1378921,150000
1378924,0
1378930,0
1378933,537500
1378941,450400
1378942,5092600
1378946,398600
1378947,210800
1378951,580000
1378952,150000
1378955,931800
1378961,245000
1378962,350000
1378964,415000
1378968,400000
1378972,0
1378973,1032000
1378976,140000
1378977,460000
1378983,4404400
1378987,400000
1378993,0
1378997,400000
1379003,463000
1379007,500000
1379011,350000
1379016,314700
1379026,1196800
1379027,150000
1379032,467500
1379036,778000
1379037,0
1379042,315000
1379043,350000
1379044,400000
1379046,374500
1379052,0
1379060,485500
1379061,1262300
1379063,400000
1379064,0
1379066,0
1379070,457000
1379071,873500
1379087,385000
1379088,200000
1379090,220000
1379097,463200
1379107,150000
1379110,0
1379114,449500
1379128,0
1379129,563500
1379130,120000
1379139,1243700
1379146,500000
1379163,830000
1379167,150000
1379170,283500
1379179,470800
1379181,455000
1379194,400000
1379198,0
1379200,381500
1379212,120000
1379214,697200
1379216,350000
1379218,434100
1379221,0
1379223,592000
1379224,0
1379230,0
1379232,616200
1379235,0
1379236,0
1379242,1469500
1379250,0
1379257,330800
1379258,500000
1379260,361000
1379262,314700
1379266,314700
1379275,438300
1379276,465300
1379279,430200
1379285,300000
1379287,0
1379290,0
1379292,0
1379294,541200
1379296,1037900
1379300,400000
1379307,469800
1379308,400000
1379313,420000
1379315,604000
1379316,40000
1379319,600000
1379324,0
1379328,1699400
1379329,375000
1379336,400000
1379337,825900
1379339,0
1379342,500000
1379343,13461200
1379345,0
1379350,2100000
1379351,0
1379356,400000
1379362,0
1379364,1136200
1379370,0
1379372,0
1379387,950000
1379391,0
1379392,300000
1379397,0
1379399,1766000
1379404,467500
1379420,365500
1379424,278400
1379429,400000
1379436,439500
1379445,947200
1379452,0
1379460,823200
1379470,350000
1379475,400000
1379476,1000000
1379483,120000
1379493,200000
1379495,400000
1379500,357300
1379507,0
1379509,0
1379520,330000
1379525,421600
1379527,150000
1379528,550000
1379531,632000
1379540,400000
1379543,350000
1379544,490000
1379547,647900
1379548,548500
1379549,548100
1379551,0
1379561,335500
1379564,480000
1379565,0
1379566,150000
1379574,500000
1379587,577000
1379591,563500
1379593,350000
1379596,692500
1379598,481000
1379601,331000
1379607,451000
1379608,478400
1379609,858100
1379617,162400
1379623,1215800
1379625,494500
1379627,539300
1379628,422000
1379630,385000
1379634,806800
1379641,448600
1379642,510500
1379644,400000
1379646,0
1379647,19928300
1379648,839200
1379658,695000
1379664,466000
1379669,0
1379670,400000
1379672,834400
1379680,743500
1379693,3125000
1379694,659700
1379695,17084800
1379700,400000
1379708,150000
1379717,2400000
1379719,385000
1379725,315000
1379729,467500
1379735,390000
1379739,440000
1379742,0
1379747,400000
1379750,630100
1379753,305000
1379772,600000
1379773,1342600
1379783,559000
1379785,328000
1379786,142000
1379801,0
1379807,700000
1379808,467500
1379811,434000
1379812,135000
1379814,500000
1379827,259500
1379828,29600
1379834,840000
1379835,431000
1379842,375000
1379853,128000
1379855,929000
1379861,0
1379863,150000
1379872,854200
1379873,650000
1379876,438900
1379878,150000
1379885,0
1379889,150000
1379890,0
1379898,467500
1379901,0
1379903,0
1379904,150000
1379905,150000
1379907,500000
1379916,350000
1379917,250000
1379919,250000
1379920,396400
1379921,400000
1379923,458500
1379924,0
1379926,150000
1379927,126000
1379933,457400
1379951,250000
1379954,350000
1379966,0
1379970,0
1379978,0
1379980,311800
1379984,325000
1379985,0
1379987,0
1379988,1528000
1379990,494200
1379997,466000
1380003,0
1380004,1940100
1380017,410500
1380018,457800
1380021,0
1380022,0
1380025,0
1380027,642500
1380037,0
1380044,1231000
1380047,0
1380050,702000
1380053,0
1380054,445400
1380057,0
1380071,0
1380072,0
1380075,0
1380077,495500
1380078,400000
1380085,530500
1380090,152400
1380100,424300
1380103,0
1380110,0
1380112,150000
1380119,0
1380124,900000
1380127,0
1380130,0
1380136,1020200
1380145,201000
1380152,1429000
1380155,2029600
1380161,3320500
1380169,595000
1380180,381000
1380182,400000
1380184,1147500
1380187,0
1380189,60000
1380194,350000
1380204,130000
1380211,450000
1380212,332500
1380215,300000
1380219,905000
1380220,0
1380225,498500
1380231,0
1380241,0
1380243,0
1380246,0
1380260,300000
1380261,145500
1380271,200000
1380279,809300
1380280,270000
1380281,400000
1380285,400000
1380294,400400
1380296,0
1380299,150000
1380303,130000
1380304,476500
1380306,300000
1380314,0
1380318,0
1380328,0
1380331,0
1380348,291000
1380349,255000
1380351,678000
1380352,210000
1380354,150000
1380358,0
1380361,0
1380363,200000
1380365,384800
1380367,2427700
1380370,402000
1380374,0
1380376,0
1380384,347000
1380392,600000
1380396,95900
1380412,150000
1380413,2396800
1380415,250000
1380423,0
1380431,150000
1380437,496000
1380440,0
1380443,440000
1380446,550000
1380447,821400
1380448,400000
1380452,150000
1380467,879100
1380470,0
1380471,480000
1380484,0
1380494,544000
1380497,373500
1380503,400000
1380505,150000
1380506,0
1380507,0
1380512,1898600
1380515,500000
1380521,0
1380524,450000
1380525,350000
1380527,104000
1380529,326000
1380532,200000
1380536,350000
1380542,524700
1380543,2538400
1380563,618300
1380571,150000
1380572,215000
1380574,0
1380577,476200
1380584,0
1380611,0
1380613,0
1380615,471100
1380616,334000
1380620,1550600
1380622,0
1380627,179800
1380635,430900
1380636,400000
1380638,150000
1380642,448000
1380644,492100
1380646,150000
1380648,96600
1380654,566800
1380660,112000
1380661,495500
1380664,0
1380674,0
1380676,691600
1380681,329800
1380682,0
1380683,150000
1380686,367500
1380692,704000
1380695,0
1380696,442800
1380697,250000
1380699,300000
1380704,134900
1380705,400000
1380712,349500
1380714,350000
1380716,0
1380731,0
1380733,0
1380735,15500
1380739,918000
1380746,400000
1380752,312000
1380753,400000
1380764,350000
1380767,630000
1380768,1842900
1380787,150000
1380788,120000
1380795,2073500
1380797,400000
1380798,600000
1380799,122500
1380802,150000
1380803,362300
1380804,681500
1380807,0
1380815,0
1380817,389000
1380820,0
1380823,377700
1380829,0
1380834,306500
1380841,379000
1380844,510000
1380845,300000
1380846,375000
1380850,450000
1380851,0
1380855,0
1380856,120000
1380863,150000
1380868,150000
1380869,200000
1380873,141900
1380877,0
1380889,182500
1380890,150000
1380902,0
1380906,154500
1380910,496000
1380928,0
1380931,350000
1380941,295800
1380944,200000
1380945,200000
1380946,0
1380949,0
1380968,0
1380973,376700
1380978,400000
1380983,0
1380991,150000
1380994,160000
1380999,997100
1381001,0
1381008,300000
1381009,314700
1381011,631000
1381019,250000
1381020,300000
1381021,0
1381023,150000
1381024,207000
1381032,350000
1381033,0
1381038,250000
1381041,0
1381042,440000
1381043,150000
1381045,0
1381046,350000
1381047,0
1381065,450000
1381066,298000
1381068,0
1381069,649500
1381070,0
1381078,500000
1381081,422500
1381082,534800
1381085,1132200
1381086,423000
1381092,330800
1381098,0
1381100,0
1381102,483700
1381104,400000
1381107,456000
1381109,0
1381113,1046000
1381116,561100
1381123,450000
1381127,150000
1381129,0
1381130,455500
1381131,200000
1381144,486400
1381146,345500
1381152,0
1381153,200000
1381154,226000
1381157,200000
1381158,475700
1381162,150000
1381166,600000
1381168,292000
1381173,614700
1381176,350000
1381178,0
1381182,250000
1381187,600000
1381199,0
1381207,463000
1381213,735800
1381214,0
1381218,473000
1381222,0
1381226,334300
1381229,681500
1381232,200000
1381236,450000
1381261,3216800
1381263,0
1381268,1250000
1381284,789000
1381286,0
1381287,1011000
1381301,150000
1381308,0
1381311,0
1381312,0
1381314,150000
1381324,504000
1381328,0
1381333,300000
1381340,0
1381342,666500
1381348,465000
1381356,150000
1381363,350000
1381368,0
1381369,0
1381376,0
1381383,820100
1381385,0
1381386,952800
1381389,870200
1381393,0
1381401,0
1381404,1186000
1381407,150000
1381408,4039200
1381412,0
1381413,400000
1381415,600000
1381426,1460700
1381431,0
1381444,791000
1381456,1150000
1381467,382500
1381472,907000
1381475,316100
1381478,150000
1381483,150000
1381485,399000
1381487,669000
1381494,625500
1381496,453800
1381499,0
1381503,520000
1381504,450000
1381509,487200
1381519,0
1381530,0
1381550,1173000
1381558,0
1381559,550000
1381570,0
1381579,0
1381584,150000
1381585,1003700
1381594,500000
1381599,0
1381604,666000
1381609,496000
1381610,483700
1381615,460000
1381622,292000
1381623,432000
1381634,205600
1381642,120000
1381643,400000
1381647,350000
1381648,970800
1381652,350000
1381653,0
1381663,454000
1381666,0
1381667,1514600
1381668,0
1381671,340000
1381674,986900
1381678,0
1381682,700000
1381706,400000
1381708,1790000
1381710,412400
1381711,150000
1381715,36800
1381719,611500
1381721,450000
1381725,0
1381731,568000
1381733,250000
1381740,450400
1381742,412500
1381744,0
1381746,600000
1381748,476100
1381752,450000
1381757,150000
1381770,1252600
1381772,246000
1381783,587100
1381791,200000
1381794,0
1381803,878900
1381804,0
1381813,579000
1381816,911400
1381819,470700
1381821,606000
1381827,745400
1381832,454500
1381834,0
1381835,0
1381839,67500
1381840,827200
1381846,109400
1381848,549500
1381853,250000
1381855,427500
1381857,200000
1381859,200000
1381862,150000
1381867,1091700
1381877,1264000
1381885,0
1381886,150000
1381890,250000
1381891,400000
1381893,150000
1381899,703000
1381907,660000
1381913,350000
1381925,350000
1381926,0
1381929,649000
1381942,500000
1381947,1398800
1381960,0
1381963,630000
1381964,0
1381970,332000
1381979,0
1381980,541200
1381990,270000
1381992,464700
1381993,468300
1381997,0
1382002,410000
1382013,350000
1382020,316000
1382022,0
1382023,476500
1382025,369800
1382030,250000
1382036,942000
1382039,527400
1382048,300000
1382052,0
1382064,150000
1382067,932000
1382069,0
1382073,250000
1382077,320100
1382078,559000
1382079,0
1382082,550000
1382086,300000
1382088,450000
1382089,140000
1382093,906300
1382094,0
1382110,459000
1382115,650500
1382118,450000
1382123,600000
1382133,0
1382135,0
1382142,250000
1382144,397400
1382145,0
1382146,324000
1382153,434000
1382155,465000
1382160,0
1382165,410800
1382168,346400
1382169,0
1382172,250000
1382177,130000
1382178,496000
1382185,250000
1382190,585000
1382191,15849700
1382193,0
1382198,400000
1382199,1038500
1382202,735700
1382209,0
1382212,0
1382213,290000
1382227,725000
1382230,364500
1382232,108000
1382242,0
1382243,150000
1382244,124000
1382249,482000
1382251,349500
1382252,445000
1382262,1443900
1382266,440000
1382271,1042700
1382277,650000
1382285,195000
1382286,400000
1382290,255000
1382291,385400
1382295,250000
1382299,340000
1382304,596000
1382309,150000
1382317,650000
1382319,394000
1382335,342500
1382339,661600
1382340,350000
1382343,550000
1382349,250000
1382352,619500
1382357,500000
1382363,0
1382365,525300
1382369,0
1382376,150000
1382381,391100
1382383,249000
1382385,621000
1382386,0
1382387,0
1382392,10778000
1382401,536500
1382405,435600
1382415,593300
1382416,0
1382422,614800
1382426,439500
1382427,519800
1382429,488500
1382431,167200
1382434,150000
1382436,1396000
1382439,0
1382440,0
1382441,430000
1382442,27000
1382448,629900
1382449,467500
1382452,345000
1382454,2407000
1382460,471900
1382461,229200
1382469,661500
1382471,5300
1382485,250000
1382486,150000
1382495,150000
1382498,0
1382500,150000
1382510,0
1382515,340600
1382519,10319700
1382522,500000
1382524,0
1382531,150000
1382533,227500
1382534,150000
1382546,0
1382548,737200
1382561,800000
1382565,0
1382571,250000
1382572,471000
1382573,392000
1382577,329100
1382578,350000
1382581,250000
1382582,150000
1382586,1458600
1382587,0
1382596,344600
1382598,59600
1382604,400000
1382616,150000
1382620,3772200
1382621,460000
1382630,670200
1382634,300000
1382636,687800
1382637,0
1382639,400000
1382642,430000
1382643,596100
1382650,0
1382655,604000
1382662,0
1382665,324000
1382667,420000
1382668,268200
1382671,198000
1382678,0
1382687,400000
1382688,0
1382689,0
1382697,590000
1382698,0
1382703,873000
1382704,0
1382707,400000
1382710,811000
1382714,1037500
1382717,496000
1382719,889800
1382727,832500
1382729,705000
1382733,0
1382738,500000
1382742,770400
1382748,670000
1382751,250000
1382753,943000
1382755,0
1382765,2514000
1382768,0
1382769,448000
1382771,350000
1382774,360000
1382777,200000
1382786,581300
1382787,351000
1382797,2912100
1382801,0
1382806,2000000
1382807,576800
1382810,622200
1382813,400000
1382818,0
1382821,150000
1382826,550000
1382827,450000
1382829,500000
1382832,595100
1382833,475000
1382844,400000
1382845,400000
1382855,0
1382858,458100
1382864,584700
1382867,1018800
1382873,407600
1382874,170200
1382879,500000
1382882,0
1382891,311500
1382896,400000
1382900,333000
1382901,551000
1382908,500000
1382919,350000
1382920,250000
1382923,0
1382924,433900
1382930,150000
1382932,250000
1382934,245800
1382936,0
1382937,320000
1382943,57000
1382949,417500
1382950,600000
1382953,600000
1382960,378800
1382965,0
1382974,457000
1382976,510800
1382977,450000
1382981,401100
1382986,150000
1382987,485300
1382991,550000
1382994,450000
1383004,620000
1383008,350000
1383020,400000
1383021,235000
1383028,0
1383029,650000
1383030,150000
1383031,250000
1383036,203000
1383042,400000
1383045,526100
1383048,288000
1383052,0
1383067,0
1383074,280000
1383081,965000
1383088,300000
1383089,427500
1383106,1192000
1383109,400000
1383115,110000
1383116,140000
1383117,528800
1383121,0
1383123,250000
1383127,375000
1383128,150000
1383136,650000
1383138,0
1383139,0
1383146,431000
1383158,0
1383172,627600
1383182,150000
1383183,500000
1383186,1750000
1383192,590900
1383202,0
1383203,150000
1383204,500000
1383207,472000
1383208,400000
1383218,410000
1383220,400000
1383221,0
1383234,120000
1383235,1067900
1383237,150000
1383244,388000
1383249,267000
1383253,0
1383256,655000
1383257,1104000
1383262,302500
1383269,600000
1383270,499000
1383281,294500
1383296,150000
1383300,344000
1383303,2430000
1383304,0
1383311,3365200
1383317,400000
1383322,901300
1383323,150000
1383324,1994200
1383325,881000
1383328,322800
1383329,200000
1383332,0
1383335,152000
1383336,458500
1383339,0
1383355,5196300
1383356,0
1383359,421100
1383366,669000
1383371,1155500
1383372,150000
1383375,812500
1383378,910000
1383385,110000
1383386,536000
1383390,400000
1383391,1150000
1383392,290000
1383399,500000
1383407,140000
1383409,312600
1383410,935600
1383411,400000
1383419,0
1383420,450000
1383422,84200
1383431,290000
1383437,650000
1383438,800000
1383447,414000
1383453,750000
1383454,154000
1383458,0
1383460,692000
1383466,0
1383471,104700
1383481,250000
1383483,512100
1383486,200000
1383487,1554800
1383490,0
1383496,150000
1383507,150000
1383521,0
1383527,5715400
1383528,0
1383533,407500
1383534,300000
1383545,314200
1383547,850000
1383548,394800
1383549,775000
1383553,0
1383555,250000
1383565,0
1383566,348000
1383569,467600
1383570,0
1383572,461500
1383578,135000
1383579,0
1383583,0
1383587,487000
1383589,0
1383596,0
1383600,0
1383609,3716600
1383621,250000
1383622,150000
1383633,2107400
1383636,350000
1383642,593800
1383648,690800
1383651,250000
1383658,801900
1383662,297000
1383664,675000
1383665,576300
1383666,979900
1383667,0
1383671,350000
1383673,8310000
1383677,400000
1383680,150000
1383681,410000
1383689,1114900
1383696,414000
1383703,481000
1383706,0
1383715,522500
1383716,250000
1383721,150000
1383724,449500
1383726,284000
1383728,0
1383735,413900
1383744,566400
1383747,365100
1383761,0
1383768,0
1383770,476600
1383771,104000
1383780,360000
1383782,544000
1383786,150000
1383794,250000
1383795,600000
1383798,717500
1383801,428800
1383802,150000
1383803,0
1383805,150000
1383812,223000
1383813,830000
1383819,0
1383821,288000
1383826,550000
1383830,440000
1383831,600000
1383832,0
1383834,463500
1383836,0
1383837,508000
1383838,350000
1383842,555000
1383843,150000
1383847,450000
1383850,450000
1383857,250000
1383860,150000
1383865,150000
1383867,0
1383870,340000
1383871,628400
1383874,112300
1383880,150000
1383881,582000
1383884,94500
1383886,414000
1383888,0
1383889,770200
1383905,553100
1383910,1075500
1383913,550000
1383917,0
1383918,0
1383922,0
1383929,300000
1383931,245100
1383932,4827100
1383937,250000
1383940,435400
1383941,479200
1383944,240000
1383951,0
1383955,0
1383974,0
1383977,85000
1383980,150000
1383987,31500
1384006,728800
1384014,581000
1384016,600000
1384019,0
1384023,330800
1384026,0
1384027,600000
1384029,413500
1384033,377000
1384040,0
1384041,484500
1384044,659000
1384046,200000
1384047,172500
1384053,1009900
1384055,604000
1384057,150000
1384059,387500
1384062,190000
1384071,250000
1384072,150000
1384076,120000
1384079,250000
1384088,400000
1384090,40000
1384091,400000
1384093,474000
1384097,350000
1384104,628700
1384110,650000
1384111,384600
1384113,800000
1384119,1974600
1384123,311500
1384130,328500
1384133,300000
1384137,400000
1384144,308000
1384145,200000
1384147,360000
1384148,5450000
1384151,0
1384156,327500
1384163,1514300
1384166,250000
1384168,0
1384171,839100
1384172,0
1384176,0
1384178,2802400
1384185,750000
1384189,250000
1384193,414000
1384200,467500
1384205,327000
1384206,460500
1384207,0
1384212,75000
1384213,449500
1384219,893000
1384226,472900
1384230,523500
1384231,700000
1384233,0
1384235,1266300
1384255,0
1384258,565800
1384264,495000
1384268,450000
1384273,350000
1384280,1128000
1384295,461500
1384296,300000
1384297,150000
1384311,330000
1384316,436000
1384319,945600
1384320,0
1384324,0
1384325,142000
1384337,400000
1384341,569800
1384345,0
1384349,474300
1384351,0
1384356,0
1384374,2395000
1384378,810000
1384382,150000
1384385,476100
1384386,0
1384387,150000
1384393,500000
1384396,0
1384398,515100
1384406,0
1384417,580000
1384418,751500
1384423,350000
1384436,0
1384438,2395000
1384443,945800
1384444,367500
1384450,2398000
1384456,150000
1384459,250000
1384471,0
1384472,312000
1384480,0
1384482,250000
1384487,2393000
1384489,0
1384499,350000
1384503,600000
1384505,850000
1384508,500000
1384509,150000
1384516,0
1384522,400000
1384527,0
1384530,605000
1384532,770300
1384541,681200
1384544,540000
1384547,217000
1384553,859600
1384557,461500
1384559,150000
1384560,373500
1384561,0
1384566,1174900
1384568,150000
1384569,0
1384571,150000
1384581,1350000
1384598,332500
1384599,0
1384606,478800
1384608,426500
1384610,292600
1384612,0
1384631,2393000
1384634,250000
1384643,150000
1384647,0
1384652,555000
1384653,2393000
1384654,150000
1384657,250000
1384661,600000
1384666,0
1384668,208000
1384674,450000
1384675,810000
1384681,150000
1384691,740000
1384696,300000
1384703,513500
1384705,2400000
1384707,550000
1384709,495000
1384711,142000
1384717,250000
1384718,611800
1384722,102000
1384725,524200
1384727,633000
1384739,150000
1384745,150000
1384747,316000
1384748,379500
1384750,600000
1384757,150000
1384770,412500
1384775,472000
1384779,350000
1384791,0
1384794,0
1384799,0
1384801,150000
1384810,0
1384817,0
1384819,150000
1384823,525000
1384848,375500
1384857,1492500
1384865,150000
1384867,0
1384879,315000
1384894,0
1384915,990000
1384921,250000
1384922,1325500
1384926,0
1384928,0
1384941,0
1384946,900000
1384947,0
1384964,0
1384979,250000
1384983,0
1384987,480100
1384990,0
1385000,416500
1385008,0
1385009,398000
1385014,2386700
1385020,300000
1385056,0
1385063,500000
1385069,150000
1385073,150000
1385074,590600
1385076,439500
1385093,0
1385094,378900
1385096,301000
1385105,350000
1385109,0
1385113,0
1385117,300000
1385118,378800
1385137,120000
1385138,0
1385150,900000
1385197,0
1385215,0
1385218,0
1385221,786000
1385222,400000
1385223,908300
1385230,476000
1385235,516300
1385237,467500
1385243,250000
1385249,400000
1385250,625000
1385251,1175200
1385253,0
1385263,600000
1385270,500000
1385279,250000
1385288,0
1385289,2191000
1385290,576000
1385295,493300
1385300,0
1385302,0
1385311,0
1385329,250000
1385331,0
1385332,150000
1385335,0
1385350,272500
1385355,0
1385357,0
1385369,150000
1385372,400000
1385383,413000
1385389,774700
1385390,300000
1385395,166500
1385396,150000
1385401,0
1385405,0
1385408,0
1385412,400000
1385417,0
1385423,0
1385427,0
1385429,997500
1385434,544000
1385444,753500
1385446,467500
1385448,590000
1385449,398000
1385451,0
1385456,0
1385459,0
1385464,450000
1385468,786500
1385488,499000
1385496,0
1385497,127800
1385507,399000
1385512,130000
1385527,363400
1385547,408500
1385552,919000
1385562,400000
1385566,1517900
1385576,500000
1385580,496800
1385588,600000
1385589,479000
1385597,926200
1385599,250000
1385600,450000
1385603,250000
1385609,130000
1385612,446300
1385614,400000
1385616,535000
1385625,350000
1385626,450000
1385635,0
1385650,0
1385652,589500
1385663,450000
1385683,170000
1385684,690300
1385689,0
1385704,150000
1385706,1000000
1385707,0
1385715,250000
1385718,0
1385719,0
1385720,0
1385726,0
1385728,150000
1385729,0
1385734,250000
1385739,347800
1385747,200000
1385748,422000
1385752,1053200
1385755,600000
1385759,250000
1385780,200000
1385786,1882800
1385787,250000
1385794,0
1385797,0
1385799,0
1385803,192500
1385808,463000
1385818,0
1385823,2005000
1385825,0
1385827,656000
1385831,0
1385849,484800
1385854,325000
1385865,38500
1385868,550000
1385877,430000
1385878,250000
1385879,0
1385881,0
1385882,250000
1385886,250000
1385892,0
1385896,948800
1385897,400000
1385906,506800
1385907,520000
1385920,450000
1385929,0
1385930,0
1385931,297000
1385932,2139300
1385939,150000
1385960,0
1385963,450000
1385972,130000
1385981,0
1385988,959400
1385991,748600
1386018,460800
1386023,350000
1386026,644300
1386028,400000
1386030,250000
1386038,350000
1386044,550000
1386048,0
1386050,250000
1386057,0
1386061,208000
1386062,152500
1386069,454200
1386071,708500
1386076,650000
1386090,392500
1386091,400000
1386092,600000
1386098,0
1386106,726000
1386121,395000
1386127,464500
1386131,250000
1386132,150000
1386159,400000
1386169,353500
1386181,1216600
1386184,529300
1386186,585000
1386196,588000
1386202,150000
1386206,400000
1386211,425800
1386212,0
1386240,980000
1386263,120000
1386300,450000
1386316,563000
1386336,300000
1386352,417500
1386362,589800
1386365,1951500
1386366,250000
1386370,392300
1386371,467500
1386386,2555000
1386400,332500
1386404,361400
1386410,350000
1386430,579800
1386434,250000
1386461,681500
1386466,0
1386470,400000
1386476,0
1386484,827000
1386494,500000
1386504,555300
1386518,447000
1386532,0
1386535,250000
1386567,61000
1386573,0
1386575,439300
1386579,1083500
1386585,550000
1386597,850000
1386609,3242800
1386620,0
1386626,390800
1386647,500000
1386651,0
1386652,860000
1386653,290000
1386660,0
1386666,463900
1386670,0
1386671,355000
1386674,1598400
1386675,550000
1386676,310000
1386688,4512800
1386691,310100
1386703,205000
1386705,110000
1386709,614100
1386719,0
1386723,150000
1386725,0
1386731,0
1386743,0
1386744,0
1386746,0
1386750,0
1386757,811000
1386758,622000
1386759,780000
1386767,0
1386772,150000
1386774,800000
1386777,448700
1386783,0
1386791,400000
1386795,150000
1386800,350000
1386808,1493500
1386817,595000
1386820,0
1386826,619000
1386828,150000
1386829,548000
1386834,249500
1386836,350000
1386844,381000
1386848,151000
1386858,150000
1386865,250000
1386867,250000
1386870,150000
1386876,0
1386877,100000
1386884,150000
1386898,0
1386899,0
1386908,289500
1386909,250000
1386915,659000
1386922,0
1386925,435500
1386932,350000
1386936,330500
1386947,670000
1386948,0
1386949,425500
1386955,0
1386956,700000
1386963,0
1386966,0
1386967,400000
1386974,585000
1386979,167500
1386980,0
1386981,250000
1386985,417500
1386988,800000
1386991,150000
1386995,488500
1387007,550000
1387012,450000
1387014,0
1387017,250000
1387020,160000
1387027,350000
1387032,176500
1387041,250000
1387043,350000
1387045,250000
1387051,90000
1387055,540000
1387056,441000
1387065,419500
1387068,350000
1387069,200000
1387073,0
1387077,0
1387081,0
1387091,250000
1387094,626800
1387095,0
1387097,450400
1387109,0
1387115,500000
1387118,0
1387124,639100
1387125,195000
1387146,0
1387147,450000
1387148,425000
1387155,52000
1387156,0
1387164,450000
1387165,681600
1387173,150000
1387175,250000
1387179,319000
1387190,250000
1387212,1029000
1387224,400000
1387227,0
1387233,110500
1387247,400000
1387250,350000
1387256,362500
1387261,370000
1387262,375000
1387264,0
1387268,1068000
1387269,450000
1387271,500000
1387292,250000
1387300,1227000
1387307,83000
1387308,394000
1387321,250000
1387324,385000
1387329,0
1387334,500000
1387339,0
1387360,0
1387363,384700
1387369,250000
1387379,410000
1387383,914200
1387386,0
1387389,662500
1387393,500000
1387399,370000
1387403,150000
1387406,583200
1387407,250000
1387411,50000
1387415,1119000
1387416,600000
1387421,982400
1387427,550900
1387434,369500
1387441,0
1387447,488600
1387452,434000
1387457,300000
1387460,0
1387462,979800
1387463,332500
1387471,947500
1387472,350000
1387473,374000
1387475,664900
1387480,413900
1387484,150000
1387493,0
1387498,460000
1387514,0
1387516,371300
1387517,0
1387523,1389500
1387524,0
1387536,400000
1387541,605000
1387544,150000
1387545,250000
1387546,317000
1387550,0
1387559,270000
1387568,73000
1387596,360000
1387598,350000
1387602,700000
1387609,0
1387621,350000
1387626,420000
1387627,0
1387630,1117500
1387635,651000
1387638,33600
1387650,125000
1387656,250000
1387668,687300
1387671,199500
1387673,286500
1387676,290000
1387677,400000
1387682,250000
1387687,0
1387691,250000
1387711,199500
1387714,699000
1387724,283500
1387735,0
1387739,484200
1387743,350000
1387746,500000
1387759,430000
1387767,390000
1387781,0
1387782,0
1387796,497500
1387799,0
1387801,524100
1387804,0
1387815,350000
1387816,2043000
1387825,400000
1387826,16100400
1387837,400000
1387838,4373100
1387848,0
1387851,250000
1387852,286900
1387854,475000
1387855,700000
1387860,304500
1387861,250000
1387862,339200
1387870,400000
1387872,680000
1387875,0
1387885,467500
1387888,366500
1387889,332500
1387894,804000
1387896,848000
1387897,630500
1387899,350000
1387902,250000
1387905,0
1387907,450000
1387917,407500
1387919,363500
1387921,415000
1387923,1382500
1387926,450000
1387938,0
1387939,250000
1387941,417500
1387946,500000
1387953,420000
1387964,752600
1387975,0
1387987,370000
1387991,862500
1387996,196000
1388001,370000
1388004,417500
1388008,150000
1388015,250000
1388016,0
1388017,491500
1388022,600000
1388023,600000
1388036,250000
1388039,250000
1388041,150000
1388045,325000
1388052,478600
1388053,0
1388054,0
1388055,590000
1388058,235000
1388059,678000
1388062,467500
1388069,325000
1388071,517500
1388072,300000
1388074,667500
1388084,540000
1388086,494500
1388090,350000
1388092,0
1388093,1496400
1388094,0
1388098,386000
1388099,0
1388100,400000
1388102,691200
1388104,315000
1388105,1376500
1388111,447300
1388117,548000
1388119,1637500
1388120,400000
1388123,0
1388129,336000
1388134,700000
1388142,150000
1388147,0
1388154,0
1388155,150000
1388160,626500
1388163,0
1388167,650000
1388168,2033700
1388170,1273500
1388171,500000
1388174,3461000
1388175,938800
1388186,0
1388189,403500
1388193,250000
1388194,350000
1388196,399000
1388207,220000
1388209,150000
1388210,539800
1388211,150000
1388212,400000
1388220,355600
1388225,330800
1388226,872800
1388234,315000
1388244,578000
1388248,285000
1388263,322600
1388266,476000
1388267,311500
1388269,0
1388270,700000
1388272,926500
1388274,350000
1388277,250000
1388282,550000
1388284,550000
1388290,550000
1388291,329000
1388296,600000
1388298,0
1388299,400000
1388301,716700
1388304,0
1388315,250000
1388327,840200
1388330,0
1388335,500000
1388337,350000
1388342,422000
1388345,450000
1388347,150000
1388352,1084500
1388367,250000
1388369,247500
1388370,1641300
1388371,250000
1388383,0
1388398,570000
1388407,478500
1388411,250000
1388412,400000
1388417,250000
1388418,482500
1388422,0
1388432,150000
1388449,1056700
1388451,250000
1388453,315000
1388461,300000
1388468,203900
1388469,450000
1388470,0
1388476,322500
1388479,250000
1388486,150000
1388489,345500
1388493,556400
1388496,376700
1388505,247500
1388506,254000
1388507,0
1388508,400000
1388514,500000
1388516,430000
1388518,437700
1388522,523300
1388524,454300
1388534,0
1388536,0
1388542,330000
1388543,477500
1388545,405000
1388547,150000
1388555,500000
1388556,411300
1388563,250000
1388576,653400
1388579,350000
1388580,0
1388581,480000
1388582,180000
1388587,649900
1388588,344000
1388598,150000
1388600,0
1388605,250000
1388609,450000
1388612,473500
1388614,370000
1388630,496000
1388631,315000
1388634,0
1388635,150000
1388637,0
1388643,0
1388647,315000
1388651,199600
1388654,1560500
1388656,0
1388663,0
1388664,0
1388668,823000
1388673,471500
1388679,350000
1388681,150000
1388682,500000
1388685,565000
1388690,0
1388691,4900000
1388695,950000
1388699,711000
1388703,359000
1388707,0
1388709,325000
1388714,600000
1388717,450000
1388718,541100
1388729,105000
1388735,250000
1388741,532100
1388751,333800
1388758,776500
1388765,0
1388766,552000
1388769,308000
1388770,150000
1388773,0
1388779,400000
1388780,1718000
1388792,460000
1388793,320000
1388796,150000
1388797,0
1388798,63000
1388800,500000
1388805,514000
1388806,350000
1388807,430000
1388810,300000
1388811,400000
1388813,47900
1388814,10500
1388818,0
1388820,1020100
1388825,150000
1388826,0
1388828,682500
1388834,450000
1388839,0
1388843,563500
1388845,426000
1388848,0
1388849,281500
1388854,700000
1388870,321300
1388874,508000
1388878,0
1388879,130000
1388881,150000
1388884,0
1388885,0
1388892,1989200
1388895,700000
1388898,500000
1388899,480000
1388900,542500
1388902,500000
1388903,0
1388904,228000
1388906,893100
1388912,0
1388913,0
1388915,711200
1388919,954200
1388920,130000
1388927,567500
1388928,400000
1388929,332500
1388933,7303800
1388936,0
1388942,506600
1388944,332500
1388954,1244100
1388957,412000
1388960,150000
1388970,366700
1388971,444000
1388974,390000
1388975,460000
1388976,150000
1388977,710000
1388980,485500
1388985,346500
1388987,490900
1388988,400000
1388997,0
1389006,1117600
1389012,250000
1389017,608400
1389018,771000
1389019,341600
1389022,325000
1389028,0
1389029,0
1389032,250000
1389035,0
1389041,550000
1389045,300000
1389046,350000
1389047,150000
1389052,323800
1389059,150000
1389062,0
1389066,0
1389070,427000
1389075,402500
1389078,465400
1389081,800000
1389083,250000
1389086,250000
1389087,400000
1389097,0
1389098,250000
1389106,400000
1389111,0
1389112,447000
1389113,345000
1389119,250000
1389123,0
1389127,405000
1389130,550000
1389134,0
1389145,364000
1389148,405000
1389149,396000
1389152,780000
1389160,317500
1389166,0
1389170,80000
1389171,1103300
1389180,457400
1389181,815300
1389182,358000
1389187,0
1389189,556400
1389199,964500
1389202,0
1389203,0
1389205,3495000
1389208,250000
1389224,250000
1389228,0
1389229,450000
1389234,332500
1389239,556300
1389247,0
1389257,0
1389259,319000
1389261,546900
1389262,0
1389265,150000
1389268,0
1389275,338000
1389281,497500
1389284,350000
1389288,449000
1389300,0
1389301,0
1389303,650000
1389310,521400
1389312,1081500
1389314,418500
1389318,224000
1389319,0
1389321,325000
1389330,199600
1389332,430000
1389343,509600
1389345,360000
1389349,250000
1389350,502500
1389353,355000
1389354,390900
1389359,385000
1389360,397500
1389362,210000
1389363,0
1389365,150000
1389369,512100
1389374,150000
1389381,150000
1389383,450000
1389385,370200
1389388,228000
1389391,775000
1389395,372000
1389400,0
1389401,569300
1389403,681000
1389409,337500
1389410,700900
1389419,400000
1389422,0
1389425,450000
1389427,450000
1389428,461500
1389431,400000
1389445,450000
1389452,446000
1389454,558700
1389459,1389000
1389460,0
1389462,250000
1389466,450000
1389467,327300
1389468,343000
1389471,0
1389475,1833400
1389485,200000
1389487,400000
1389494,329500
1389502,350000
1389504,0
1389509,690000
1389510,643400
1389517,2463100
1389519,250000
1389521,250000
1389522,0
1389529,400000
1389532,340000
1389534,120000
1389537,0
1389542,400000
1389547,350000
1389551,150000
1389561,425000
1389562,329100
1389576,322000
1389578,0
1389579,474400
1389582,1051400
1389588,328500
1389599,600500
1389605,750000
1389611,1480000
1389613,677000
1389615,644400
1389617,6201000
1389618,148000
1389623,350000
1389632,250000
1389633,479200
1389634,0
1389637,0
1389640,453000
1389641,150000
1389643,333000
1389645,664600
1389651,400000
1389659,1511000
1389667,684000
1389668,0
1389669,405000
1389671,165000
1389672,399000
1389673,0
1389674,0
1389675,310000
1389681,400000
1389686,350000
1389689,250000
1389692,875800
1389693,538100
1389694,300000
1389699,250000
1389708,517800
1389709,531500
1389710,0
1389713,150000
1389717,643500
1389718,312500
1389722,537100
1389723,873000
1389730,0
1389733,1880000
1389739,250000
1389749,302600
1389752,795500
1389756,450000
1389757,0
1389761,400000
1389764,2117200
1389767,130400
1389769,450000
1389771,450000
1389775,819000
1389776,0
1389779,500000
1389781,611200
1389782,150000
1389784,413000
1389791,150000
1389797,847500
1389798,160000
1389799,500000
1389802,500000
1389804,407500
1389805,649200
1389810,0
1389813,500000
1389814,1042100
1389815,559100
1389819,0
1389824,0
1389828,450000
1389834,400000
1389836,1215900
1389838,150000
1389840,0
1389842,600000
1389845,620000
1389850,0
1389855,0
1389856,0
1389857,563500
1389859,475000
1389865,1124400
1389868,250000
1389870,362000
1389871,500000
1389874,48000
1389876,550000
1389877,350000
1389879,500000
1389882,330000
1389885,2450200
1389887,400000
1389890,0
1389898,600000
1389902,494700
1389914,574000
1389918,505500
1389925,481000
1389926,558500
1389930,391000
1389936,0
1389944,0
1389949,440500
1389955,0
1389959,450000
1389962,450000
1389964,0
1389968,400000
1389969,570000
1389971,434200
1389972,550000
1389974,0
1389975,0
1389976,400000
1389984,846700
1389991,280000
1389992,645000
1389993,0
1389995,436900
1389997,140000
1390003,0
1390014,393800
1390017,0
1390020,550000
1390021,0
1390029,400000
1390032,457000
1390035,819300
1390036,483300
1390037,490900
1390038,500000
1390041,0
1390045,900000
1390047,535000
1390048,838100
1390049,0
1390050,1130100
1390051,0
1390058,0
1390059,0
1390061,358400
1390068,150000
1390070,227400
1390072,467500
1390074,400000
1390081,496800
1390083,0
1390091,0
1390093,514200
1390098,281000
1390102,500000
1390104,500000
1390105,385000
1390120,400000
1390123,0
1390126,200000
1390129,2648400
1390131,443600
1390137,509700
1390138,400000
1390141,484700
1390143,1030500
1390145,0
1390146,0
1390148,356000
1390153,600000
1390154,0
1390156,470700
1390158,836000
1390167,537000
1390168,500000
1390173,80000
1390178,0
1390183,500000
1390189,400000
1390191,0
1390193,1000000
1390195,0
1390200,450000
1390209,563500
1390212,2919300
1390213,450000
1390221,434700
1390226,550000
1390227,535000
1390231,0
1390239,0
1390241,99700
1390242,405000
1390250,391500
1390251,0
1390252,456300
1390257,1075000
1390260,369000
1390262,638000
1390264,314700
1390266,528800
1390268,650000
1390282,0
1390286,447600
1390293,572000
1390295,1242300
1390297,500000
1390298,400000
1390301,586600
1390309,341300
1390312,482500
1390314,685000
1390315,400000
1390318,500000
1390320,0
1390321,370200
1390324,400000
1390325,600000
1390326,0
1390328,0
1390333,829800
1390335,0
1390336,150000
1390340,0
1390341,582400
1390342,0
1390346,400000
1390349,0
1390350,0
1390356,570700
1390359,450000
1390366,711900
1390376,402700
1390379,1139500
1390381,350000
1390401,133000
1390403,348000
1390406,0
1390411,157500
1390415,0
1390419,350000
1390422,2800000
1390426,0
1390429,622400
1390432,791700
1390433,250000
1390445,517500
1390455,1229100
1390461,0
1390463,250000
1390470,500000
1390473,350000
1390474,400000
1390475,301400
1390476,785000
1390487,617600
1390491,283600
1390492,363300
1390497,116000
1390499,672500
1390502,494500
1390507,350000
1390510,545300
1390527,565000
1390528,400000
1390533,0
1390534,487800
1390535,467500
1390552,0
1390554,358000
1390558,500000
1390563,377100
1390568,785000
1390569,157000
1390572,150000
1390580,0
1390582,535000
1390593,850000
1390601,500000
1390612,150000
1390616,476500
1390617,350000
1390620,1110000
1390622,387900
1390626,463000
1390633,0
1390634,970000
1390635,150000
1390636,285000
1390639,0
1390646,322000
1390647,371200
1390651,250000
1390653,1015000
1390656,332500
1390661,0
1390663,520000
1390665,388300
1390673,299600
1390676,400000
1390680,681700
1390684,400000
1390690,642500
1390691,0
1390694,400000
1390696,0
1390698,500000
1390699,2000000
1390700,150000
1390701,585500
1390704,150000
1390705,230400
1390708,561900
1390709,400000
1390710,448000
1390715,405000
1390721,1684000
1390725,3911900
1390732,400000
1390733,369000
1390734,9295800
1390742,0
1390744,429700
1390752,2217000
1390753,372500
1390755,150000
1390762,1554000
1390763,407600
1390765,636000
1390770,800000
1390772,300000
1390779,0
1390780,150000
1390781,597300
1390784,350000
1390786,440500
1390788,232000
1390790,458500
1390792,400000
1390798,396500
1390801,548600
1390803,500000
1390807,350000
1390809,0
1390814,0
1390815,826300
1390823,0
1390831,1166800
1390835,400000
1390836,280000
1390844,300000
1390851,483300
1390852,2763500
1390853,449500
1390867,250000
1390880,632000
1390881,2072500
1390883,567000
1390886,422900
1390887,391500
1390895,493600
1390898,500000
1390905,568000
1390908,727600
1390913,769700
1390915,0
1390919,300000
1390920,341000
1390925,714100
1390929,382000
1390932,0
1390935,499900
1390938,450000
1390942,250000
1390944,394800
1390946,685000
1390948,401100
1390950,476600
1390954,150000
1390972,350000
1390975,359000
1390976,1840000
1390979,765100
1390981,486000
1390982,400000
1390985,450000
1390990,400000
1390994,140000
1390997,1390000
1391010,467500
1391019,496800
1391022,0
1391025,400000
1391026,1697200
1391028,187500
1391035,300000
1391038,685000
1391040,385800
1391044,150000
1391045,542800
1391048,351800
1391050,0
1391051,657200
1391053,797500
1391054,0
1391075,400000
1391083,450400
1391084,512100
1391092,350000
1391093,352000
1391095,713000
1391096,0
1391097,500000
1391103,512100
1391113,1140000
1391119,125000
1391122,400000
1391123,0
1391127,0
1391135,130000
1391150,1420000
1391153,700000
1391155,199000
1391160,540000
1391161,130000
1391162,400000
1391167,600000
1391172,1321300
1391178,150000
1391180,458300
1391181,686300
1391183,652000
1391185,1575200
1391190,893900
1391191,170000
1391200,330800
1391201,379500
1391204,366600
1391206,400000
1391221,0
1391222,566700
1391230,477700
1391233,360500
1391238,324000
1391242,150000
1391243,431700
1391246,0
1391249,600000
1391250,150000
1391260,0
1391269,791500
1391270,499000
1391273,0
1391275,795000
1391278,25500
1391281,1046500
1391283,495000
1391284,130000
1391286,0
1391297,565000
1391298,378000
1391301,250000
1391303,450000
1391304,907500
1391311,150000
1391312,0
1391317,0
1391324,381800
1391327,0
1391328,1170000
1391336,413000
1391337,512100
1391340,400000
1391341,165700
1391342,387500
1391343,250000
1391344,346500
1391345,130000
1391346,150000
1391352,0
1391354,0
1391361,4192200
1391362,639700
1391367,477400
1391369,467500
1391376,325000
1391380,189000
1391385,500000
1391387,250000
1391390,1029800
1391395,150000
1391404,358200
1391409,350000
1391412,1361800
1391425,400000
1391430,256000
1391431,600000
1391432,0
1391436,550000
1391444,0
1391445,400000
1391447,0
1391448,400000
1391451,805000
1391465,0
1391467,0
1391470,466000
1391477,104000
1391479,250000
1391480,828800
1391483,646300
1391484,140000
1391485,400000
1391486,457000
1391488,1154600
1391492,0
1391493,448600
1391500,0
1391507,250000
1391513,708900
1391514,500000
1391523,0
1391525,150000
1391528,150000
1391530,1183800
1391531,485000
1391532,1066500
1391533,500000
1391536,400000
1391541,500000
1391545,443500
1391547,400000
1391549,407700
1391552,526500
1391556,450900
1391557,400000
1391570,104000
1391571,400000
1391576,400000
1391581,0
1391589,399800
1391591,468000
1391597,500000
1391598,550000
1391606,404000
1391611,437200
1391612,401200
1391623,200000
1391631,250000
1391634,1272900
1391635,150000
1391636,473700
1391637,0
1391642,0
1391643,466500
1391647,550000
1391654,227500
1391656,400000
1391657,407300
1391659,588500
1391674,0
1391679,900000
1391680,361000
1391688,1999500
1391693,0
1391706,366000
1391708,400000
1391717,0
1391719,490000
1391720,150000
1391722,1018400
1391725,450000
1391733,150000
1391734,316800
1391737,650000
1391747,788000
1391752,150000
1391753,403800
1391760,414000
1391761,0
1391762,883500
1391768,483300
1391770,1100000
1391772,393400
1391780,2095300
1391781,476500
1391783,1092200
1391784,400000
1391788,400000
1391793,440100
1391794,150000
1391797,427300
1391798,500000
1391802,300000
1391803,454000
1391806,0
1391808,412500
1391812,801900
1391813,449100
1391817,1058600
1391822,536300
1391824,0
1391833,530000
1391840,350000
1391843,150000
1391851,388500
1391859,467500
1391865,285600
1391874,440000
1391888,0
1391896,400000
1391898,0
1391899,600000
1391904,620200
1391910,382900
1391911,0
1391912,400000
1391914,360000
1391917,536300
1391920,0
1391922,400000
1391928,0
1391934,294000
1391935,1501700
1391936,400000
1391943,367500
1391944,599700
1391952,206400
1391958,772200
1391969,0
1391971,477500
1391972,496200
1391979,195000
1391982,0
1391984,400000
1391999,674800
1392001,457200
1392003,0
1392005,1743400
1392010,424300
1392014,2813800
1392016,496000
1392018,400000
1392019,429900
1392020,150000
1392021,448000
1392027,150000
1392029,400000
1392030,0
1392031,437600
1392035,400000
1392040,487300
1392042,437400
1392053,315000
1392054,150000
1392057,1357000
1392068,350000
1392072,1215800
1392074,400000
1392084,496700
1392089,280000
1392094,0
1392102,400000
1392108,756900
1392110,0
1392113,0
1392116,284000
1392118,406300
1392119,707000
1392123,382900
1392124,532000
1392129,150000
1392133,0
1392139,165000
1392141,309000
1392144,0
1392147,371000
1392148,585000
1392149,357000
1392150,838200
1392154,449500
1392158,150000
1392160,0
1392167,0
1392171,343000
1392173,400000
1392176,485500
1392179,150000
1392181,1724600
1392182,0
1392190,150000
1392191,360000
1392193,912600
1392194,0
1392195,80000
1392196,150000
1392212,0
1392213,0
1392220,0
1392222,712100
1392225,0
1392226,1696000
1392227,759300
1392229,474300
1392242,390200
1392244,150000
1392249,749000
1392254,450000
1392255,120000
1392257,415000
1392261,0
1392262,0
1392269,600000
1392272,150000
1392273,0
1392274,250000
1392275,1380800
1392277,690000
1392280,330800
1392281,150000
1392282,562200
1392285,0
1392289,130000
1392295,150000
1392300,400000
1392301,0
1392302,527000
1392304,300000
1392307,490000
1392308,800000
1392309,467500
1392319,400000
1392325,550900
1392327,449100
1392328,481000
1392332,0
1392338,400000
1392341,550000
1392343,448500
1392351,1050000
1392352,315000
1392354,450000
1392357,350000
1392358,0
1392363,595500
1392368,400000
1392369,247500
1392370,320500
1392379,500000
1392382,626500
1392389,351800
1392393,0
1392395,383500
1392396,270000
1392401,333000
1392413,0
1392417,0
1392422,0
1392424,200000
1392425,350000
1392427,537200
1392433,374000
1392435,0
1392436,150000
1392440,425800
1392442,421600
1392443,393500
1392445,2251800
1392448,540300
1392451,400000
1392461,0
1392464,465300
1392466,439500
1392467,494000
1392468,297500
1392469,0
1392481,150000
1392482,0
1392484,322800
1392485,499000
1392488,356500
1392491,330800
1392496,150000
1392497,378000
1392502,557700
1392503,467500
1392506,400000
1392507,400000
1392515,82000
1392516,500000
1392517,350000
1392518,400000
1392521,385800
1392535,1390900
1392539,270000
1392543,360800
1392549,665000
1392555,28000
1392557,405000
1392558,463000
1392561,445000
1392564,550000
1392569,0
1392574,200000
1392575,400000
1392577,371000
1392585,414000
1392591,274000
1392596,0
1392597,0
1392599,450000
1392600,150000
1392610,150000
1392612,0
1392614,465400
1392623,327700
1392627,150000
1392631,330800
1392632,700000
1392635,0
1392637,360800
1392640,0
1392645,0
1392648,366300
1392650,581500
1392656,82000
1392657,28000
1392662,982500
1392670,0
1392674,399500
1392680,441500
1392682,373600
1392684,625800
1392691,180000
1392707,583800
1392708,0
1392711,427500
1392715,967500
1392719,400000
1392725,150000
1392726,0
1392732,400000
1392733,650000
1392736,772000
1392737,0
1392740,0
1392741,400000
1392743,450000
1392747,467500
1392750,250000
1392752,505300
1392754,1140000
1392763,610800
1392765,675000
1392767,400000
1392769,431000
1392779,400000
1392780,535000
1392784,400000
1392790,400000
1392791,400000
1392792,874500
1392794,1664000
1392797,424600
1392798,700000
1392803,445500
1392804,9445000
1392805,330800
1392812,0
1392816,400000
1392817,500000
1392818,0
1392833,476500
1392843,880500
1392844,400000
1392846,392800
1392847,755800
1392848,527000
1392853,120000
1392859,485000
1392861,395500
1392862,469800
1392863,579900
1392865,350000
1392867,2095100
1392868,400000
1392871,0
1392879,448200
1392882,0
1392886,400000
1392892,0
1392895,174500
1392897,458500
1392907,0
1392910,462000
1392921,639600
1392923,150000
1392926,452700
1392931,449500
1392932,2509100
1392933,416800
1392943,0
1392944,493600
1392945,850000
1392946,600000
1392951,1011800
1392952,400000
1392962,550000
1392963,400000
1392965,1018400
1392967,650000
1392969,0
1392984,500000
1392985,0
1392992,485500
1392995,0
1392998,354000
1393010,300000
1393018,1100000
1393019,1865600
1393022,423400
1393026,1099500
1393027,467500
1393035,520000
1393038,332000
1393039,0
1393042,486000
1393043,373000
1393045,1120600
1393049,517500
1393050,550000
1393052,406300
1393055,405000
1393056,430200
1393059,405000
1393062,1173200
1393063,0
1393065,400000
1393068,448600
1393081,400000
1393082,0
1393088,0
1393091,0
1393092,800000
1393094,500000
1393098,100000
1393102,467500
1393106,448200
1393112,469400
1393116,414000
1393121,838000
1393122,0
1393123,150000
1393125,400000
1393127,0
1393131,100000
1393133,486000
1393138,441000
1393142,400000
1393149,100000
1393155,400000
1393163,525500
1393168,555000
1393174,400000
1393175,774000
1393182,400000
1393187,844000
1393192,477000
1393193,900000
1393194,746000
1393200,467500
1393202,385000
1393206,533400
1393209,794000
1393212,437500
1393215,0
1393226,320300
1393227,0
1393228,570700
1393233,193800
1393234,713500
1393236,375000
1393241,450400
1393253,650000
1393254,0
1393255,568000
1393258,650400
1393261,400000
1393262,0
1393269,750000
1393273,0
1393274,0
1393279,2023100
1393281,0
1393283,0
1393284,0
1393285,0
1393289,0
1393292,0
1393293,450000
1393296,0
1393299,0
1393301,1043300
1393302,736300
1393310,90000
1393312,0
1393315,442700
1393319,0
1393324,0
1393328,257500
1393335,400000
1393345,400000
1393346,452500
1393354,569600
1393356,150000
1393375,100000
1393382,1724200
1393383,0
1393384,417500
1393392,598500
1393395,1190000
1393397,0
1393398,465300
1393405,486000
1393407,444000
1393410,522200
1393413,0
1393416,2823800
1393419,326500
1393420,1057000
1393421,0
1393430,500000
1393433,400000
1393434,690000
1393437,0
1393443,385700
1393456,0
1393459,400000
1393461,150000
1393466,507500
1393469,0
1393473,400000
1393474,329000
1393486,453100
1393491,1254000
1393494,483700
1393495,330400
1393498,330800
1393499,512100
1393504,239800
1393505,1270900
1393507,705000
1393516,350000
1393517,362300
1393523,568000
1393531,365500
1393541,500000
1393550,876900
1393552,93800
1393568,512100
1393570,150000
1393575,0
1393577,416100
1393581,400000
1393584,122500
1393587,750400
1393592,0
1393602,413000
1393625,0
1393628,400000
1393629,439800
1393637,940700
1393641,492300
1393646,0
1393647,0
1393649,0
1393656,0
1393662,310000
1393664,0
1393670,458500
1393671,640000
1393672,874000
1393683,400000
1393686,367500
1393693,400000
1393698,0
1393699,2400000
1393703,373000
1393704,400000
1393706,0
1393711,2534500
1393715,500000
1393716,771200
1393722,400000
1393724,305000
1393726,0
1393728,350000
1393732,435500
1393733,242000
1393736,952200
1393745,500000
1393746,0
1393748,120000
1393749,2393000
1393750,400000
1393756,747500
1393760,893300
1393761,1475000
1393762,714900
1393765,0
1393772,481500
1393775,472000
1393777,0
1393778,400000
1393781,465000
1393783,400000
1393785,432300
1393786,420000
1393790,258600
1393794,111300
1393796,1483000
1393798,420000
1393801,368900
1393811,2400000
1393812,0
1393822,0
1393828,1276300
1393832,400000
1393838,357000
1393841,400000
1393855,413900
1393856,187300
1393857,792000
1393860,647400
1393861,2611600
1393862,457000
1393868,3408200
1393870,357000
1393872,2994000
1393879,590100
1393885,180000
1393886,150000
1393887,574000
1393891,850000
1393892,150000
1393893,440000
1393897,467500
1393900,1948500
1393901,315000
1393908,0
1393912,564300
1393915,781000
1393916,508400
1393917,567500
1393920,422000
1393924,350000
1393928,250000
1393936,353500
1393938,445000
1393939,900000
1393950,442000
1393953,449500
1393955,445000
1393957,1477500
1393960,910000
1393963,930500
1393967,1473000
1393976,500000
1393980,566200
1393986,140000
1393987,386000
1393990,628800
1393995,250000
1393999,0
1394001,500000
1394004,422000
1394009,417500
1394013,454800
1394015,1395400
1394018,445000
1394022,0
1394024,550000
1394026,499000
1394037,448200
1394045,591400
1394047,352000
1394048,150000
1394051,392000
1394055,0
1394057,1798800
1394058,757000
1394064,472000
1394066,150000
1394068,371000
1394072,385000
1394075,700000
1394076,330800
1394079,428000
1394081,404100
1394082,500000
1394088,1082900
1394093,613000
1394094,438300
1394096,285000
1394097,0
1394102,850000
1394104,231700
1394108,130000
1394114,466600
1394117,600000
1394118,0
1394119,110000
1394132,0
1394133,550000
1394136,474700
1394139,343000
1394145,0
1394149,501300
1394153,481000
1394156,1986900
1394159,650000
1394169,150000
1394171,650000
1394173,0
1394174,0
1394177,250000
1394178,432500
1394182,0
1394185,566200
1394188,650000
1394195,405000
1394199,880300
1394200,500000
1394202,0
1394206,402500
1394207,240000
1394216,0
1394221,581500
1394224,1184600
1394225,1485900
1394231,470700
1394233,440500
1394237,1000000
1394239,400000
1394240,0
1394242,1584900
1394245,553700
1394263,300000
1394269,400000
1394270,1020000
1394272,150000
1394280,0
1394287,467500
1394291,654200
1394294,486000
1394301,600000
1394303,150000
1394304,400000
1394305,300000
1394306,0
1394307,1855500
1394310,400000
1394314,450000
1394318,365400
1394321,253500
1394324,350000
1394329,357000
1394334,0
1394337,0
1394338,1556200
1394339,852500
1394347,400000
1394348,0
1394353,863700
1394355,420000
1394358,0
1394360,396500
1394365,0
1394373,142400
1394379,467500
1394382,450000
1394383,350000
1394388,0
1394389,1103300
1394391,500000
1394392,250000
1394396,350000
1394399,0
1394400,330800
1394406,330800
1394416,150000
1394421,332500
1394422,450000
1394427,539000
1394428,0
1394429,450000
1394432,0
1394439,150000
1394441,400000
1394442,500000
1394446,463000
1394452,418500
1394454,1044600
1394465,350000
1394466,572000
1394467,0
1394470,496500
1394480,266000
1394481,0
1394500,770300
1394505,144000
1394508,240000
1394509,599500
1394518,442000
1394532,364000
1394533,887500
1394539,4040000
1394540,358000
1394541,382500
1394546,600000
1394552,0
1394556,350000
1394560,554500
1394565,0
1394566,0
1394572,485500
1394577,300000
1394578,401000
1394585,1027500
1394587,382500
1394591,400000
1394594,425200
1394599,472000
1394600,1085000
1394601,390000
1394602,472900
1394607,1214500
1394608,0
1394610,439400
1394611,250000
1394625,0
1394629,748000
1394634,450000
1394636,448200
1394637,400000
1394641,1000000
1394642,854000
1394645,400000
1394650,1689300
1394651,0
1394653,399000
1394659,895900
1394662,474300
1394663,0
1394672,400000
1394673,400000
1394681,450000
1394683,353500
1394684,330000
1394687,649500
1394701,400000
1394714,467500
1394721,454000
1394726,493600
1394733,250000
1394738,300000
1394741,377200
1394743,0
1394747,0
1394750,0
1394753,458000
1394754,150000
1394757,382500
1394761,0
1394765,890900
1394767,400000
1394769,120000
1394776,400000
1394778,554500
1394780,450000
1394783,0
1394788,730000
1394790,350000
1394794,779700
1394808,386200
1394811,454000
1394818,400000
1394823,1387300
1394831,418000
1394848,400000
1394850,0
1394854,0
1394857,150000
1394858,200000
1394872,450000
1394880,608500
1394882,337500
1394885,657000
1394895,467500
1394902,909500
1394903,390700
1394905,152300
1394908,400000
1394915,300000
1394916,297500
1394924,180000
1394933,150000
1394934,467500
1394936,400000
1394938,150000
1394949,766300
1394952,150000
1394953,486000
1394954,457000
1394960,440500
1394961,250000
1394962,330800
1394965,250000
1394966,0
1394981,635500
1394982,546400
1394984,550000
1394997,426000
1394999,0
1395016,450000
1395020,0
1395021,331300
1395025,367500
1395026,400000
1395033,320000
1395036,800000
1395039,540800
1395049,300000
1395050,974400
1395053,250000
1395055,0
1395058,1123400
1395066,1445000
1395078,400000
1395085,0
1395090,450000
1395095,148800
1395097,0
1395103,470700
1395106,0
1395111,228000
1395116,0
1395118,150000
1395119,150000
1395122,0
1395128,400000
1395129,639000
1395131,0
1395148,449500
1395149,635500
1395150,472900
1395151,150000
1395158,0
1395160,516000
1395161,1190000
1395168,150000
1395172,270000
1395176,956300
1395178,350000
1395181,0
1395189,250000
1395192,0
1395195,2957600
1395200,0
1395207,222300
1395209,100000
1395213,150000
1395215,400000
1395220,300000
1395224,330800
1395228,190000
1395232,0
1395233,150000
1395240,0
1395249,120000
1395259,500000
1395262,725000
1395268,650000
1395270,2341900
1395273,2101300
1395277,150000
1395287,150000
1395295,550000
1395296,643400
1395299,0
1395302,322000
1395304,613000
1395308,41000
1395309,0
1395315,0
1395319,573000
1395324,150000
1395328,0
1395332,0
1395333,0
1395334,150000
1395339,473100
1395349,0
1395351,0
1395357,150000
1395360,400000
1395367,352500
1395370,533000
1395371,0
1395377,475200
1395390,150000
1395393,947300
1395395,469400
1395399,371000
1395400,310000
1395402,340000
1395403,250000
1395408,440500
1395415,0
1395417,76000
1395435,464000
1395444,0
1395451,125000
1395454,0
1395457,0
1395460,940000
1395461,150000
1395464,150000
1395474,800000
1395475,0
1395476,0
1395488,200000
1395491,624800
1395493,0
1395501,150000
1395514,0
1395515,150000
1395525,470200
1395526,600000
1395528,0
1395529,400000
1395530,300000
1395536,150000
1395550,0
1395551,0
1395554,942500
1395556,750000
1395557,250000
1395559,0
1395569,0
1395572,150000
1395577,222400
1395580,150000
1395587,0
1395590,1184000
1395594,1024000
1395595,346500
1395598,250000
1395600,76000
1395624,150000
1395628,250000
1395633,362800
1395634,562600
1395643,215000
1395648,0
1395649,0
1395660,450000
1395668,76000
1395670,150000
1395673,265000
1395674,346500
1395677,396500
1395690,0
1395691,460800
1395695,120000
1395716,150000
1395717,0
1395718,0
1395726,931000
1395727,250000
1395731,0
1395736,0
1395744,0
1395753,150000
1395756,0
1395761,497300
1395762,1650000
1395764,1161500
1395770,0
1395774,275000
1395782,80500
1395786,0
1395789,150000
1395790,150000
1395806,250000
1395807,350000
1395817,540300
1395830,450000
1395831,596400
1395836,0
1395837,0
1395843,200000
1395847,500000
1395856,0
1395858,300000
1395861,819500
1395876,0
1395880,1958800
1395883,0
1395891,0
1395903,250000
1395909,420000
1395913,1052700
1395914,0
1395923,548000
1395926,0
1395927,722900
1395929,500000
1395931,2087000
1395933,150000
1395936,0
1395937,574000
1395941,350000
1395947,300000
1395952,0
1395956,0
1395957,0
1395962,416500
1395964,600000
1395968,0
1395969,654400
1395972,0
1395993,0
1395996,0
1396003,0
1396006,150000
1396013,628000
1396018,0
1396026,0
1396035,497500
1396037,150000
1396038,2370800
1396041,150000
1396049,559000
1396053,0
1396065,0
1396077,450000
1396089,784400
1396090,408600
1396105,415000
1396110,0
1396124,1036000
1396143,0
1396145,0
1396146,940000
1396148,0
1396149,0
1396151,705000
1396157,596200
1396163,335100
1396165,0
1396170,379700
1396180,0
1396181,445000
1396183,300000
1396185,770000
1396186,609500
1396192,700000
1396197,0
1396205,418900
1396212,400400
1396214,0
1396215,1063000
1396224,406300
1396232,0
1396240,183000
1396247,517000
1396250,150000
1396252,150000
1396253,0
1396258,0
1396260,150000
1396279,190000
1396283,0
1396288,1911500
1396290,545600
1396298,850000
1396301,300000
1396303,120000
1396304,0
1396312,332700
1396316,887500
1396319,117000
1396320,491000
1396323,600000
1396325,512800
1396328,300000
1396329,500000
1396331,0
1396340,795000
1396350,450000
1396356,0
1396365,690000
1396366,408000
1396369,529200
1396372,452700
1396381,467500
1396386,370100
1396389,0
1396395,800000
1396397,250000
1396399,250000
1396408,360000
1396415,714100
1396424,0
1396428,150000
1396432,0
1396440,0
1396451,150000
1396454,0
1396459,550000
1396479,0
1396482,409400
1396484,485000
1396506,550000
1396507,750000
1396519,950000
1396522,40000
1396529,615000
1396530,0
1396545,250000
1396547,717000
1396549,0
1396560,0
1396578,500000
1396580,0
1396587,555000
1396590,0
1396591,446400
1396597,488300
1396605,0
1396607,385000
1396608,0
1396609,135000
1396611,250000
1396618,400000
1396621,744500
1396624,0
1396628,0
1396630,212500
1396640,636000
1396642,170000
1396646,180000
1396649,0
1396668,400000
1396679,445100
1396680,400000
1396683,772500
1396697,413000
1396699,250000
1396700,210000
1396701,786400
1396711,310000
1396712,150000
1396722,0
1396725,1368600
1396728,0
1396733,445000
1396739,350000
1396751,650000
1396755,0
1396758,0
1396761,638500
1396762,625000
1396771,1221900
1396775,250000
1396785,350000
1396786,200000
1396788,431500
1396798,150000
1396801,520000
1396805,400000
1396812,0
1396815,807500
1396820,440000
1396826,940500
1396829,150000
1396832,325500
1396834,250000
1396836,500000
1396840,150000
1396842,466200
1396845,500000
1396863,420000
1396864,0
1396866,0
1396870,460000
1396876,0
1396907,0
1396909,250000
1396911,750000
1396915,449100
1396918,600000
1396923,400000
1396925,1010200
1396931,150000
1396939,740000
1396944,581500
1396948,282500
1396949,381000
1396952,450000
1396961,0
1396978,387400
1396981,813000
1396983,500000
1396988,0
1397011,1712500
1397032,0
1397035,400000
1397039,2669800
1397049,350000
1397050,685900
1397068,100000
1397072,0
1397082,250000
1397086,400000
1397087,0
1397089,267000
1397094,1700000
1397102,350000
1397103,470000
1397114,0
1397139,400000
1397157,349000
1397160,336000
1397163,1590300
1397172,0
1397175,0
1397177,889400
1397182,0
1397189,400000
1397215,447700
1397218,408500
1397221,428000
1397222,4974600
1397224,603100
1397235,0
1397237,486500
1397255,1519300
1397257,0
1397267,1207900
1397271,700000
1397273,0
1397275,0
1397277,469000
1397295,250000
1397297,400000
1397303,740700
1397311,400000
1397328,0
1397341,550000
1397346,833500
1397351,0
1397371,472500
1397373,525000
1397376,405000
1397377,0
1397380,2565400
1397386,0
1397394,0
1397400,500000
1397408,0
1397411,600000
1397413,150000
1397420,350000
1397423,250000
1397427,800000
1397435,574300
1397438,0
1397448,250000
1397453,257800
1397455,1159400
1397462,383500
1397464,479200
1397469,391500
1397470,446400
1397474,438500
1397479,465000
1397481,0
1397483,250000
1397485,1069500
1397496,0
1397500,1031900
1397505,762800
1397513,450000
1397514,150000
1397529,250000
1397540,0
1397542,1899800
1397559,1511200
1397571,207800
1397574,250000
1397576,100000
1397581,0
1397594,336000
1397595,0
1397634,0
1397635,444500
1397640,1100000
1397641,494500
1397642,0
1397649,400000
1397663,382500
1397670,0
1397682,400000
1397687,422800
1397688,900400
1397694,1370500
1397704,408500
1397705,291000
1397730,362500
1397733,1382700
1397735,1095000
1397760,0
1397766,539700
1397771,608300
1397778,1400000
1397781,550000
1397786,0
1397787,812100
1397792,133000
1397796,250000
1397798,0
1397799,447200
1397801,250000
1397803,0
1397805,463500
1397815,527500
1397822,638400
1397826,0
1397837,250000
1397838,0
1397839,150000
1397843,0
1397844,350000
1397848,0
1397849,445200
1397850,449000
1397851,435300
1397852,517800
1397856,980100
1397857,350000
1397859,400000
1397861,400000
1397871,0
1397881,400000
1397885,90000
1397892,597800
1397906,0
1397909,0
1397912,190000
1397920,405000
1397921,0
1397925,1979800
1397927,250000
1397936,600000
1397937,0
1397938,150000
1397945,250000
1397953,150000
1397967,699500
1397969,250000
1397974,468400
1397975,1395000
1397977,450000
1397980,2050800
1397989,0
1397993,483300
1398003,741100
1398006,450000
1398012,0
1398016,467500
1398022,0
1398023,0
1398024,0
1398028,1467500
1398030,402800
1398037,479500
1398038,431000
1398047,496500
1398048,500000
1398049,250000
1398059,125000
1398061,472000
1398068,150000
1398069,15356700
1398074,857500
1398081,140000
1398090,1101700
1398096,615000
1398109,250000
1398116,748000
1398123,0
1398133,0
1398143,400000
1398153,940500
1398156,500000
1398170,385000
1398176,949700
1398179,298000
1398185,1102600
1398187,651000
1398193,694500
1398195,150000
1398199,540000
1398203,780000
1398217,110000
1398223,0
1398235,699000
1398241,550000
1398244,0
1398257,0
1398260,550000
1398264,513900
1398281,0
1398290,500000
1398293,804800
1398300,1484500
1398311,550000
1398314,400000
1398315,200000
1398320,0
1398322,565400
1398333,467500
1398334,0
1398340,554500
1398343,500000
1398347,0
1398350,375500
1398352,0
1398360,388800
1398362,1122000
1398376,494500
1398382,400000
1398389,0
1398398,650000
1398411,534000
1398418,0
1398419,0
1398422,500000
1398425,595000
1398429,584000
1398431,496700
1398432,595000
1398433,330800
1398442,545000
1398448,520300
1398453,545000
1398461,0
1398463,0
1398467,445000
1398468,0
1398471,458500
1398486,0
1398488,0
1398493,500000
1398506,3190900
1398509,0
1398510,0
1398524,381900
1398528,330800
1398533,150000
1398542,315000
1398549,280000
1398554,0
1398556,239500
1398558,591800
1398559,250000
1398560,0
1398564,540300
1398575,349300
1398577,0
1398579,481000
1398581,150000
1398585,0
1398586,0
1398591,372400
1398592,0
1398593,947300
1398595,536300
1398597,396500
1398602,440000
1398604,467500
1398605,34500
1398611,500000
1398619,0
1398626,502000
1398627,950000
1398628,275000
1398633,580000
1398637,0
1398639,192000
1398640,576000
1398646,486000
1398657,408800
1398661,447000
1398663,0
1398668,0
1398671,526500
1398673,0
1398676,400000
1398680,0
1398683,731200
1398685,0
1398687,0
1398688,379900
1398694,0
1398706,0
1398710,400000
1398711,700000
1398714,345000
1398732,297500
1398734,0
1398736,350000
1398741,0
1398743,661500
1398745,863500
1398747,980000
1398748,0
1398749,526300
1398756,382500
1398771,255000
1398781,250000
1398787,445800
1398794,300000
1398795,150000
1398804,243200
1398808,934800
1398812,554900
1398815,517500
1398816,500000
1398817,350000
1398822,594200
1398828,400000
1398832,437500
1398833,930000
1398836,330800
1398840,0
1398846,420000
1398850,0
1398854,467500
1398857,0
1398858,0
1398860,697000
1398866,2066800
1398868,0
1398883,400000
1398885,750000
1398887,0
1398888,1287300
1398891,0
1398893,250000
1398901,0
1398903,372300
1398906,150000
1398908,0
1398917,300000
1398920,1082500
1398921,0
1398924,712800
1398926,572500
1398929,491000
1398930,390000
1398933,436000
1398934,610800
1398936,400000
1398939,567500
1398944,0
1398945,280000
1398946,150000
1398956,0
1398971,0
1398972,150000
1398979,437800
1398995,0
1399001,360500
1399004,0
1399006,400000
1399017,0
1399019,0
1399020,0
1399032,383600
1399035,0
1399039,560500
1399040,793500
1399069,500000
1399074,409900
1399077,0
1399079,670600
1399080,367500
1399090,0
1399091,400000
1399092,371700
1399096,400000
1399098,446800
1399104,0
1399107,427900
1399108,0
1399113,414000
1399115,614000
1399124,0
1399126,909900
1399128,488500
1399129,425700
1399130,887700
1399138,650000
1399141,600000
1399143,778500
1399153,135000
1399154,449600
1399159,483300
1399179,454500
1399182,495000
1399187,350000
1399189,650000
1399193,150000
1399194,302000
1399195,686000
1399200,3358900
1399206,780800
1399212,1429800
1399213,500000
1399214,0
1399215,571500
1399221,330800
1399222,373000
1399230,0
1399232,744400
1399234,150000
1399242,3874000
1399248,481000
1399250,0
1399251,0
1399252,0
1399262,744800
1399272,0
1399280,480800
1399288,0
1399296,400000
1399298,400000
1399308,0
1399309,400000
1399315,450000
1399319,1096500
1399321,438800
1399324,623800
1399331,539800
1399339,450400
1399343,360000
1399345,400000
1399348,550000
1399354,432900
1399358,399000
1399362,558800
1399367,0
1399373,315000
1399376,0
1399384,150000
1399387,900900
1399389,398000
1399407,0
1399419,474300
1399422,476500
1399423,587800
1399426,500000
1399434,150000
1399435,765400
1399446,488500
1399447,910000
1399450,0
1399451,432000
1399453,400000
1399461,484200
1399464,393000
1399469,1018000
1399470,0
1399477,450000
1399478,495900
1399492,700000
1399494,674700
1399505,222500
1399506,416600
1399511,364800
1399513,389000
1399514,0
1399516,322000
1399517,0
1399519,0
1399521,481000
1399523,610800
1399528,150000
1399529,373000
1399532,0
1399539,387000
1399541,0
1399543,688500
1399547,150000
1399553,330800
1399560,135000
1399561,367500
1399566,0
1399583,0
1399587,249500
1399589,150000
1399616,428500
1399617,150000
1399636,0
1399641,0
1399658,454800
1399661,0
1399664,887200
1399667,588300
1399682,449100
1399690,150000
1399692,0
1399696,345800
1399697,865000
1399702,428500
1399713,818900
1399714,350000
1399721,486000
1399722,579000
1399724,950000
1399726,400000
1399729,446100
1399736,417500
1399740,626000
1399754,600000
1399767,0
1399768,400000
1399770,454000
1399771,556800
1399774,0
1399777,600000
1399779,400000
1399782,493000
1399787,441400
1399793,961000
1399797,150000
1399810,615000
1399814,0
1399816,500000
1399826,0
1399827,803000
1399835,550000
1399837,396400
1399840,0
1399842,707600
1399844,500000
1399845,5935000
1399850,150000
1399857,0
1399860,363600
1399862,365000
1399869,400000
1399872,400000
1399877,0
1399882,945400
1399885,306600
1399893,1594400
1399898,0
1399903,150000
1399910,446100
1399918,0
1399919,647000
1399921,400000
1399925,716200
1399928,483300
1399936,1151600
1399937,0
1399939,0
1399942,440500
1399943,526700
1399950,184000
1399953,450000
1399966,483700
1399968,362300
1399975,615900
1399980,1200000
1399984,0
1399985,0
1399986,550000
1399987,666500
1399990,200000
1399993,575000
1399996,154600
1399998,0
1400001,282200
1400003,365400
1400007,250000
1400009,400000
1400031,150000
1400032,400000
1400034,539700
1400038,0
1400039,391500
1400041,0
1400043,400000
1400049,343000
1400052,0
1400065,350000
1400069,378900
1400072,445000
1400074,0
1400075,334000
1400077,500000
1400078,695000
1400084,600000
1400089,0
1400094,393400
1400098,367100
1400101,400000
1400103,500000
1400106,400000
1400120,250000
1400123,650000
1400125,408500
1400128,0
1400129,500000
1400131,606500
1400134,199400
1400135,740800
1400136,1664300
1400138,335100
1400142,454000
1400152,842000
1400165,200000
1400166,499000
1400172,352500
1400173,2364400
1400176,405000
1400177,0
1400186,0
1400187,467500
1400190,350000
1400194,1688200
1400201,1299200
1400203,360000
1400204,0
1400207,0
1400222,150000
1400229,711000
1400235,1477000
1400239,1120000
1400240,350000
1400245,649000
1400247,400000
1400257,1746300
1400259,530000
1400260,400000
1400261,538700
1400265,400000
1400267,450000
1400269,0
1400271,400000
1400276,363600
1400279,900000
1400288,0
1400291,0
1400299,500700
1400316,1950000
1400317,900300
1400324,405000
1400326,150000
1400329,400000
1400340,443800
1400341,0
1400342,405000
1400344,1204800
1400345,150000
1400360,712400
1400365,0
1400368,350000
1400373,0
1400386,717500
1400390,435000
1400400,1096000
1400402,0
1400408,400000
1400409,1042000
1400410,373700
1400411,500000
1400415,0
1400419,498100
1400421,447300
1400423,0
1400424,350000
1400434,371000
1400441,551800
1400442,500000
1400444,350000
1400450,335300
1400453,0
1400458,400000
1400460,2572800
1400461,420200
1400467,675100
1400470,413000
1400477,430800
1400492,400000
1400497,733300
1400498,1277500
1400501,575000
1400505,150000
1400512,325500
1400517,250000
1400521,500000
1400531,622000
1400537,1008000
1400538,327600
1400545,290500
1400549,0
1400550,633800
1400552,47600
1400558,400000
1400563,0
1400569,800000
1400572,400000
1400574,500000
1400578,350000
1400584,531800
1400591,737000
1400592,325500
1400597,150000
1400603,405000
1400615,1453400
1400617,450000
1400619,118000
1400630,150000
1400647,595500
1400649,609000
1400652,150000
1400655,150000
1400656,0
1400658,400000
1400660,512800
1400664,450000
1400667,400000
1400668,478400
1400685,250000
1400690,0
1400695,630800
1400698,1118000
1400700,0
1400701,639100
1400703,492300
1400704,169500
1400706,547600
1400728,932100
1400735,400000
1400742,489500
1400756,0
1400763,337600
1400771,0
1400773,0
1400778,729200
1400780,610800
1400782,912300
1400785,0
1400786,0
1400787,28000
1400791,377500
1400792,1380000
1400796,612000
1400798,1809400
1400800,150000
1400804,450000
1400805,393800
1400806,0
1400809,0
1400822,150000
1400823,800000
1400824,315000
1400826,450900
1400827,85000
1400829,150000
1400831,343000
1400836,150000
1400837,537000
1400842,0
1400843,567500
1400851,0
1400854,0
1400856,467500
1400862,400000
1400864,363600
1400865,422000
1400870,0
1400872,400000
1400873,0
1400878,514200
1400884,336000
1400888,400000
1400891,336000
1400893,456700
1400898,1654800
1400905,792500
1400926,600000
1400927,351700
1400929,606400
1400933,120000
1400946,821700
1400947,500000
1400948,709800
1400950,400000
1400951,493000
1400953,200000
1400955,1046000
1400958,400000
1400960,400000
1400963,500000
1400965,487800
1400966,397000
1400972,400000
1400980,451600
1400984,0
1400985,400000
1400986,661100
1400987,343900
1400991,386500
1400992,479200
1400994,315000
1400999,260000
1401002,812100
1401004,367100
1401013,500000
1401027,555000
1401033,472000
1401035,400000
1401038,435400
1401039,0
1401040,450000
1401045,586000
1401051,0
1401055,467500
1401063,1254000
1401064,498700
1401065,0
1401066,393000
1401084,0
1401093,0
1401095,0
1401097,150000
1401103,479000
1401109,150000
1401112,360500
1401113,371500
1401117,493600
1401119,658000
1401121,450000
1401130,467500
1401132,283500
1401133,0
1401137,350000
1401138,150000
1401141,250000
1401143,514000
1401152,0
1401153,400000
1401165,270000
1401167,0
1401168,347000
1401169,0
1401177,388000
1401184,439600
1401199,618200
1401202,870000
1401203,0
1401205,0
1401208,150000
1401211,794500
1401212,550000
1401216,0
1401228,484600
1401230,0
1401236,617500
1401238,335200
1401243,437400
1401247,400000
1401251,0
1401257,444000
1401259,958800
1401262,1654400
1401263,390000
1401264,315000
1401268,400000
1401275,256000
1401276,387100
1401279,564700
1401280,0
1401281,175000
1401286,638600
1401290,0
1401293,400000
1401295,0
1401308,404500
1401311,431000
1401317,576000
1401322,200000
1401326,150000
1401329,1494100
1401332,407000
1401333,400000
1401346,72000
1401347,900800
1401351,210000
1401355,418200
1401357,142000
1401360,915200
1401362,982000
1401367,754000
1401373,352500
1401379,0
1401385,723900
1401386,0
1401390,481500
1401394,506000
1401397,490000
1401398,452200
1401405,150000
1401416,400000
1401418,330800
1401421,0
1401423,420800
1401424,1100000
1401428,710600
1401431,864500
1401433,0
1401435,598000
1401438,477400
1401441,297000
1401442,0
1401450,308000
1401451,356000
1401457,400000
1401469,0
1401473,397800
1401476,1578000
1401483,0
1401484,0
1401486,350000
1401488,950000
1401490,850000
1401495,531500
1401499,340000
1401503,640800
1401513,383000
1401530,282300
1401538,454000
1401539,642000
1401542,400000
1401548,0
1401552,828600
1401567,250000
1401568,400000
1401569,400000
1401572,1014700
1401574,754300
1401575,150000
1401583,450000
1401585,0
1401586,800000
1401587,369000
1401588,403000
1401589,0
1401596,400000
1401597,613000
1401600,0
1401607,367500
1401611,453000
1401612,372500
1401615,532000
1401623,112500
1401627,0
1401636,598900
1401637,417200
1401648,287000
1401649,559400
1401651,1316000
1401653,400000
1401654,438300
1401675,510000
1401677,596200
1401679,0
1401688,1130000
1401689,467500
1401697,513700
1401699,387000
1401702,467500
1401707,180000
1401710,167000
1401714,730000
1401716,150000
1401723,400000
1401730,247500
1401731,0
1401737,300000
1401738,442400
1401742,416800
1401744,422000
1401748,516600
1401749,446000
1401750,0
1401755,517500
1401756,450000
1401758,416800
1401762,0
1401763,517800
1401767,367500
1401770,400000
1401771,400000
1401779,700000
1401784,600000
1401790,428000
1401794,455400
1401811,481000
1401815,3259100
1401816,400000
1401828,331600
1401841,500000
1401843,799700
1401851,800000
1401854,400000
1401857,941700
1401858,400000
1401862,531800
1401879,382500
1401880,403900
1401889,0
1401893,500000
1401896,400000
1401898,2158800
1401904,493400
1401906,451000
1401913,400000
1401915,350000
1401920,913900
1401927,427500
1401928,0
1401932,320000
1401934,2035000
1401943,381500
1401947,0
1401948,495500
1401950,240500
1401954,1020000
1401955,0
1401958,312000
1401964,458500
1401967,330800
1401977,700000
1401982,0
1401986,0
1401989,617300
1402001,400000
1402008,1030800
1402017,400000
1402029,433700
1402031,115000
1402032,396000
1402033,573000
1402046,400000
1402052,498700
1402062,468300
1402069,0
1402071,0
1402076,531000
1402081,361300
1402094,474300
1402098,289000
1402101,0
1402103,111200
1402105,500000
1402115,500000
1402117,301000
1402118,400000
1402121,500000
1402122,1349000
1402123,0
1402124,0
1402129,1030500
1402133,598800
1402142,0
1402147,1079000
1402148,555000
1402157,315000
1402158,732600
1402160,0
1402161,0
1402178,247300
1402180,400000
1402181,382500
1402185,514000
1402186,500000
1402187,0
1402188,485500
1402189,0
1402192,618700
1402196,547600
1402197,379300
1402198,279900
1402201,785100
1402207,454000
1402218,2000000
1402226,630800
1402228,400000
1402230,298000
1402246,400000
1402250,506800
1402258,0
1402264,225000
1402265,0
1402268,622300
1402272,0
1402275,400000
1402277,506300
1402281,1971300
1402283,250000
1402284,3340200
1402287,0
1402288,631600
1402290,400000
1402295,292000
1402302,427600
1402316,361000
1402317,0
1402318,0
1402321,109800
1402332,191200
1402333,2394600
1402339,330000
1402340,400000
1402342,0
1402344,416600
1402349,250000
1402360,440500
1402362,712900
1402365,0
1402371,250000
1402380,201600
1402383,0
1402384,350000
1402385,0
1402390,0
1402403,513600
1402405,348800
1402418,142000
1402419,980700
1402424,400000
1402426,0
1402429,3189900
1402438,438800
1402444,150000
1402465,391100
1402469,32500
1402471,350000
1402478,905600
1402479,0
1402493,400000
1402494,800000
1402495,0
1402497,408800
1402506,521200
1402511,650000
1402523,756000
1402526,0
1402527,781000
1402537,399000
1402547,0
1402551,110000
1402558,0
1402559,150000
1402565,350000
1402566,250000
1402570,1988200
1402579,1068700
1402581,1454000
1402583,623800
1402585,766900
1402592,0
1402611,522500
1402612,547500
1402615,1287500
1402618,0
1402623,0
1402624,668000
1402641,0
1402648,111200
1402668,300000
1402679,350000
1402714,0
1402715,0
1402717,341800
1402723,1343800
1402729,512400
1402741,460800
1402745,0
1402750,276000
1402752,0
1402765,200000
1402766,578000
1402768,563800
1402774,238500
1402780,549600
1402785,0
1402788,359000
1402791,491500
1402796,200000
1402799,895000
1402800,330000
1402803,639900
1402810,767500
1402819,0
1402820,700000
1402824,300000
1402827,312000
1402842,0
1402845,0
1402847,0
1402848,829000
1402850,325500
1402855,1489400
1402868,0
1402885,367100
1402886,450000
1402891,300000
1402897,330800
1402899,90000
1402911,405000
1402913,0
1402915,450000
1402921,150000
1402923,520000
1402925,588900
1402933,400000
1402937,682800
1402938,139000
1402939,419800
1402942,367500
1402947,363600
1402951,179600
1402952,795900
1402954,450000
1402958,399000
1402970,305900
1402977,461700
1402992,150000
1402997,0
1403000,310600
1403006,390700
1403010,0
1403012,500000
1403018,467500
1403019,899000
1403025,600000
1403026,0
1403027,345000
1403030,400000
1403042,400000
1403050,978800
1403054,0
1403058,650000
1403064,0
1403067,408500
1403068,587000
1403070,456300
1403071,0
1403076,0
1403077,200000
1403086,2292000
1403091,0
1403098,150000
1403100,400000
1403104,150000
1403106,531500
1403107,565800
1403114,616400
1403115,377100
1403116,217500
1403123,240000
1403126,1490600
1403129,628900
1403130,454000
1403138,1256000
1403139,357000
1403140,150000
1403143,0
1403144,463000
1403148,330800
1403159,618500
1403160,565000
1403161,689500
1403162,405000
1403163,0
1403168,400000
1403170,0
1403175,449100
1403176,0
1403179,327300
1403180,0
1403183,1248700
1403184,0
1403185,1335000
1403188,600000
1403194,1371000
1403201,0
1403202,531500
1403210,421800
1403212,150000
1403216,304500
1403219,706800
1403223,350000
1403231,757500
1403235,0
1403238,0
1403244,638500
1403250,400000
1403251,0
1403255,0
1403259,0
1403262,0
1403267,736300
1403270,315000
1403272,0
1403286,330800
1403290,371200
1403298,150000
1403299,0
1403311,310200
1403314,370000
1403315,0
1403333,622500
1403338,180000
1403350,1272500
1403352,0
1403355,350000
1403358,400000
1403359,250000
1403362,1161100
1403364,481000
1403367,0
1403368,150000
1403378,367500
1403397,415000
1403400,0
1403405,610000
1403406,512300
1403408,330800
1403410,400000
1403414,150000
1403416,0
1403419,120000
1403424,478800
1403428,450000
1403429,544700
1403431,447500
1403432,0
1403433,2353700
1403444,400000
1403448,0
1403455,600000
1403457,500000
1403459,949000
1403467,367500
1403468,651800
1403473,595000
1403479,150000
1403485,0
1403486,475000
1403487,580800
1403492,0
1403493,400000
1403494,400000
1403496,140000
1403502,150000
1403506,150000
1403509,0
1403514,0
1403515,337300
1403527,750000
1403529,395100
1403531,549600
1403532,947000
1403538,517800
1403542,435400
1403546,150000
1403549,477600
1403552,410300
1403554,150000
1403557,467500
1403562,287600
1403563,463000
1403567,3759500
1403568,0
1403572,383500
1403576,0
1403578,0
1403581,150000
1403583,0
1403589,250000
1403596,0
1403597,400000
1403605,350000
1403609,0
1403615,9248800
1403617,500000
1403619,150000
1403625,1110500
1403628,448600
1403629,425000
1403638,347500
1403639,0
1403641,400000
1403646,150000
1403650,594000
1403652,214000
1403660,150000
1403666,380100
1403668,600000
1403669,764700
1403670,400000
1403691,1026000
1403694,400000
1403699,150000
1403700,554700
1403711,650000
1403716,0
1403720,1231000
1403721,350000
1403724,400000
1403730,1664800
1403740,150000
1403742,0
1403753,450000
1403759,0
1403761,0
1403768,689000
1403772,720000
1403775,800000
1403777,525500
1403779,250000
1403787,396400
1403790,445000
1403791,499000
1403793,0
1403798,122000
1403799,400000
1403807,250000
1403809,0
1403812,0
1403813,0
1403819,491400
1403828,400000
1403832,481000
1403837,626500
1403839,405000
1403840,204000
1403841,403100
1403843,140000
1403845,1023000
1403846,738300
1403847,350000
1403858,405000
1403864,583200
1403865,512000
1403866,288000
1403874,578000
1403875,294500
1403877,1380000
1403883,400000
1403884,400000
1403886,400000
1403890,580000
1403891,405000
1403900,518800
1403914,140000
1403917,0
1403930,0
1403935,472000
1403940,684000
1403944,482900
1403945,531500
1403946,0
1403952,655000
1403955,268700
1403967,401800
1403974,0
1403975,0
1403978,165000
1403983,0
1403993,0
1404000,650000
1404001,150000
1404003,0
1404005,400000
1404006,1032300
1404012,0
1404023,500000
1404026,284200
1404031,0
1404037,500000
1404053,130000
1404055,0
1404056,400000
1404059,400000
1404066,150000
1404068,626500
1404070,56800
1404075,291300
1404080,400000
1404083,667500
1404088,368000
1404090,0
1404095,150000
1404098,465000
1404102,488800
1404104,0
1404106,0
1404108,368000
1404109,972100
1404110,270000
1404111,150000
1404112,677700
1404118,0
1404125,800000
1404134,819800
1404139,0
1404140,350000
1404142,201300
1404147,300000
1404148,368000
1404150,0
1404161,0
1404163,1884800
1404169,150000
1404170,193500
1404173,450000
1404183,764800
1404192,550000
1404195,531500
1404196,273000
1404211,450000
1404213,2864800
1404215,2304900
1404220,598000
1404232,1037900
1404234,180000
1404244,318500
1404246,870000
1404249,350000
1404256,590000
1404265,725500
1404266,475000
1404269,150000
1404271,0
1404282,0
1404283,402300
1404285,444000
1404292,322500
1404294,150000
1404295,0
1404299,350000
1404300,337000
1404306,537600
1404316,1108500
1404326,375400
1404327,180000
1404329,1099100
1404338,481500
1404339,218800
1404347,150000
1404355,905000
1404358,0
1404361,250000
1404363,0
1404366,250000
1404374,1565000
1404377,235000
1404382,0
1404393,814000
1404404,645500
1404415,1488700
1404416,269200
1404420,250000
1404421,790000
1404432,360000
1404437,418000
1404446,0
1404455,400000
1404456,315000
1404475,79000
1404477,500000
1404489,0
1404491,79000
1404494,678000
1404495,1059300
1404507,731000
1404514,447300
1404520,259000
1404521,348500
1404528,0
1404532,129500
1404539,324800
1404540,400000
1404554,0
1404556,150000
1404557,654000
1404564,831000
1404566,0
1404568,449000
1404569,250000
1404582,255000
1404586,410000
1404587,350000
1404588,0
1404591,467200
1404592,358500
1404594,250000
1404599,0
1404602,120000
1404605,400000
1404608,300000
1404612,0
1404631,374000
1404636,467500
1404666,400000
1404667,530400
1404669,21000
1404670,0
1404671,678500
1404674,0
1404688,0
1404689,343500
1404690,150000
1404691,0
1404695,432500
1404701,402800
1404709,0
1404718,500000
1404723,0
1404734,0
1404737,0
1404739,532500
1404742,350000
1404747,150000
1404757,450000
1404758,317500
1404761,500000
1404762,345000
1404766,0
1404769,277900
1404771,0
1404780,0
1404783,200000
1404790,321800
1404795,0
1404813,785500
1404815,297500
1404817,542400
1404818,2144600
1404827,0
1404828,833600
1404830,152500
1404842,408000
1404843,1425800
1404846,884700
1404855,250000
1404856,432500
1404863,380000
1404864,0
1404870,0
1404874,547500
1404876,990000
1404877,400000
1404882,400000
1404883,400000
1404885,1079000
1404892,140000
1404894,658500
1404895,0
1404898,681500
1404899,474300
1404900,1082700
1404903,500000
1404904,0
1404907,527000
1404908,0
1404914,0
1404933,440000
1404943,0
1404951,439500
1404953,395000
1404957,525000
1404961,1464500
1404962,0
1404964,400000
1404969,1504800
1404971,346500
1404973,812200
1404974,0
1404975,424900
1404977,468000
1404982,0
1404984,360000
1404987,88000
1404992,480800
1404995,0
1404996,200000
1404999,399500
1405004,270000
1405005,0
1405009,0
1405014,400000
1405020,0
1405026,426000
1405027,374200
1405035,350000
1405037,320000
1405042,0
1405050,1657500
1405054,865700
1405064,306000
1405071,407000
1405086,0
1405089,2583900
1405091,250000
1405092,430000
1405095,0
1405096,118000
1405100,883800
1405102,534800
1405105,458500
1405107,3260000
1405108,0
1405110,416800
1405123,536000
1405124,0
1405128,0
1405129,370000
1405133,364000
1405139,0
1405147,250000
1405149,250000
1405152,0
1405154,562500
1405165,795000
1405171,1002900
1405178,431900
1405180,0
1405183,250000
1405189,302500
1405200,350000
1405201,389000
1405202,667500
1405212,300000
1405215,0
1405219,400000
1405220,185100
1405224,0
1405227,0
1405232,500000
1405234,0
1405236,1050000
1405241,444000
1405244,0
1405251,210000
1405254,350000
1405255,445500
1405272,0
1405282,150000
1405283,681000
1405285,1080700
1405287,408500
1405288,0
1405289,250000
1405291,850000
1405295,652600
1405296,0
1405304,747800
1405306,659000
1405310,135000
1405312,420000
1405313,0
1405315,410000
1405318,345000
1405327,310000
1405328,0
1405335,450000
1405346,0
1405347,601500
1405353,216000
1405357,1424800
1405358,150000
1405359,225000
1405362,1369500
1405363,0
1405368,944800
1405371,371900
1405372,800000
1405374,79000
1405376,879100
1405381,402600
1405382,303000
1405388,0
1405400,0
1405406,407700
1405408,0
1405410,400000
1405413,0
1405422,590000
1405424,0
1405426,588500
1405430,1472500
1405432,648700
1405437,526500
1405438,249300
1405443,252700
1405450,0
1405452,0
1405459,571500
1405462,0
1405466,384300
1405469,900200
1405471,250000
1405472,350000
1405482,1575900
1405485,250000
1405493,342800
1405496,381800
1405497,79000
1405499,0
1405503,149000
1405507,600000
1405513,188600
1405514,0
1405520,0
1405521,0
1405523,540000
1405528,276100
1405534,0
1405535,150000
1405537,250000
1405541,440000
1405543,0
1405544,1387100
1405547,1100000
1405548,0
1405550,800000
1405554,0
1405561,139000
1405563,0
1405566,0
1405567,250000
1405570,332500
1405575,656600
1405577,377500
1405581,1610000
1405582,0
1405583,935800
1405584,0
1405592,2238500
1405596,786000
1405599,400000
1405620,350000
1405621,150000
1405624,0
1405626,225000
1405632,0
1405646,400000
1405647,350000
1405657,170000
1405677,400000
1405678,697000
1405694,148500
1405696,407300
1405705,631500
1405707,350000
1405717,1197100
1405718,439500
1405725,522900
1405731,400000
1405733,0
1405735,431500
1405740,400000
1405753,550000
1405759,390500
1405763,0
1405764,0
1405765,0
1405769,0
1405779,500000
1405780,800000
1405781,203000
1405785,332500
1405793,0
1405794,0
1405797,0
1405799,413400
1405803,723700
1405804,216000
1405811,200000
1405812,313500
1405816,452500
1405817,585000
1405826,250000
1405828,934700
1405831,0
1405841,250000
1405851,491000
1405860,725000
1405861,0
1405869,0
1405872,0
1405875,385000
1405885,237000
1405887,332500
1405891,500000
1405895,336300
1405904,0
1405906,400000
1405909,1547000
1405915,0
1405917,140000
1405929,514000
1405938,344600
1405939,0
1405954,613000
1405963,250000
1405965,651100
1405966,0
1405969,250000
1405971,449500
1405977,0
1405991,376700
1405993,460000
1405996,0
1406006,229000
1406007,149300
1406013,250000
1406018,0
1406028,0
1406034,614700
1406036,364000
1406044,0
1406046,0
1406054,649200
1406074,512000
1406079,229000
1406080,0
1406081,426700
1406088,400000
1406090,0
1406092,0
1406095,150000
1406102,322500
1406103,350000
1406107,0
1406110,150000
1406112,326000
1406114,320100
1406122,0
1406138,526500
1406140,300000
1406143,0
1406154,990000
1406163,630000
1406165,200000
1406166,350000
1406167,250000
1406168,1573500
1406170,0
1406172,450000
1406174,350000
1406180,0
1406183,656700
1406186,600000
1406188,300000
1406194,458400
1406199,629500
1406209,0
1406212,350000
1406213,414500
1406215,0
1406218,609000
1406219,464700
1406226,450000
1406227,572500
1406233,667500
1406241,397500
1406242,510100
1406254,485500
1406261,538100
1406264,636500
1406265,0
1406266,103000
1406271,196000
1406275,171000
1406279,112000
1406288,456500
1406291,494500
1406298,206000
1406301,450000
1406303,250000
1406306,614700
1406309,410000
1406313,393000
1406314,5575400
1406328,127100
1406333,377500
1406335,0
1406342,732000
1406347,445000
1406355,1314500
1406358,200000
1406364,0
1406367,350000
1406386,1758800
1406387,611900
1406391,513000
1406399,355000
1406402,493600
1406411,0
1406416,973000
1406422,0
1406428,439000
1406429,0
1406440,202300
1406443,3249800
1406444,400000
1406447,0
1406451,525000
1406455,150000
1406462,499000
1406465,467500
1406472,250000
1406476,397500
1406496,0
1406498,0
1406503,1200000
1406505,0
1406512,0
1406513,0
1406515,0
1406518,2400000
1406522,950000
1406525,563000
1406526,428000
1406539,158000
1406546,860200
1406548,300000
1406549,0
1406550,451800
1406551,0
1406560,274000
1406562,0
1406565,0
1406570,0
1406571,5979000
1406577,139000
1406579,350000
1406580,150000
1406584,300000
1406586,1147000
1406587,0
1406589,554000
1406597,0
1406600,0
1406601,0
1406604,354800
1406605,0
1406608,0
1406612,430200
1406619,492600
1406621,471700
1406622,354000
1406625,0
1406628,237500
1406629,4019000
1406633,0
1406642,450000
1406646,0
1406653,404000
1406655,505200
1406659,750000
1406665,0
1406674,79000
1406686,31200
1406711,0
1406719,0
1406733,300000
1406739,500000
1406742,0
1406745,400000
1406750,765000
1406754,430800
1406760,800000
1406769,390000
1406770,400000
1406778,0
1406783,400000
1406787,789500
1406795,507000
1406799,350000
1406800,3918600
1406802,400000
1406803,0
1406818,150000
1406865,159000
1406873,350000
1406880,150000
1406887,0
1406896,1729800
1406904,0
1406906,0
1406907,400000
1406909,835700
1406911,667100
1406916,494500
1406917,100000
1406920,0
1406922,400000
1406925,464000
1406934,0
1406935,0
1406945,436500
1406956,0
1406965,405000
1406969,0
1406972,1257000
1406976,385000
1406979,325000
1406985,1214400
1406987,0
1406991,150000
1406994,150000
1406998,349500
1407006,152500
1407011,888100
1407012,150000
1407017,0
1407031,250000
1407032,0
1407038,0
1407041,650000
1407052,746000
1407063,238000
1407073,499000
1407079,0
1407084,294000
1407085,400000
1407088,500000
1407091,0
1407095,600000
1407096,13564600
1407100,500000
1407104,150000
1407107,463000
1407109,308000
1407119,130000
1407122,200000
1407123,1898400
1407126,375800
1407137,350000
1407147,1976700
1407148,0
1407153,468400
1407158,0
1407163,0
1407175,0
1407178,350000
1407180,0
1407185,0
1407192,26600
1407199,450000
1407210,150000
1407212,0
1407214,0
1407222,1028000
1407232,450000
1407238,150000
1407249,458500
1407267,0
1407268,0
1407272,150000
1407274,350000
1407281,432000
1407283,0
1407297,0
1407299,0
1407305,396000
1407320,0
1407321,401800
1407329,0
1407330,250000
1407348,1026900
1407349,0
1407358,565200
1407361,665000
1407363,0
1407375,350000
1407409,0
1407410,472000
1407411,650000
1407418,150000
1407419,150000
1407420,0
1407428,500000
1407435,500000
1407436,0
1407437,277700
1407447,1300000
1407448,400000
1407454,0
1407457,400000
1407458,2219000
1407461,1467000
1407466,150000
1407468,0
1407477,550000
1407487,351800
1407494,623000
1407498,450000
1407504,384600
1407510,300000
1407519,0
1407521,388000
1407534,400400
1407553,292500
1407555,447300
1407556,0
1407570,450000
1407579,500000
1407581,2983400
1407584,0
1407599,973000
1407609,270000
1407615,450000
1407617,500000
1407619,453100
1407637,0
1407649,690000
1407655,52000
1407660,150000
1407671,0
1407678,290000
1407679,250000
1407687,400000
1407688,0
1407691,481800
1407693,150000
1407696,0
1407701,150000
1407706,500000
1407716,486500
1407731,357000
1407742,0
1407744,150000
1407750,500000
1407761,800000
1407762,861400
1407766,150000
1407774,150000
1407775,550000
1407778,700000
1407785,0
1407827,0
1407830,450000
1407836,136000
1407837,433800
1407840,244500
1407848,3470000
1407850,610000
1407855,743000
1407858,225000
1407864,0
1407866,350000
1407878,0
1407880,21000
1407889,0
1407896,5369100
1407897,539000
1407909,550000
1407915,981500
1407919,636400
1407921,795200
1407923,315000
1407926,586000
1407930,878000
1407935,0
1407937,0
1407949,400000
1407950,0
1407952,350000
1407954,389900
1407962,200000
1407967,0
1407971,133700
1407980,0
1407988,465000
1408015,0
1408017,692000
1408018,0
1408028,0
1408032,0
1408033,0
1408038,450000
1408039,250000
1408045,741000
1408057,0
1408059,485000
1408065,0
1408081,0
1408100,0
1408107,0
1408114,424900
1408117,139000
1408119,300000
1408121,0
1408126,400000
1408128,730100
1408133,0
1408138,386500
1408142,400000
1408147,1529500
1408169,700000
1408177,1392500
1408178,2427400
1408188,0
1408190,0
1408193,581500
1408213,362000
1408286,2221100
1408299,500200
1408306,369500
1408322,300000
1408323,0
1408325,392000
1408330,749000
1408331,0
1408333,129000
1408338,540000
1408340,526800
1408351,489000
1408362,0
1408390,507000
1408392,1142500
1408394,0
1408406,435500
1408407,350000
1408408,150000
1408414,740400
1408428,596000
1408444,0
1408448,404800
1408449,678500
1408453,1636500
1408456,350000
1408464,528000
1408530,311000
1408533,1087500
1408537,0
1408540,430000
1408547,442000
1408558,0
1408560,790000
1408561,450000
1408570,800000
1408572,0
1408577,421400
1408592,385000
1408602,150000
1408607,0
1408616,0
1408639,250000
1408651,166000
1408658,0
1408668,450000
1408675,1208900
1408676,424500
1408681,400000
1408682,120000
1408691,926500
1408705,0
1408726,685400
1408740,500000
1408745,0
1408753,150000
1408768,56000
1408773,400000
1408788,0
1408794,2973500
1408797,931500
1408802,431500
1408818,310000
1408821,250000
1408822,350000
1408824,150000
1408828,1006400
1408831,345500
1408832,600000
1408837,1230500
1408840,0
1408846,0
1408849,0
1408858,0
1408863,329500
1408864,570900
1408870,595000
1408889,400000
1408891,150000
1408896,250000
1408898,356000
1408908,1269000
1408928,0
1408930,250000
1408932,400000
1408934,0
1408940,422000
1408960,343500
1408961,0
1408970,148300
1408977,399300
1408996,400000
1409023,600000
1409032,0
1409035,425000
1409045,210000
1409050,481000
1409054,305000
1409057,765500
1409066,0
1409067,539600
1409082,539600
1409093,923500
1409097,300000
1409099,350000
1409101,894900
1409108,714000
1409116,0
1409117,536800
1409120,1200000
1409125,0
1409128,940400
1409137,857400
1409140,1302500
1409143,600000
1409145,0
1409148,1192800
1409151,700800
1409157,137500
1409160,995800
1409161,740500
1409163,325000
1409166,0
1409170,0
1409175,765800
1409179,500000
1409183,400000
1409189,588700
1409195,820000
1409196,540400
1409197,0
1409198,0
1409200,1472500
1409214,0
1409215,500000
1409217,425900
1409222,150000
1409227,200000
1409229,500000
1409236,0
1409244,585000
1409246,0
1409255,570000
1409256,150000
1409262,513000
1409266,349800
1409270,531500
1409271,1960000
1409273,405600
1409277,400000
1409299,700000
1409300,346500
1409309,531500
1409311,521000
1409316,519400
1409318,138000
1409324,500000
1409330,400000
1409333,125000
1409336,458500
1409337,500000
1409338,201900
1409352,0
1409357,306000
1409361,890000
1409363,495200
1409376,625200
1409377,423200
1409381,300000
1409387,349700
1409389,725800
1409391,650000
1409402,0
1409414,473200
1409419,617500
1409430,400000
1409434,4047800
1409437,309800
1409442,465700
1409444,6770400
1409445,411300
1409446,400000
1409448,606000
1409455,819500
1409464,574300
1409470,484200
1409471,527000
1409472,467500
1409477,0
1409480,400000
1409497,0
1409499,0
1409510,346000
1409515,150000
1409518,0
1409538,470800
1409541,1044500
1409547,200000
1409553,367500
1409564,150000
1409565,400000
1409572,467500
1409578,400000
1409588,500000
1409589,400000
1409590,500000
1409591,0
1409592,684000
1409597,853500
1409602,0
1409611,415000
1409617,372200
1409623,125000
1409625,0
1409627,241300
1409647,432000
1409651,570000
1409654,662000
1409658,100000
1409661,0
1409662,150000
1409663,455600
1409667,950000
1409670,357000
1409672,0
1409674,311900
1409679,0
1409681,2182300
1409694,400000
1409697,872200
1409702,138300
1409704,0
1409706,550000
1409708,422000
1409711,0
1409715,0
1409722,310000
1409733,400000
1409734,400000
1409736,400000
1409738,812800
1409739,3288300
1409741,400000
1409745,477300
1409746,342800
1409749,1278400
1409750,399000
1409754,0
1409757,685700
1409759,461500
1409764,394700
1409771,960000
1409776,450000
1409777,650000
1409782,494500
1409791,0
1409792,1671300
1409793,431000
1409795,0
1409796,400000
1409802,550000
1409804,631600
1409808,690000
1409819,542000
1409823,424300
1409828,0
1409830,1470800
1409834,350000
1409843,0
1409852,693100
1409854,405100
1409856,499700
1409857,215700
1409867,0
1409870,740500
1409871,5276000
1409872,400000
1409875,445100
1409880,550000
1409893,0
1409894,350000
1409897,583700
1409899,472800
1409905,500000
1409914,400000
1409916,355200
1409918,0
1409921,0
1409923,322000
1409925,0
1409931,262000
1409932,728400
1409940,483300
1409943,472500
1409949,0
1409950,621200
1409958,367500
1409967,0
1409968,425200
1409969,808400
1409970,0
1409974,906400
1409979,500000
1409981,400000
1409982,738500
1409987,0
1409988,500000
1409990,1376500
1409991,642800
1409993,649400
1409996,400000
1410000,283500
1410005,1032000
1410009,0
1410019,0
1410020,405000
1410028,450000
1410030,150000
1410038,957300
1410043,0
1410045,350000
1410046,350000
1410049,0
1410052,0
1410055,0
1410057,0
1410060,382000
1410061,405000
1410062,400000
1410063,476500
1410081,449100
1410086,500000
1410091,330800
1410100,1305000
1410102,3020100
1410107,697500
1410109,1923400
1410112,2000000
1410114,808000
1410121,595300
1410129,452000
1410131,3341200
1410138,485500
1410139,0
1410144,500000
1410146,400000
1410150,624300
1410157,400000
1410158,400000
1410167,1162800
1410182,450000
1410186,412000
1410217,866100
1410227,200000
1410229,343000
1410232,0
1410233,400000
1410236,0
1410240,3073500
1410243,487800
1410244,500000
1410247,678500
1410248,202000
1410251,550000
1410256,0
1410266,0
1410269,448600
1410270,1283600
1410271,470400
1410272,500000
1410283,150000
1410284,490900
1410288,432500
1410289,399000
1410300,0
1410301,390200
1410302,550000
1410307,250000
1410320,567600
1410324,483300
1410325,456300
1410331,400000
1410341,400000
1410345,455400
1410348,400000
1410363,842000
1410365,405000
1410373,568400
1410374,575800
1410376,444500
1410381,400000
1410385,525000
1410386,299000
1410391,3676400
1410397,340800
1410403,752200
1410409,614000
1410411,540000
1410423,670000
1410426,500000
1410434,395400
1410436,435500
1410438,0
1410443,1557200
1410458,477000
1410459,454000
1410460,0
1410462,315000
1410466,872200
1410474,703200
1410476,350000
1410478,454100
1410479,378900
1410488,635000
1410492,286700
1410493,350000
1410494,576300
1410498,0
1410502,417500
1410503,400000
1410505,543000
1410515,532300
1410523,0
1410525,898000
1410531,0
1410540,0
1410545,449500
1410548,140000
1410550,500000
1410552,0
1410558,1330000
1410559,0
1410563,491400
1410571,898000
1410575,0
1410576,0
1410577,452300
1410580,343500
1410581,250000
1410583,0
1410585,0
1410599,450000
1410611,210000
1410617,1200000
1410618,150000
1410624,365600
1410631,758000
1410635,356600
1410636,890000
1410637,150000
1410638,0
1410639,405000
1410640,689000
1410647,373400
1410654,449100
1410657,0
1410660,450000
1410663,773600
1410664,445800
1410666,140000
1410667,483700
1410676,445000
1410679,422000
1410684,467500
1410687,500000
1410689,400000
1410691,376500
1410693,602100
1410694,350000
1410696,140000
1410704,0
1410710,248500
1410720,332000
1410725,980500
1410727,389300
1410728,0
1410730,150000
1410735,594200
1410739,0
1410741,330800
1410749,1350000
1410755,0
1410756,400000
1410760,1077600
1410767,400000
1410768,577000
1410771,450000
1410772,0
1410774,150000
1410791,250000
1410796,150000
1410798,611700
1410799,1915500
1410800,400000
1410804,300000
1410808,150000
1410810,1103200
1410815,501800
1410817,150000
1410820,400000
1410821,1215600
1410826,450000
1410830,350000
1410839,150000
1410842,0
1410843,1052500
1410845,300000
1410847,463900
1410855,500000
1410856,821000
1410859,357000
1410860,450000
1410866,468500
1410872,0
1410886,144800
1410905,500000
1410906,1042300
1410916,0
1410917,588300
1410919,400000
1410922,580000
1410931,630900
1410933,405000
1410942,142000
1410947,238000
1410953,854000
1410954,850000
1410958,500000
1410959,0
1410962,452500
1410963,500000
1410970,0
1410972,800000
1410975,305800
1410977,461700
1410980,665200
1410981,500000
1410983,400000
1410985,642600
1410992,400000
1410994,0
1410995,500000
1410996,499700
1411002,493000
1411008,889500
1411010,160000
1411016,414100
1411024,0
1411030,474300
1411031,0
1411034,0
1411035,450000
1411038,0
1411046,300000
1411049,79000
1411054,400000
1411062,738800
1411063,1860500
1411065,350000
1411066,402300
1411067,321400
1411070,0
1411079,454100
1411080,614000
1411081,499000
1411091,450000
1411093,300000
1411094,481000
1411097,837700
1411099,0
1411104,450000
1411113,422000
1411115,450000
1411123,0
1411124,0
1411171,0
1411179,487500
1411180,460800
1411182,574400
1411184,963900
1411186,332500
1411191,0
1411193,555500
1411194,350000
1411199,1800000
1411200,450000
1411207,0
1411208,130000
1411209,315000
1411215,550000
1411219,500000
1411221,500000
1411222,600000
1411228,331000
1411231,405400
1411233,400000
1411239,543200
1411240,2344000
1411243,0
1411251,548000
1411257,404000
1411258,0
1411263,0
1411264,1437200
1411266,500000
1411267,185500
1411269,730000
1411270,400000
1411274,400000
1411277,1577100
1411291,426700
1411296,391500
1411299,898000
1411303,177500
1411308,0
1411310,587500
1411311,150000
1411312,151800
1411316,400000
1411321,250000
1411323,0
1411328,400000
1411329,100000
1411347,1263000
1411365,617500
1411366,360900
1411367,150000
1411370,500000
1411373,559000
1411374,0
1411382,396500
1411386,439600
1411387,0
1411392,0
1411397,522800
1411399,0
1411401,1432800
1411406,0
1411409,0
1411417,530000
1411420,0
1411423,617500
1411430,500000
1411431,550000
1411435,400000
1411441,600000
1411442,499000
1411444,465300
1411448,483700
1411449,364600
1411450,490900
1411466,0
1411471,266400
1411473,415000
1411476,500000
1411484,494500
1411486,274100
1411494,1577500
1411503,321000
1411504,400000
1411507,790900
1411509,1233400
1411510,1000000
1411516,400000
1411520,1157500
1411521,848600
1411524,778300
1411527,433000
1411531,919000
1411536,0
1411537,450000
1411543,445000
1411550,237000
1411551,0
1411553,600000
1411556,100000
1411563,0
1411570,182900
1411576,0
1411579,638900
1411580,585500
1411581,500000
1411583,454000
1411584,1352500
1411588,662400
1411602,0
1411608,0
1411611,450000
1411616,140000
1411621,357600
1411622,0
1411630,385500
1411631,528400
1411633,0
1411640,0
1411643,0
1411652,0
1411653,0
1411660,346500
1411670,0
1411671,0
1411679,476500
1411681,428500
1411685,0
1411686,0
1411696,208000
1411699,250000
1411701,338000
1411705,0
1411710,708000
1411714,445000
1411716,150000
1411721,870700
1411725,752000
1411726,978500
1411727,800000
1411728,148000
1411730,800000
1411733,490500
1411736,500000
1411740,424600
1411741,0
1411743,0
1411746,653200
1411752,1153300
1411755,477000
1411759,400000
1411767,100000
1411774,0
1411778,464400
1411781,0
1411782,196000
1411792,0
1411798,382500
1411802,450000
1411803,0
1411806,123000
1411819,150000
1411824,500000
1411829,519000
1411831,535600
1411837,400000
1411839,0
1411840,468500
1411845,1054800
1411846,0
1411847,0
1411848,7390500
1411850,543500
1411851,1024300
1411852,300000
1411856,1140000
1411865,365000
1411867,366800
1411876,0
1411877,404000
1411884,4430300
1411887,172000
1411893,184000
1411899,400000
1411903,308000
1411904,481000
1411907,418400
1411909,400000
1411910,495900
1411912,1010600
1411917,934000
1411921,0
1411922,207500
1411924,623200
1411927,0
1411930,337600
1411932,400000
1411948,0
1411950,500000
1411953,315000
1411955,985500
1411961,0
1411963,122500
1411969,0
1411971,495500
1411975,379000
1411976,1424000
1411980,0
1411984,713800
1411985,0
1411986,550000
1411993,400000
1411995,400000
1411999,457600
1412005,430200
1412007,378000
1412010,500000
1412011,322000
1412014,140800
1412016,0
1412020,413300
1412021,0
1412022,485500
1412025,730600
1412034,471500
1412038,1989200
1412041,0
1412042,400000
1412050,380000
1412053,1338100
1412057,350000
1412061,400000
1412073,120800
1412081,515000
1412082,350000
1412083,1450900
1412090,0
1412092,1681900
1412095,792100
1412097,616800
1412098,478300
1412100,1148900
1412105,472000
1412106,0
1412107,250000
1412110,759500
1412111,0
1412115,400000
1412116,570000
1412123,343000
1412125,395000
1412129,500000
1412132,617500
1412134,442300
1412135,250000
1412141,0
1412146,500000
1412151,600000
1412152,0
1412153,0
1412159,318500
1412169,681900
1412177,6312000
1412181,305000
1412183,400000
1412185,500000
1412190,400000
1412193,0
1412194,0
1412196,1180800
1412203,250000
1412206,0
1412207,3705000
1412210,550000
1412212,818500
1412216,421000
1412218,49600
1412225,0
1412226,0
1412230,330800
1412249,0
1412253,0
1412255,1593000
1412257,437500
1412263,498800
1412273,0
1412280,0
1412288,0
1412291,431700
1412295,357000
1412297,392000
1412298,500000
1412306,500000
1412310,435000
1412311,0
1412319,400000
1412324,109000
1412329,467500
1412330,0
1412333,350000
1412335,350000
1412336,377000
1412337,396900
1412343,385000
1412348,367200
1412352,0
1412355,592000
1412356,0
1412359,500000
1412361,400000
1412365,870000
1412372,1124900
1412375,415600
1412380,0
1412384,317000
1412389,500000
1412392,2875000
1412396,40000
1412404,1452000
1412406,579400
1412408,0
1412409,400400
1412418,0
1412423,150000
1412424,0
1412431,150000
1412435,350000
1412436,343000
1412443,179800
1412444,0
1412446,467500
1412449,122000
1412457,400000
1412461,673200
1412462,172600
1412477,524200
1412478,446400
1412481,283500
1412493,481000
1412494,385000
1412496,472000
1412507,400000
1412513,0
1412516,1250000
1412529,1098500
1412531,397500
1412535,400000
1412542,0
1412548,332500
1412551,0
1412558,0
1412560,0
1412562,0
1412565,507600
1412568,350000
1412571,758300
1412576,0
1412588,0
1412591,864700
1412597,391300
1412600,400000
1412607,0
1412615,381500
1412618,500000
1412621,745000
1412632,260500
1412635,415000
1412639,592500
1412641,929100
1412643,0
1412662,400000
1412663,463900
1412678,400000
1412690,620000
1412692,757400
1412695,250000
1412702,449500
1412707,1730000
1412710,0
1412714,0
1412718,450400
1412726,427800
1412727,450000
1412728,405000
1412737,400000
1412749,385000
1412755,384200
1412760,459400
1412761,400000
1412765,150000
1412767,463300
1412768,472900
1412772,747000
1412780,0
1412781,0
1412782,434800
1412783,200000
1412786,1099900
1412791,0
1412792,600000
1412795,1136800
1412796,482200
1412797,278500
1412798,450400
1412800,801500
1412802,1603800
1412807,613000
1412812,389200
1412815,550000
1412823,938300
1412827,0
1412828,1622000
1412829,1161800
1412835,699100
1412853,0
1412855,750000
1412856,649000
1412857,150000
1412859,150000
1412862,0
1412868,437700
1412872,1113200
1412873,515000
1412880,250000
1412885,3116400
1412891,381500
1412894,0
1412896,459400
1412899,895400
1412903,150000
1412908,500000
1412913,639900
1412916,0
1412919,510000
1412920,0
1412924,600000
1412927,1234000
1412934,400000
1412938,592500
1412940,150000
1412941,450400
1412944,400000
1412945,851400
1412949,662300
1412963,200000
1412973,0
1412976,150000
1412977,0
1412980,0
1412981,703100
1412982,490000
1412990,467500
1412991,800000
1413007,0
1413009,350000
1413012,475000
1413016,1150000
1413019,461700
1413033,499000
1413039,759000
1413040,472000
1413042,561800
1413043,639000
1413044,550000
1413045,463900
1413046,469800
1413047,397800
1413048,400000
1413055,2888100
1413056,225000
1413057,382500
1413062,1524500
1413064,3061700
1413068,751500
1413078,105000
1413082,0
1413100,107900
1413109,350000
1413112,158900
1413119,400000
1413131,427200
1413134,400000
1413135,592500
1413145,399000
1413148,0
1413150,379300
1413151,433000
1413152,616000
1413161,617500
1413163,491000
1413169,628800
1413170,150000
1413173,250000
1413174,499000
1413176,400000
1413177,487800
1413178,450000
1413183,551500
1413184,140000
1413189,467500
1413199,1966000
1413202,400000
1413203,0
1413211,0
1413213,650000
1413217,484000
1413218,422500
1413220,455300
1413221,481000
1413226,760500
1413229,0
1413247,0
1413249,0
1413250,500000
1413251,472000
1413252,637800
1413261,10049400
1413262,497600
1413267,400000
1413269,300000
1413284,0
1413287,456300
1413288,0
1413289,923500
1413291,400000
1413292,445000
1413293,103000
1413297,140000
1413298,0
1413299,0
1413301,478000
1413302,439600
1413306,0
1413316,508500
1413321,430000
1413329,400000
1413330,448600
1413339,350000
1413340,574500
1413343,728300
1413352,400000
1413355,400000
1413365,550000
1413383,235000
1413385,463000
1413388,468500
1413389,614700
1413391,808000
1413392,350000
1413393,400000
1413401,404300
1413412,614700
1413417,468400
1413423,889300
1413426,599500
1413434,481000
1413439,1459500
1413440,150000
1413447,364000
1413455,105000
1413462,0
1413464,500000
1413466,382900
1413473,0
1413474,400000
1413475,540000
1413479,0
1413481,1908000
1413482,0
1413485,493000
1413486,342500
1413490,317600
1413491,464000
1413495,1887000
1413496,350000
1413503,500000
1413504,350000
1413505,334000
1413506,0
1413515,339600
1413516,330800
1413522,400000
1413526,0
1413529,450000
1413533,0
1413534,748400
1413538,961000
1413540,451000
1413542,400000
1413546,382500
1413558,0
1413560,464700
1413563,0
1413564,1009000
1413565,0
1413572,462500
1413575,450400
1413576,0
1413578,699000
1413583,354800
1413584,472000
1413586,420000
1413595,600000
1413601,553500
1413602,400000
1413605,0
1413617,399900
1413618,400000
1413624,0
1413632,2577300
1413633,400000
1413636,250000
1413640,578000
1413643,444600
1413647,467500
1413649,500000
1413651,400000
1413656,329000
1413659,840000
1413665,400000
1413668,563400
1413671,370500
1413672,675500
1413676,885900
1413680,469800
1413683,467500
1413687,664900
1413689,125000
1413691,0
1413693,400000
1413694,0
1413701,464700
1413704,747000
1413706,150000
1413711,0
1413712,434500
1413714,164000
1413715,467500
1413716,140000
1413723,379200
1413724,808700
1413728,500000
1413731,0
1413732,400000
1413737,400000
1413746,150000
1413749,467500
1413751,930000
1413759,140000
1413762,0
1413764,0
1413767,400000
1413768,563100
1413770,0
1413772,0
1413776,400000
1413779,400000
1413784,0
1413786,150000
1413789,207200
1413792,350000
1413794,300000
1413796,327500
1413799,397500
1413804,0
1413805,350000
1413807,140000
1413808,300000
1413812,291500
1413814,600000
1413817,150000
1413818,150000
1413823,983500
1413824,332500
1413837,576400
1413839,270000
1413851,723500
1413853,140000
1413855,1258200
1413858,500000
1413865,500000
1413867,371500
1413872,0
1413873,1427000
1413880,0
1413884,150000
1413886,0
1413898,454200
1413906,405000
1413913,383500
1413918,374500
1413926,150000
1413940,410000
1413942,1098000
1413946,303000
1413949,884200
1413950,300000
1413953,549000
1413954,284800
1413963,786400
1413979,521600
1413983,350000
1413984,458500
1413985,408000
1413986,561500
1413991,396400
1413995,0
1413998,300000
1414001,400000
1414005,2550000
1414006,650000
1414007,0
1414011,350000
1414012,758500
1414013,300000
1414014,150000
1414016,0
1414019,0
1414021,711500
1414027,135000
1414028,400000
1414029,150000
1414033,150000
1414039,0
1414046,605000
1414055,804000
1414058,350000
1414059,500000
1414066,0
1414073,561500
1414078,716500
1414085,500000
1414089,0
1414096,445000
1414099,586000
1414100,400000
1414102,350000
1414104,150000
1414107,457500
1414108,850400
1414110,559000
1414111,399000
1414112,513500
1414120,0
1414125,405000
1414126,0
1414130,140000
1414131,150000
1414136,680000
1414138,1218600
1414140,120000
1414146,399000
1414150,0
1414158,0
1414168,577500
1414170,445000
1414176,474500
1414189,301100
1414191,525300
1414196,300000
1414197,0
1414207,0
1414209,717000
1414217,350000
1414223,660000
1414224,490000
1414226,0
1414227,0
1414234,267000
1414236,400000
1414237,677000
1414239,0
1414241,0
1414242,757200
1414244,721500
1414246,1236000
1414257,725300
1414259,400000
1414261,563500
1414262,350000
1414271,400000
1414277,140000
1414281,445000
1414282,350000
1414284,612700
1414285,250000
1414293,450000
1414295,400400
1414304,0
1414311,0
1414313,705000
1414316,354500
1414318,1762600
1414319,700000
1414323,484000
1414330,350000
1414331,0
1414337,400000
1414341,0
1414344,0
1414352,953100
1414354,440000
1414357,1550500
1414361,0
1414363,405000
1414372,604500
1414377,690000
1414380,32000
1414381,0
1414389,200000
1414393,140000
1414394,614700
1414400,516000
1414401,400000
1414402,400000
1414404,574300
1414409,0
1414418,0
1414420,360000
1414421,350000
1414427,0
1414432,0
1414436,326300
1414438,438000
1414441,0
1414444,200000
1414445,561500
1414449,500000
1414451,0
1414460,385000
1414467,0
1414471,450400
1414474,350000
1414478,350000
1414484,365000
1414489,0
1414492,402200
1414507,0
1414508,0
1414510,660000
1414528,150000
1414531,0
1414533,450000
1414534,339500
1414535,315000
1414537,525000
1414543,0
1414549,292000
1414554,650000
1414556,0
1414565,1002000
1414573,966000
1414574,483300
1414577,450000
1414579,140000
1414581,438900
1414582,1100000
1414583,250000
1414585,0
1414586,654600
1414590,450000
1414592,332500
1414594,480000
1414597,250000
1414603,0
1414606,1790100
1414609,480000
1414613,0
1414623,0
1414629,529500
1414632,450000
1414636,350000
1414644,140000
1414645,446100
1414648,150000
1414650,379500
1414653,682000
1414657,400000
1414660,250000
1414662,0
1414672,450000
1414676,251600
1414684,398700
1414685,356000
1414689,396000
1414693,533800
1414694,350000
1414695,237000
1414697,150000
1414698,400000
1414701,590000
1414707,250000
1414709,428000
1414710,2374100
1414711,0
1414713,150000
1414726,1245600
1414730,713500
1414736,0
1414737,465000
1414738,0
1414745,200000
1414749,0
1414754,0
1414755,250000
1414756,411000
1414761,530000
1414763,0
1414766,0
1414773,0
1414782,72000
1414784,1089800
1414787,1400000
1414788,0
1414789,0
1414791,0
1414792,350000
1414803,0
1414807,0
1414812,1400000
1414816,400000
1414818,532800
1414819,500000
1414827,0
1414832,460000
1414833,2026800
1414834,295000
1414836,757500
1414838,651900
1414840,225000
1414846,150000
1414847,0
1414852,400000
1414855,666200
1414860,0
1414861,0
1414871,512700
1414876,919000
1414883,0
1414893,0
1414902,515500
1414921,0
1414923,985500
1414926,786400
1414927,218500
1414934,481000
1414935,0
1414956,140000
1414962,0
1414971,250000
1414982,282500
1414983,204000
1414986,1420400
1414988,776000
1414993,250000
1414994,140000
1414996,400000
1415001,350000
1415009,379000
1415017,1964400
1415018,21073200
1415021,580500
1415024,150000
1415026,100000
1415027,0
1415029,0
1415035,563400
1415042,631000
1415044,653000
1415047,454000
1415048,0
1415050,0
1415052,0
1415054,0
1415060,500000
1415063,150000
1415072,250000
1415075,250000
1415076,0
1415078,3592500
1415085,250000
1415090,0
1415098,674200
1415099,502000
1415102,0
1415106,150000
1415107,0
1415109,0
1415110,0
1415112,450000
1415113,358500
1415114,0
1415115,1299100
1415118,0
1415119,215000
1415121,400000
1415129,2390000
1415132,0
1415133,0
1415138,500000
1415141,0
1415144,0
1415145,557600
1415148,400000
1415151,150000
1415156,250000
1415157,0
1415159,0
1415161,0
1415164,0
1415172,1007400
1415179,681200
1415183,0
1415184,0
1415186,0
1415193,125000
1415196,290000
1415197,600000
1415200,0
1415203,360500
1415209,0
1415210,686800
1415211,250000
1415219,417500
1415220,0
1415236,296000
1415254,490000
1415260,685000
1415273,200000
1415290,529300
1415291,927900
1415300,0
1415307,0
1415311,591000
1415314,0
1415317,512000
1415324,249500
1415333,300000
1415335,0
1415350,250000
1415351,0
1415359,0
1415363,437000
1415378,663500
1415380,0
1415386,0
1415388,0
1415390,0
1415391,560400
1415394,0
1415395,0
1415397,1298800
1415399,760500
1415409,240000
1415418,494000
1415424,99700
1415427,400000
1415429,300000
1415434,0
1415436,410900
1415445,0
1415446,329500
1415449,0
1415450,283000
1415454,800000
1415464,0
1415475,500000
1415477,0
1415481,500000
1415484,143100
1415485,405800
1415488,2347600
1415492,399500
1415494,0
1415495,350000
1415496,263000
1415499,490000
1415500,0
1415502,0
1415505,0
1415506,918900
1415507,0
1415516,350000
1415534,520000
1415543,467500
1415546,551600
1415551,374800
1415552,490000
1415562,693100
1415563,1282600
1415565,320500
1415569,0
1415578,497500
1415580,0
1415583,560400
1415587,0
1415588,411200
1415590,0
1415598,79000
1415600,1115000
1415605,368000
1415608,399800
1415620,140000
1415627,480500
1415637,3329700
1415639,172000
1415643,937800
1415645,400000
1415646,0
1415647,269100
1415651,0
1415652,465000
1415655,0
1415657,0
1415659,402300
1415662,0
1415663,0
1415664,0
1415670,0
1415676,259000
1415681,1030000
1415687,250000
1415700,252500
1415702,898500
1415703,300000
1415704,450000
1415709,0
1415710,0
1415718,150000
1415724,140000
1415725,350000
1415735,514800
1415746,343000
1415752,563500
1415771,250000
1415772,250000
1415778,350000
1415780,0
1415781,0
1415782,867500
1415784,150000
1415786,517500
1415788,0
1415796,0
1415798,499400
1415800,450500
1415803,0
1415806,713500
1415812,0
1415818,100000
1415819,250000
1415820,0
1415830,0
1415835,150000
1415855,710400
1415873,871500
1415875,598000
1415887,671500
1415900,3011500
1415904,2700000
1415919,191000
1415920,551400
1415924,893600
1415926,0
1415928,417500
1415935,0
1415943,396000
1415948,400000
1415954,0
1415966,150000
1415969,0
1415971,0
1415986,740000
1415995,150000
1415997,0
1416000,0
1416005,0
1416006,0
1416010,400000
1416012,0
1416015,1078000
1416018,329600
1416020,300000
1416031,350000
1416032,527300
1416041,450000
1416044,0
1416053,250000
1416054,0
1416058,0
1416063,547500
1416073,200000
1416081,404000
1416083,0
1416090,567100
1416092,917500
1416099,285300
1416107,385000
1416115,148500
1416119,440000
1416126,0
1416130,622500
1416131,250000
1416149,541000
1416151,600000
1416157,0
1416158,490500
1416159,300000
1416173,883300
1416175,680000
1416176,435000
1416178,456000
1416180,500000
1416183,597800
1416186,150000
1416188,0
1416189,500000
1416193,664300
1416195,1181000
1416208,617500
1416220,312500
1416222,315000
1416228,451000
1416243,150000
1416247,401500
1416248,354300
1416249,0
1416256,0
1416263,0
1416267,705000
1416269,742000
1416275,458000
1416277,1748500
1416283,0
1416284,0
1416288,110000
1416299,150000
1416301,122000
1416303,577300
1416305,0
1416312,665200
1416313,750000
1416316,493600
1416319,1000000
1416325,739700
1416327,300000
1416333,544000
1416336,417500
1416347,393000
1416355,1239500
1416356,150000
1416374,1165800
1416382,150000
1416386,0
1416387,250000
1416391,458500
1416394,350000
1416397,713500
1416407,0
1416411,464800
1416418,844900
1416422,150000
1416426,350000
1416441,400000
1416450,517000
1416451,450000
1416453,0
1416459,300000
1416463,477300
1416472,140000
1416478,338000
1416480,600000
1416485,561500
1416487,371800
1416490,950300
1416492,500000
1416495,0
1416497,511300
1416500,367000
1416502,0
1416509,250000
1416511,0
1416527,496800
1416531,275000
1416533,140000
1416543,394700
1416547,0
1416549,250000
1416555,684000
1416569,350000
1416572,561500
1416574,350000
1416575,250000
1416580,0
1416586,845000
1416589,0
1416590,280000
1416592,150000
1416594,346000
1416597,526500
1416610,872000
1416611,599300
1416627,7169200
1416632,150000
1416638,517000
1416644,349600
1416646,700000
1416647,461000
1416659,850000
1416662,450000
1416675,282000
1416680,2027900
1416692,400000
1416702,400000
1416703,0
1416706,848000
1416707,400000
1416708,0
1416714,1638000
1416715,0
1416718,573200
1416723,250000
1416727,350000
1416737,0
1416742,300000
1416759,400000
1416770,150000
1416775,0
1416776,450000
1416781,653800
1416790,882000
1416791,0
1416799,150000
1416803,0
1416808,0
1416812,0
1416816,0
1416825,0
1416828,388000
1416829,467500
1416840,150000
1416844,0
1416845,693800
1416848,0
1416850,650000
1416852,400000
1416853,380100
1416857,250000
1416859,499000
1416868,467500
1416870,2124900
1416871,0
1416885,150000
1416890,410000
1416894,350000
1416899,92700
1416908,227600
1416916,1200000
1416919,0
1416932,150000
1416938,440000
1416939,40000
1416942,0
1416944,500000
1416954,383000
1416962,0
1416964,400000
1416969,355000
1416974,0
1416975,0
1416976,400000
1416978,0
1416983,0
1416989,561500
1416990,431500
1416991,635500
1417004,439500
1417009,150000
1417013,500000
1417015,200000
1417020,700000
1417022,350000
1417026,350000
1417029,688300
1417032,242900
1417046,1287000
1417047,737000
1417050,1819500
1417052,450000
1417058,357000
1417059,589600
1417062,150000
1417073,0
1417079,561500
1417086,463500
1417088,350000
1417091,0
1417092,1060100
1417094,464700
1417099,1108000
1417102,621000
1417107,771900
1417112,0
1417115,0
1417122,524500
1417126,0
1417132,1399500
1417136,0
1417138,780000
1417145,463900
1417152,150000
1417153,140000
1417155,844000
1417157,250000
1417162,225000
1417167,504600
1417169,749700
1417176,955000
1417179,0
1417186,698500
1417187,338000
1417200,0
1417201,563500
1417210,391200
1417211,100000
1417221,293800
1417222,150000
1417224,325000
1417238,132000
1417240,250000
1417246,0
1417247,250000
1417248,2186900
1417254,448000
1417255,500000
1417270,300000
1417275,400000
1417277,300000
1417292,779000
1417295,250000
1417297,0
1417306,467500
1417311,760000
1417314,350000
1417316,444500
1417317,332500
1417318,377500
1417320,565500
1417321,250000
1417328,350000
1417342,500000
1417343,120000
1417347,150000
1417348,0
1417349,250000
1417351,0
1417355,479300
1417360,125000
1417368,0
1417373,0
1417374,513000
1417376,415000
1417381,450000
1417383,0
1417390,0
1417392,427900
1417396,450000
1417401,250000
1417406,600000
1417411,400000
1417412,0
1417428,0
1417433,399000
1417438,596600
1417439,392000
1417442,787900
1417443,200000
1417445,450000
1417456,325900
1417478,555600
1417480,550000
1417493,246000
1417494,270000
1417495,512500
1417496,0
1417509,2334100
1417513,0
1417516,0
1417518,422000
1417519,208000
1417520,0
1417522,0
1417534,0
1417535,1190300
1417536,652200
1417542,0
1417543,7096600
1417546,675400
1417549,0
1417571,400000
1417573,0
1417576,350000
1417578,0
1417589,0
1417590,0
1417591,402300
1417592,315000
1417615,455000
1417616,400000
1417619,424400
1417622,0
1417624,400000
1417627,250000
1417632,2350000
1417635,391300
1417638,703000
1417649,480000
1417651,650000
1417653,300000
1417659,307800
1417663,950700
1417675,1830200
1417686,502600
1417687,310000
1417695,0
1417697,0
1417701,540000
1417704,250000
1417709,543100
1417715,3182500
1417719,543100
1417724,400000
1417730,150000
1417742,623800
1417744,500000
1417747,69500
1417763,280000
1417764,449500
1417770,150000
1417778,596000
1417781,491500
1417793,399000
1417796,89000
1417802,0
1417812,439600
1417816,500000
1417824,550000
1417825,0
1417829,0
1417835,250000
1417841,346800
1417842,350000
1417845,543100
1417853,396000
1417859,0
1417862,1606800
1417873,253000
1417874,0
1417877,250000
1417879,740000
1417891,250000
1417895,375000
1417937,250000
1417938,448400
1417940,300000
1417943,140000
1417944,662600
1417948,543100
1417949,0
1417954,582200
1417968,563500
1417970,250000
1417972,805000
1417976,150000
1417980,789000
1417982,0
1417988,295000
1417989,780000
1417996,0
1417997,350000
1418000,2180000
1418008,291000
1418014,0
1418015,0
1418017,350000
1418019,399000
1418037,449500
1418042,0
1418045,0
1418051,500000
1418054,400000
1418061,0
1418068,2542800
1418071,150000
1418075,0
1418076,450000
1418090,448000
1418099,0
1418101,1332800
1418104,250000
1418119,468000
1418128,776500
1418129,150000
1418131,350000
1418139,0
1418140,250000
1418141,600000
1418143,400000
1418146,0
1418151,2252000
1418154,0
1418160,150000
1418165,250000
1418167,526500
1418176,700000
1418183,0
1418184,0
1418190,0
1418192,600000
1418199,323800
1418200,300000
1418212,300000
1418218,328700
1418224,100000
1418225,1603200
1418226,145500
1418228,108000
1418230,0
1418261,593000
1418262,396200
1418266,0
1418276,562500
1418277,500000
1418283,620000
1418291,390000
1418293,431000
1418303,5414600
1418304,541600
1418309,530200
1418314,0
1418325,250000
1418330,400000
1418335,750000
1418339,0
1418342,550000
1418346,774200
1418352,1299000
1418353,1809000
1418354,290000
1418356,577000
1418358,500000
1418360,0
1418362,0
1418369,250000
1418371,1066600
1418386,837300
1418391,0
1418394,382500
1418407,903000
1418411,250000
1418412,0
1418417,508600
1418431,553000
1418443,154000
1418446,150000
1418451,587000
1418452,150000
1418458,950000
1418460,0
1418465,649300
1418475,0
1418477,0
1418484,2345000
1418486,503300
1418487,450000
1418490,696700
1418491,150000
1418509,0
1418519,400000
1418528,400000
1418530,634100
1418533,0
1418535,343500
1418542,1244000
1418543,340500
1418549,854500
1418553,389600
1418556,0
1418559,0
1418567,195000
1418568,0
1418585,0
1418588,0
1418601,362400
1418614,576800
1418615,0
1418618,600000
1418626,656800
1418628,1125000
1418629,0
1418646,389600
1418650,250000
1418667,500000
1418680,250000
1418689,175000
1418696,5246200
1418705,723800
1418707,1606000
1418711,250000
1418715,329100
1418720,400000
1418724,550000
1418725,300000
1418732,300000
1418734,456700
1418736,0
1418738,0
1418745,0
1418747,195000
1418748,400000
1418753,400000
1418754,424200
1418771,250000
1418774,0
1418781,240000
1418795,285000
1418798,150000
1418802,450000
1418826,1123000
1418828,150000
1418837,0
1418839,0
1418846,1166000
1418847,516300
1418857,250000
1418872,625700
1418873,400000
1418878,400000
1418900,345500
1418905,219800
1418918,455000
1418919,250000
1418920,100000
1418931,0
1418936,250000
1418952,396800
1418953,400000
1418963,0
1418970,0
1418972,250000
1418976,0
1418977,250000
1418987,504800
1418988,356700
1418990,404000
1419013,0
1419014,0
1419019,400000
1419039,530000
1419047,371000
1419051,0
1419054,489000
1419055,298500
1419079,222500
1419083,0
1419085,0
1419090,0
1419092,393800
1419095,350000
1419099,546800
1419104,431000
1419106,350000
1419113,0
1419146,450000
1419147,433000
1419164,0
1419170,350000
1419171,436000
1419179,0
1419189,681000
1419195,0
1419204,0
1419218,743000
1419225,658500
1419236,408500
1419243,150000
1419247,450000
1419248,644800
1419258,0
1419263,1250000
1419270,150000
1419277,0
1419280,650000
1419284,600000
1419295,1511600
1419301,1000000
1419319,0
1419320,457000
1419321,626300
1419335,250000
1419336,387500
1419337,443600
1419341,423800
1419343,440000
1419348,16634300
1419350,9792900
1419362,492600
1419375,484600
1419376,0
1419377,438300
1419378,0
1419381,605600
1419388,475000
1419421,315000
1419422,600000
1419423,350000
1419430,0
1419437,250000
1419443,350000
1419448,1764400
1419450,2713300
1419452,190000
1419453,0
1419458,600000
1419459,2321200
1419467,489200
1419468,107000
1419475,567500
1419477,400000
1419483,608000
1419484,450000
1419485,3813000
1419488,550000
1419489,150000
1419496,424000
1419517,400000
1419521,150000
1419523,0
1419524,250000
1419530,405000
1419541,860300
1419542,277000
1419547,624300
1419550,556600
1419557,645500
1419558,678500
1419563,350000
1419580,376400
1419585,636500
1419600,0
1419628,0
1419634,200400
1419644,20900
1419645,47500
1419661,327500
1419671,174500
1419674,0
1419677,1287400
1419694,566500
1419698,463000
1419703,201400
1419704,1368500
1419709,512000
1419735,147000
1419736,0
1419737,332400
1419739,400100
1419745,537300
1419748,140000
1419749,0
1419753,417500
1419758,743500
1419759,0
1419762,0
1419763,200000
1419771,7205300
1419772,0
1419788,10574500
1419791,231000
1419795,343000
1419802,687000
1419807,450000
1419813,846000
1419833,508000
1419846,0
1419850,500000
1419853,250000
1419854,305000
1419856,150000
1419858,340000
1419861,1410600
1419864,0
1419883,622600
1419886,0
1419893,0
1419897,590600
1419921,150000
1419922,450000
1419923,709500
1419930,500000
1419932,0
1419933,2295000
1419942,400000
1419951,1065000
1419953,462000
1419954,692000
1419957,950000
1419960,0
1419961,378700
1419962,250000
1419977,0
1419979,300000
1419999,494500
1420000,354900
1420005,0
1420009,3574900
1420014,465300
1420016,722800
1420020,441800
1420026,0
1420027,445000
1420030,1176500
1420031,0
1420037,608500
1420052,385700
1420053,0
1420060,600000
1420073,750000
1420074,0
1420076,400000
1420080,0
1420083,412000
1420086,863500
1420087,463000
1420088,710400
1420091,440500
1420096,500000
1420103,360100
1420105,315000
1420107,400000
1420116,678000
1420117,400000
1420118,469800
1420120,500000
1420122,0
1420126,315000
1420129,595000
1420138,400000
1420145,400000
1420150,537100
1420151,488900
1420152,250000
1420154,0
1420156,0
1420175,498100
1420176,300000
1420177,400000
1420180,500000
1420181,563500
1420187,1929300
1420189,0
1420191,564700
1420194,0
1420200,1624200
1420203,350000
1420208,140000
1420217,0
1420221,0
1420225,640000
1420228,632000
1420230,474300
1420231,0
1420239,367500
1420240,0
1420254,0
1420265,0
1420267,886100
1420278,0
1420290,540000
1420292,590500
1420302,550000
1420305,1047000
1420308,408800
1420309,370500
1420310,354500
1420318,475600
1420323,365000
1420324,0
1420328,0
1420340,972000
1420346,400000
1420352,606700
1420363,901200
1420365,510000
1420368,0
1420369,874400
1420370,150000
1420380,373800
1420386,500000
1420387,0
1420389,0
1420391,150000
1420399,378000
1420411,0
1420412,391300
1420418,360500
1420425,0
1420426,0
1420433,0
1420455,455300
1420456,449000
1420458,2597600
1420461,550000
1420462,594000
1420466,0
1420468,0
1420470,527000
1420472,0
1420474,590500
1420483,405800
1420486,924600
1420490,400000
1420491,347500
1420501,661500
1420503,0
1420511,0
1420519,464700
1420525,2172400
1420529,708500
1420532,150000
1420544,400000
1420546,0
1420547,654600
1420557,454000
1420567,0
1420569,492000
1420571,424300
1420574,0
1420576,150000
1420585,400000
1420588,518200
1420591,0
1420592,850000
1420599,0
1420604,343000
1420616,219900
1420623,334000
1420630,485500
1420631,550000
1420635,0
1420639,250000
1420649,250000
1420653,400000
1420660,0
1420662,389300
1420666,561500
1420669,998000
1420678,400000
1420681,0
1420682,250000
1420689,400000
1420698,614700
1420711,250000
1420712,0
1420715,400000
1420717,0
1420733,639600
1420740,346500
1420743,871500
1420751,619800
1420760,563000
1420762,742900
1420768,0
1420772,315000
1420774,0
1420777,495500
1420778,400000
1420780,150000
1420782,780300
1420783,500000
1420786,0
1420787,0
1420789,458500
1420796,150000
1420805,503500
1420813,393800
1420815,554000
1420817,400000
1420820,450000
1420831,400000
1420832,594100
1420833,724700
1420834,463000
1420852,490000
1420854,376500
1420855,0
1420859,1027500
1420864,400000
1420867,1277000
1420868,624000
1420882,400000
1420885,0
1420889,361500
1420890,585000
1420893,439700
1420895,450000
1420896,150000
1420906,0
1420912,474300
1420925,1559000
1420926,736000
1420933,0
1420934,350000
1420941,419000
1420949,500000
1420950,1000000
1420951,136500
1420955,718100
1420965,1650000
1420967,729000
1420968,1292800
1420983,851300
1420990,286700
1420992,150000
1420993,849900
1420999,697500
1421003,899900
1421006,500000
1421008,1157500
1421010,0
1421014,0
1421015,875600
1421017,932000
1421020,418700
1421021,379700
1421022,500000
1421023,667900
1421025,800000
1421028,425500
1421036,400000
1421038,1056400
1421043,426300
1421045,576800
1421046,345500
1421047,0
1421049,2656100
1421052,0
1421060,140000
1421064,358000
1421076,0
1421080,150000
1421093,450000
1421095,0
1421110,444500
1421115,0
1421116,0
1421121,463900
1421132,537800
1421137,420000
1421142,400000
1421151,350000
1421156,770300
1421180,500000
1421181,547000
1421182,150000
1421187,476500
1421196,563500
1421198,0
1421199,1188000
1421208,345500
1421210,450000
1421213,530000
1421217,140000
1421227,500000
1421236,400000
1421246,891900
1421247,464400
1421248,0
1421251,0
1421253,440000
1421254,483300
1421262,550000
1421273,650000
1421275,575700
1421279,448000
1421283,0
1421296,450000
1421300,604000
1421302,441600
1421303,286700
1421306,572200
1421307,0
1421310,0
1421314,505000
1421318,694500
1421325,710400
1421344,500000
1421347,150000
1421349,480500
1421350,0
1421354,0
1421355,0
1421359,500000
1421361,1174000
1421363,200000
1421372,467500
1421376,140000
1421378,150000
1421381,389900
1421398,972800
1421411,627300
1421415,0
1421416,0
1421417,724900
1421421,0
1421424,150000
1421432,500000
1421434,400000
1421442,400000
1421446,0
1421453,448600
1421454,150000
1421460,776500
1421462,466500
1421466,411300
1421471,417500
1421474,424600
1421477,350000
1421478,0
1421484,0
1421487,367500
1421488,1050000
1421491,180000
1421493,1061400
1421497,400000
1421499,340000
1421513,1130000
1421522,0
1421528,480800
1421542,140000
1421543,160000
1421544,490000
1421545,562000
1421549,0
1421554,408600
1421555,286700
1421559,0
1421560,424900
1421565,315000
1421568,230000
1421577,400000
1421582,622000
1421584,710600
1421585,485500
1421587,550000
1421597,400000
1421598,751800
1421605,1120000
1421613,390000
1421614,533800
1421617,445000
1421618,0
1421621,588200
1421623,136000
1421628,451800
1421629,387000
1421633,458500
1421635,400000
1421643,368500
1421645,478800
1421649,0
1421654,850000
1421658,478800
1421661,576600
1421664,345500
1421665,0
1421671,0
1421681,545500
1421682,445000
1421684,476500
1421688,520400
1421689,959700
1421699,250000
1421711,560000
1421716,400000
1421718,489600
1421721,250000
1421725,463600
1421736,400000
1421739,0
1421742,418000
1421746,150000
1421750,420300
1421770,456300
1421781,150000
1421786,500000
1421789,321300
1421799,651700
1421806,445000
1421821,350000
1421822,400000
1421823,464700
1421834,261100
1421838,400000
1421840,738800
1421848,338900
1421849,0
1421852,0
1421858,450400
1421860,286700
1421864,200000
1421873,340600
1421874,2124000
1421876,400000
1421877,831600
1421889,467500
1421895,350000
1421904,0
1421909,250000
1421914,400000
1421920,16000
1421921,400000
1421933,0
1421934,391300
1421942,597900
1421943,400000
1421951,0
1421952,3011900
1421957,476500
1421961,150000
1421964,603300
1421974,300000
1421976,443000
1421980,1310400
1421982,400000
1421983,500000
1421986,1987500
1421995,286700
1421996,412000
1422003,379200
1422007,459000
1422014,237300
1422015,565400
1422019,889000
1422022,0
1422023,0
1422026,343000
1422037,458000
1422041,1771700
1422047,140000
1422056,400000
1422061,512000
1422084,0
1422096,0
1422099,609000
1422104,350000
1422106,0
1422107,0
1422108,1060800
1422110,0
1422118,435700
1422119,700000
1422122,332500
1422125,536700
1422131,300000
1422132,0
1422135,350000
1422139,703600
1422141,629000
1422142,619500
1422144,400000
1422147,2000000
1422149,0
1422157,400000
1422160,0
1422164,400000
1422167,0
1422169,1650100
1422183,400000
1422186,250000
1422187,325400
1422196,300000
1422199,631000
1422202,150000
1422204,0
1422208,453500
1422209,580200
1422212,0
1422219,410500
1422220,416800
1422223,339400
1422233,250000
1422241,422000
1422251,356100
1422256,350000
1422264,161600
1422265,622800
1422272,350000
1422273,515900
1422275,0
1422298,1539400
1422300,323800
1422302,500000
1422308,885900
1422309,638200
1422311,563500
1422312,507000
1422319,150000
1422321,736100
1422331,400000
1422341,378000
1422349,0
1422353,350000
1422354,431200
1422355,0
1422358,604200
1422360,490000
1422365,507500
1422366,0
1422373,0
1422374,0
1422375,308500
1422377,400000
1422379,500000
1422385,0
1422387,0
1422392,150000
1422398,400000
1422405,476500
1422408,391500
1422409,382500
1422413,1200600
1422414,350000
1422416,499300
1422419,208500
1422424,5506500
1422426,580000
1422430,460800
1422434,0
1422439,595000
1422441,1711500
1422442,713500
1422444,1397100
1422448,472000
1422451,660900
1422455,564200
1422467,0
1422468,623800
1422480,683000
1422494,444100
1422498,405000
1422499,0
1422517,400000
1422523,150000
1422528,372400
1422533,689200
1422541,280000
1422542,150000
1422546,750000
1422549,489300
1422550,554000
1422551,400000
1422553,561600
1422558,400000
1422562,467100
1422567,150000
1422570,496000
1422572,0
1422578,478800
1422582,324000
1422584,400000
1422585,1145500
1422588,251000
1422594,515000
1422597,974500
1422604,207400
1422605,1503400
1422611,0
1422612,400000
1422613,508800
1422617,0
1422624,550000
1422626,1541900
1422627,600000
1422630,400000
1422647,500000
1422648,0
1422653,302800
1422656,459300
1422657,591200
1422664,440000
1422667,904700
1422673,500000
1422678,2243400
1422683,857500
1422684,0
1422694,400000
1422703,364000
1422707,975500
1422721,49600
1422723,650000
1422733,362000
1422735,648300
1422742,0
1422743,648500
1422744,311200
1422745,381000
1422748,0
1422751,0
1422763,400000
1422766,0
1422771,418200
1422775,697000
1422780,500000
1422785,414000
1422797,3309900
1422798,477200
1422799,478200
1422800,300000
1422803,973700
1422804,406000
1422805,347500
1422811,1150000
1422812,446900
1422816,0
1422818,450000
1422822,467500
1422826,902700
1422831,0
1422832,405500
1422837,400000
1422840,500000
1422846,393700
1422847,150000
1422848,400000
1422849,515000
1422850,0
1422851,550000
1422852,420000
1422853,0
1422857,700000
1422859,0
1422862,554800
1422863,0
1422870,454700
1422883,250000
1422885,182400
1422886,366800
1422891,500000
1422897,519700
1422899,467600
1422906,767500
1422907,644400
1422912,378500
1422914,467500
1422919,396200
1422921,372400
1422922,750000
1422924,437500
1422930,533500
1422935,449500
1422936,403300
1422938,300000
1422939,346500
1422948,500000
1422951,400000
1422953,432000
1422955,150000
1422956,0
1422957,4519300
1422958,2922600
1422961,0
1422963,480000
1422965,0
1422966,150000
1422968,400000
1422970,312000
1422972,475600
1422976,150000
1422981,0
1422987,450300
1422994,360000
1423010,0
1423014,447300
1423024,463000
1423025,450000
1423030,0
1423032,0
1423041,898700
1423052,345200
1423055,250000
1423069,0
1423071,367500
1423072,550000
1423073,0
1423078,555900
1423080,0
1423083,345800
1423084,464000
1423085,375200
1423088,442400
1423091,550000
1423096,193500
1423103,286700
1423113,171000
1423122,449000
1423125,677900
1423127,525400
1423128,444500
1423134,0
1423138,286700
1423143,494500
1423148,0
1423151,350000
1423166,758200
1423168,435000
1423169,150000
1423171,695800
1423175,0
1423177,400000
1423178,828400
1423184,329000
1423185,400000
1423188,750000
1423189,400000
1423191,412600
1423196,445000
1423198,533500
1423204,0
1423207,351500
1423218,0
1423219,0
1423222,150000
1423225,0
1423228,556800
1423233,417000
1423238,400000
1423239,0
1423240,489600
1423241,191500
1423242,423300
1423248,943000
1423249,150000
1423253,1757500
1423267,400000
1423268,571100
1423270,450000
1423273,546200
1423277,0
1423279,422000
1423280,0
1423284,0
1423293,461500
1423295,476000
1423297,499000
1423299,712100
1423300,1061200
1423311,550000
1423314,67200
1423315,1247000
1423316,500000
1423322,514000
1423327,215000
1423330,1069600
1423332,150000
1423341,400000
1423344,400000
1423345,0
1423346,430600
1423347,561300
1423349,528600
1423350,758500
1423363,400000
1423365,716000
1423370,445000
1423373,967000
1423374,0
1423381,350000
1423383,500000
1423385,650000
1423387,385000
1423389,567500
1423390,0
1423397,0
1423403,481000
1423410,0
1423411,470000
1423413,271600
1423426,463500
1423436,372800
1423437,0
1423439,0
1423442,949000
1423452,990000
1423454,450000
1423456,433000
1423460,400000
1423465,400000
1423466,0
1423469,392000
1423478,993400
1423479,150000
1423490,400000
1423492,674500
1423495,722500
1423496,365800
1423497,150000
1423504,498000
1423511,547700
1423517,0
1423522,406000
1423523,200000
1423529,485500
1423535,90000
1423538,126000
1423541,494500
1423546,0
1423547,799200
1423548,590500
1423555,22500
1423556,650000
1423559,1390000
1423561,0
1423570,367500
1423576,1071700
1423578,175900
1423582,3907800
1423584,444500
1423585,315000
1423597,474300
1423604,741000
1423607,0
1423614,400000
1423615,0
1423616,131600
1423620,0
1423625,0
1423626,482800
1423629,320000
1423634,150000
1423635,356100
1423636,150000
1423647,436000
1423651,400000
1423661,500000
1423665,200000
1423680,463900
1423682,400000
1423694,0
1423696,515300
1423697,500000
1423700,0
1423703,0
1423706,550000
1423709,400000
1423711,417500
1423713,540000
1423716,386900
1423722,350000
1423723,500000
1423730,130000
1423731,343000
1423734,1570000
1423739,637400
1423746,608300
1423750,551500
1423754,391600
1423758,350000
1423761,0
1423764,0
1423767,430200
1423770,467500
1423773,485000
1423779,749800
1423780,439600
1423785,443300
1423788,450000
1423791,0
1423797,0
1423798,190200
1423806,400000
1423807,500000
1423812,489500
1423815,404000
1423824,350000
1423826,644000
1423830,455000
1423831,757500
1423836,998000
1423838,150000
1423839,338500
1423848,675000
1423850,570300
1423856,617500
1423867,0
1423870,395900
1423877,387500
1423889,430000
1423892,0
1423897,0
1423902,0
1423904,192000
1423905,0
1423912,407700
1423913,400000
1423916,0
1423917,431500
1423928,0
1423929,591900
1423931,710000
1423934,57600
1423940,373800
1423941,500000
1423951,431000
1423954,405000
1423958,293300
1423959,631000
1423972,286700
1423974,0
1423975,500000
1423982,561300
1423983,450000
1423986,383600
1423993,1376000
1423994,450000
1423999,1080500
1424004,143800
1424010,308000
1424020,5069400
1424024,200000
1424027,268000
1424028,440300
1424039,225000
1424040,0
1424043,0
1424047,463000
1424051,1434500
1424056,468500
1424064,366800
1424067,0
1424068,863500
1424072,0
1424077,616500
1424080,0
1424086,400000
1424090,125000
1424092,530600
1424094,0
1424096,467500
1424098,345500
1424103,300000
1424106,468800
1424108,0
1424110,0
1424118,1000000
1424121,350000
1424129,265800
1424137,522500
1424143,0
1424144,382500
1424149,484800
1424154,0
1424159,480000
1424160,0
1424161,280000
1424162,550000
1424166,900000
1424174,0
1424183,169000
1424184,286700
1424185,774000
1424190,0
1424192,403100
1424204,506700
1424205,0
1424211,493600
1424215,450000
1424218,190000
1424220,350000
1424221,476600
1424236,150000
1424237,0
1424240,400000
1424243,0
1424245,526000
1424246,295000
1424247,556000
1424250,550000
1424251,450000
1424253,688000
1424255,400000
1424257,0
1424259,250000
1424261,540300
1424271,332500
1424273,374500
1424274,400000
1424275,825500
1424277,0
1424278,360000
1424281,708000
1424286,500000
1424289,400000
1424290,561900
1424291,0
1424292,330000
1424293,190000
1424294,0
1424300,550000
1424303,350000
1424305,336300
1424319,465300
1424321,0
1424329,500000
1424332,0
1424336,0
1424342,0
1424360,1045000
1424361,445000
1424362,2681000
1424365,0
1424371,833500
1424374,372000
1424379,150000
1424381,376700
1424384,0
1424386,662000
1424387,480400
1424389,250000
1424392,450000
1424402,0
1424403,433500
1424404,400000
1424405,0
1424413,0
1424418,430000
1424420,181000
1424421,159400
1424426,0
1424444,270000
1424449,450000
1424450,472000
1424451,400000
1424452,0
1424459,0
1424462,150000
1424470,550000
1424474,0
1424475,49400
1424491,500000
1424495,811400
1424502,0
1424504,421000
1424505,422500
1424508,540300
1424520,445800
1424527,482000
1424528,1215200
1424530,950000
1424531,250000
1424538,150000
1424551,458500
1424553,0
1424559,447700
1424570,0
1424571,0
1424581,250000
1424584,1053300
1424585,0
1424591,500000
1424592,355500
1424593,0
1424595,821600
1424599,400000
1424605,676000
1424606,0
1424616,142000
1424625,400000
1424626,350000
1424628,879000
1424632,0
1424635,350000
1424636,0
1424639,0
1424641,500000
1424650,1220000
1424654,0
1424658,850000
1424660,499000
1424664,873800
1424666,431500
1424667,400000
1424671,460800
1424674,0
1424676,470300
1424677,400000
1424680,0
1424681,350000
1424690,314500
1424692,150000
1424693,0
1424702,0
1424703,0
1424705,0
1424709,749700
1424712,0
1424713,1980000
1424716,500000
1424719,1321800
1424722,401000
1424730,350000
1424731,0
1424744,413000
1424754,407700
1424755,0
1424763,508200
1424764,150000
1424770,630800
1424772,343000
1424773,674300
1424774,498100
1424777,449500
1424782,0
1424784,150000
1424785,400000
1424794,444000
1424801,2485100
1424802,0
1424804,481000
1424805,458500
1424808,611700
1424814,400000
1424817,370000
1424819,400000
1424824,680000
1424829,500000
1424839,369500
1424841,0
1424845,150000
1424849,0
1424850,0
1424852,0
1424853,300000
1424864,504600
1424866,0
1424867,661100
1424870,500000
1424872,300000
1424873,0
1424877,642500
1424880,0
1424881,590000
1424886,1578100
1424887,393800
1424891,500000
1424894,583300
1424895,0
1424904,0
1424912,150000
1424913,0
1424916,0
1424918,498300
1424926,0
1424927,416000
1424938,350000
1424943,250000
1424946,385000
1424950,517500
1424962,150000
1424974,150000
1424978,150000
1424984,467500
1425000,200000
1425001,700000
1425002,418500
1425010,2164700
1425011,250000
1425014,412700
1425016,0
1425024,404000
1425027,1034800
1425029,1990700
1425035,250000
1425037,478000
1425039,250000
1425041,150000
1425051,1024600
1425056,396000
1425058,0
1425060,0
1425061,458700
1425065,0
1425069,497500
1425073,0
1425083,0
1425084,760000
1425086,2494200
1425088,150000
1425094,646000
1425105,0
1425109,0
1425114,0
1425115,325000
1425116,329000
1425118,467500
1425122,1000000
1425125,226500
1425130,0
1425133,2128000
1425136,0
1425137,0
1425138,350000
1425141,0
1425158,1081500
1425161,0
1425166,500000
1425167,399000
1425169,450000
1425175,440000
1425177,809100
1425179,0
1425180,150000
1425197,1158700
1425205,2328300
1425219,160000
1425227,751600
1425231,531500
1425236,0
1425240,0
1425242,3016600
1425252,200000
1425253,1142000
1425255,150000
1425256,0
1425265,0
1425266,700000
1425283,0
1425287,0
1425290,600000
1425292,300000
1425293,750000
1425300,150000
1425301,0
1425312,779500
1425315,250000
1425320,0
1425322,337500
1425325,0
1425332,350000
1425339,600000
1425343,0
1425346,368600
1425353,350000
1425356,450000
1425360,374500
1425361,1783000
1425362,0
1425366,431000
1425376,530000
1425379,450000
1425383,0
1425385,250000
1425386,786300
1425404,0
1425406,0
1425407,385000
1425408,0
1425409,400000
1425410,1348000
1425411,500000
1425413,0
1425415,170000
1425416,0
1425428,307500
1425436,1390500
1425437,144200
1425438,349000
1425440,0
1425441,418800
1425450,0
1425453,543800
1425455,0
1425460,977500
1425462,600000
1425467,300000
1425470,550000
1425476,800000
1425486,2000900
1425490,476300
1425492,10000
1425499,150000
1425505,559000
1425507,0
1425511,467500
1425520,0
1425524,500000
1425525,619000
1425526,385000
1425528,600000
1425530,0
1425533,0
1425535,0
1425536,400000
1425540,150000
1425543,0
1425545,450000
1425548,400000
1425549,330800
1425556,463000
1425561,0
1425570,1085600
1425571,0
1425575,0
1425577,521400
1425579,1385000
1425582,0
1425586,785000
1425590,150000
1425605,150000
1425617,585000
1425622,250000
1425628,286700
1425630,460800
1425631,489500
1425633,284000
1425639,0
1425646,0
1425649,250000
1425651,450000
1425653,413000
1425657,1528400
1425659,344300
1425662,542500
1425672,434000
1425673,150000
1425689,350000
1425691,209500
1425692,477000
1425694,450000
1425695,150000
1425699,4946500
1425703,0
1425705,0
1425706,57600
1425712,499900
1425713,1210000
1425716,400000
1425717,0
1425723,434000
1425724,1682800
1425725,150000
1425726,550500
1425727,0
1425730,140000
1425734,650000
1425740,607600
1425742,0
1425743,0
1425756,854000
1425766,450000
1425769,300000
1425771,593300
1425777,0
1425778,204500
1425783,300000
1425789,150000
1425796,516200
1425801,483700
1425805,0
1425810,0
1425815,650300
1425819,0
1425829,0
1425830,197600
1425831,0
1425836,360500
1425844,300000
1425845,200000
1425851,403000
1425854,2884000
1425856,1731600
1425858,0
1425869,350000
1425870,0
1425871,518800
1425878,300000
1425879,0
1425881,730000
1425883,419300
1425887,0
1425889,378900
1425892,427900
1425897,400000
1425902,0
1425905,0
1425908,350000
1425913,0
1425919,0
1425921,137000
1425922,495000
1425935,1244200
1425936,0
1425939,0
1425941,600000
1425944,0
1425947,400000
1425954,0
1425966,130000
1425977,595200
1425979,1614300
1425981,0
1425983,552200
1425988,104000
1425989,0
1425991,141000
1426000,0
1426004,450000
1426005,910000
1426013,1535500
1426014,0
1426018,618400
1426024,0
1426027,0
1426032,0
1426033,70000
1426039,467500
1426044,350000
1426049,404100
1426054,350000
1426056,2000000
1426060,859900
1426061,0
1426062,0
1426066,404000
1426071,0
1426084,192400
1426094,500000
1426096,287600
1426097,0
1426099,2021300
1426100,2545400
1426109,350000
1426116,0
1426121,0
1426139,567800
1426143,250000
1426158,838300
1426161,0
1426162,730000
1426168,325000
1426171,222500
1426177,595000
1426202,0
1426204,600000
1426207,400000
1426208,150000
1426209,250000
1426217,400000
1426221,0
1426222,467500
1426223,0
1426228,1438400
1426234,467500
1426236,280000
1426237,355500
1426239,300000
1426244,0
1426252,557200
1426255,400000
1426256,650700
1426270,458500
1426276,979900
1426284,447200
1426286,493200
1426288,0
1426294,350000
1426300,0
1426304,0
1426314,331200
1426317,719600
1426319,788900
1426322,415000
1426325,459800
1426330,150000
1426333,250000
1426334,500000
1426338,0
1426340,0
1426344,0
1426346,150000
1426347,0
1426349,0
1426353,550000
1426359,844000
1426374,650000
1426375,256500
1426382,0
1426385,1138200
1426389,0
1426392,458500
1426395,0
1426400,400000
1426402,193000
1426406,350000
1426407,200000
1426410,600000
1426413,0
1426414,1329700
1426417,450000
1426418,378000
1426419,982500
1426422,400000
1426428,0
1426429,400000
1426430,1331000
1426444,150000
1426449,958500
1426452,0
1426457,439500
1426463,550000
1426465,901600
1426472,450000
1426477,150000
1426478,333600
1426489,450000
1426495,250000
1426496,122900
1426497,550000
1426498,278000
1426499,0
1426500,0
1426522,643600
1426527,400000
1426533,474000
1426535,592000
1426536,126600
1426538,0
1426539,0
1426546,450000
1426554,1051700
1426557,238000
1426559,310000
1426563,400000
1426567,692400
1426580,0
1426581,250000
1426585,365200
1426597,400000
1426602,440000
1426604,444500
1426605,417000
1426606,531500
1426609,0
1426610,400000
1426612,300000
1426613,0
1426618,427300
1426620,955000
1426624,0
1426626,150000
1426630,1142500
1426633,385000
1426638,0
1426639,0
1426645,500000
1426650,368000
1426655,400000
1426656,0
1426657,472000
1426661,150000
1426673,457600
1426675,676300
1426677,250000
1426680,350000
1426682,386800
1426684,286700
1426685,200000
1426687,0
1426691,0
1426709,300000
1426715,150000
1426717,700000
1426718,448000
1426719,1593600
1426723,150000
1426729,630000
1426734,178000
1426744,1265000
1426748,129500
1426749,150000
1426751,400000
1426752,0
1426760,450000
1426774,450000
1426777,0
1426782,0
1426783,446500
1426785,806800
1426787,571200
1426788,0
1426789,474500
1426796,150000
1426804,0
1426806,400000
1426813,0
1426817,350000
1426818,0
1426823,0
1426832,324000
1426837,350000
1426838,893000
1426840,28000
1426841,299000
1426842,250000
1426851,0
1426866,0
1426867,250000
1426870,372500
1426871,1116000
1426874,440000
1426875,250000
1426877,405000
1426879,725400
1426882,150000
1426889,250000
1426897,140000
1426904,86300
1426905,250000
1426908,0
1426910,537400
1426915,0
1426917,0
1426930,643600
1426934,400000
1426945,440000
1426950,460000
1426954,0
1426958,879000
1426964,374800
1426969,250000
1426970,400000
1426971,400000
1426972,0
1426975,0
1426980,0
1426990,405000
1426997,489600
1427000,0
1427005,344500
1427012,0
1427017,350000
1427022,0
1427034,485000
1427036,0
1427039,0
1427041,850000
1427046,259900
1427050,400000
1427062,796500
1427064,746000
1427067,705000
1427073,0
1427080,350000
1427083,611000
1427084,150000
1427085,0
1427089,600000
1427091,600000
1427093,0
1427097,164500
1427100,1057000
1427106,0
1427111,0
1427120,1035000
1427121,607000
1427122,625800
1427125,250000
1427126,345000
1427127,350000
1427131,150000
1427135,560000
1427136,397500
1427137,0
1427138,648300
1427139,0
1427140,128000
1427141,0
1427142,381500
1427149,613000
1427170,381000
1427172,0
1427173,306000
1427177,0
1427186,800000
1427197,164500
1427198,430000
1427199,448500
1427200,1345100
1427201,587000
1427209,0
1427210,0
1427211,740700
1427214,650000
1427215,1075300
1427218,346300
1427230,677400
1427233,400000
1427243,750000
1427244,350000
1427250,0
1427257,150000
1427259,0
1427266,477400
1427269,0
1427280,0
1427284,141000
1427291,250000
1427292,711600
1427296,0
1427299,231000
1427310,150000
1427330,455000
1427336,496800
1427339,0
1427340,398100
1427341,250000
1427346,0
1427349,1078200
1427355,172000
1427367,0
1427369,0
1427375,0
1427377,676500
1427381,0
1427386,356400
1427404,698000
1427405,417600
1427407,0
1427415,358400
1427419,760400
1427423,0
1427425,0
1427427,0
1427429,0
1427432,804600
1427436,494200
1427443,675000
1427456,0
1427465,485500
1427467,0
1427469,250000
1427471,332500
1427480,150000
1427485,550000
1427487,172100
1427493,150000
1427494,170000
1427495,488500
1427496,334100
1427504,665000
1427505,150000
1427511,723200
1427516,660000
1427529,250000
1427535,0
1427536,226200
1427539,0
1427556,0
1427557,1686000
1427559,550000
1427560,1326500
1427561,0
1427565,565000
1427570,0
1427574,0
1427575,450000
1427579,0
1427581,389600
1427585,189500
1427587,250000
1427589,525000
1427590,0
1427595,0
1427603,400000
1427617,150000
1427628,150000
1427635,0
1427637,250000
1427639,500000
1427653,433600
1427656,290000
1427659,0
1427661,150000
1427662,422500
1427664,377800
1427669,2176600
1427677,164500
1427689,87000
1427697,613200
1427706,337000
1427711,300000
1427716,450000
1427727,350000
1427731,760700
1427742,294000
1427747,400000
1427749,0
1427754,0
1427759,850000
1427761,0
1427763,250000
1427766,123300
1427771,0
1427773,450000
1427775,467500
1427779,695000
1427780,286700
1427789,1235100
1427794,500000
1427795,150000
1427796,300000
1427800,0
1427810,415000
1427823,0
1427844,0
1427858,0
1427859,197200
1427863,0
1427864,390200
1427871,200000
1427874,150000
1427878,0
1427881,350000
1427888,0
1427900,0
1427902,380000
1427908,1790200
1427919,622000
1427933,350000
1427934,0
1427936,150000
1427940,200000
1427941,0
1427949,250000
1427952,6059100
1427958,350000
1427964,640000
1427965,806900
1427966,257600
1427969,0
1427976,725000
1427977,0
1427980,0
1427981,1430000
1427988,610000
1427992,0
1428007,440000
1428008,193500
1428018,450000
1428024,350000
1428028,500000
1428029,350000
1428030,0
1428048,487700
1428049,440000
1428054,100000
1428059,1150000
1428064,250000
1428072,150000
1428076,1113600
1428085,738600
1428086,696000
1428090,150000
1428093,1910300
1428116,417500
1428118,500000
1428127,700000
1428131,1132700
1428137,1698700
1428139,150000
1428140,0
1428142,0
1428143,693100
1428144,0
1428150,582500
1428158,400000
1428165,0
1428172,200000
1428177,534300
1428185,637100
1428186,300000
1428187,250000
1428200,0
1428219,0
1428222,650000
1428226,441000
1428228,350000
1428231,800000
1428234,400000
1428237,400000
1428239,145000
1428241,0
1428243,750000
1428244,350000
1428245,0
1428252,1290000
1428257,442300
1428262,500000
1428263,0
1428266,350000
1428273,400000
1428275,398300
1428277,150000
1428284,0
1428292,550000
1428294,474800
1428300,0
1428308,350000
1428311,268000
1428318,150000
1428320,0
1428322,500000
1428327,467500
1428328,0
1428333,413000
1428340,653400
1428354,318500
1428357,0
1428365,0
1428371,0
1428376,200000
1428377,0
1428383,0
1428387,0
1428404,500000
1428406,674500
1428414,0
1428415,0
1428422,136000
1428427,475000
1428431,400000
1428433,0
1428435,941500
1428437,0
1428441,0
1428442,150000
1428445,676300
1428446,400000
1428451,0
1428462,1106000
1428463,250000
1428469,0
1428482,879500
1428487,150000
1428496,0
1428497,350000
1428514,1419000
1428516,150000
1428523,0
1428539,250000
1428547,150000
1428548,0
1428549,500000
1428551,567000
1428554,250000
1428567,900500
1428570,400000
1428573,350000
1428587,527000
1428592,463000
1428596,1333100
1428607,364000
1428614,400000
1428617,0
1428621,550000
1428624,0
1428631,0
1428648,0
1428653,849400
1428655,204800
1428665,389200
1428666,543100
1428670,400000
1428677,150000
1428678,327500
1428680,250000
1428683,0
1428707,0
1428709,150000
1428711,779700
1428715,150000
1428723,1019000
1428725,250000
1428735,209500
1428736,0
1428742,422000
1428745,800000
1428747,3261500
1428752,543100
1428761,400000
1428776,0
1428777,0
1428779,0
1428782,447200
1428784,0
1428788,0
1428794,600000
1428795,701500
1428796,0
1428803,441400
1428804,0
1428810,0
1428811,277500
1428814,407100
1428823,693100
1428836,209700
1428837,596300
1428838,712000
1428840,250000
1428842,0
1428844,855000
1428849,350000
1428852,450000
1428862,0
1428865,250000
1428867,0
1428879,964500
1428883,400000
1428901,250000
1428906,250000
1428915,477900
1428917,345800
1428919,0
1428923,250000
1428924,130000
1428928,971600
1428931,250000
1428932,1018000
1428937,1147700
1428942,100000
1428944,573000
1428953,453900
1428958,400000
1428961,400000
1428966,434000
1428968,157500
1428979,389000
1428988,0
1428992,539000
1428994,0
1428998,527400
1429001,250000
1429004,0
1429011,359600
1429014,467500
1429015,0
1429027,0
1429031,345500
1429033,350000
1429035,0
1429043,857000
1429052,343500
1429055,754000
1429080,250000
1429091,150000
1429092,0
1429106,150000
1429112,0
1429121,350000
1429124,350000
1429127,0
1429134,260000
1429138,400000
1429144,350000
1429150,0
1429152,150000
1429156,0
1429168,0
1429169,250000
1429170,0
1429171,483300
1429174,511600
1429184,0
1429187,464800
1429188,336600
1429189,315000
1429191,250000
1429198,405000
1429208,0
1429215,400000
1429218,1914500
1429219,200000
1429226,0
1429237,300000
1429248,350000
1429251,0
1429252,228500
1429259,2787200
1429265,0
1429269,1235000
1429272,100000
1429278,416900
1429284,250000
1429289,1763700
1429292,400000
1429294,417000
1429299,225000
1429303,225000
1429311,569100
1429319,250000
1429321,480000
1429331,563600
1429333,150000
1429335,350000
1429339,0
1429352,0
1429354,1439000
1429361,0
1429363,514500
1429365,2320000
1429366,809500
1429373,400000
1429374,400000
1429375,387300
1429382,0
1429387,300000
1429395,820000
1429399,0
1429401,400000
1429407,164500
1429409,150000
1429412,0
1429414,618000
1429416,500000
1429418,0
1429420,150000
1429423,150000
1429424,0
1429427,690500
1429438,417500
1429442,3712000
1429443,440000
1429444,0
1429453,250000
1429468,400000
1429470,650000
1429473,250000
1429480,0
1429484,0
1429487,400000
1429488,350000
1429505,250000
1429510,0
1429515,0
1429519,0
1429520,520000
1429526,330000
1429530,0
1429534,400000
1429535,1052200
1429540,400000
1429544,1525400
1429545,300000
1429546,350000
1429549,550000
1429551,609300
1429556,1027000
1429563,250000
1429577,905000
1429592,550000
1429601,400000
1429602,0
1429605,0
1429609,0
1429610,562800
1429622,0
1429627,400000
1429630,885000
1429632,150000
1429633,0
1429635,1083100
1429643,0
1429650,0
1429653,572000
1429655,216000
1429660,990000
1429665,128700
1429668,0
1429671,0
1429674,400000
1429683,437000
1429687,1594200
1429696,250000
1429697,292500
1429698,0
1429700,600000
1429701,2157500
1429703,0
1429709,164500
1429719,250000
1429726,0
1429727,173900
1429728,0
1429740,2135000
1429751,0
1429756,1129000
1429765,350000
1429766,4558200
1429771,250000
1429772,250000
1429777,450000
1429788,0
1429791,0
1429796,74900
1429800,500000
1429804,840500
1429808,170000
1429813,550000
1429819,0
1429831,0
1429855,650000
1429867,400000
1429875,0
1429893,147000
1429900,500000
1429902,0
1429919,250000
1429921,299000
1429930,650000
1429938,250000
1429948,663100
1429956,419800
1429957,0
1429958,142000
1429964,572000
1429969,350000
1429981,547800
1429988,0
1429993,150000
1430009,400000
1430018,656800
1430020,0
1430025,0
1430026,350000
1430027,1190700
1430030,0
1430032,400000
1430054,774900
1430061,350000
1430066,300000
1430076,250000
1430078,420000
1430093,431000
1430096,0
1430097,123500
1430100,400000
1430105,514500
1430116,553800
1430123,250000
1430126,524100
1430132,0
1430147,0
1430150,400000
1430151,0
1430155,250000
1430160,0
1430164,105000
1430173,150000
1430181,0
1430189,0
1430192,620000
1430195,0
1430196,350000
1430203,0
1430205,745000
1430212,0
1430213,479800
1430214,459400
1430222,300000
1430229,0
1430241,478800
1430245,455000
1430262,435500
1430273,0
1430278,1108000
1430283,796600
1430285,0
1430287,250000
1430291,350000
1430293,500000
1430295,0
1430299,385900
1430311,0
1430313,383500
1430317,481000
1430334,386700
1430371,294000
1430372,150000
1430375,250000
1430378,658800
1430383,1245000
1430408,557100
1430414,350000
1430417,250000
1430422,150000
1430431,460300
1430436,250000
1430450,400000
1430459,0
1430476,282000
1430478,0
1430480,0
1430492,79500
1430497,1035000
1430502,840300
1430505,1200000
1430506,0
1430507,470000
1430516,0
1430522,115500
1430523,644500
1430528,0
1430533,145000
1430537,0
1430539,0
1430542,500000
1430545,0
1430547,0
1430552,400000
1430554,250000
1430557,375000
1430563,430000
1430565,250000
1430566,150000
1430571,150000
1430573,580000
1430581,453600
1430601,637700
1430602,0
1430617,369500
1430624,492800
1430631,179800
1430633,790300
1430635,350000
1430636,450000
1430640,350000
1430641,250000
1430642,0
1430646,0
1430651,219800
1430664,305900
1430687,690000
1430693,364500
1430703,0
1430711,0
1430715,0
1430723,350000
1430727,0
1430731,0
1430739,384300
1430744,0
1430749,800000
1430751,384300
1430755,384300
1430759,384300
1430763,384300
1430774,325500
1430781,400000
1430782,0
1430791,0
1430794,483500
1430797,795000
1430799,450000
1430801,325500
1430815,325500
1430825,280000
1430833,1450000
1430837,937700
1430860,400000
1430867,927800
1430880,0
1430885,0
1430892,150000
1430899,0
1430921,484200
1430926,1698000
1430937,392000
1430938,0
1430942,150000
1430945,333000
1430954,1351300
1430964,450000
1430981,500000
1430989,500000
1430995,0
1431003,656300
1431033,300000
1431035,619800
1431043,420000
1431057,0
1431061,400000
1431063,982000
1431065,192900
1431070,150000
1431072,0
1431074,200000
1431077,65000
1431080,494500
1431081,1136000
1431083,0
1431096,270000
1431106,0
1431108,308000
1431116,0
1431125,549200
1431129,150000
1431131,400000
1431139,150000
1431145,792000
1431147,600000
1431153,150000
1431155,783000
1431167,250000
1431172,400000
1431177,0
1431192,480000
1431194,0
1431199,315000
1431204,150000
1431211,293800
1431216,0
1431218,400000
1431232,1039000
1431241,402000
1431242,0
1431243,1822200
1431245,0
1431248,0
1431254,618300
1431257,0
1431262,0
1431264,36000
1431265,168800
1431272,0
1431274,1070000
1431283,250000
1431305,0
1431307,481000
1431308,250000
1431310,0
1431316,442000
1431322,360000
1431325,575000
1431328,0
1431335,0
1431338,0
1431340,150000
1431352,150000
1431361,537500
1431362,625000
1431366,300000
1431368,300000
1431372,8153500
1431375,200000
1431380,325000
1431381,794500
1431390,400000
1431391,250000
1431393,444500
1431395,150000
1431396,71900
1431398,250000
1431402,0
1431434,377500
1431444,0
1431445,250000
1431446,320000
1431449,553500
1431452,250000
1431464,400000
1431465,350000
1431470,390000
1431472,0
1431479,0
1431493,537000
1431497,300000
1431501,460800
1431504,0
1431509,486000
1431510,0
1431517,150000
1431518,0
1431519,400000
1431521,0
1431523,150000
1431528,405700
1431532,1790000
1431536,549800
1431543,378000
1431548,449500
1431549,350000
1431550,134800
1431554,345000
1431555,2240200
1431558,315000
1431561,300000
1431572,275000
1431602,56000
1431605,408700
1431606,0
1431617,539000
1431624,2610400
1431632,496000
1431636,0
1431641,500000
1431643,0
1431647,350000
1431650,310000
1431655,0
1431659,307000
1431669,250000
1431682,400000
1431683,0
1431684,400000
1431692,712500
1431701,800000
1431702,150000
1431707,250000
1431720,1530600
1431722,520000
1431729,1519000
1431730,253500
1431735,0
1431737,550000
1431746,802500
1431749,250000
1431752,305000
1431757,500000
1431759,250000
1431765,350000
1431766,0
1431767,550000
1431771,634500
1431774,150000
1431776,350000
1431780,666700
1431781,150000
1431782,509700
1431786,0
1431790,377500
1431794,250000
1431797,580200
1431801,0
1431810,542400
1431813,700000
1431814,302600
1431816,250000
1431827,888900
1431833,0
1431835,250000
1431839,345000
1431854,335000
1431855,0
1431858,315000
1431862,753200
1431863,752500
1431871,1691000
1431872,344000
1431876,250000
1431886,250000
1431887,150000
1431890,362700
1431892,500000
1431894,335000
1431896,400000
1431900,278000
1431903,658600
1431904,0
1431906,482500
1431907,437000
1431915,250000
1431916,147000
1431917,150000
1431923,422000
1431929,370000
1431932,0
1431935,562400
1431936,966000
1431937,307700
1431945,0
1431958,150000
1431965,793000
1431971,250000
1431981,0
1431994,500000
1431995,250000
1431996,378000
1431998,450000
1432000,52700
1432001,331000
1432004,762000
1432009,0
1432010,481000
1432012,150000
1432020,458500
1432023,0
1432037,0
1432043,424000
1432047,342500
1432052,0
1432064,400000
1432077,205600
1432079,746000
1432080,550000
1432087,309000
1432088,349000
1432089,637800
1432097,0
1432111,761100
1432114,250000
1432119,400000
1432121,426300
1432124,150000
1432125,0
1432127,150000
1432128,582500
1432131,676300
1432132,686100
1432135,0
1432136,481000
1432141,789400
1432143,0
1432144,436000
1432148,345500
1432149,686100
1432156,0
1432157,1384300
1432160,450000
1432161,618700
1432162,467500
1432165,586700
1432169,200000
1432171,349500
1432172,0
1432174,450000
1432175,643800
1432184,0
1432185,323600
1432190,515000
1432191,0
1432193,700000
1432195,0
1432198,544000
1432201,350000
1432202,150000
1432209,0
1432211,536000
1432212,713500
1432215,0
1432220,315000
1432226,400000
1432228,1330800
1432233,565100
1432234,0
1432238,422000
1432240,660500
1432241,400000
1432242,323800
1432248,0
1432253,645000
1432257,485500
1432271,500000
1432272,757700
1432278,1054400
1432287,313000
1432292,0
1432295,550000
1432310,0
1432313,711300
1432317,490000
1432324,629900
1432336,744300
1432343,0
1432353,483800
1432355,0
1432357,0
1432366,0
1432378,0
1432380,439600
1432383,350000
1432396,929500
1432406,450000
1432407,450000
1432409,0
1432410,300000
1432411,402200
1432412,0
1432419,477000
1432421,350000
1432428,0
1432431,400000
1432435,467500
1432444,456300
1432449,250000
1432454,500000
1432462,350000
1432465,350000
1432466,670000
1432471,450000
1432474,837000
1432476,0
1432478,517300
1432479,0
1432483,400000
1432486,343000
1432496,150000
1432500,350000
1432504,488100
1432505,768100
1432512,515000
1432516,333800
1432518,479300
1432519,415200
1432524,0
1432531,476500
1432533,611300
1432535,1473400
1432536,464000
1432539,400000
1432540,477400
1432542,799000
1432554,353000
1432559,398700
1432560,350000
1432562,500000
1432566,286700
1432568,350000
1432569,350000
1432571,520000
1432574,470000
1432576,350000
1432581,580000
1432585,400000
1432590,0
1432593,0
1432594,0
1432595,150000
1432596,543900
1432600,0
1432601,482500
1432605,445800
1432609,298000
1432611,150000
1432612,0
1432616,0
1432619,0
1432628,527100
1432629,1241400
1432630,458600
1432640,150000
1432641,745000
1432646,650000
1432656,614100
1432658,632100
1432662,695000
1432670,0
1432673,478200
1432676,720000
1432677,479300
1432679,0
1432682,150000
1432699,448700
1432708,0
1432709,0
1432716,800000
1432720,249900
1432726,0
1432730,1414000
1432735,650000
1432737,514000
1432741,150000
1432744,451000
1432756,535600
1432765,479700
1432772,2225100
1432781,1523800
1432785,250000
1432790,957000
1432793,624700
1432803,336000
1432806,1987800
1432809,473000
1432816,323800
1432822,932500
1432825,400000
1432827,250000
1432828,435600
1432833,0
1432835,400000
1432838,832600
1432841,500000
1432847,400000
1432852,311500
1432863,473800
1432865,0
1432868,764600
1432870,635500
1432871,0
1432875,850500
1432876,0
1432878,479300
1432883,1430400
1432896,400000
1432898,412900
1432905,467500
1432910,0
1432911,0
1432923,550000
1432925,361400
1432926,0
1432927,325000
1432934,0
1432940,440000
1432941,400000
1432942,0
1432952,400000
1432953,400000
1432956,461000
1432960,16000
1432967,400000
1432971,400000
1432974,100000
1432975,460800
1432981,682700
1432987,644700
1432994,0
1432999,690000
1433000,485500
1433001,190000
1433005,350000
1433007,369600
1433015,550000
1433017,521000
1433022,800000
1433026,356800
1433029,460500
1433033,245700
1433034,546600
1433037,0
1433043,410300
1433046,0
1433047,0
1433048,400000
1433052,300000
1433053,150000
1433054,1479100
1433056,386400
1433062,1468000
1433077,250000
1433079,415000
1433083,707100
1433090,413000
1433091,348500
1433092,794800
1433093,0
1433100,0
1433101,514000
1433103,500000
1433105,210000
1433108,969200
1433112,825000
1433114,595000
1433117,889800
1433121,500000
1433143,352400
1433144,0
1433147,358100
1433155,0
1433156,445800
1433159,150000
1433162,894800
1433163,823900
1433169,500000
1433181,391500
1433186,0
1433187,690000
1433194,0
1433205,170000
1433211,672300
1433216,400000
1433220,0
1433223,553000
1433225,350000
1433228,350000
1433230,500000
1433241,475600
1433242,388800
1433251,1302400
1433253,665400
1433254,400000
1433255,725500
1433263,1192600
1433267,450000
1433270,747000
1433271,0
1433274,458500
1433275,250000
1433278,150000
1433280,200000
1433282,467200
1433284,4172600
1433291,481000
1433295,180000
1433296,650000
1433298,0
1433303,0
1433306,400000
1433311,0
1433315,357600
1433316,872800
1433326,693600
1433327,0
1433335,150000
1433336,0
1433339,0
1433341,500000
1433342,766700
1433347,1015700
1433359,1837000
1433369,1325300
1433371,890400
1433372,400000
1433374,678000
1433375,365200
1433376,0
1433378,0
1433380,500000
1433383,932600
1433385,0
1433386,0
1433389,435400
1433390,820000
1433399,500000
1433403,0
1433406,3158400
1433412,537900
1433413,700000
1433415,416600
1433417,0
1433418,500000
1433419,334000
1433421,0
1433422,1118000
1433425,332500
1433429,364500
1433436,400000
1433438,200000
1433446,350000
1433448,494700
1433452,1556000
1433458,0
1433462,150000
1433464,288900
1433470,772200
1433471,0
1433476,529100
1433477,0
1433481,150000
1433490,463900
1433493,164500
1433497,0
1433504,404000
1433511,464000
1433514,0
1433517,0
1433519,765200
1433521,263300
1433523,0
1433525,950000
1433526,0
1433527,625900
1433529,343000
1433530,400000
1433538,419500
1433546,382400
1433551,646200
1433553,500000
1433555,440000
1433568,0
1433577,481500
1433578,150000
1433583,0
1433587,400000
1433590,500000
1433592,499000
1433593,150000
1433604,200000
1433607,400000
1433612,669000
1433613,353200
1433615,250000
1433618,0
1433623,400000
1433626,0
1433632,743000
1433634,0
1433640,852000
1433642,861500
1433644,0
1433646,150000
1433647,500000
1433660,439500
1433661,0
1433662,550000
1433663,250000
1433677,443500
1433680,485500
1433682,1559500
1433684,150000
1433687,476500
1433707,500000
1433708,416000
1433712,100000
1433714,500000
1433715,280000
1433716,290000
1433717,199400
1433719,590500
1433721,698500
1433727,286700
1433732,0
1433745,400000
1433746,300000
1433752,469300
1433755,445800
1433759,1284200
1433761,0
1433768,400000
1433770,0
1433773,400000
1433777,623000
1433779,150000
1433783,150000
1433786,563500
1433789,150000
1433797,400000
1433798,0
1433808,656300
1433810,567200
1433811,400000
1433814,500000
1433815,0
1433817,50000
1433823,450000
1433824,0
1433826,0
1433827,0
1433833,400000
1433835,570800
1433838,60000
1433840,150000
1433841,0
1433842,0
1433846,400000
1433849,482500
1433850,345500
1433861,0
1433863,400000
1433864,820000
1433876,505100
1433884,350000
1433906,0
1433913,350000
1433918,422900
1433922,365400
1433928,800000
1433940,733500
1433941,0
1433950,1100000
1433951,0
1433952,419300
1433959,779800
1433961,664000
1433963,450000
1433969,347600
1433971,727600
1433981,639000
1433982,350000
1433984,1908300
1433991,500000
1433994,458000
1433995,0
1433996,150000
1433999,24000
1434006,0
1434010,905500
1434011,930000
1434013,1269100
1434015,350000
1434022,159000
1434026,400000
1434027,412500
1434041,750000
1434050,583300
1434051,350000
1434052,414600
1434055,1452600
1434056,382300
1434061,600000
1434064,0
1434066,0
1434068,0
1434069,0
1434070,144000
1434092,1477300
1434107,350000
1434115,577500
1434117,450400
1434123,500000
1434125,400000
1434137,400000
1434138,849400
1434144,0
1434148,400000
1434150,0
1434153,468900
1434157,397500
1434158,0
1434167,400000
1434171,0
1434174,400000
1434178,1040100
1434180,0
1434187,140000
1434188,0
1434192,0
1434197,1728000
1434198,426800
1434201,0
1434204,150000
1434210,2277000
1434228,350000
1434231,350000
1434237,150000
1434251,463000
1434253,561300
1434254,350000
1434264,395000
1434270,400000
1434271,806000
1434274,396000
1434277,350000
1434278,0
1434279,310000
1434281,0
1434282,963500
1434298,77700
1434301,1033500
1434306,0
1434307,350000
1434313,0
1434318,1020000
1434321,467500
1434322,799400
1434326,497700
1434329,386500
1434331,0
1434333,413400
1434337,990000
1434338,690000
1434340,0
1434342,605000
1434343,494800
1434351,0
1434356,0
1434360,400000
1434364,364500
1434368,969900
1434370,400000
1434375,400000
1434377,437400
1434378,416700
1434381,2500000
1434382,1028000
1434383,500000
1434386,431900
1434387,476500
1434390,120000
1434398,458500
1434405,1500500
1434406,443500
1434410,795300
1434412,450000
1434413,810000
1434414,0
1434418,0
1434422,0
1434423,500000
1434425,550000
1434429,1645400
1434430,398000
1434435,0
1434438,767500
1434441,350000
1434444,474300
1434446,450000
1434448,0
1434450,1538200
1434452,384300
1434453,400000
1434457,500000
1434461,536600
1434464,350000
1434465,0
1434474,349000
1434480,840000
1434481,400000
1434482,435000
1434486,418500
1434487,0
1434497,240000
1434498,385000
1434499,627700
1434508,400000
1434509,550000
1434511,565000
1434514,450000
1434516,0
1434517,416000
1434520,950000
1434534,550000
1434535,254300
1434537,750000
1434538,594500
1434541,272100
1434547,345800
1434550,303000
1434554,450000
1434556,454000
1434557,0
1434558,444500
1434559,319600
1434560,450000
1434569,378000
1434574,411500
1434585,478500
1434587,0
1434588,400000
1434589,0
1434594,500000
1434597,200000
1434606,0
1434607,550000
1434610,0
1434611,377700
1434612,400000
1434613,405000
1434615,574800
1434617,1400000
1434619,385000
1434620,450000
1434624,194600
1434628,1239300
1434632,662600
1434643,450400
1434646,483300
1434650,351000
1434655,431000
1434657,471500
1434662,150000
1434663,473800
1434664,400000
1434668,399000
1434670,617100
1434673,474300
1434676,350000
1434677,575700
1434678,655000
1434684,0
1434689,0
1434691,562600
1434694,150000
1434701,405000
1434703,0
1434710,400000
1434712,0
1434729,380800
1434733,447300
1434737,85100
1434738,150000
1434740,1780000
1434749,647000
1434750,468400
1434752,479700
1434753,986400
1434755,150000
1434756,405000
1434759,378400
1434760,399000
1434762,550000
1434765,0
1434766,0
1434767,793600
1434770,500000
1434771,400000
1434774,400000
1434775,450000
1434776,1476500
1434778,1047800
1434780,352000
1434786,0
1434788,725900
1434790,0
1434791,700000
1434800,500000
1434802,621500
1434804,150000
1434816,400000
1434824,1023000
1434833,336000
1434838,406500
1434839,400000
1434842,350000
1434844,425300
1434850,0
1434862,660000
1434866,0
1434868,775600
1434871,644500
1434873,1637000
1434877,492000
1434881,300000
1434885,0
1434894,955500
1434899,1240400
1434902,1344000
1434903,400000
1434906,400000
1434911,330600
1434916,0
1434918,400000
1434920,359600
1434927,0
1434932,423800
1434933,1074000
1434934,447900
1434938,350000
1434940,500000
1434941,0
1434943,400000
1434945,921500
1434949,349000
1434951,180000
1434952,0
1434953,497500
1434959,500000
1434960,0
1434964,0
1434968,500000
1434969,400000
1434970,500000
1434972,378400
1434985,387500
1434988,400000
1434989,150000
1435002,705000
1435010,392300
1435014,800000
1435017,150000
1435020,15000
1435022,400000
1435034,388600
1435040,560800
1435042,250000
1435043,400000
1435046,482200
1435048,400000
1435051,400000
1435052,700000
1435053,512000
1435062,433300
1435065,300000
1435071,350000
1435077,747600
1435078,463900
1435080,492300
1435081,449000
1435083,400000
1435086,0
1435087,390100
1435093,412300
1435096,0
1435097,315000
1435102,500000
1435103,0
1435114,0
1435115,372100
1435117,754000
1435118,239800
1435133,323800
1435145,330800
1435148,423700
1435150,545200
1435151,599500
1435155,300000
1435156,743000
1435161,413000
1435169,505000
1435178,0
1435180,389300
1435181,406300
1435184,542000
1435189,293300
1435195,0
1435198,630000
1435201,351000
1435203,474300
1435214,250000
1435217,363300
1435219,500000
1435222,150000
1435224,650000
1435225,496000
1435227,400000
1435229,385000
1435239,0
1435243,0
1435245,645500
1435246,230000
1435254,466800
1435255,1017500
1435263,622000
1435266,0
1435275,373000
1435283,303000
1435284,150000
1435296,1396000
1435297,200000
1435302,500000
1435304,493500
1435310,500000
1435311,0
1435317,476500
1435318,415000
1435330,481000
1435334,0
1435336,467500
1435337,454000
1435342,598000
1435343,500000
1435348,170000
1435360,450000
1435362,400000
1435363,0
1435366,1481100
1435383,2398000
1435385,359200
1435388,450000
1435392,649000
1435398,500000
1435405,454000
1435409,0
1435415,400000
1435416,897000
1435425,0
1435431,400000
1435432,478500
1435434,364700
1435436,1565000
1435439,483300
1435441,0
1435459,187200
1435468,734800
1435472,500000
1435490,0
1435493,350000
1435494,300000
1435497,400000
1435508,350000
1435512,286700
1435513,164500
1435521,700000
1435529,450000
1435534,604000
1435535,0
1435536,0
1435537,150000
1435540,3844100
1435546,1010000
1435548,700000
1435549,554000
1435551,450400
1435552,0
1435553,0
1435556,0
1435558,350000
1435567,422600
1435573,0
1435574,500000
1435579,400000
1435580,2000000
1435587,500000
1435595,0
1435596,0
1435598,0
1435602,0
1435603,200000
1435605,500000
1435606,0
1435608,688000
1435609,0
1435610,2426000
1435611,490000
1435613,200000
1435615,419200
1435617,315000
1435625,467500
1435627,0
1435630,840000
1435633,1453100
1435636,400000
1435640,373500
1435642,495500
1435654,0
1435655,997000
1435656,384300
1435663,400000
1435669,544000
1435675,400000
1435677,776200
1435682,129800
1435690,0
1435694,140000
1435696,740800
1435699,500000
1435700,700000
1435703,150000
1435705,519300
1435708,0
1435709,0
1435710,351200
1435719,682500
1435730,586300
1435736,400000
1435737,345500
1435739,0
1435747,425900
1435748,388800
1435758,0
1435762,0
1435766,350000
1435770,450000
1435773,450000
1435777,0
1435781,280000
1435783,400000
1435797,1949300
1435815,393700
1435816,346500
1435820,345500
1435822,0
1435827,650000
1435828,0
1435831,150000
1435835,822500
1435844,550000
1435846,443500
1435848,481500
1435852,0
1435853,0
1435855,0
1435859,715100
1435863,753500
1435871,0
1435872,490000
1435893,400000
1435894,346500
1435898,483700
1435901,902500
1435903,1096500
1435904,458500
1435906,400000
1435908,483700
1435909,250000
1435910,0
1435914,635000
1435922,1085600
1435924,350000
1435926,329000
1435929,350000
1435944,700000
1435945,427400
1435946,481000
1435948,237500
1435956,1091000
1435967,190000
1435969,250000
1435974,467500
1435980,0
1435981,142600
1435988,300000
1435989,310300
1435991,400000
1435998,927000
1436000,0
1436001,0
1436002,250000
1436010,367500
1436012,385500
1436018,545500
1436019,372000
1436020,450000
1436047,346500
1436049,400000
1436050,382500
1436055,275000
1436056,400000
1436058,0
1436064,0
1436065,0
1436066,906100
1436071,587000
1436078,0
1436080,300000
1436083,400000
1436087,450000
1436088,355500
1436092,417200
1436115,2041000
1436124,0
1436131,222500
1436137,291500
1436147,386700
1436150,478800
1436154,400000
1436155,0
1436157,0
1436162,700000
1436166,0
1436181,350000
1436183,0
1436184,440500
1436187,446800
1436190,330000
1436192,500000
1436194,188000
1436200,420800
1436201,350000
1436202,158800
1436203,485500
1436205,136500
1436207,250000
1436216,180000
1436217,250000
1436233,165000
1436236,400000
1436239,150000
1436241,496000
1436258,400000
1436259,0
1436269,312500
1436273,0
1436275,420300
1436285,399000
1436297,250000
1436298,376500
1436300,493600
1436302,400000
1436303,428800
1436304,350000
1436307,568200
1436318,90000
1436327,40500
1436328,150000
1436329,705900
1436333,449500
1436338,473800
1436354,150000
1436361,0
1436367,443500
1436371,350000
1436380,529900
1436386,0
1436387,0
1436390,400000
1436406,377300
1436409,354500
1436410,150000
1436412,500000
1436414,441500
1436416,467500
1436426,1192000
1436427,496000
1436433,457000
1436441,1000000
1436446,340300
1436449,750000
1436452,693800
1436453,190000
1436460,434000
1436474,0
1436479,617500
1436483,450000
1436484,581000
1436493,250000
1436495,463500
1436500,874300
1436503,1102000
1436504,1029000
1436505,548000
1436507,320000
1436508,0
1436517,847700
1436522,481000
1436532,637200
1436543,728200
1436559,350000
1436584,0
1436589,280000
1436596,496000
1436600,886000
1436602,350000
1436603,250000
1436612,0
1436615,500000
1436616,0
1436622,564300
1436623,468700
1436624,325200
1436630,422000
1436640,0
1436643,578500
1436648,279000
1436655,332500
1436658,28700
1436660,496000
1436688,175000
1436696,0
1436698,482800
1436700,0
1436701,150000
1436705,380300
1436706,381500
1436707,1607900
1436708,0
1436710,294000
1436721,600000
1436733,500000
1436737,629900
1436738,0
1436740,332500
1436744,554000
1436746,0
1436752,400000
1436754,545000
1436755,480000
1436760,2249400
1436762,891300
1436772,150000
1436780,280000
1436785,357000
1436786,623000
1436790,198700
1436798,0
1436799,445500
1436800,0
1436814,500000
1436817,145500
1436825,382900
1436827,147000
1436832,632500
1436834,426000
1436835,495000
1436836,400000
1436839,0
1436840,0
1436842,0
1436843,400000
1436849,850000
1436852,0
1436860,859900
1436862,250000
1436864,0
1436869,150000
1436873,0
1436874,414000
1436878,400000
1436881,150000
1436889,400000
1436890,0
1436892,404000
1436897,300000
1436905,2042000
1436907,0
1436911,495500
1436913,317700
1436921,0
1436923,450000
1436926,150000
1436927,750000
1436930,900800
1436931,450000
1436935,406500
1436943,400000
1436947,0
1436955,445000
1436961,450000
1436965,500000
1436969,0
1436970,525000
1436973,40000
1436974,692700
1436979,438400
1436980,229000
1436984,0
1436986,571600
1436988,780500
1436989,400000
1437001,0
1437005,450000
1437006,100000
1437007,345500
1437008,400000
1437013,150000
1437015,0
1437016,725000
1437018,455500
1437021,4355100
1437024,0
1437027,1297500
1437028,400000
1437030,314300
1437038,0
1437039,250000
1437046,212400
1437055,472000
1437057,975400
1437058,100000
1437059,280000
1437060,0
1437064,1921500
1437069,400000
1437070,572000
1437073,0
1437075,400000
1437079,457000
1437082,0
1437085,640000
1437088,142000
1437093,1115500
1437097,690000
1437109,509700
1437111,400000
1437118,550000
1437123,0
1437126,503000
1437128,687000
1437129,675000
1437131,305000
1437140,500000
1437147,1036500
1437148,1200000
1437149,0
1437152,0
1437160,417500
1437170,400000
1437176,400000
1437195,400000
1437196,0
1437212,467500
1437214,300000
1437217,0
1437222,760000
1437224,554000
1437225,445800
1437226,0
1437228,500000
1437229,0
1437231,0
1437232,1344300
1437234,0
1437238,195000
1437242,0
1437244,499900
1437245,636000
1437247,626200
1437250,530000
1437257,347500
1437263,450000
1437267,0
1437268,436000
1437269,209500
1437274,556800
1437283,630500
1437285,705000
1437288,480100
1437290,373500
1437294,0
1437298,400000
1437310,750600
1437311,470700
1437315,400000
1437318,490000
1437323,1168100
1437331,428800
1437333,1124800
1437335,250000
1437336,323800
1437339,347300
1437343,400000
1437345,1894800
1437346,0
1437350,0
1437353,350000
1437355,374000
1437356,600000
1437362,310000
1437364,550000
1437369,669100
1437370,400000
1437374,2819100
1437376,150000
1437379,353300
1437380,0
1437381,589500
1437385,0
1437390,750000
1437395,0
1437396,305000
1437404,550000
1437427,300000
1437435,386200
1437443,34400
1437444,0
1437446,400000
1437449,410800
1437450,374000
1437451,855600
1437453,0
1437463,0
1437470,401800
1437471,350000
1437473,500000
1437474,239900
1437477,209700
1437481,450000
1437483,0
1437486,0
1437495,1401500
1437496,0
1437497,347400
1437499,849800
1437510,490000
1437511,310200
1437512,500000
1437513,160000
1437516,0
1437520,151000
1437525,369800
1437527,553500
1437528,0
1437543,761000
1437554,400000
1437555,556500
1437559,585000
1437561,498800
1437566,1802000
1437571,350000
1437587,550000
1437588,820300
1437590,400000
1437596,0
1437615,172500
1437619,350000
1437625,664800
1437627,0
1437628,547500
1437630,150000
1437642,450000
1437645,500000
1437648,98700
1437649,600000
1437651,401800
1437665,250000
1437666,142000
1437667,842600
1437668,625500
1437676,723500
1437677,0
1437682,0
1437684,0
1437687,650000
1437689,150000
1437690,372400
1437698,1418300
1437701,250000
1437704,799000
1437709,150000
1437714,462000
1437718,419800
1437719,400000
1437720,0
1437725,781000
1437727,0
1437742,275000
1437743,0
1437746,0
1437748,382700
1437756,631000
1437761,464000
1437768,150000
1437772,0
1437773,0
1437779,0
1437783,754300
1437788,300000
1437790,140000
1437791,400000
1437801,405500
1437803,550000
1437808,355500
1437810,150000
1437831,1400000
1437834,180000
1437838,0
1437840,120000
1437843,325500
1437851,400000
1437863,350000
1437867,250000
1437875,300000
1437880,400000
1437890,465000
1437895,250000
1437897,0
1437899,0
1437900,0
1437907,116100
1437917,343000
1437921,300000
1437922,727800
1437929,150000
1437932,0
1437934,550000
1437939,732000
1437952,500000
1437954,400000
1437959,550000
1437960,105000
1437961,0
1437972,0
1437979,448500
1437983,954700
1437988,450000
1437994,461700
1437995,460800
1438007,0
1438014,472500
1438015,439600
1438016,353800
1438020,470500
1438022,150000
1438033,750200
1438037,573600
1438039,543800
1438046,498300
1438050,810800
1438059,393800
1438063,0
1438072,378500
1438075,399000
1438079,492300
1438081,406000
1438088,0
1438090,0
1438091,623500
1438094,0
1438096,527600
1438103,350000
1438104,450500
1438105,550000
1438113,199500
1438118,504300
1438119,696500
1438120,140000
1438124,150000
1438126,1223300
1438129,400000
1438132,350000
1438135,0
1438141,680000
1438144,427000
1438151,646000
1438152,255000
1438154,690000
1438155,175000
1438157,731100
1438160,0
1438180,250000
1438181,0
1438186,395000
1438190,48000
1438202,0
1438213,899000
1438215,350000
1438217,245700
1438218,650000
1438220,472000
1438227,601300
1438229,0
1438238,650000
1438241,250000
1438243,250000
1438244,0
1438249,300000
1438250,450000
1438251,239600
1438253,70000
1438258,498300
1438265,0
1438266,1042300
1438271,380700
1438274,417500
1438275,250000
1438278,0
1438283,450000
1438285,300000
1438287,550000
1438297,538300
1438299,471500
1438300,0
1438305,350000
1438307,400000
1438309,124000
1438320,0
1438323,0
1438332,0
1438333,470200
1438335,546000
1438344,350000
1438345,1217400
1438352,513500
1438358,150000
1438380,472800
1438387,400000
1438394,1531200
1438396,399900
1438402,0
1438405,1792000
1438409,150000
1438418,461200
1438427,240000
1438431,0
1438432,400000
1438442,0
1438450,0
1438451,467200
1438457,0
1438459,704500
1438460,0
1438463,405000
1438473,1151400
1438482,394000
1438494,828000
1438495,405000
1438499,2011200
1438502,0
1438503,786700
1438505,400000
1438506,450000
1438522,765800
1438526,350000
1438529,701300
1438530,0
1438535,1008000
1438537,0
1438540,500000
1438547,400000
1438559,2145500
1438565,464300
1438566,400000
1438580,1122400
1438587,400000
1438588,0
1438589,882900
1438595,250000
1438600,815800
1438603,524300
1438605,558500
1438609,0
1438611,350000
1438614,3142000
1438616,493700
1438621,554500
1438623,0
1438630,492000
1438632,490000
1438638,350000
1438640,500000
1438641,372600
1438642,150000
1438650,0
1438653,1371800
1438654,430300
1438657,385000
1438658,400000
1438669,1418900
1438670,1142500
1438671,0
1438673,448000
1438680,400000
1438683,200000
1438692,400000
1438707,371200
1438712,400000
1438716,529000
1438720,150000
1438735,350000
1438742,1800000
1438754,0
1438760,500000
1438773,550000
1438774,350000
1438776,641100
1438781,400000
1438782,2950000
1438785,1439500
1438801,0
1438803,144000
1438804,0
1438811,800000
1438812,400000
1438818,446400
1438824,542000
1438834,500000
1438837,485500
1438839,150000
1438844,400000
1438850,400000
1438852,500000
1438855,0
1438856,381000
1438862,400000
1438864,500000
1438872,150000
1438874,1433300
1438877,1100000
1438880,867500
1438882,450000
1438884,547500
1438889,800800
1438891,474300
1438893,495500
1438895,409800
1438900,400000
1438901,610900
1438906,450000
1438916,571100
1438917,886000
1438919,400000
1438921,300000
1438928,1444800
1438929,194000
1438933,535000
1438940,0
1438941,459700
1438942,365800
1438945,703300
1438953,550000
1438955,521000
1438957,708500
1438960,400000
1438965,150000
1438968,262000
1438971,649000
1438974,0
1438975,455500
1438981,680000
1438982,339000
1438983,508700
1438992,532000
1438993,0
1438995,0
1438997,498300
1439001,0
1439003,0
1439004,0
1439008,0
1439021,293300
1439022,0
1439023,400000
1439026,514100
1439027,150000
1439034,676000
1439043,0
1439050,352400
1439056,385000
1439059,550000
1439065,0
1439068,373500
1439071,350000
1439072,900000
1439074,422000
1439078,0
1439079,209500
1439082,563500
1439084,400000
1439089,400000
1439092,150000
1439093,286700
1439097,400000
1439099,400000
1439104,0
1439105,722800
1439106,280000
1439111,100000
1439115,474300
1439123,400000
1439126,417500
1439132,400000
1439135,0
1439138,150000
1439139,459200
1439140,250000
1439145,481000
1439147,2068500
1439150,637800
1439151,498300
1439157,498300
1439160,665000
1439164,838000
1439165,400000
1439169,472900
1439170,350000
1439173,537500
1439174,397000
1439179,343000
1439181,769000
1439185,437400
1439189,450000
1439192,0
1439195,381600
1439197,0
1439198,659500
1439199,0
1439203,427000
1439204,420800
1439216,2699600
1439222,390000
1439228,0
1439233,525000
1439234,150000
1439236,350000
1439237,1159500
1439242,150000
1439248,350000
1439250,550000
1439251,0
1439256,0
1439267,0
1439269,0
1439271,1500600
1439273,0
1439274,0
1439276,900000
1439279,450000
1439281,0
1439283,524500
1439285,868700
1439287,155400
1439295,472800
1439303,0
1439304,0
1439306,0
1439308,422000
1439313,400000
1439325,450000
1439331,400000
1439337,450000
1439347,0
1439349,467500
1439355,405000
1439360,1342600
1439368,676000
1439384,0
1439386,495400
1439388,550000
1439391,482000
1439402,0
1439407,381500
1439409,642000
1439410,682000
1439412,0
1439417,250000
1439418,0
1439421,469800
1439424,800000
1439425,440000
1439435,0
1439441,450000
1439445,400000
1439446,0
1439447,0
1439452,0
1439462,400000
1439463,792100
1439465,0
1439467,150000
1439475,581500
1439477,150000
1439480,413500
1439487,1320000
1439488,634800
1439501,500000
1439504,408100
1439507,350000
1439509,418300
1439511,498300
1439519,4876000
1439522,0
1439524,500000
1439526,0
1439531,332500
1439533,481000
1439535,150000
1439538,440500
1439546,3040200
1439548,0
1439550,400000
1439552,894800
1439556,467500
1439560,0
1439563,208000
1439567,0
1439568,476500
1439570,647400
1439571,446300
1439573,512500
1439575,644000
1439576,389200
1439587,0
1439588,0
1439590,650000
1439592,466800
1439593,393800
1439595,0
1439596,345500
1439598,637000
1439600,450000
1439606,0
1439607,498300
1439610,315000
1439614,528600
1439624,0
1439625,500000
1439633,467500
1439635,400000
1439645,400000
1439646,0
1439658,400000
1439659,384800
1439666,969000
1439670,0
1439675,550000
1439679,350000
1439680,150000
1439683,0
1439688,0
1439690,950800
1439692,400000
1439697,0
1439699,0
1439703,478000
1439704,400000
1439705,0
1439706,0
1439708,500000
1439711,150000
1439714,850000
1439716,1412400
1439722,794000
1439727,463000
1439730,0
1439735,1224800
1439736,0
1439738,450000
1439741,356700
1439745,150000
1439746,600000
1439749,0
1439751,858100
1439757,307100
1439763,400000
1439764,100000
1439772,1500000
1439773,0
1439777,457000
1439782,0
1439784,595000
1439790,0
1439791,548000
1439793,445000
1439797,200000
1439800,469300
1439805,748300
1439810,385000
1439813,0
1439825,375900
1439826,532000
1439829,0
1439830,500000
1439833,500000
1439836,0
1439837,556900
1439841,350000
1439843,0
1439845,0
1439847,345500
1439854,280000
1439858,0
1439861,250000
1439862,409800
1439865,563500
1439874,565800
1439875,611200
1439877,450000
1439879,467500
1439882,0
1439890,0
1439893,293300
1439897,400000
1439901,0
1439909,498800
1439912,550000
1439914,423200
1439918,450000
1439933,650000
1439942,539800
1439945,138000
1439956,549000
1439959,705000
1439970,0
1439971,513500
1439975,170000
1439983,0
1439998,600000
1440000,617500
1440001,0
1440002,498300
1440006,445000
1440015,250000
1440017,350000
1440020,292600
1440025,574300
1440027,0
1440043,150000
1440044,425900
1440046,756100
1440077,345500
1440078,0
1440081,2090000
1440091,400000
1440093,982100
1440098,554000
1440102,499000
1440103,450000
1440105,704500
1440113,445000
1440114,550000
1440120,704000
1440121,937900
1440122,400000
1440123,530000
1440127,0
1440131,345500
1440133,150000
1440135,500000
1440141,0
1440144,568000
1440146,547000
1440162,0
1440165,657000
1440169,574200
1440172,418900
1440176,0
1440185,600000
1440188,550400
1440190,1058200
1440191,610000
1440192,0
1440194,332500
1440196,1750000
1440201,427900
1440208,400000
1440213,0
1440215,0
1440218,344500
1440219,400000
1440220,424300
1440222,0
1440224,367500
1440230,500000
1440232,660400
1440239,450000
1440240,498300
1440241,817300
1440245,704700
1440246,0
1440252,391600
1440259,550000
1440264,750000
1440268,345500
1440273,442200
1440275,485500
1440286,400000
1440289,1141500
1440293,463900
1440294,890000
1440299,0
1440319,721000
1440320,464000
1440329,1428600
1440330,350000
1440336,448600
1440343,0
1440344,131600
1440349,500000
1440355,400000
1440357,150000
1440363,400000
1440377,400000
1440381,400000
1440383,396500
1440388,463000
1440392,404700
1440393,608500
1440403,150000
1440404,414000
1440407,755000
1440410,0
1440420,0
1440429,439600
1440434,0
1440435,435500
1440440,543800
1440441,250000
1440445,434300
1440450,0
1440455,205000
1440458,500000
1440461,692600
1440466,538400
1440471,790100
1440477,506500
1440488,340800
1440489,750000
1440496,2850000
1440507,150000
1440514,438900
1440517,396500
1440521,502300
1440531,400000
1440537,431500
1440539,358100
1440541,350000
1440543,423000
1440549,700000
1440551,440000
1440556,0
1440557,116000
1440563,0
1440585,350000
1440587,150000
1440588,400000
1440611,344800
1440615,189500
1440616,400000
1440619,0
1440627,0
1440632,0
1440635,760000
1440639,0
1440647,500000
1440651,540900
1440657,0
1440660,579500
1440661,0
1440668,550000
1440672,500000
1440673,1010000
1440680,500000
1440681,0
1440685,199000
1440689,509000
1440696,283800
1440699,142000
1440700,270000
1440702,431500
1440706,0
1440709,733000
1440725,454000
1440728,300000
1440729,0
1440730,0
1440732,846000
1440739,395600
1440740,366800
1440745,584500
1440748,288800
1440752,355100
1440754,0
1440755,646600
1440765,455100
1440767,499000
1440768,320000
1440775,250000
1440778,415000
1440783,494500
1440789,0
1440793,0
1440794,400000
1440796,628200
1440797,1010000
1440799,282000
1440801,378000
1440804,393300
1440805,150000
1440806,150000
1440807,150000
1440814,132600
1440816,427500
1440822,0
1440825,0
1440830,384300
1440833,0
1440834,992000
1440839,742800
1440842,766100
1440846,400000
1440856,404700
1440857,0
1440864,490900
1440867,691500
1440868,650000
1440871,0
1440878,0
1440884,400400
1440889,250000
1440890,0
1440891,250000
1440894,1095500
1440898,150000
1440903,400000
1440916,345500
1440917,442000
1440924,150000
1440935,130000
1440944,648300
1440947,639900
1440949,481500
1440950,382400
1440952,1015200
1440956,918900
1440959,150000
1440960,0
1440963,806000
1440966,0
1440968,517500
1440970,1109300
1440978,476500
1440980,300000
1440981,500000
1440987,400000
1441009,250000
1441011,517500
1441028,500000
1441029,479300
1441031,650000
1441039,345500
1441040,400000
1441041,0
1441048,179600
1441061,280000
1441064,450000
1441077,557000
1441079,0
1441081,338700
1441095,0
1441102,417300
1441104,0
1441113,497700
1441117,0
1441122,150000
1441123,586300
1441125,250000
1441138,0
1441147,0
1441155,212900
1441162,350000
1441166,701600
1441172,373500
1441176,1020500
1441189,0
1441193,406600
1441195,57400
1441213,500000
1441220,467500
1441247,280000
1441250,427400
1441254,350000
1441268,598900
1441269,385600
1441281,479300
1441285,350000
1441291,250000
1441302,250000
1441304,150000
1441305,250000
1441312,0
1441313,456300
1441319,555000
1441320,400000
1441335,0
1441338,0
1441344,350000
1441348,593000
1441350,650600
1441362,0
1441380,0
1441386,280000
1441387,641400
1441389,852200
1441391,400000
1441396,499000
1441402,0
1441404,1518400
1441410,0
1441414,350000
1441422,0
1441427,250000
1441440,343000
1441442,920200
1441444,150000
1441449,0
1441452,150000
1441455,400000
1441460,0
1441465,499200
1441467,1036800
1441472,550000
1441477,0
1441479,350000
1441481,164500
1441484,250000
1441488,385000
1441492,0
1441494,443600
1441505,384000
1441509,356700
1441511,0
1441521,400000
1441537,0
1441541,0
1441542,729500
1441543,150000
1441548,325500
1441550,150000
1441552,1177200
1441553,150000
1441559,400000
1441560,0
1441562,515800
1441565,150000
1441568,165000
1441571,1095000
1441573,400000
1441576,585500
1441585,0
1441590,0
1441599,209500
1441609,0
1441612,300000
1441622,150000
1441627,0
1441633,175000
1441636,0
1441637,1228700
1441652,350000
1441656,500000
1441657,0
1441659,13000
1441661,0
1441662,923000
1441677,164500
1441680,0
1441681,466600
1441682,467300
1441683,1279500
1441684,168500
1441685,750000
1441691,1153000
1441699,0
1441710,419800
1441715,250000
1441718,250000
1441719,495500
1441724,0
1441727,150000
1441728,0
1441737,450000
1441738,400000
1441745,586000
1441746,250000
1441761,0
1441764,455000
1441767,250000
1441768,150000
1441771,250000
1441782,468500
1441783,365600
1441785,0
1441788,400000
1441797,352500
1441798,600000
1441799,863800
1441805,0
1441808,0
1441817,0
1441819,0
1441822,480000
1441823,406500
1441837,150000
1441838,516100
1441840,0
1441854,0
1441855,0
1441860,0
1441864,800000
1441869,827400
1441876,0
1441883,695000
1441884,202300
1441890,924000
1441895,0
1441901,130000
1441903,0
1441907,530500
1441908,540300
1441922,150000
1441926,550000
1441936,95000
1441946,800000
1441950,0
1441952,575200
1441957,419800
1441968,450000
1441972,975700
1441978,0
1441979,343000
1441996,1544500
1442012,0
1442013,150000
1442017,250000
1442020,0
1442023,600000
1442030,434000
1442031,250000
1442038,0
1442040,400000
1442041,512800
1442043,0
1442048,690000
1442050,0
1442053,0
1442057,250000
1442061,164500
1442067,400000
1442069,0
1442071,0
1442078,166000
1442088,144000
1442102,0
1442110,0
1442115,345800
1442119,1150800
1442121,100000
1442122,195000
1442132,0
1442138,0
1442143,768100
1442155,0
1442169,0
1442193,0
1442200,634100
1442205,0
1442220,0
1442226,497300
1442230,601400
1442231,693500
1442236,454000
1442240,450000
1442241,178800
1442244,1874900
1442254,493100
1442259,2932900
1442271,600000
1442273,0
1442281,513500
1442283,550000
1442298,500000
1442302,455300
1442309,1836100
1442311,400000
1442315,672500
1442316,0
1442318,150000
1442322,250000
1442331,683100
1442351,355100
1442357,476800
1442359,0
1442361,300000
1442362,0
1442379,0
1442382,0
1442386,554500
1442393,195000
1442394,0
1442396,1584500
1442417,450000
1442421,749000
1442430,644500
1442437,150000
1442447,800000
1442453,1943700
1442455,0
1442467,150000
1442474,0
1442475,500000
1442488,0
1442498,0
1442500,450000
1442510,0
1442519,650000
1442525,800000
1442547,130000
1442549,286000
1442560,0
1442565,400000
1442568,3410000
1442572,286700
1442577,500000
1442592,0
1442594,0
1442595,424300
1442599,500000
1442603,140000
1442618,0
1442621,575300
1442648,250000
1442666,762500
1442672,1430000
1442675,250000
1442677,400000
1442680,400000
1442683,300000
1442698,600000
1442702,1293000
1442722,390000
1442723,400000
1442730,584000
1442744,350000
1442745,449300
1442747,788600
1442748,400000
1442749,164500
1442781,0
1442783,350000
1442786,0
1442792,400000
1442802,0
1442810,400000
1442813,472500
1442817,550600
1442819,548200
1442822,150000
1442826,425600
1442831,1052000
1442832,0
1442835,704000
1442842,630000
1442843,500000
1442844,400000
1442846,316000
1442850,0
1442857,450000
1442858,350000
1442865,0
1442867,0
1442871,0
1442872,400000
1442876,0
1442879,180000
1442887,0
1442890,1084000
1442897,0
1442903,400000
1442912,312500
1442920,962000
1442921,300000
1442925,1530100
1442927,526600
1442931,400000
1442936,300000
1442937,120000
1442939,250000
1442950,358800
1442951,0
1442952,0
1442958,600000
1442962,213800
1442964,150000
1442973,300000
1442980,550000
1442985,537000
1443006,0
1443019,470000
1443036,491700
1443041,312500
1443045,868000
1443052,867600
1443053,0
1443055,600000
1443065,667500
1443067,700000
1443076,0
1443081,409000
1443091,0
1443092,500000
1443093,0
1443102,350000
1443104,713700
1443106,0
1443108,400000
1443123,550000
1443125,250000
1443126,150000
1443135,470700
1443145,250000
1443147,0
1443175,658000
1443181,499000
1443186,2030900
1443187,0
1443192,700000
1443195,0
1443196,2885900
1443198,657500
1443201,0
1443204,0
1443209,549600
1443212,400000
1443220,417500
1443246,400000
1443257,780600
1443264,0
1443272,400000
1443274,350000
1443293,300000
1443298,0
1443301,1011500
1443305,360000
1443306,586500
1443310,400000
1443329,250000
1443340,495500
1443343,0
1443348,150000
1443359,12100
1443360,0
1443361,0
1443375,293300
1443381,582100
1443385,424300
1443400,727000
1443413,423400
1443434,200000
1443439,672400
1443442,16000
1443451,0
1443459,250000
1443469,250000
1443474,800000
1443481,1585000
1443488,441000
1443490,800000
1443498,0
1443501,0
1443513,278900
1443532,400000
1443539,0
1443540,1209600
1443575,0
1443580,439600
1443582,574900
1443585,286700
1443587,500400
1443589,250000
1443592,825000
1443596,0
1443606,0
1443607,0
1443611,425000
1443612,250000
1443617,0
1443621,14029500
1443625,0
1443629,150000
1443633,355200
1443639,449400
1443644,424300
1443656,800000
1443657,400000
1443658,380000
1443677,325000
1443680,1133500
1443685,0
1443686,0
1443688,24335900
1443695,209500
1443698,0
1443705,431000
1443710,0
1443723,164500
1443725,652000
1443726,0
1443729,607500
1443730,350700
1443739,500000
1443747,250000
1443748,800000
1443753,509000
1443760,364000
1443763,0
1443764,550000
1443767,0
1443769,0
1443785,0
1443793,332500
1443796,1096200
1443808,200000
1443811,400000
1443813,481000
1443821,150000
1443829,550000
1443850,0
1443861,0
1443873,250000
1443877,250000
1443893,0
1443902,0
1443903,574300
1443905,0
1443908,710800
1443913,150000
1443923,0
1443924,571500
1443933,0
1443940,763200
1443943,0
1443946,0
1443950,592500
1443951,0
1443952,350000
1443957,0
1443961,597500
1443962,0
1443963,178000
1443997,0
1443998,0
1444003,0
1444004,0
1444005,343000
1444007,0
1444021,693800
1444034,0
1444037,480000
1444040,150000
1444041,250000
1444045,794000
1444050,345500
1444051,0
1444052,264000
1444058,0
1444067,0
1444073,0
1444076,1240100
1444082,0
1444083,250000
1444090,979300
1444098,570800
1444099,0
1444102,9129200
1444105,150000
1444106,928000
1444113,732000
1444120,0
1444124,262000
1444125,150000
1444127,4270200
1444128,0
1444133,400000
1444134,0
1444135,250000
1444146,0
1444149,500000
1444151,550000
1444154,203000
1444155,0
1444159,150000
1444162,0
1444166,182500
1444167,500000
1444168,358400
1444179,513000
1444182,794800
1444185,400000
1444187,100000
1444192,0
1444201,525000
1444206,300000
1444214,275000
1444216,0
1444218,452000
1444220,0
1444221,0
1444231,872800
1444233,2393600
1444236,0
1444240,22400
1444241,337200
1444257,0
1444259,636900
1444264,408000
1444279,0
1444280,937000
1444283,150000
1444292,326700
1444293,0
1444294,0
1444301,0
1444304,518800
1444308,839800
1444310,529800
1444315,0
1444331,805000
1444337,0
1444338,812800
1444342,171500
1444343,250000
1444347,1012500
1444348,850000
1444349,400000
1444363,345500
1444365,0
1444366,0
1444373,0
1444378,520400
1444385,250000
1444389,150000
1444390,0
1444392,695400
1444394,767500
1444395,250000
1444408,0
1444411,0
1444418,140000
1444426,800000
1444427,486400
1444432,350000
1444434,0
1444435,100000
1444441,500000
1444455,0
1444456,150000
1444459,577500
1444464,255000
1444471,0
1444484,0
1444486,0
1444493,0
1444494,1137500
1444496,0
1444499,300000
1444509,0
1444512,0
1444522,400000
1444526,496200
1444528,410000
1444533,1082500
1444534,0
1444538,640300
1444539,1000000
1444575,2236500
1444579,350000
1444580,400000
1444595,0
1444598,768500
1444600,400000
1444601,440000
1444603,209500
1444604,0
1444605,600000
1444609,400000
1444610,0
1444624,0
1444628,400000
1444632,1470000
1444636,572500
1444659,350000
1444663,0
1444676,0
1444679,550000
1444683,664000
1444688,0
1444691,350000
1444693,0
1444694,400000
1444709,500000
1444711,455800
1444712,382400
1444720,0
1444722,550000
1444743,414000
1444758,500000
1444760,275500
1444767,880000
1444771,485000
1444773,327000
1444780,150000
1444781,481000
1444784,0
1444788,150000
1444789,416800
1444791,400000
1444794,293300
1444798,0
1444803,24000
1444804,346500
1444809,449500
1444816,400000
1444822,424300
1444826,0
1444830,510000
1444831,0
1444832,400000
1444835,1200000
1444840,0
1444848,0
1444853,469800
1444855,619800
1444857,250000
1444858,177000
1444867,413000
1444868,0
1444881,0
1444882,0
1444892,387000
1444896,563500
1444898,0
1444901,150000
1444906,0
1444907,485500
1444909,0
1444923,834800
1444924,150000
1444925,733700
1444926,488200
1444930,400000
1444933,110000
1444938,769000
1444939,450000
1444941,455300
1444943,500000
1444945,0
1444948,345500
1444952,411600
1444961,479300
1444964,150000
1444968,929200
1444969,650000
1444972,400000
1444976,695000
1444977,431500
1444979,452000
1444982,400000
1444986,400000
1444988,467500
1444993,490000
1444998,412600
1445001,450000
1445002,629100
1445017,612000
1445022,166000
1445027,403500
1445036,600000
1445042,1057100
1445043,0
1445044,350000
1445049,598300
1445051,563000
1445066,1600000
1445068,629300
1445074,441700
1445075,445000
1445076,382500
1445078,750000
1445082,400000
1445084,0
1445085,0
1445086,0
1445092,0
1445095,500000
1445098,400000
1445101,498100
1445102,356500
1445105,485000
1445107,0
1445108,0
1445111,265000
1445112,400000
1445113,0
1445122,0
1445123,629300
1445131,0
1445137,693100
1445140,394000
1445142,400000
1445146,0
1445147,476000
1445150,600000
1445157,250000
1445159,1086900
1445164,500000
1445169,327700
1445177,868500
1445179,400000
1445180,0
1445181,556800
1445184,693100
1445185,250000
1445188,457600
1445190,0
1445195,629300
1445198,897300
1445204,86300
1445205,346500
1445211,543100
1445223,0
1445224,644300
1445226,473800
1445230,0
1445231,467500
1445233,963200
1445236,0
1445237,400000
1445239,180000
1445246,407400
1445247,1102600
1445249,40000
1445258,445000
1445259,609000
1445261,0
1445274,150000
1445275,449600
1445276,0
1445277,393700
1445280,585300
1445283,345500
1445288,0
1445292,1510000
1445294,174800
1445298,150000
1445302,686300
1445308,477500
1445316,0
1445320,0
1445322,150000
1445326,1963600
1445329,150000
1445345,762000
1445347,895200
1445352,0
1445355,613000
1445359,0
1445362,449500
1445364,391300
1445367,0
1445369,400000
1445371,336000
1445373,0
1445378,150000
1445381,390800
1445384,400000
1445386,500000
1445395,300000
1445402,0
1445406,769300
1445407,0
1445416,0
1445420,1324300
1445424,0
1445425,493600
1445426,439100
1445431,596000
1445436,399300
1445437,150000
1445440,421000
1445442,0
1445445,300000
1445446,0
1445450,500000
1445452,0
1445454,200000
1445457,330800
1445458,1368700
1445463,0
1445467,782000
1445469,0
1445472,431000
1445474,0
1445476,0
1445478,674500
1445480,1005800
1445491,2534000
1445493,369900
1445495,1238800
1445502,445000
1445507,345500
1445509,550000
1445516,0
1445524,361000
1445531,800000
1445532,559000
1445536,400000
1445537,345500
1445539,563500
1445542,1075600
1445543,500000
1445545,275000
1445547,426500
1445553,280000
1445555,400000
1445557,399700
1445558,0
1445561,830000
1445563,360000
1445570,499900
1445572,120000
1445573,0
1445576,1619900
1445582,566000
1445586,150000
1445595,250000
1445598,280000
1445602,350000
1445603,160000
1445605,361000
1445606,2724100
1445608,350000
1445613,641800
1445614,590500
1445627,230000
1445630,1776500
1445637,150000
1445638,150200
1445639,250000
1445644,483300
1445646,384300
1445650,0
1445658,0
1445663,550000
1445682,550000
1445686,0
1445690,762000
1445694,400000
1445698,3037500
1445699,0
1445708,400000
1445709,585000
1445711,0
1445712,454200
1445713,450000
1445714,385000
1445715,485500
1445728,320000
1445730,400000
1445731,0
1445734,1286200
1445746,700000
1445750,0
1445754,402000
1445759,0
1445760,388400
1445766,25800
1445775,366800
1445778,400000
1445781,400000
1445785,1027500
1445797,500000
1445802,417500
1445804,343000
1445807,3003400
1445809,498300
1445810,0
1445813,874800
1445822,611000
1445825,413400
1445835,305000
1445839,0
1445841,822100
1445845,400000
1445849,150000
1445853,0
1445859,449000
1445863,0
1445865,989000
1445873,911200
1445878,693000
1445882,472000
1445886,200000
1445887,286700
1445888,1093700
1445889,719900
1445891,400000
1445894,150000
1445897,140000
1445904,345500
1445905,455400
1445906,727000
1445909,485500
1445911,0
1445915,633700
1445916,319900
1445917,770600
1445923,613900
1445924,429100
1445927,350000
1445935,488200
1445937,360000
1445941,102000
1445949,460800
1445951,434000
1445952,796000
1445953,340800
1445954,368600
1445962,598000
1445968,0
1445970,481000
1445974,350000
1445975,450000
1445982,350000
1445984,1281900
1445990,820000
1445997,0
1445999,0
1446005,836500
1446013,150000
1446014,400000
1446015,390800
1446016,384300
1446017,400000
1446022,444000
1446024,353000
1446028,545000
1446032,0
1446037,200000
1446038,382500
1446043,579800
1446044,400000
1446055,1330100
1446056,446100
1446057,522300
1446060,887500
1446065,150000
1446067,450000
1446069,325500
1446082,0
1446083,0
1446093,448200
1446109,295000
1446115,0
1446117,400000
1446122,644000
1446125,130000
1446126,200000
1446132,367500
1446135,450400
1446140,447200
1446144,0
1446146,448600
1446149,0
1446158,300000
1446161,467500
1446164,863000
1446173,474900
1446182,150000
1446187,0
1446194,430700
1446196,498300
1446204,400000
1446205,0
1446210,0
1446211,481000
1446212,0
1446214,150000
1446216,450000
1446218,297500
1446223,300000
1446227,0
1446232,489000
1446236,588300
1446244,400000
1446249,500000
1446252,0
1446257,150000
1446258,350000
1446263,0
1446269,0
1446274,1120000
1446278,0
1446279,400000
1446281,1060500
1446286,400000
1446288,346500
1446291,385000
1446297,311500
1446299,559000
1446305,550000
1446307,400000
1446311,0
1446313,400000
1446316,400000
1446317,3851300
1446320,79200
1446324,395500
1446328,815000
1446330,474800
1446332,75500
1446333,449600
1446336,510100
1446342,0
1446344,350000
1446351,400000
1446353,357800
1446356,929000
1446357,400000
1446360,300000
1446361,500000
1446365,334500
1446376,0
1446377,481900
1446379,550000
1446381,0
1446389,0
1446391,289600
1446394,467500
1446398,400000
1446400,405000
1446409,490000
1446410,150000
1446417,711900
1446418,350000
1446420,403500
1446421,400000
1446425,474800
1446431,0
1446432,334000
1446433,286700
1446442,390000
1446458,600000
1446459,510500
1446463,607100
1446464,0
1446465,596000
1446470,554500
1446472,350000
1446476,1042500
1446483,550000
1446487,500000
1446498,400000
1446499,662500
1446500,445200
1446502,235100
1446507,440500
1446509,322500
1446511,400000
1446512,400000
1446515,0
1446519,400000
1446520,150000
1446521,0
1446523,450000
1446537,0
1446538,650000
1446540,555300
1446545,910500
1446553,482000
1446555,0
1446561,0
1446573,164500
1446576,288800
1446589,1074500
1446590,870000
1446593,150000
1446598,150000
1446599,250000
1446602,476500
1446604,450000
1446605,804000
1446606,0
1446614,492000
1446615,0
1446618,150000
1446621,400000
1446627,1246300
1446635,422000
1446643,0
1446653,406800
1446656,150000
1446657,150000
1446668,1057400
1446673,0
1446680,424200
1446686,617500
1446695,0
1446701,1245000
1446709,250000
1446710,0
1446711,382500
1446712,350000
1446715,297500
1446718,300700
1446725,498300
1446732,83200
1446735,1264300
1446741,0
1446742,0
1446749,507100
1446750,400000
1446754,0
1446755,0
1446758,0
1446759,462000
1446761,150000
1446771,349000
1446779,400000
1446788,350000
1446790,332500
1446798,0
1446799,0
1446801,550000
1446805,400000
1446807,164500
1446813,450000
1446814,187500
1446816,350000
1446818,422000
1446826,2446600
1446836,0
1446837,460800
1446838,400000
1446852,750000
1446858,413900
1446859,550000
1446860,385000
1446865,600000
1446869,0
1446870,0
1446871,372000
1446872,350000
1446879,0
1446881,400000
1446887,458500
1446893,345500
1446903,700000
1446906,150000
1446908,0
1446912,315000
1446913,250000
1446915,296600
1446926,800000
1446927,0
1446931,481000
1446936,0
1446937,478000
1446938,384300
1446940,438800
1446943,450000
1446946,500000
1446950,481700
1446956,430500
1446957,472900
1446959,400000
1446960,400000
1446966,449500
1446970,589500
1446971,339800
1446977,0
1446978,345500
1446983,820000
1446989,439600
1446992,350000
1446998,0
1447002,400000
1447007,384300
1447008,494500
1447011,0
1447014,400000
1447019,442800
1447021,486900
1447022,0
1447023,701600
1447030,203500
1447042,0
1447047,0
1447055,384300
1447057,384800
1447066,0
1447067,454000
1447073,286700
1447074,0
1447078,1155800
1447081,345500
1447082,2401700
1447088,550000
1447089,384300
1447099,339500
1447104,0
1447108,1998000
1447112,754900
1447114,323800
1447115,150000
1447129,0
1447131,0
1447141,450000
1447142,0
1447143,250000
1447144,500000
1447147,400000
1447151,761400
1447154,384300
1447156,416800
1447168,680000
1447172,0
1447176,558800
1447177,0
1447184,400000
1447185,0
1447189,384300
1447194,0
1447195,420000
1447197,323800
1447202,655200
1447204,300000
1447205,500000
1447207,384300
1447213,450000
1447218,589500
1447223,328300
1447226,400000
1447227,921400
1447228,384300
1447229,394300
1447231,700000
1447234,0
1447237,0
1447239,723400
1447243,391500
1447250,345500
1447252,450000
1447254,440000
1447261,384300
1447262,574000
1447263,400000
1447272,415000
1447275,386700
1447281,0
1447283,372900
1447288,384300
1447289,549100
1447292,150000
1447294,466200
1447295,500000
1447300,544000
1447303,300000
1447304,370800
1447322,0
1447327,400000
1447332,450000
1447337,687400
1447338,500000
1447340,384300
1447341,443600
1447349,409000
1447354,699900
1447359,345500
1447362,397300
1447363,0
1447365,329000
1447378,400000
1447384,384300
1447386,791300
1447394,300000
1447395,617500
1447398,404000
1447408,384300
1447417,400000
1447422,0
1447426,0
1447427,384300
1447437,150000
1447439,287000
1447446,0
1447447,950000
1447455,466500
1447457,400000
1447461,400000
1447465,0
1447470,345500
1447472,384300
1447474,452500
1447476,0
1447477,350000
1447484,150000
1447485,438500
1447486,400000
1447491,436000
1447494,549800
1447495,550000
1447496,285000
1447497,384300
1447504,467500
1447505,150000
1447510,693600
1447514,0
1447520,150000
1447521,4647100
1447523,356700
1447526,0
1447537,377600
1447542,384300
1447546,466300
1447547,2882300
1447557,460200
1447561,0
1447562,384300
1447568,647500
1447578,758500
1447586,384300
1447588,645500
1447590,582500
1447591,720400
1447594,550000
1447596,150000
1447598,280000
1447601,0
1447602,414100
1447606,425500
1447617,500000
1447618,384300
1447620,500000
1447625,0
1447628,477400
1447629,458500
1447635,1135400
1447638,510900
1447648,499000
1447649,400000
1447653,0
1447677,467500
1447678,477400
1447680,400000
1447681,2021000
1447682,799800
1447691,0
1447692,383500
1447696,346500
1447702,346500
1447706,0
1447707,120000
1447708,332500
1447709,574200
1447710,400000
1447713,0
1447717,339500
1447718,1188500
1447720,800000
1447721,0
1447722,435000
1447724,884700
1447726,528900
1447741,0
1447747,400000
1447755,1053900
1447761,450000
1447769,800000
1447778,589600
1447790,439000
1447791,150000
1447796,472000
1447810,400000
1447812,385000
1447813,700000
1447814,70000
1447823,5076700
1447824,0
1447825,0
1447829,250000
1447830,524000
1447839,0
1447841,150000
1447847,409600
1447851,1370000
1447857,2500000
1447858,0
1447864,120000
1447866,562000
1447868,600000
1447876,0
1447879,381700
1447887,0
1447890,0
1447899,475600
1447907,1667000
1447919,0
1447924,480800
1447930,0
1447933,498100
1447936,912400
1447938,450000
1447951,1072600
1447953,150000
1447954,0
1447955,0
1447956,350000
1447957,388800
1447960,0
1447963,400000
1447964,220500
1447967,418500
1447970,0
1447973,0
1447974,400000
1447978,800000
1447982,384300
1447983,297500
1447993,0
1447996,440500
1448004,448500
1448009,384300
1448022,1676200
1448023,350000
1448024,384300
1448025,372200
1448031,907000
1448038,0
1448042,294500
1448047,599400
1448051,0
1448052,384300
1448055,468200
1448058,565800
1448060,418800
1448066,875000
1448070,384300
1448086,400000
1448089,803500
1448091,100000
1448108,384300
1448110,0
1448112,472000
1448114,496000
1448116,0
1448121,45000
1448124,266000
1448126,384300
1448129,400000
1448140,540300
1448142,467500
1448143,439200
1448153,400000
1448158,650000
1448161,919800
1448164,713400
1448168,119200
1448172,582400
1448178,280000
1448186,500000
1448189,150000
1448196,0
1448198,280000
1448200,286700
1448203,450000
1448208,400000
1448210,150000
1448211,531800
1448217,400000
1448218,512500
1448220,400000
1448227,0
1448228,470800
1448235,0
1448240,386700
1448243,0
1448244,600000
1448253,0
1448268,285000
1448270,500000
1448271,881600
1448272,0
1448285,386700
1448287,467500
1448288,450000
1448289,551200
1448296,400000
1448298,400000
1448302,150000
1448304,386700
1448306,794600
1448311,329600
1448314,430000
1448321,286700
1448324,1761200
1448339,0
1448340,300000
1448345,400000
1448349,789500
1448350,559000
1448352,150000
1448364,559000
1448367,424200
1448372,400000
1448373,0
1448380,0
1448381,473800
1448382,0
1448384,0
1448389,350000
1448395,0
1448401,1077200
1448403,0
1448408,0
1448410,2058000
1448413,280000
1448416,450000
1448423,350000
1448425,400000
1448441,1059000
1448447,250000
1448448,0
1448451,0
1448453,100000
1448457,0
1448464,369000
1448465,250000
1448471,329500
1448477,167500
1448482,500000
1448483,0
1448489,334000
1448491,400000
1448499,590500
1448503,406000
1448504,400000
1448509,350000
1448513,0
1448517,0
1448518,500000
1448524,581500
1448529,500000
1448530,540200
1448532,2657000
1448534,585000
1448538,467500
1448545,400000
1448547,550800
1448551,596300
1448561,580000
1448563,332500
1448576,150000
1448577,524500
1448579,464000
1448581,755200
1448585,1340500
1448587,602500
1448605,0
1448606,400500
1448616,250000
1448619,476800
1448620,500000
1448631,500000
1448639,600000
1448640,0
1448645,500000
1448647,422900
1448648,125000
1448650,0
1448660,360800
1448666,347900
1448668,0
1448670,400000
1448673,300000
1448676,400900
1448681,350000
1448686,150000
1448688,343000
1448694,0
1448697,1393000
1448702,394200
1448708,473600
1448709,150000
1448713,500000
1448716,48000
1448721,449000
1448722,489500
1448724,1120000
1448727,566000
1448730,421800
1448732,500000
1448735,1120000
1448736,0
1448741,405500
1448742,0
1448744,864600
1448746,439600
1448747,0
1448756,705500
1448758,0
1448761,400000
1448762,680000
1448764,430400
1448768,150000
1448769,0
1448771,400000
1448772,0
1448794,315000
1448797,400000
1448798,379900
1448803,140000
1448805,350000
1448808,400000
1448812,637500
1448813,2137000
1448815,832900
1448821,0
1448826,740900
1448833,209500
1448840,450000
1448841,675000
1448846,0
1448852,350000
1448854,500000
1448855,180000
1448857,400000
1448866,400000
1448867,500000
1448870,500000
1448874,416800
1448876,150000
1448877,513300
1448879,441400
1448882,150000
1448886,150000
1448888,2101100
1448891,379900
1448896,0
1448903,0
1448914,400000
1448916,0
1448919,481000
1448922,110000
1448923,150000
1448924,400000
1448926,0
1448927,416000
1448928,617500
1448932,370500
1448936,439600
1448937,600100
1448940,350000
1448943,350000
1448947,545100
1448951,519600
1448955,1245600
1448958,400000
1448960,370000
1448962,494000
1448968,450000
1448975,250000
1448976,485000
1448981,345000
1448986,1113600
1448994,1493000
1448996,400000
1448998,0
1448999,331200
1449001,0
1449008,0
1449009,579400
1449020,1000000
1449022,0
1449023,0
1449036,481000
1449050,454000
1449060,467500
1449061,497700
1449064,1411100
1449065,1437000
1449068,150000
1449069,378000
1449072,230000
1449077,377700
1449089,399500
1449102,0
1449105,672000
1449108,438300
1449115,385000
1449116,36000
1449123,442600
1449126,400000
1449129,400000
1449130,467500
1449131,350000
1449132,460800
1449139,0
1449144,467500
1449146,105000
1449150,0
1449152,0
1449158,1200000
1449166,500000
1449167,458200
1449170,425200
1449176,0
1449178,800000
1449180,0
1449183,196400
1449186,400000
1449188,762600
1449190,1779500
1449196,350000
1449198,924300
1449199,0
1449207,457200
1449210,0
1449213,300000
1449214,0
1449224,434200
1449227,452000
1449228,500000
1449229,0
1449230,386800
1449241,398600
1449242,308500
1449248,198000
1449252,900000
1449268,431000
1449269,396300
1449270,0
1449271,0
1449276,400000
1449279,407000
1449281,160000
1449282,500000
1449283,513400
1449285,956100
1449287,472000
1449292,500000
1449293,0
1449298,0
1449299,454000
1449320,1584000
1449322,485500
1449323,400000
1449328,467500
1449336,0
1449338,570000
1449343,355700
1449344,635400
1449346,548000
1449347,0
1449349,654300
1449355,1043000
1449358,0
1449363,0
1449371,0
1449374,412700
1449377,395100
1449378,489500
1449382,651000
1449383,450000
1449385,1477900
1449388,475600
1449395,604000
1449399,470700
1449400,400000
1449411,700000
1449415,750000
1449423,294000
1449437,442500
1449438,354000
1449452,500000
1449454,354700
1449465,469800
1449468,0
1449476,492700
1449479,9366800
1449480,0
1449484,1158800
1449487,464000
1449495,415000
1449511,481000
1449526,481000
1449529,400000
1449530,0
1449531,400000
1449539,209500
1449548,600000
1449550,988300
1449551,450000
1449557,1324700
1449560,361900
1449563,240000
1449565,487500
1449576,350000
1449581,500000
1449583,345500
1449592,380500
1449605,400000
1449607,164500
1449610,400000
1449620,1491200
1449631,0
1449636,0
1449647,700000
1449648,450000
1449652,780000
1449667,0
1449682,480000
1449684,0
1449689,274000
1449693,440500
1449696,467600
1449697,463000
1449714,400000
1449723,400000
1449724,400000
1449726,400000
1449730,150000
1449738,375500
1449748,286700
1449751,202000
1449757,347800
1449767,380700
1449776,421500
1449780,450000
1449782,382500
1449787,400000
1449790,458500
1449802,349000
1449818,494500
1449828,625000
1449847,399000
1449848,500000
1449853,678900
1449854,140000
1449864,0
1449865,150000
1449875,400000
1449879,0
1449881,456300
1449887,805600
1449891,0
1449903,540300
1449905,434500
1449910,400000
1449915,0
1449922,350000
1449930,680000
1449932,287000
1449935,780100
1449937,450000
1449939,595100
1449940,393800
1449948,0
1449951,293300
1449952,0
1449953,0
1449955,364500
1449967,484000
1449970,350000
1449971,67500
1449975,445000
1449976,350000
1449982,265000
1449986,2474600
1449989,308500
1449991,0
1449992,708400
1449993,559000
1449999,402800
1450005,0
1450016,346500
1450017,0
1450029,332900
1450032,605000
1450033,0
1450039,483700
1450040,645200
1450051,0
1450052,350000
1450053,130000
1450064,400000
1450065,560800
1450075,575200
1450086,0
1450088,400000
1450091,650000
1450101,179800
1450106,600000
1450113,650500
1450117,465300
1450119,250000
1450123,570200
1450129,468200
1450133,350000
1450139,500000
1450140,3796600
1450146,464100
1450147,922500
1450155,1250000
1450162,0
1450171,0
1450174,400000
1450175,1517500
1450177,2189300
1450179,800000
1450180,0
1450182,499000
1450187,250000
1450189,0
1450190,150000
1450192,472000
1450193,441000
1450198,474300
1450202,650000
1450205,350000
1450207,474700
1450217,400000
1450218,857400
1450223,0
1450226,0
1450228,342000
1450242,542000
1450244,405000
1450245,0
1450247,500000
1450249,10500
1450252,540500
1450253,1413200
1450263,0
1450264,0
1450267,437500
1450269,542900
1450270,371500
1450273,100000
1450274,500000
1450276,396500
1450277,150000
1450278,490900
1450286,895000
1450288,150000
1450298,385100
1450308,336000
1450311,452000
1450315,0
1450319,578500
1450322,500000
1450325,385000
1450327,0
1450334,0
1450337,467500
1450355,568000
1450360,400000
1450369,458500
1450372,150000
1450374,802000
1450377,344800
1450382,1700600
1450383,3157600
1450389,968000
1450390,0
1450393,400500
1450398,0
1450405,400000
1450407,1027600
1450409,542000
1450416,400000
1450419,600000
1450420,0
1450428,639000
1450433,554500
1450437,0
1450444,315000
1450457,0
1450458,1210000
1450460,1263100
1450474,1945500
1450475,0
1450477,0
1450478,250000
1450482,1163100
1450494,491500
1450495,473800
1450496,1063900
1450497,650000
1450498,450000
1450501,550000
1450504,400000
1450506,1432300
1450516,744900
1450517,400000
1450519,550000
1450521,458500
1450524,382200
1450531,0
1450532,0
1450537,0
1450539,1500000
1450540,457600
1450543,88000
1450556,0
1450560,372400
1450574,0
1450577,513800
1450578,389600
1450580,567500
1450584,413600
1450586,400000
1450587,470000
1450589,400000
1450590,447500
1450595,850000
1450600,500000
1450604,0
1450612,322000
1450616,0
1450620,2680900
1450623,290500
1450628,501600
1450630,555000
1450636,140000
1450643,0
1450659,515900
1450664,766500
1450668,0
1450670,150000
1450679,400000
1450680,382500
1450685,400000
1450687,635800
1450688,0
1450691,500000
1450693,443800
1450697,350000
1450706,469800
1450708,150000
1450711,400000
1450713,541600
1450714,639600
1450715,876000
1450726,0
1450733,485500
1450735,0
1450743,0
1450745,498400
1450746,0
1450747,0
1450748,0
1450751,0
1450754,1107800
1450755,0
1450756,60000
1450765,500000
1450769,540300
1450773,752500
1450778,0
1450780,455800
1450782,382500
1450786,343000
1450790,100000
1450794,150000
1450795,400000
1450798,897000
1450804,703000
1450805,0
1450809,350000
1450810,400000
1450812,475000
1450823,0
1450833,474300
1450836,400000
1450841,393500
1450844,382500
1450853,445000
1450855,448000
1450861,0
1450864,900000
1450866,70000
1450868,0
1450872,0
1450881,400000
1450886,315000
1450893,355300
1450894,0
1450896,473800
1450900,0
1450902,550000
1450904,400000
1450908,1140300
1450910,785200
1450911,400000
1450912,563000
1450930,382500
1450931,470200
1450936,1296400
1450943,400000
1450946,0
1450948,289500
1450950,926000
1450953,0
1450964,345500
1450968,400000
1450969,800000
1450970,473800
1450973,297500
1450974,500000
1450980,135800
1450984,225000
1450985,493000
1450990,329800
1450991,348500
1450998,400000
1451011,382500
1451013,681600
1451017,624700
1451019,0
1451021,200000
1451024,350000
1451039,617500
1451040,550000
1451044,797800
1451048,315000
1451049,200000
1451051,357000
1451065,465000
1451070,400000
1451072,400000
1451075,0
1451081,332500
1451082,450000
1451084,100000
1451094,0
1451096,0
1451097,400000
1451102,150000
1451103,490000
1451104,626000
1451106,400000
1451107,0
1451114,927500
1451118,0
1451120,2533500
1451121,0
1451124,0
1451129,265700
1451133,467500
1451141,476500
1451142,380200
1451147,400400
1451154,348300
1451161,647400
1451172,375800
1451174,559000
1451175,395200
1451184,0
1451185,150000
1451191,469800
1451197,1449100
1451204,360800
1451208,400000
1451210,449700
1451211,363800
1451212,617300
1451216,354700
1451217,26400
1451222,0
1451226,659200
1451228,500000
1451229,0
1451231,548000
1451245,150000
1451257,418300
1451259,110600
1451264,400000
1451270,0
1451272,775000
1451273,400000
1451276,500000
1451278,130000
1451281,0
1451287,540300
1451290,550000
1451293,0
1451301,0
1451316,400000
1451317,400000
1451319,554400
1451323,0
1451330,562000
1451334,616800
1451338,557800
1451340,600000
1451354,382500
1451356,385000
1451357,288200
1451362,0
1451364,400000
1451365,550000
1451371,150000
1451373,120000
1451378,500000
1451379,428400
1451381,400000
1451383,0
1451391,400000
1451393,1054900
1451397,445000
1451399,481000
1451401,889300
1451407,415000
1451412,500000
1451414,0
1451415,150000
1451416,500000
1451423,250000
1451428,500000
1451429,550000
1451435,1312700
1451439,946400
1451440,350000
1451441,600000
1451445,0
1451449,350000
1451459,1400000
1451465,450800
1451475,100000
1451479,385000
1451483,287000
1451486,0
1451487,437500
1451491,500000
1451497,555000
1451501,400000
1451502,550000
1451503,484200
1451504,0
1451514,347900
1451534,400000
1451537,167800
1451544,182000
1451546,42000
1451549,490000
1451551,0
1451565,472000
1451566,463000
1451567,400000
1451568,0
1451569,0
1451570,1070800
1451585,485500
1451588,37500
1451592,365900
1451608,165300
1451611,250000
1451619,140000
1451625,750000
1451626,400000
1451638,450000
1451640,400000
1451642,660600
1451645,434200
1451649,727000
1451652,538500
1451659,821000
1451666,855000
1451669,150000
1451670,559000
1451681,554500
1451688,500000
1451694,0
1451696,0
1451699,395300
1451700,150000
1451703,150000
1451711,358800
1451713,454400
1451716,479200
1451719,104300
1451725,481000
1451727,984600
1451730,400000
1451735,106000
1451737,0
1451741,373500
1451745,600000
1451747,481000
1451748,200000
1451749,0
1451753,0
1451755,595500
1451758,300000
1451777,470200
1451785,150000
1451786,367500
1451788,500000
1451789,400000
1451799,131000
1451809,323800
1451818,440000
1451819,494500
1451823,0
1451826,1070500
1451828,0
1451830,439200
1451833,163000
1451835,166000
1451838,350000
1451841,150000
1451845,0
1451851,0
1451854,345500
1451860,20000
1451862,350000
1451878,400000
1451881,345500
1451883,481000
1451884,519200
1451885,345500
1451886,502000
1451890,628000
1451892,467500
1451893,0
1451896,400000
1451901,300000
1451910,385000
1451923,628100
1451929,0
1451933,400000
1451934,0
1451940,347500
1451942,521900
1451944,394500
1451945,450000
1451948,345500
1451950,993300
1451966,0
1451970,0
1451972,840000
1451977,783500
1451986,286700
1451989,345500
1451996,0
1451999,500000
1452006,350000
1452007,900000
1452008,0
1452011,982000
1452013,461700
1452022,400000
1452024,405800
1452033,474300
1452035,507900
1452042,345500
1452044,150000
1452049,659000
1452051,400000
1452053,669800
1452054,652800
1452057,0
1452058,0
1452066,0
1452072,250000
1452075,400000
1452079,709000
1452081,400000
1452083,345500
1452084,0
1452094,0
1452099,400000
1452113,550000
1452118,582400
1452124,540500
1452128,500000
1452130,150000
1452131,0
1452136,590500
1452139,662500
1452143,400000
1452146,767900
1452153,420800
1452156,862000
1452157,350000
1452160,538500
1452163,0
1452167,1400500
1452170,0
1452171,370000
1452173,399600
1452174,497700
1452178,400000
1452181,567000
1452184,503000
1452185,345500
1452186,150000
1452187,816900
1452192,385000
1452197,366500
1452208,909900
1452217,345500
1452218,1074700
1452223,457600
1452229,355000
1452232,439600
1452233,757000
1452245,0
1452247,481000
1452248,120000
1452249,500000
1452255,400000
1452256,400000
1452261,695000
1452266,783000
1452270,640000
1452275,540000
1452285,472500
1452289,400000
1452292,0
1452293,196000
1452294,650000
1452296,367500
1452297,686600
1452298,0
1452299,280000
1452303,450000
1452317,200000
1452330,1610000
1452335,97300
1452337,388400
1452338,300000
1452345,0
1452353,307500
1452366,372900
1452367,600000
1452369,393000
1452370,716400
1452374,200000
1452392,619700
1452395,2476400
1452400,411500
1452401,465100
1452402,437800
1452406,478000
1452407,0
1452422,467500
1452431,631000
1452436,0
1452440,0
1452444,0
1452449,0
1452452,0
1452457,350000
1452464,382500
1452468,371100
1452472,700000
1452473,485500
1452479,0
1452486,0
1452491,816300
1452500,458500
1452507,488400
1452511,860000
1452512,400000
1452519,0
1452523,360000
1452535,0
1452536,443000
1452537,350000
1452539,1230000
1452540,943900
1452541,365000
1452547,520000
1452550,0
1452555,0
1452556,387000
1452558,350000
1452566,399900
1452571,458500
1452572,0
1452579,500000
1452580,598600
1452582,500000
1452585,0
1452590,415000
1452593,400000
1452597,930100
1452600,448500
1452614,0
1452615,300000
1452616,350000
1452624,571600
1452625,622000
1452629,0
1452631,400000
1452632,413000
1452638,600000
1452644,628000
1452647,350000
1452649,325800
1452650,449000
1452652,522500
1452656,54800
1452666,0
1452673,450000
1452675,500000
1452676,457600
1452678,550000
1452685,813300
1452688,0
1452694,462500
1452696,565000
1452699,294800
1452703,0
1452708,639500
1452714,0
1452715,345500
1452724,0
1452734,450000
1452739,0
1452742,345500
1452755,592500
1452756,864800
1452764,470700
1452766,424300
1452771,692100
1452778,345500
1452784,732200
1452792,476600
1452795,474300
1452798,400000
1452800,0
1452802,350000
1452804,0
1452812,330800
1452822,350000
1452827,0
1452829,345500
1452834,0
1452838,800000
1452839,606000
1452858,345500
1452859,389300
1452865,0
1452869,1462000
1452870,0
1452877,250000
1452880,500000
1452882,470600
1452883,1314200
1452885,476500
1452886,400000
1452887,526500
1452889,345500
1452896,376500
1452903,452500
1452909,467500
1452910,422500
1452914,150000
1452916,312500
1452921,436000
1452929,350000
1452934,556000
1452936,409500
1452940,0
1452941,526400
1452942,358400
1452945,449600
1452947,481900
1452948,400000
1452949,500000
1452960,346500
1452964,2062600
1452965,0
1452968,429000
1452970,463000
1452971,1074600
1452974,672000
1452982,724800
1452987,483200
1452988,515000
1452989,465000
1452991,368800
1452995,431500
1452996,157500
1453005,250000
1453007,0
1453016,0
1453017,1070000
1453019,750000
1453022,454900
1453025,379100
1453028,500000
1453035,150000
1453036,185000
1453040,0
1453045,999200
1453058,343000
1453067,509000
1453072,400000
1453073,0
1453074,435000
1453083,184500
1453093,752300
1453098,350000
1453102,0
1453106,150000
1453117,0
1453124,645000
1453134,346500
1453135,140000
1453138,448400
1453144,0
1453145,250000
1453148,500000
1453167,645100
1453169,492300
1453180,878500
1453187,350000
1453193,0
1453197,771500
1453198,0
1453201,150000
1453207,406000
1453208,364200
1453209,908600
1453211,364000
1453218,400000
1453227,289300
1453236,9000
1453239,300000
1453251,500000
1453259,485500
1453260,500000
1453264,435000
1453266,400000
1453278,463000
1453281,564700
1453283,378900
1453290,500000
1453298,0
1453300,454200
1453307,960400
1453309,150000
1453314,400000
1453315,493000
1453316,300000
1453318,476500
1453319,0
1453323,0
1453325,0
1453327,250000
1453335,0
1453336,150000
1453353,150000
1453357,436000
1453358,400000
1453360,236900
1453363,650000
1453365,443700
1453370,452500
1453377,367100
1453382,287000
1453388,0
1453404,350000
1453406,708000
1453420,400000
1453422,400000
1453424,0
1453426,466600
1453431,300000
1453435,25500
1453439,0
1453442,300000
1453444,350000
1453445,126000
1453447,345500
1453449,150000
1453454,0
1453458,0
1453461,345500
1453465,470500
1453472,0
1453473,500000
1453475,400000
1453477,0
1453478,410500
1453491,447700
1453492,415100
1453494,1089800
1453495,743900
1453503,827000
1453504,507500
1453509,1046900
1453514,378700
1453515,400000
1453521,0
1453522,0
1453526,0
1453534,431500
1453540,345500
1453546,700000
1453552,490000
1453553,345500
1453554,439600
1453555,690300
1453562,0
1453574,430000
1453577,0
1453588,196600
1453591,0
1453592,345500
1453593,647400
1453596,470700
1453599,422000
1453600,446000
1453603,345500
1453604,500000
1453606,345500
1453619,350000
1453623,250000
1453625,299400
1453628,550000
1453631,0
1453632,296100
1453637,489500
1453639,418000
1453643,456600
1453652,146000
1453661,677200
1453662,500000
1453663,0
1453664,0
1453669,345500
1453673,0
1453674,0
1453680,250000
1453688,0
1453693,480800
1453694,400000
1453697,0
1453701,345500
1453716,0
1453717,0
1453718,93000
1453726,431000
1453730,944100
1453731,160000
1453736,345500
1453737,250000
1453745,0
1453752,0
1453758,0
1453771,150000
1453775,345500
1453776,987100
1453781,359500
1453810,150000
1453812,562000
1453820,635000
1453827,1610900
1453843,2447500
1453846,0
1453847,400000
1453850,0
1453857,2227400
1453858,0
1453860,0
1453863,0
1453867,330400
1453874,0
1453877,400000
1453883,800
1453885,787800
1453889,0
1453892,1165400
1453893,1667200
1453904,345500
1453905,350000
1453910,0
1453918,0
1453930,800000
1453933,500000
1453938,400000
1453946,781000
1453954,345500
1453985,250000
1453986,345500
1453989,369100
1453991,0
1453993,663500
1453996,450000
1454002,975000
1454009,0
1454010,2441200
1454012,266500
1454020,0
1454021,609400
1454032,150000
1454033,945000
1454037,0
1454038,300000
1454043,1133000
1454052,0
1454054,0
1454067,493600
1454071,0
1454087,0
1454089,4068100
1454091,0
1454093,0
1454099,470000
1454102,250000
1454107,0
1454108,250000
1454127,0
1454131,0
1454151,350000
1454156,0
1454159,953900
1454167,434800
1454173,397500
1454179,4182100
1454190,463600
1454191,900000
1454193,593300
1454194,1324000
1454202,500000
1454209,0
1454212,0
1454225,0
1454227,1113800
1454229,1660000
1454232,0
1454245,250000
1454246,630000
1454250,150000
1454252,0
1454266,1075600
1454269,468500
1454274,901800
1454278,0
1454279,693500
1454283,400000
1454285,474500
1454295,250000
1454302,123500
1454322,400000
1454325,0
1454327,392300
1454328,353000
1454329,240000
1454334,400000
1454336,0
1454345,0
1454349,604000
1454356,375000
1454358,280000
1454363,100000
1454364,811000
1454370,0
1454372,300000
1454373,0
1454374,463000
1454376,250000
1454377,112500
1454384,450000
1454385,441000
1454390,567200
1454393,452000
1454399,500000
1454400,0
1454405,0
1454426,0
1454427,378000
1454429,350000
1454432,150000
1454450,0
1454451,400000
1454456,467500
1454459,450000
1454463,435000
1454467,0
1454469,0
1454485,513500
1454489,765000
1454490,0
1454491,250000
1454494,0
1454500,500000
1454504,100200
1454515,959000
1454525,315000
1454527,310000
1454531,550000
1454538,563500
1454539,538000
1454542,1288000
1454544,170000
1454549,900000
1454551,350000
1454562,250000
1454564,434000
1454569,492000
1454576,0
1454585,618500
1454588,400000
1454589,0
1454594,0
1454613,0
1454614,53200
1454616,200000
1454628,300000
1454631,225000
1454632,0
1454635,0
1454641,229800
1454648,578000
1454656,0
1454666,135200
1454671,384300
1454674,250000
1454679,500000
1454686,573800
1454687,210000
1454688,204800
1454697,200000
1454702,0
1454710,770000
1454713,1209300
1454716,1667000
1454717,250000
1454718,684300
1454724,36000
1454727,0
1454729,332500
1454745,183000
1454746,300000
1454756,380000
1454761,127500
1454770,431000
1454780,0
1454784,550000
1454788,400000
1454795,649500
1454811,0
1454812,480000
1454816,1154500
1454817,470200
1454823,532700
1454830,400000
1454832,403800
1454837,400000
1454838,0
1454848,350000
1454858,0
1454867,473800
1454870,0
1454874,542000
1454882,0
1454889,0
1454899,0
1454900,300000
1454909,0
1454910,407200
1454911,470200
1454915,0
1454916,474300
1454920,0
1454923,550000
1454925,423600
1454930,400000
1454943,210000
1454947,641100
1454948,438700
1454958,906400
1454969,831700
1454970,0
1454977,0
1454992,1206400
1454998,700000
1455017,473800
1455023,250000
1455025,602000
1455029,368500
1455038,0
1455041,250000
1455042,0
1455048,43500
1455049,436700
1455050,381700
1455052,200000
1455054,0
1455058,350000
1455059,0
1455061,2377500
1455062,300000
1455064,350000
1455066,164000
1455068,615200
1455073,250000
1455074,426300
1455089,670000
1455091,400000
1455094,250000
1455095,300000
1455096,465300
1455098,469800
1455106,0
1455110,971700
1455111,300000
1455112,354000
1455113,7770000
1455116,400000
1455118,967000
1455120,417500
1455129,822000
1455133,300000
1455134,635000
1455136,154500
1455143,0
1455145,300000
1455155,164500
1455156,384300
1455164,350000
1455167,439500
1455171,0
1455173,1142000
1455178,350000
1455192,332500
1455194,4001600
1455195,137500
1455202,339600
1455204,297000
1455212,700100
1455215,350000
1455216,595100
1455224,400000
1455225,400000
1455226,350000
1455228,500000
1455231,207500
1455239,574000
1455251,447700
1455253,250000
1455256,0
1455260,0
1455261,442700
1455263,350000
1455276,400000
1455285,250000
1455291,350000
1455315,655100
1455329,207000
1455339,1000000
1455340,550000
1455346,0
1455348,610200
1455350,0
1455353,491000
1455359,983300
1455367,604200
1455378,119500
1455417,400000
1455426,482500
1455431,400000
1455439,2379600
1455448,761800
1455452,713100
1455472,954000
1455481,1172300
1455492,0
1455500,0
1455501,0
1455514,626000
1455522,274500
1455532,0
1455543,0
1455548,250000
1455552,250000
1455565,1010000
1455573,0
1455574,0
1455577,400000
1455608,300000
1455626,922800
1455635,0
1455642,639500
1455646,0
1455647,519800
1455648,396800
1455673,1464500
1455678,2010800
1455680,632200
1455681,0
1455682,0
1455692,0
1455698,0
1455699,927200
1455703,0
1455724,377500
1455739,345000
1455751,0
1455754,250000
1455787,600000
1455791,250000
1455799,417500
1455801,908300
1455804,0
1455805,0
1455808,0
1455813,0
1455814,751000
1455823,100000
1455824,558400
1455834,364700
1455837,545500
1455850,565000
1455853,271300
1455854,386000
1455856,250000
1455860,150000
1455871,940000
1455873,353500
1455875,385000
1455881,0
1455882,425000
1455891,250000
1455900,350000
1455908,142000
1455910,590500
1455917,0
1455929,170000
1455933,0
1455935,542000
1455938,894500
1455946,391500
1455950,0
1455957,500000
1455962,400000
1455991,480200
1455994,0
1455996,522000
1456004,0
1456010,585000
1456011,140000
1456014,250000
1456015,382500
1456018,150000
1456026,400000
1456027,320000
1456031,448000
1456037,897000
1456048,756000
1456051,0
1456055,100000
1456058,0
1456067,550100
1456073,350000
1456074,0
1456084,541600
1456085,306000
1456090,1069900
1456099,622000
1456100,652500
1456101,425000
1456105,500000
1456114,413000
1456122,374400
1456125,434000
1456132,150000
1456135,150000
1456137,0
1456145,1300000
1456146,431000
1456152,474300
1456153,0
1456159,0
1456163,0
1456171,399000
1456179,500000
1456182,250000
1456187,0
1456189,350000
1456190,442500
1456191,583300
1456196,0
1456198,463500
1456202,0
1456212,250000
1456219,416300
1456220,554400
1456227,400000
1456229,316000
1456231,283500
1456235,619500
1456236,309800
1456240,0
1456249,0
1456252,400000
1456253,445500
1456255,3457000
1456257,1479200
1456262,0
1456264,0
1456265,400000
1456268,0
1456271,1132000
1456274,580500
1456279,400000
1456282,0
1456283,0
1456287,485000
1456294,450300
1456304,440500
1456306,0
1456312,405000
1456318,1050000
1456325,0
1456335,454900
1456341,0
1456354,325600
1456357,0
1456360,448400
1456362,1056800
1456363,0
1456377,546000
1456378,193000
1456381,2350000
1456383,629300
1456385,500000
1456386,0
1456388,0
1456406,1341000
1456412,0
1456417,0
1456418,417500
1456422,858000
1456424,0
1456425,1050000
1456426,2720500
1456435,825000
1456438,464000
1456449,0
1456451,920600
1456454,0
1456459,500000
1456464,728900
1456471,350000
1456475,139500
1456481,902000
1456485,610000
1456498,130000
1456501,250000
1456504,0
1456515,706000
1456519,444500
1456521,500000
1456526,640500
1456527,322400
1456528,0
1456531,485200
1456534,822300
1456536,346500
1456541,358800
1456553,500000
1456558,401500
1456562,150000
1456563,0
1456566,350000
1456575,286700
1456581,0
1456594,733100
1456606,0
1456612,984500
1456614,0
1456615,472000
1456616,0
1456624,400000
1456628,100500
1456630,570200
1456632,350000
1456634,450000
1456637,494300
1456644,1080200
1456646,400000
1456650,577400
1456666,350000
1456671,80000
1456675,459400
1456684,629300
1456692,550000
1456694,0
1456696,481000
1456700,400000
1456703,0
1456704,429200
1456706,735000
1456708,536000
1456709,400000
1456712,350000
1456726,475500
1456732,400000
1456736,350000
1456739,637600
1456743,615000
1456752,476500
1456764,650000
1456771,629300
1456772,1917000
1456779,0
1456781,405000
1456784,0
1456786,150000
1456787,0
1456795,286700
1456796,0
1456797,0
1456807,52500
1456809,0
1456810,300000
1456816,300000
1456822,450000
1456828,120000
1456829,0
1456831,778800
1456836,472000
1456844,450400
1456853,535000
1456856,120000
1456861,686000
1456863,596000
1456884,0
1456910,154000
1456911,150000
1456912,587500
1456913,548700
1456919,120000
1456920,500000
1456922,814500
1456929,407000
1456936,591500
1456937,0
1456939,567500
1456940,120000
1456943,1077800
1456956,535600
1456957,250000
1456963,0
1456964,438100
1456969,250000
1456974,946200
1456976,150000
1456978,103500
1456979,537000
1456981,1066100
1456988,286700
1456992,639000
1456993,1389400
1456994,0
1456995,400000
1456996,790500
1457001,459400
1457006,150000
1457007,0
1457011,382500
1457012,576600
1457014,0
1457017,420800
1457019,0
1457020,567500
1457023,220000
1457025,0
1457030,120000
1457034,150000
1457035,500000
1457037,400000
1457043,349500
1457046,0
1457047,413000
1457055,1240900
1457056,679200
1457058,120000
1457062,817200
1457063,136600
1457065,0
1457066,150000
1457067,465400
1457068,600000
1457075,0
1457078,604400
1457086,400000
1457088,484500
1457093,696000
1457094,1201500
1457101,400000
1457104,416700
1457109,400000
1457110,0
1457114,428700
1457117,450000
1457124,400000
1457135,323800
1457138,427000
1457143,0
1457151,800000
1457156,493600
1457163,720000
1457166,495000
1457183,540300
1457200,498600
1457204,650000
1457205,515000
1457218,0
1457225,774000
1457230,120000
1457231,200000
1457233,0
1457238,384200
1457239,762100
1457244,605900
1457246,0
1457253,120000
1457257,629300
1457265,820000
1457269,578000
1457271,0
1457284,472000
1457287,0
1457292,400000
1457293,150000
1457295,737500
1457296,400000
1457299,214500
1457302,450000
1457309,472000
1457312,150000
1457317,350000
1457319,0
1457322,1562800
1457323,4595000
1457329,365000
1457334,0
1457338,826300
1457342,400500
1457343,0
1457356,170000
1457358,457000
1457361,300000
1457363,560800
1457372,650000
1457378,250000
1457380,350000
1457391,150000
1457396,400000
1457397,400000
1457400,0
1457404,400000
1457412,472000
1457413,466600
1457416,0
1457417,500000
1457418,401500
1457420,0
1457424,463000
1457426,717500
1457427,309000
1457430,120000
1457432,594000
1457435,0
1457437,2195400
1457441,0
1457446,400000
1457448,345600
1457449,472000
1457456,727000
1457460,130000
1457464,1836000
1457471,4553100
1457479,411200
1457480,0
1457486,0
1457488,400000
1457491,428800
1457498,705100
1457503,0
1457504,456300
1457508,300000
1457513,1026000
1457515,933000
1457516,0
1457521,850000
1457522,540300
1457528,400000
1457529,400000
1457531,143500
1457536,606000
1457540,950000
1457543,340700
1457555,400000
1457557,150000
1457568,350000
1457578,850000
1457579,800000
1457588,1650000
1457598,0
1457599,350000
1457601,250000
1457605,649500
1457612,150000
1457614,0
1457617,2063000
1457619,413900
1457621,150000
1457622,0
1457630,880000
1457632,472000
1457633,325500
1457646,481000
1457648,436500
1457650,450000
1457651,1400000
1457657,140000
1457659,994000
1457663,500000
1457666,602000
1457671,400000
1457676,443700
1457681,857200
1457685,472000
1457690,326900
1457695,150000
1457704,0
1457706,315000
1457716,425000
1457717,348800
1457721,1157300
1457723,1771600
1457734,1258500
1457735,628500
1457736,404400
1457738,506500
1457739,420000
1457740,633500
1457743,700000
1457747,0
1457750,391100
1457751,527000
1457752,712600
1457753,832500
1457761,468500
1457765,0
1457767,567000
1457768,750000
1457769,370700
1457774,502200
1457778,700000
1457779,400000
1457781,692000
1457784,300000
1457785,468500
1457787,670000
1457788,0
1457797,430200
1457799,816000
1457800,245500
1457804,350000
1457807,670000
1457809,352000
1457812,0
1457814,0
1457815,400000
1457816,638100
1457818,970000
1457819,350000
1457825,1492000
1457826,915000
1457827,490000
1457828,581000
1457829,963900
1457832,350000
1457833,372400
1457834,120000
1457835,421800
1457837,1110900
1457838,150000
1457839,669000
1457845,150000
1457846,0
1457848,567700
1457849,0
1457850,150000
1457853,0
1457854,647500
1457859,500000
1457860,350000
1457861,2048000
1457862,700000
1457863,559000
1457864,396500
1457865,833300
1457866,0
1457870,386000
1457871,120000
1457872,308000
1457873,499000
1457877,0
1457883,0
1457884,350000
1457886,0
1457893,150000
1457895,1358000
1457899,350000
1457900,956800
1457909,492000
1457911,562000
1457916,400000
1457919,1525000
1457920,651000
1457925,0
1457931,692800
1457934,120000
1457935,440500
1457942,625800
1457945,150000
1457946,1585600
1457967,664000
1457972,370500
1457977,350000
1457979,350000
1457987,1145000
1457988,887000
1457990,0
1457999,0
1458005,581500
1458007,500000
1458013,432500
1458015,457600
1458016,310000
1458019,100000
1458020,1388800
1458021,140000
1458023,767500
1458024,1045500
1458025,0
1458027,453100
1458034,835100
1458037,797100
1458038,1486600
1458039,395500
1458040,1084000
1458043,350000
1458046,460800
1458048,0
1458049,323800
1458050,0
1458051,467500
1458053,550000
1458060,0
1458064,401500
1458069,440500
1458072,400000
1458073,400000
1458076,475000
1458087,1111000
1458090,569000
1458096,0
1458107,0
1458111,440500
1458112,2463600
1458116,350000
1458120,0
1458121,349000
1458126,465300
1458132,500000
1458138,454200
1458146,0
1458147,350000
1458151,672500
1458156,450000
1458157,0
1458160,500000
1458161,150000
1458166,150000
1458176,430200
1458179,376500
1458181,1063000
1458183,297500
1458188,710700
1458193,691000
1458197,367500
1458211,1762000
1458216,250000
1458226,600000
1458230,0
1458232,481000
1458233,1984600
1458235,400000
1458240,406800
1458242,400000
1458243,343000
1458244,400000
1458247,0
1458248,828000
1458253,800000
1458255,353300
1458259,345500
1458268,1152300
1458271,417000
1458273,532500
1458275,467500
1458279,350000
1458282,370400
1458284,400000
1458297,500000
1458301,450000
1458306,440900
1458307,417500
1458308,0
1458312,450000
1458315,545800
1458316,0
1458322,150000
1458325,150000
1458347,1500000
1458348,315000
1458356,423000
1458375,738400
1458378,0
1458381,424900
1458382,0
1458390,665000
1458391,400000
1458397,0
1458407,382500
1458416,400000
1458419,995700
1458430,418500
1458435,612100
1458438,400000
1458445,385000
1458447,634400
1458448,0
1458451,682400
1458452,552800
1458456,481000
1458459,350000
1458462,398600
1458464,468400
1458468,490000
1458470,1021000
1458477,0
1458482,55400
1458486,467500
1458487,2620500
1458490,1952200
1458495,0
1458509,157000
1458512,574900
1458515,432400
1458516,0
1458518,535400
1458531,0
1458532,0
1458535,435000
1458541,463000
1458543,98000
1458546,400000
1458551,286700
1458552,437600
1458562,571900
1458572,350000
1458573,492300
1458584,396000
1458588,118000
1458592,530000
1458594,639600
1458597,400000
1458600,0
1458608,684300
1458613,7000
1458615,0
1458619,463000
1458622,577000
1458636,1647500
1458639,350000
1458643,0
1458644,150000
1458646,2125500
1458647,673900
1458648,650000
1458649,332500
1458650,650000
1458654,0
1458655,350000
1458657,380700
1458661,600300
1458662,0
1458665,800000
1458667,396900
1458672,720000
1458676,0
1458679,0
1458682,288800
1458686,0
1458691,0
1458692,0
1458694,0
1458695,416000
1458701,467500
1458708,627500
1458711,495400
1458712,573400
1458714,451800
1458719,500000
1458723,404000
1458741,458500
1458750,171300
1458755,384300
1458758,445600
1458759,150000
1458761,0
1458762,450400
1458764,450000
1458765,400000
1458772,500000
1458775,0
1458781,400000
1458784,0
1458785,384300
1458790,392000
1458793,600000
1458796,0
1458800,0
1458802,346500
1458804,740500
1458808,949500
1458811,0
1458813,481000
1458816,525000
1458825,332500
1458833,384300
1458838,400000
1458839,405200
1458840,432500
1458842,280000
1458846,840000
1458851,205000
1458865,150000
1458868,1359000
1458869,384300
1458876,350000
1458879,0
1458885,531800
1458893,644400
1458894,0
1458898,0
1458900,400000
1458912,384900
1458915,499300
1458916,345500
1458917,483700
1458919,378400
1458927,434200
1458930,1076100
1458945,406800
1458950,550000
1458955,200000
1458969,400000
1458970,400000
1458971,405000
1458978,490000
1458979,594600
1458986,30000
1458988,1606500
1458993,1926400
1459002,1220000
1459003,400000
1459005,613000
1459007,530000
1459009,400000
1459012,450500
1459015,492300
1459019,0
1459028,0
1459031,813500
1459034,571200
1459037,887400
1459040,400000
1459041,400000
1459043,550000
1459056,940000
1459057,472000
1459064,384300
1459065,150000
1459067,150000
1459073,706500
1459081,0
1459091,450000
1459095,450400
1459099,797500
1459101,384300
1459104,1254700
1459106,603000
1459108,568900
1459113,445800
1459125,374200
1459128,487000
1459131,288800
1459134,0
1459137,645000
1459138,150000
1459139,443900
1459140,172500
1459141,384300
1459142,536100
1459147,391000
1459151,686000
1459152,0
1459156,634500
1459159,666900
1459160,400000
1459162,680500
1459163,384300
1459164,453600
1459165,0
1459171,0
1459172,910000
1459177,496800
1459178,1275000
1459184,377400
1459192,0
1459194,585000
1459195,500000
1459200,384300
1459202,0
1459204,350000
1459209,571200
1459213,629500
1459215,187500
1459217,400000
1459219,0
1459239,384300
1459241,490000
1459243,239500
1459244,0
1459247,0
1459248,350000
1459256,745800
1459258,400000
1459261,413900
1459274,384300
1459275,389600
1459276,400000
1459278,343000
1459283,444600
1459294,700000
1459295,384300
1459297,267000
1459303,495000
1459304,200000
1459305,420800
1459307,0
1459323,0
1459326,384300
1459331,627900
1459334,495000
1459336,0
1459339,400000
1459350,0
1459354,980200
1459356,639500
1459357,401100
1459361,384300
1459367,297500
1459368,1247500
1459378,460800
1459379,500000
1459381,397100
1459385,345500
1459386,1144400
1459389,538400
1459395,405000
1459397,884700
1459400,0
1459403,0
1459407,467500
1459409,1034500
1459413,2173100
1459421,1505500
1459423,400000
1459424,0
1459433,0
1459441,510000
1459442,450000
1459446,0
1459447,500000
1459448,0
1459463,0
1459465,592200
1459468,510000
1459471,0
1459474,596200
1459479,750000
1459484,938400
1459485,345800
1459486,460800
1459489,750000
1459496,796000
1459497,171500
1459498,120000
1459502,300000
1459506,405900
1459507,684000
1459511,684000
1459512,660000
1459514,850000
1459517,445000
1459519,435600
1459523,384300
1459530,259000
1459538,517500
1459543,1300000
1459546,384300
1459547,0
1459548,636500
1459552,961100
1459555,367000
1459568,384300
1459571,400000
1459572,150000
1459579,763000
1459582,0
1459584,150000
1459593,200000
1459607,0
1459609,473800
1459617,384300
1459619,650000
1459626,350000
1459628,384300
1459631,658500
1459636,483300
1459643,0
1459644,427900
1459647,150000
1459651,400000
1459653,384300
1459656,472000
1459662,286700
1459668,384300
1459670,724000
1459675,172000
1459680,400000
1459683,613000
1459684,350000
1459687,0
1459690,0
1459692,444500
1459694,0
1459696,617500
1459698,513500
1459704,0
1459705,0
1459711,140000
1459714,453600
1459726,384300
1459730,700000
1459740,481000
1459746,1833500
1459750,150000
1459755,332500
1459758,350000
1459760,384300
1459768,0
1459770,150000
1459771,445000
1459780,2553100
1459782,384300
1459785,1107000
1459786,460300
1459789,350000
1459790,0
1459794,418500
1459806,437000
1459808,800000
1459812,809000
1459815,384300
1459817,0
1459819,100000
1459828,430900
1459832,0
1459833,429200
1459837,542000
1459838,0
1459839,489500
1459843,384300
1459845,825000
1459848,500000
1459860,1414000
1459861,400000
1459863,715800
1459866,395000
1459869,800000
1459878,472000
1459881,384300
1459885,481500
1459891,1017000
1459899,829000
1459900,0
1459903,530000
1459904,384300
1459906,591800
1459910,0
1459912,721200
1459918,0
1459927,772000
1459936,384300
1459937,493600
1459941,400000
1459943,400000
1459948,676500
1459951,466300
1459953,150000
1459955,772500
1459957,315000
1459961,384300
1459971,350000
1459982,411600
1459983,350000
1459984,1258600
1459987,384300
1459990,424500
1459997,700000
1459998,581900
1460004,384300
1460010,515000
1460012,1060300
1460015,550000
1460021,280000
1460027,400000
1460033,400000
1460034,398700
1460039,394800
1460040,0
1460056,0
1460057,986000
1460059,606500
1460065,350000
1460067,0
1460068,384300
1460071,200000
1460074,500000
1460076,0
1460090,0
1460097,150000
1460100,0
1460101,565800
1460103,384300
1460105,373300
1460106,569800
1460107,0
1460113,408000
1460132,435900
1460133,927700
1460135,467500
1460140,379600
1460142,398600
1460144,2124200
1460145,384300
1460150,700000
1460152,556800
1460158,385300
1460160,0
1460161,565800
1460165,386000
1460166,332500
1460167,929100
1460170,384300
1460172,450000
1460174,0
1460180,120000
1460183,350000
1460185,0
1460202,0
1460207,384300
1460208,1271000
1460217,0
1460224,0
1460226,390900
1460228,215700
1460233,494500
1460238,0
1460242,345500
1460248,650000
1460250,402000
1460260,0
1460262,500000
1460265,0
1460268,0
1460273,400000
1460274,577000
1460278,0
1460288,140000
1460295,300000
1460297,1794400
1460301,670000
1460302,0
1460303,130400
1460305,398600
1460307,0
1460308,850000
1460310,0
1460319,412400
1460321,472000
1460330,600000
1460333,0
1460334,0
1460336,467500
1460344,0
1460345,571200
1460356,0
1460357,400000
1460363,472000
1460368,489500
1460369,500000
1460370,419800
1460375,364000
1460376,650000
1460381,350000
1460384,0
1460396,0
1460399,367500
1460402,0
1460410,600000
1460411,400000
1460412,357000
1460415,784100
1460418,571200
1460420,450400
1460423,82500
1460428,385000
1460432,546000
1460441,602500
1460442,150000
1460445,459000
1460448,990500
1460449,286700
1460465,0
1460468,0
1460475,507500
1460477,400000
1460480,1447900
1460482,555000
1460487,467500
1460490,621000
1460497,489500
1460509,412500
1460511,0
1460514,508000
1460516,1150400
1460517,694500
1460518,447300
1460526,449000
1460529,150000
1460534,0
1460541,145000
1460543,166500
1460546,468400
1460549,150000
1460550,760900
1460553,680000
1460556,496500
1460557,400000
1460558,407600
1460559,2963100
1460561,550000
1460563,150000
1460565,507000
1460566,450000
1460571,0
1460573,444500
1460574,836900
1460575,0
1460579,0
1460580,516200
1460581,9260200
1460583,400000
1460584,742100
1460587,456100
1460598,430000
1460603,613500
1460620,456700
1460627,150000
1460629,350000
1460638,478800
1460641,0
1460643,717100
1460646,527000
1460647,468000
1460648,1093000
1460649,500000
1460650,67000
1460654,385500
1460657,430000
1460662,347500
1460664,500000
1460666,705400
1460667,542800
1460671,433000
1460672,400000
1460675,872000
1460677,430000
1460681,579700
1460690,0
1460696,748100
1460698,0
1460699,450000
1460704,620900
1460706,0
1460707,474300
1460710,572800
1460711,150000
1460713,280000
1460716,489500
1460724,500000
1460733,467500
1460736,550300
1460738,944200
1460740,500000
1460748,559000
1460750,500000
1460753,500000
1460756,335000
1460759,528000
1460764,400000
1460765,0
1460766,689200
1460768,509000
1460769,0
1460772,391600
1460773,400000
1460778,875000
1460781,500000
1460782,440500
1460786,0
1460790,700000
1460797,400000
1460807,300000
1460813,367500
1460824,706000
1460829,374000
1460831,500000
1460832,1039500
1460833,400000
1460834,620800
1460840,415000
1460841,500000
1460843,1000000
1460848,500000
1460851,406000
1460853,610500
1460854,880500
1460856,822500
1460858,430200
1460859,396000
1460866,0
1460868,428400
1460875,283500
1460880,400000
1460883,450000
1460886,150000
1460888,0
1460891,489500
1460899,478800
1460900,719200
1460904,0
1460906,451800
1460914,604000
1460917,550000
1460918,559000
1460925,0
1460926,300000
1460929,400000
1460931,0
1460938,388500
1460940,400000
1460942,1421200
1460943,0
1460945,0
1460952,297500
1460956,318500
1460957,445000
1460959,410300
1460960,0
1460962,400000
1460971,513500
1460973,408500
1460978,400000
1460980,400000
1460987,0
1460996,3515900
1461002,150000
1461004,399000
1461006,445000
1461010,600000
1461016,0
1461022,1644600
1461026,500000
1461028,478400
1461030,0
1461034,398100
1461038,332500
1461039,1489000
1461040,1950000
1461043,1151200
1461048,1351800
1461058,542800
1461062,578600
1461067,747000
1461070,0
1461080,282800
1461087,56900
1461092,493600
1461101,500000
1461103,599500
1461104,395000
1461107,400000
1461113,910800
1461114,1438900
1461116,550000
1461120,900000
1461124,350000
1461128,150000
1461129,489500
1461137,0
1461138,445000
1461139,798000
1461142,600000
1461149,460800
1461150,692800
1461152,471500
1461153,300000
1461155,400000
1461160,2316200
1461161,350000
1461168,634300
1461171,454500
1461172,400000
1461174,0
1461175,431100
1461179,572500
1461187,0
1461188,0
1461190,659000
1461191,400000
1461192,400000
1461201,600000
1461202,382900
1461208,150000
1461211,500000
1461212,1711600
1461215,384300
1461220,500000
1461222,300000
1461226,436000
1461230,500000
1461231,354600
1461232,626500
1461234,737600
1461235,500000
1461236,0
1461240,200000
1461241,866800
1461249,481000
1461254,0
1461256,0
1461257,512200
1461262,209500
1461263,503000
1461269,400000
1461270,396500
1461272,474300
1461273,446400
1461285,0
1461286,415900
1461287,2940000
1461289,400000
1461292,430300
1461293,500000
1461295,1142900
1461298,422000
1461299,483300
1461301,400000
1461307,150000
1461313,377900
1461321,0
1461322,400000
1461345,297500
1461349,0
1461354,370500
1461360,597300
1461364,400000
1461367,0
1461368,300000
1461372,348500
1461374,0
1461375,700000
1461378,1660000
1461382,178500
1461383,400000
1461384,350000
1461385,1851000
1461386,126600
1461388,100000
1461389,0
1461390,150000
1461393,0
1461398,461500
1461399,500000
1461401,623800
1461402,800000
1461405,550000
1461409,845000
1461414,180000
1461416,400000
1461419,129900
1461421,500000
1461422,500000
1461430,426500
1461432,594800
1461433,474300
1461435,498800
1461441,600000
1461444,466800
1461447,631500
1461448,0
1461452,67000
1461458,485500
1461460,550000
1461463,468400
1461466,0
1461469,350000
1461473,549000
1461475,0
1461477,400000
1461478,332500
1461482,0
1461486,0
1461488,1151400
1461491,495200
1461499,669000
1461501,150000
1461502,394000
1461505,355700
1461507,315000
1461513,0
1461514,400000
1461532,400000
1461540,1364600
1461544,600000
1461546,399500
1461549,489500
1461552,0
1461555,485600
1461556,400000
1461563,491000
1461565,0
1461566,383500
1461568,939500
1461575,400000
1461579,400000
1461580,500000
1461585,1035700
1461597,293300
1461601,142000
1461602,400000
1461605,613900
1461609,250000
1461613,750500
1461614,150000
1461617,550000
1461619,350000
1461620,0
1461629,550000
1461630,150000
1461631,150000
1461632,400500
1461635,475600
1461638,0
1461643,0
1461644,700000
1461647,332500
1461648,0
1461652,1300000
1461653,750000
1461655,343000
1461663,399000
1461665,367500
1461669,570400
1461671,500000
1461675,715800
1461676,434500
1461682,400000
1461684,570000
1461700,143100
1461701,0
1461702,1400000
1461705,440000
1461709,400000
1461723,1086000
1461724,1240400
1461729,0
1461739,400000
1461740,1150000
1461746,417500
1461750,150000
1461752,565800
1461753,527400
1461754,808100
1461758,310000
1461763,0
1461766,231000
1461767,398600
1461768,0
1461769,401200
1461785,326000
1461786,150000
1461788,690000
1461789,343000
1461793,450000
1461798,586500
1461799,0
1461800,489500
1461809,417000
1461811,444600
1461812,650000
1461821,768100
1461825,550000
1461832,1267600
1461834,500000
1461835,399500
1461838,0
1461840,350000
1461846,431500
1461849,679300
1461851,400000
1461853,404000
1461860,413500
1461862,619500
1461865,2132800
1461867,1069300
1461874,722000
1461876,2050500
1461886,787500
1461887,336000
1461889,0
1461890,293300
1461896,0
1461903,500000
1461904,1191000
1461905,763500
1461908,0
1461917,500000
1461928,0
1461929,150000
1461932,365000
1461941,3604900
1461944,0
1461951,150000
1461956,450000
1461958,400000
1461969,345800
1461970,150000
1461973,0
1461974,607300
1461975,0
1461977,669300
1461980,0
1461985,397500
1461988,636000
1461989,407000
1461990,467600
1461991,400000
1461996,315000
1462006,489500
1462010,489500
1462019,472200
1462021,643600
1462022,1037500
1462030,0
1462035,112000
1462040,1150000
1462042,546200
1462043,440500
1462045,150000
1462048,550000
1462054,490000
1462057,650000
1462061,584700
1462066,150000
1462068,0
1462073,150000
1462077,400000
1462078,0
1462082,411200
1462091,345500
1462097,477400
1462099,310000
1462100,2942000
1462102,400000
1462107,0
1462109,658900
1462110,382200
1462115,343000
1462116,542800
1462120,350000
1462121,387900
1462124,650000
1462125,363600
1462127,483300
1462129,0
1462131,550000
1462136,350000
1462143,165000
1462144,454000
1462150,550000
1462152,400000
1462154,500000
1462161,150000
1462167,300000
1462169,500000
1462171,485500
1462173,1233000
1462179,325000
1462181,487800
1462184,0
1462186,440500
1462190,0
1462195,485000
1462199,368900
1462202,0
1462204,0
1462208,842000
1462212,622000
1462229,380600
1462236,268500
1462242,0
1462247,100000
1462251,580700
1462252,550000
1462257,363600
1462258,0
1462259,175600
1462260,0
1462261,0
1462263,0
1462264,399000
1462265,307500
1462268,685900
1462273,467500
1462278,387000
1462289,0
1462291,0
1462292,315000
1462295,493600
1462296,400000
1462300,0
1462302,150000
1462304,686600
1462305,120000
1462308,400000
1462314,378900
1462315,0
1462320,491800
1462323,0
1462329,165000
1462332,520000
1462333,0
1462338,700000
1462347,829100
1462349,0
1462352,581900
1462355,400000
1462358,0
1462360,427000
1462361,1102500
1462363,1550000
1462367,500000
1462377,1074800
1462381,479000
1462382,1609000
1462384,400000
1462397,0
1462401,489600
1462403,1272900
1462407,400000
1462410,400000
1462413,520000
1462419,337600
1462423,400000
1462427,1106200
1462433,345800
1462434,463000
1462436,0
1462437,150000
1462442,400000
1462443,472100
1462444,0
1462445,400000
1462447,300000
1462450,605600
1462457,150000
1462458,520500
1462461,372000
1462463,374500
1462464,150000
1462465,949500
1462467,383300
1462470,440000
1462478,0
1462482,650000
1462487,225000
1462491,730200
1462493,0
1462494,550000
1462495,0
1462499,932000
1462500,346500
1462501,803100
1462504,585200
1462510,1717200
1462515,1041700
1462517,432500
1462518,450000
1462521,1150000
1462522,332500
1462524,639500
1462526,439500
1462529,0
1462530,600000
1462532,1250000
1462533,550000
1462535,305000
1462539,500000
1462557,286700
1462561,0
1462568,0
1462570,300000
1462571,0
1462575,361000
1462576,700000
1462584,120000
1462588,673500
1462589,400000
1462592,300000
1462593,332500
1462599,150000
1462606,469800
1462608,400000
1462622,350000
1462623,1567000
1462626,400000
1462627,550000
1462632,574000
1462635,0
1462638,0
1462643,469800
1462645,452700
1462646,400000
1462652,450000
1462656,400000
1462662,0
1462663,0
1462667,2283400
1462668,734000
1462673,510500
1462674,471100
1462676,250000
1462680,833900
1462687,3495900
1462690,0
1462693,1300000
1462697,425000
1462699,478000
1462706,0
1462719,250000
1462726,0
1462727,250000
1462729,0
1462730,308500
1462740,789500
1462747,978500
1462748,500000
1462759,150000
1462764,500000
1462766,325500
1462769,0
1462772,0
1462774,400000
1462775,439300
1462790,346500
1462792,0
1462796,499000
1462804,325500
1462805,267500
1462808,833500
1462810,487800
1462811,0
1462812,0
1462817,453300
1462819,386800
1462829,600000
1462831,776700
1462833,529300
1462835,381500
1462836,548500
1462838,0
1462840,150000
1462843,600000
1462846,325500
1462847,0
1462849,312500
1462855,104000
1462858,0
1462859,474300
1462860,150000
1462864,0
1462865,413400
1462867,490100
1462868,704500
1462870,821400
1462872,500000
1462878,0
1462881,0
1462882,0
1462883,290000
1462887,939800
1462896,150000
1462901,400000
1462902,400000
1462904,0
1462907,400000
1462909,1730500
1462913,445500
1462914,7766100
1462916,478800
1462923,350000
1462928,150000
1462929,462000
1462937,0
1462940,150000
1462945,345500
1462947,737100
1462952,0
1462954,499000
1462956,297500
1462957,1414700
1462960,0
1462962,0
1462964,0
1462965,467500
1462974,0
1462977,508000
1462981,367100
1462987,0
1462990,1437200
1462994,325500
1462996,718900
1462999,150000
1463008,200000
1463019,0
1463020,395000
1463022,1996600
1463023,565000
1463024,285300
1463031,624600
1463032,467500
1463034,481000
1463037,566000
1463041,584200
1463044,325500
1463045,0
1463049,345500
1463050,100000
1463053,0
1463055,489500
1463059,163300
1463066,0
1463068,400000
1463071,489500
1463076,0
1463078,361000
1463080,611500
1463082,574300
1463086,429200
1463090,193500
1463092,0
1463093,350000
1463098,400000
1463100,600000
1463103,350000
1463104,348300
1463113,596000
1463114,490000
1463115,288000
1463123,740000
1463124,710800
1463126,692800
1463130,400000
1463138,389600
1463140,0
1463141,358500
1463142,574300
1463147,483700
1463150,506800
1463153,20170400
1463155,426600
1463156,432500
1463158,372400
1463160,400000
1463161,0
1463162,0
1463163,639500
1463170,877000
1463172,574300
1463175,700000
1463186,150000
1463187,0
1463189,520000
1463191,0
1463196,0
1463203,500000
1463209,400000
1463217,75600
1463219,400000
1463225,767500
1463226,1006500
1463231,489500
1463234,391500
1463235,489500
1463242,13679300
1463252,584500
1463258,400000
1463264,385200
1463268,850000
1463270,0
1463276,400000
1463277,410800
1463278,400000
1463283,0
1463285,0
1463286,450400
1463289,477000
1463291,478300
1463293,692800
1463295,400000
1463296,489600
1463298,476500
1463299,508000
1463301,0
1463311,463900
1463312,300000
1463321,0
1463328,350000
1463329,400000
1463332,0
1463334,0
1463337,431000
1463339,530000
1463345,550000
1463346,365500
1463347,444400
1463350,542800
1463351,674400
1463355,550000
1463358,500000
1463360,427500
1463362,0
1463367,550000
1463368,350000
1463369,436500
1463370,500000
1463371,489500
1463372,545600
1463374,301000
1463375,537800
1463379,1050000
1463380,300000
1463382,0
1463388,439800
1463391,0
1463393,350000
1463395,0
1463397,817800
1463398,1059700
1463401,650000
1463403,721600
1463405,0
1463412,794200
1463414,1861200
1463415,692800
1463416,500000
1463420,400000
1463424,726000
1463427,586000
1463429,0
1463432,489500
1463433,685300
1463440,350000
1463450,0
1463452,1500
1463453,0
1463454,1553500
1463460,617500
1463462,555700
1463469,400000
1463470,407600
1463471,150000
1463473,200000
1463483,378000
1463485,1127000
1463486,417500
1463489,401800
1463490,440500
1463491,437800
1463495,557200
1463497,809000
1463506,255100
1463509,551000
1463527,300000
1463533,1832100
1463536,692800
1463539,382400
1463541,435000
1463544,426500
1463549,109500
1463551,604500
1463556,0
1463567,400000
1463573,537800
1463576,0
1463579,574300
1463585,337800
1463590,394400
1463593,0
1463594,350000
1463602,722900
1463608,574300
1463615,540900
1463618,894300
1463619,1500000
1463625,361500
1463626,0
1463631,374500
1463632,0
1463636,389600
1463638,500000
1463639,700000
1463643,390700
1463644,550000
1463650,400000
1463654,574300
1463656,329500
1463658,400000
1463662,750000
1463665,389600
1463667,460800
1463679,1304100
1463680,345500
1463681,1131300
1463683,300000
1463684,587000
1463690,550000
1463692,450000
1463694,692800
1463702,451600
1463703,400000
1463711,150000
1463713,285000
1463716,484900
1463717,0
1463719,400000
1463720,355000
1463723,0
1463726,0
1463727,458500
1463729,200000
1463732,713900
1463733,0
1463739,555000
1463742,400000
1463744,307700
1463747,150000
1463750,400000
1463752,49400
1463755,618000
1463763,680700
1463764,1880900
1463770,0
1463772,556300
1463780,711000
1463786,400000
1463797,500000
1463804,0
1463805,0
1463808,887300
1463813,600400
1463818,489600
1463819,550000
1463820,300000
1463828,857500
1463829,542800
1463834,481500
1463843,0
1463845,807200
1463848,510000
1463849,500000
1463852,208400
1463854,600000
1463857,500000
1463858,400000
1463863,350000
1463865,1050000
1463866,483700
1463868,0
1463873,326000
1463876,408800
1463878,526400
1463879,500000
1463888,489500
1463893,730000
1463899,300000
1463911,237000
1463921,258900
1463925,0
1463929,150000
1463936,0
1463937,350000
1463938,325500
1463940,407000
1463941,5629900
1463942,1011000
1463948,550000
1463949,0
1463950,500000
1463956,478800
1463958,199000
1463965,829000
1463968,1044600
1463971,615000
1463977,407300
1463983,0
1463985,399500
1463988,0
1463992,499000
1463993,850000
1463995,325500
1464003,308500
1464005,581000
1464013,629500
1464017,1194300
1464018,150000
1464019,0
1464021,200000
1464026,692800
1464029,700000
1464032,325500
1464034,150000
1464036,639500
1464037,150000
1464045,350000
1464047,2186000
1464048,541500
1464062,400000
1464066,325500
1464067,400000
1464068,400000
1464076,0
1464085,1962200
1464088,0
1464092,172400
1464095,0
1464105,400000
1464108,581500
1464112,372100
1464116,0
1464120,692800
1464122,150000
1464126,325500
1464128,400000
1464143,541500
1464144,0
1464151,413100
1464153,1586500
1464154,0
1464163,473200
1464164,917000
1464165,325500
1464169,385000
1464174,563400
1464175,800000
1464176,652100
1464177,400000
1464179,434800
1464183,0
1464185,476500
1464194,1384200
1464195,533200
1464199,400000
1464201,400000
1464208,150000
1464211,385000
1464215,810000
1464216,400000
1464217,919500
1464222,0
1464223,400000
1464224,409100
1464227,250000
1464232,300000
1464233,300000
1464236,542800
1464237,0
1464239,325500
1464243,400000
1464244,0
1464250,499000
1464253,0
1464254,275900
1464261,490500
1464263,400000
1464265,0
1464266,0
1464267,445000
1464269,325500
1464271,1814000
1464280,0
1464286,0
1464290,0
1464295,800000
1464297,550000
1464305,49200
1464307,378800
1464308,400000
1464315,470200
1464317,39200
1464318,325500
1464321,0
1464323,542800
1464324,497000
1464329,150000
1464331,630000
1464332,184500
1464338,339500
1464341,0
1464346,547300
1464347,756000
1464348,267800
1464350,325500
1464352,150000
1464353,523300
1464364,0
1464365,390000
1464371,0
1464373,361900
1464374,70000
1464383,382000
1464386,0
1464387,280000
1464388,380600
1464391,0
1464393,472800
1464397,0
1464401,0
1464403,534500
1464404,150000
1464405,525000
1464406,544500
1464409,550000
1464410,489600
1464422,325500
1464435,325500
1464445,716600
1464446,994400
1464448,0
1464460,598000
1464464,354200
1464466,0
1464473,0
1464476,448500
1464479,345800
1464494,485500
1464498,345800
1464500,662000
1464505,300000
1464519,0
1464523,345800
1464527,345800
1464528,110000
1464533,657500
1464534,0
1464536,400000
1464538,300000
1464542,0
1464544,150000
1464545,550000
1464549,364900
1464550,0
1464551,756500
1464557,400000
1464558,685800
1464562,345800
1464567,940000
1464568,447700
1464578,345800
1464579,140000
1464587,652000
1464589,369400
1464597,374300
1464599,0
1464604,28800
1464610,345800
1464618,400000
1464624,345800
1464629,489500
1464630,350000
1464636,0
1464647,0
1464656,345800
1464665,345800
1464667,150000
1464669,110000
1464672,350000
1464673,200000
1464678,0
1464691,0
1464692,0
1464694,159900
1464710,300000
1464715,400000
1464716,0
1464723,0
1464726,0
1464728,350000
1464736,62900
1464737,473500
1464745,1601500
1464751,150000
1464752,599000
1464754,450000
1464756,424300
1464758,150000
1464760,300000
1464769,0
1464783,426000
1464784,0
1464789,450000
1464793,0
1464799,500000
1464807,748900
1464818,400000
1464822,715800
1464825,562000
1464837,0
1464838,150000
1464840,400000
1464853,0
1464864,697100
1464870,350000
1464876,467500
1464880,450000
1464888,588500
1464892,0
1464902,0
1464905,400000
1464908,510000
1464911,644300
1464927,150000
1464932,600000
1464934,600000
1464940,400000
1464945,0
1464947,645000
1464953,600000
1464955,300000
1464956,1425400
1464959,157700
1464963,433600
1464967,486700
1464975,450000
1464976,300000
1464978,1549900
1464979,150000
1464981,658900
1464987,858000
1464988,0
1464990,590000
1464996,0
1464997,619000
1464998,413500
1465002,0
1465006,350000
1465012,401000
1465020,0
1465021,150000
1465025,392000
1465026,539200
1465027,1495000
1465033,150000
1465041,40800
1465046,0
1465054,0
1465056,150000
1465060,880000
1465062,0
1465063,0
1465064,0
1465065,400000
1465076,150000
1465079,0
1465081,467500
1465087,150000
1465091,150000
1465092,0
1465100,605500
1465102,569000
1465106,449000
1465128,150000
1465131,527200
1465134,400000
1465140,0
1465141,0
1465143,0
1465148,250000
1465150,455000
1465157,0
1465159,1094100
1465171,0
1465177,300000
1465181,150000
1465215,200000
1465237,151400
1465261,320000
1465263,599500
1465264,250000
1465266,450000
1465269,500000
1465282,395000
1465293,0
1465298,350000
1465310,929000
1465311,530000
1465315,0
1465319,900000
1465321,490000
1465323,0
1465324,0
1465329,0
1465330,838700
1465339,0
1465346,300000
1465349,0
1465350,550000
1465356,0
1465362,350000
1465363,490000
1465389,372000
1465402,0
1465404,300000
1465406,737000
1465413,150000
1465436,450000
1465439,1668000
1465444,432500
1465447,300000
1465452,400000
1465454,0
1465459,375000
1465462,0
1465472,419400
1465475,0
1465476,0
1465480,350000
1465482,692500
1465497,350000
1465499,397500
1465514,150000
1465515,400000
1465516,250000
1465517,0
1465528,1194000
1465534,150000
1465538,419000
1465554,0
1465561,522500
1465566,450000
1465573,521000
1465576,990000
1465577,550000
1465586,0
1465587,210800
1465588,450000
1465592,350000
1465593,0
1465598,0
1465615,598300
1465623,367500
1465635,350000
1465642,621000
1465646,0
1465647,0
1465652,836300
1465662,0
1465664,15300
1465668,250000
1465672,757000
1465674,14400
1465676,0
1465688,177500
1465692,1378000
1465694,0
1465699,5268800
1465703,500000
1465705,0
1465723,0
1465726,444000
1465727,439000
1465733,0
1465739,382500
1465743,1321500
1465748,260000
1465754,0
1465759,0
1465768,400000
1465773,1244000
1465779,0
1465794,250000
1465806,543000
1465820,300000
1465846,400000
1465847,448000
1465848,0
1465849,702000
1465853,1707800
1465857,442000
1465859,150000
1465865,0
1465866,450000
1465869,350000
1465870,643000
1465872,0
1465880,480000
1465881,250000
1465882,0
1465886,700000
1465887,1006600
1465893,260000
1465894,250000
1465905,500000
1465906,363200
1465922,350000
1465923,463900
1465927,0
1465934,400000
1465937,447100
1465940,800000
1465945,489500
1465963,150000
1465966,1509300
1465974,150000
1465976,567000
1465978,0
1465990,513100
1465993,415200
1465995,517500
1465997,400000
1466006,5649800
1466011,370000
1466020,350000
1466024,480000
1466030,377500
1466034,341400
1466037,940400
1466050,550000
1466055,790000
1466067,350000
1466069,489500
1466070,400000
1466084,150000
1466092,450000
1466094,400000
1466099,554000
1466101,0
1466113,957000
1466115,350000
1466117,750000
1466123,419800
1466125,150000
1466137,0
1466138,0
1466144,847900
1466149,408500
1466166,313000
1466171,144800
1466186,189500
1466195,444500
1466196,386000
1466197,426300
1466198,508200
1466209,0
1466212,350000
1466221,488200
1466227,737200
1466229,350000
1466240,350000
1466256,400000
1466257,1333500
1466262,350000
1466263,350000
1466265,150000
1466271,640200
1466274,350000
1466278,600000
1466284,350000
1466286,600000
1466287,400000
1466289,358500
1466292,250000
1466294,350000
1466295,0
1466300,550000
1466311,361700
1466312,350000
1466316,350000
1466318,150000
1466321,550000
1466330,350000
1466333,0
1466334,564600
1466341,250000
1466343,385700
1466349,450000
1466355,703500
1466356,150000
1466379,778400
1466390,0
1466391,428000
1466393,2236800
1466421,500000
1466423,890000
1466428,0
1466430,800000
1466433,427900
1466438,0
1466451,576500
1466454,376600
1466473,0
1466476,0
1466481,578000
1466485,400000
1466489,980000
1466492,812600
1466499,363800
1466517,150000
1466520,450000
1466527,350000
1466528,0
1466531,0
1466535,0
1466579,0
1466581,150000
1466587,600000
1466602,0
1466613,0
1466617,507700
1466624,0
1466631,617800
1466635,281000
1466638,0
1466649,390000
1466651,373900
1466674,0
1466683,855500
1466688,28000
1466692,0
1466699,571200
1466702,0
1466705,489600
1466722,250000
1466731,270000
1466739,800000
1466755,0
1466757,741000
1466761,561000
1466762,7507100
1466765,0
1466768,1024000
1466771,450000
1466777,0
1466784,350000
1466792,891000
1466796,650000
1466801,584000
1466803,51900
1466812,100000
1466821,300000
1466823,675200
1466833,934700
1466834,350000
1466839,567000
1466856,0
1466865,400000
1466874,300000
1466883,1285100
1466889,500000
1466899,496000
1466903,419500
1466904,426000
1466905,0
1466917,389500
1466942,650000
1466951,0
1466956,0
1466958,450000
1466960,150000
1466966,250000
1466970,399500
1466973,550000
1466977,657000
1466983,304000
1466989,400000
1466993,250000
1466995,340000
1466996,987000
1467013,1065300
1467022,0
1467025,729000
1467028,0
1467037,427000
1467042,111600
1467043,0
1467048,263000
1467057,145900
1467065,250000
1467071,400000
1467074,0
1467075,625000
1467078,417500
1467080,250000
1467083,335000
1467091,948000
1467111,0
1467117,350000
1467124,390000
1467131,864000
1467144,950000
1467145,0
1467153,3019600
1467154,420000
1467155,381000
1467161,325100
1467167,813500
1467170,2766600
1467172,355000
1467178,80000
1467181,400000
1467187,500000
1467193,0
1467206,294000
1467212,0
1467214,295000
1467215,400000
1467219,0
1467221,250000
1467231,492300
1467233,0
1467238,325100
1467246,150000
1467252,1415900
1467253,247500
1467254,455000
1467262,474000
1467266,1027000
1467271,968000
1467273,0
1467282,325000
1467293,447300
1467299,250000
1467302,338500
1467305,0
1467311,741000
1467313,0
1467319,550000
1467323,150000
1467324,1282900
1467334,0
1467341,575000
1467343,349700
1467351,60000
1467352,360000
1467357,483300
1467360,310000
1467365,332500
1467377,422900
1467384,250000
1467388,550000
1467389,400000
1467391,0
1467394,200000
1467397,700000
1467405,400000
1467406,704600
1467407,304000
1467415,0
1467417,378900
1467430,0
1467431,600000
1467432,700000
1467433,639500
1467438,1445000
1467441,315100
1467446,80000
1467451,0
1467456,450000
1467458,770500
1467459,280000
1467460,2245600
1467467,450000
1467469,0
1467479,0
1467482,400000
1467484,150000
1467485,150000
1467489,815000
1467493,365000
1467496,0
1467498,145100
1467507,352800
1467508,1374500
1467509,840000
1467510,558600
1467540,400000
1467541,350000
1467543,620700
1467544,417500
1467547,315000
1467550,150000
1467557,750000
1467560,805000
1467564,335000
1467565,2000000
1467569,0
1467575,0
1467577,600000
1467582,0
1467583,300000
1467587,361500
1467590,540000
1467591,430200
1467592,0
1467603,501500
1467609,450000
1467615,550000
1467616,260000
1467620,0
1467624,650000
1467625,0
1467626,0
1467640,0
1467652,289500
1467654,0
1467659,725500
1467660,723100
1467662,443000
1467664,528800
1467666,0
1467668,850000
1467672,921800
1467676,112400
1467679,0
1467686,600000
1467699,278000
1467704,250000
1467707,150000
1467708,109500
1467709,490000
1467713,0
1467716,400000
1467719,501000
1467724,345800
1467729,0
1467730,350000
1467731,350000
1467738,321000
1467742,490000
1467744,0
1467746,330000
1467749,475500
1467753,448600
1467757,510500
1467758,0
1467761,350000
1467765,510000
1467768,568000
1467770,932000
1467771,300000
1467779,292500
1467784,450000
1467785,0
1467788,470100
1467794,400000
1467803,550000
1467809,400000
1467812,288000
1467814,290000
1467816,778000
1467823,250000
1467824,754600
1467830,400000
1467831,325000
1467835,400000
1467843,562900
1467847,0
1467848,750000
1467849,150000
1467850,400000
1467855,404000
1467856,203900
1467859,325500
1467860,1675000
1467862,700000
1467864,372500
1467869,472000
1467874,336000
1467875,288000
1467888,430500
1467891,350000
1467893,489500
1467894,150000
1467898,0
1467904,400000
1467907,445000
1467908,940000
1467912,436500
1467913,746000
1467916,580200
1467920,1390000
1467924,350000
1467928,441600
1467931,445000
1467936,725000
1467947,382500
1467950,0
1467959,690000
1467962,500000
1467975,869500
1467982,457600
1467983,150000
1467995,555000
1467998,350000
1467999,628000
1468003,325500
1468005,440900
1468009,677400
1468010,1026500
1468019,564300
1468024,0
1468025,425000
1468028,954500
1468032,150000
1468041,0
1468044,460300
1468047,0
1468053,1510200
1468057,0
1468058,476500
1468073,417000
1468081,0
1468085,417500
1468087,1825000
1468093,1950000
1468096,645000
1468102,367500
1468105,0
1468109,639100
1468113,554500
1468116,1053100
1468121,472200
1468127,150000
1468128,580000
1468137,346500
1468143,400000
1468151,500000
1468154,1411400
1468156,2029000
1468164,1397500
1468167,573600
1468173,0
1468174,450000
1468178,0
1468180,857500
1468181,0
1468182,336000
1468186,3715000
1468190,567500
1468192,0
1468194,0
1468202,500000
1468203,371800
1468204,768000
1468206,800000
1468207,250000
1468213,2000000
1468215,472000
1468218,280000
1468220,0
1468221,140000
1468222,344200
1468232,325500
1468235,300000
1468240,0
1468242,150000
1468248,3953000
1468250,150000
1468258,692800
1468260,550000
1468261,431500
1468262,325500
1468266,350000
1468274,949000
1468276,507600
1468278,639500
1468279,325500
1468285,547300
1468287,0
1468291,556500
1468292,551100
1468297,640200
1468299,120000
1468300,325500
1468313,574300
1468323,325500
1468324,325500
1468325,700000
1468336,0
1468337,489500
1468340,325500
1468344,450000
1468351,563500
1468361,140000
1468363,325500
1468368,302800
1468369,550300
1468372,270000
1468373,345800
1468376,385000
1468378,505400
1468379,692800
1468382,437400
1468384,349300
1468385,1084500
1468387,325500
1468389,1577900
1468390,460800
1468394,450000
1468399,550000
1468400,400000
1468402,466200
1468403,0
1468404,389000
1468414,639500
1468417,325500
1468418,758000
1468419,510000
1468427,297500
1468431,450400
1468434,541200
1468435,594000
1468441,589000
1468442,0
1468450,325500
1468463,350000
1468464,1066600
1468472,642800
1468480,445000
1468487,325500
1468492,606300
1468499,773200
1468506,0
1468507,608800
1468508,325500
1468510,0
1468513,83700
1468517,474300
1468528,650000
1468529,0
1468532,1435100
1468533,704500
1468554,642800
1468559,490000
1468574,507500
1468582,1560000
1468584,0
1468586,350000
1468597,325500
1468612,745600
1468613,0
1468616,325500
1468621,176100
1468627,1655700
1468629,0
1468636,776500
1468639,405000
1468640,0
1468641,150000
1468642,0
1468645,400000
1468647,319000
1468648,978400
1468649,1919700
1468651,482300
1468658,617800
1468659,0
1468669,325500
1468675,0
1468685,325500
1468686,400000
1468690,420800
1468692,715300
1468694,0
1468699,390500
1468702,659900
1468704,325500
1468706,0
1468720,0
1468721,483600
1468723,325500
1468726,400000
1468727,636500
1468730,476500
1468734,0
1468736,579900
1468737,490000
1468738,500000
1468740,615000
1468741,392000
1468742,400000
1468744,400000
1468750,406000
1468752,325500
1468754,975800
1468760,0
1468764,350000
1468766,0
1468772,0
1468776,489500
1468778,344200
1468781,376500
1468784,325500
1468785,300000
1468786,469000
1468788,2249400
1468789,0
1468790,0
1468791,377000
1468797,785300
1468800,350000
1468801,422500
1468808,500000
1468816,0
1468821,624500
1468823,490000
1468825,839800
1468828,325500
1468835,487800
1468843,350000
1468846,400000
1468853,441000
1468856,466000
1468858,1045700
1468862,463900
1468863,750800
1468867,639300
1468875,0
1468879,501000
1468881,627400
1468886,0
1468890,466000
1468892,560500
1468893,550000
1468898,278000
1468899,398300
1468904,332500
1468911,342600
1468919,500000
1468929,800000
1468940,0
1468945,1646200
1468951,400000
1468955,0
1468956,1904700
1468958,477300
1468963,746900
1468967,550000
1468976,208000
1468979,0
1468983,575300
1468989,374500
1468992,689700
1468994,550000
1468997,450000
1469013,740000
1469014,360800
1469019,350000
1469020,550000
1469022,0
1469023,467500
1469028,0
1469031,350000
1469032,700000
1469039,499500
1469040,400000
1469049,600000
1469051,639500
1469056,280000
1469064,0
1469065,489500
1469066,560900
1469070,533500
1469071,394000
1469079,456100
1469081,550000
1469086,939500
1469087,400000
1469091,749500
1469096,2250000
1469097,0
1469100,910800
1469101,483300
1469102,565800
1469105,550000
1469108,655300
1469118,647500
1469120,299800
1469122,565800
1469123,429600
1469125,414000
1469130,500000
1469141,500000
1469142,600000
1469143,0
1469145,374000
1469146,445500
1469147,650000
1469149,0
1469150,522600
1469155,417500
1469158,439500
1469164,332500
1469165,1070700
1469166,700000
1469170,930700
1469171,1281000
1469173,336700
1469177,476500
1469179,0
1469182,396800
1469186,355500
1469194,400000
1469198,200000
1469201,140000
1469206,400000
1469209,1000000
1469210,426500
1469214,350000
1469215,140000
1469222,489500
1469227,400000
1469229,0
1469241,354000
1469243,884000
1469245,1290500
1469247,500000
1469248,489200
1469255,709000
1469256,2687800
1469257,489500
1469260,603200
1469263,1586000
1469279,358200
1469285,450000
1469294,364800
1469303,392000
1469304,355000
1469306,550000
1469307,400000
1469308,386700
1469311,672300
1469324,500000
1469327,1100000
1469328,423800
1469331,150000
1469336,574500
1469341,448000
1469343,442800
1469344,709000
1469351,444000
1469352,621000
1469355,565800
1469361,580000
1469362,373500
1469365,550000
1469368,499000
1469369,0
1469390,500000
1469401,367500
1469406,550000
1469407,425000
1469415,944000
1469419,1135700
1469420,372000
1469427,645000
1469431,350000
1469433,400000
1469434,150000
1469439,500000
1469440,600000
1469442,0
1469453,349300
1469455,400000
1469456,409300
1469459,150000
1469465,450000
1469467,0
1469468,0
1469474,0
1469477,500000
1469478,500000
1469480,1261000
1469486,606300
1469487,500000
1469490,489500
1469496,445100
1469498,326000
1469504,1044500
1469508,376500
1469518,642000
1469521,363800
1469533,0
1469536,400000
1469538,440000
1469544,0
1469552,489500
1469560,486500
1469562,597000
1469568,572500
1469569,565800
1469570,591100
1469572,547800
1469573,0
1469576,150000
1469577,0
1469578,148600
1469582,608500
1469585,486800
1469592,550000
1469609,386100
1469620,400500
1469626,1008400
1469632,400000
1469636,475000
1469639,496800
1469648,498500
1469652,332500
1469653,550000
1469655,0
1469661,400400
1469663,0
1469669,422500
1469672,400000
1469673,757500
1469676,550000
1469692,694000
1469697,1730200
1469700,494500
1469701,324500
1469705,600000
1469714,195000
1469715,392600
1469716,1434700
1469720,576000
1469722,431800
1469723,400000
1469725,570000
1469731,593500
1469737,0
1469740,600000
1469742,457600
1469752,765700
1469755,992000
1469762,146600
1469764,417500
1469774,350000
1469775,557400
1469782,1662000
1469787,150000
1469789,30000
1469795,385400
1469800,900000
1469807,427500
1469811,4062000
1469812,228000
1469818,1063500
1469819,600000
1469821,1550000
1469825,432000
1469826,240600
1469833,820300
1469841,595000
1469842,290800
1469844,412200
1469846,400000
1469847,588300
1469855,350000
1469858,400000
1469859,1001500
1469860,300000
1469865,617600
1469868,472900
1469872,0
1469874,500000
1469879,0
1469880,829300
1469882,219000
1469887,500000
1469891,600000
1469897,600000
1469898,467500
1469904,495500
1469912,540000
1469913,840000
1469914,898500
1469924,329400
1469931,550000
1469938,550000
1469940,3835900
1469941,672000
1469943,371000
1469945,472900
1469947,624000
1469948,445000
1469949,600000
1469955,600000
1469962,600000
1469964,489500
1469965,489500
1469969,330000
1469971,724600
1469974,600000
1469976,600000
1469981,600000
1469989,420200
1469994,600000
1469995,1016500
1470002,240000
1470013,600000
1470027,393800
1470031,400000
1470037,381500
1470039,458500
1470043,674900
1470053,400000
1470058,1268800
1470062,1528600
1470068,600000
1470070,0
1470072,192000
1470074,534400
1470075,460800
1470078,444600
1470079,200000
1470080,0
1470087,0
1470091,300000
1470093,800000
1470099,822000
1470102,495200
1470110,382200
1470115,560700
1470119,420800
1470140,354700
1470141,0
1470142,466000
1470154,400000
1470155,350000
1470157,345200
1470160,600000
1470166,388800
1470169,415800
1470171,3155400
1470173,367500
1470176,250000
1470177,250000
1470180,574700
1470181,332500
1470185,405400
1470191,600000
1470193,600000
1470226,437800
1470227,600000
1470230,330000
1470231,0
1470235,150000
1470236,384000
1470238,432000
1470245,509000
1470246,400000
1470248,563500
1470249,300000
1470252,600000
1470254,415400
1470257,350000
1470264,297000
1470265,600000
1470267,400000
1470271,460500
1470276,535200
1470278,500000
1470279,150000
1470281,650000
1470282,490000
1470286,445000
1470295,504000
1470307,0
1470316,0
1470317,400000
1470319,400000
1470320,91800
1470324,507000
1470331,600000
1470333,1200000
1470335,591000
1470337,600000
1470339,844500
1470340,400000
1470342,904600
1470348,400000
1470351,579000
1470356,600000
1470358,658500
1470359,600000
1470369,400000
1470381,397300
1470382,345800
1470386,349000
1470388,365400
1470397,0
1470399,400000
1470411,400000
1470415,647800
1470421,600000
1470429,226700
1470430,440200
1470448,0
1470449,100000
1470453,450000
1470454,774200
1470455,0
1470460,500000
1470467,475500
1470475,58000
1470476,150000
1470480,600000
1470487,500000
1470488,491300
1470492,600000
1470499,450000
1470502,1099800
1470506,0
1470508,639500
1470521,445900
1470528,290500
1470529,405000
1470530,500000
1470532,528000
1470534,95000
1470538,521300
1470544,446500
1470549,400000
1470551,639500
1470555,750000
1470558,457000
1470560,1016100
1470562,654900
1470565,475000
1470570,0
1470571,417500
1470572,150000
1470576,400000
1470580,140000
1470581,799000
1470583,0
1470584,0
1470586,484200
1470588,400000
1470589,381500
1470591,594000
1470595,200000
1470597,350000
1470600,400000
1470609,400000
1470611,400000
1470614,774300
1470615,450400
1470616,645000
1470618,600000
1470625,600000
1470626,405000
1470636,670000
1470637,540600
1470638,426900
1470642,450000
1470646,400000
1470648,689900
1470653,1380600
1470654,0
1470660,120000
1470662,446500
1470669,350000
1470671,0
1470672,700000
1470674,563500
1470675,332500
1470676,499000
1470678,1972100
1470679,468000
1470680,360000
1470691,510000
1470696,0
1470706,345800
1470708,440400
1470710,3974700
1470712,500000
1470714,332500
1470715,464400
1470717,400000
1470718,300000
1470720,700000
1470721,500000
1470723,398000
1470724,350000
1470728,435000
1470732,600000
1470742,357900
1470744,354200
1470747,214800
1470752,2248000
1470753,1202300
1470754,500000
1470756,500000
1470767,636600
1470769,490000
1470774,381500
1470775,600000
1470783,417500
1470788,636000
1470793,400000
1470805,500000
1470811,0
1470817,0
1470824,0
1470825,468400
1470826,394000
1470827,336000
1470832,270000
1470844,832000
1470846,0
1470847,400000
1470849,786000
1470850,994200
1470852,400000
1470857,0
1470859,415000
1470865,723900
1470870,700000
1470876,500000
1470878,180000
1470880,367500
1470883,573800
1470889,600000
1470903,150000
1470912,1103000
1470913,147300
1470917,150000
1470918,579000
1470921,365400
1470922,400000
1470928,755900
1470932,2441500
1470935,735000
1470940,440500
1470943,0
1470950,627800
1470956,558000
1470958,150000
1470959,1444300
1470966,897600
1470967,500000
1470970,600000
1470974,350000
1470975,337200
1470978,400000
1470980,600000
1470982,460200
1470986,400000
1470988,499500
1470990,430200
1470991,707000
1470992,576000
1470995,400000
1471004,0
1471007,600000
1471009,0
1471013,400000
1471018,472000
1471020,0
1471021,300000
1471025,400000
1471026,0
1471030,390000
1471031,454000
1471032,400000
1471041,120000
1471042,0
1471048,400000
1471053,468000
1471074,642800
1471075,649000
1471076,400000
1471078,719400
1471085,445800
1471089,445000
1471102,750000
1471104,422000
1471107,445000
1471119,225000
1471125,120000
1471129,302600
1471135,431800
1471137,454600
1471138,391400
1471142,494500
1471144,609800
1471147,600000
1471148,316200
1471150,447500
1471151,0
1471153,356400
1471160,280000
1471165,683300
1471170,0
1471174,0
1471176,289700
1471178,600000
1471183,449700
1471186,452700
1471187,420000
1471192,444500
1471194,466500
1471195,400000
1471197,0
1471200,494000
1471202,460800
1471206,367800
1471208,150000
1471209,2200000
1471214,476500
1471215,500000
1471216,866800
1471217,1150000
1471224,517500
1471256,450000
1471260,0
1471262,600000
1471269,1466800
1471272,0
1471281,400000
1471288,350000
1471291,400000
1471292,379500
1471304,456000
1471306,890800
1471307,400000
1471313,555000
1471317,443500
1471319,744000
1471322,447500
1471325,517500
1471327,0
1471330,450000
1471331,0
1471333,382900
1471335,500000
1471339,1858000
1471340,1818400
1471344,498500
1471346,387000
1471349,589000
1471353,655000
1471360,797500
1471374,467500
1471379,400000
1471385,444000
1471389,610300
1471391,650000
1471398,0
1471403,600000
1471404,405000
1471410,387600
1471412,353400
1471413,417500
1471415,400000
1471418,500000
1471424,0
1471427,2127900
1471429,0
1471430,372000
1471436,417500
1471438,0
1471440,336000
1471444,0
1471446,100000
1471452,550000
1471458,567500
1471463,150000
1471472,708500
1471473,350000
1471478,842600
1471480,437000
1471482,280000
1471484,815000
1471491,776200
1471498,876400
1471505,600000
1471506,400000
1471515,198000
1471516,652800
1471518,431000
1471521,671000
1471527,300000
1471532,378000
1471535,790000
1471536,313300
1471539,0
1471540,1480000
1471549,500000
1471551,600000
1471552,500000
1471553,650000
1471558,350000
1471559,400000
1471564,1523500
1471567,473500
1471569,517500
1471570,365000
1471571,434000
1471573,400000
1471575,675000
1471577,458500
1471579,0
1471585,600000
1471590,639500
1471595,433600
1471606,410500
1471607,743000
1471609,400000
1471614,431500
1471615,333000
1471616,600000
1471619,591900
1471621,0
1471624,666300
1471634,0
1471636,600000
1471651,0
1471654,467500
1471657,140000
1471659,0
1471661,600000
1471662,0
1471671,345800
1471672,420800
1471675,1899200
1471684,455700
1471690,439200
1471695,0
1471696,485500
1471708,580500
1471710,500000
1471719,0
1471720,350000
1471722,500000
1471726,1242200
1471728,462000
1471732,483000
1471733,481000
1471744,0
1471748,880000
1471756,708000
1471757,353500
1471758,508500
1471761,1137200
1471763,297500
1471765,374900
1471775,783100
1471781,0
1471786,405000
1471790,467500
1471794,489500
1471799,0
1471800,462000
1471801,390000
1471811,0
1471814,400000
1471815,0
1471818,795000
1471821,547700
1471824,350000
1471828,450400
1471829,0
1471831,345800
1471834,609500
1471835,140000
1471838,400000
1471840,0
1471847,517500
1471849,454000
1471850,300000
1471856,259600
1471858,748500
1471876,550000
1471881,405000
1471883,150000
1471884,0
1471887,300000
1471889,384400
1471891,467500
1471894,500000
1471901,0
1471903,450000
1471907,600000
1471912,600000
1471916,817500
1471920,0
1471922,332500
1471927,431100
1471928,388800
1471931,407400
1471932,760000
1471940,200000
1471944,382500
1471945,600000
1471950,659000
1471951,163400
1471953,145000
1471955,500000
1471956,650000
1471957,457200
1471958,500000
1471959,450000
1471961,394800
1471962,150000
1471964,600000
1471970,400000
1471975,110000
1471977,405000
1471990,600000
1471992,480000
1471994,586600
1472001,467500
1472002,0
1472005,890700
1472014,894000
1472017,140000
1472019,600000
1472025,170000
1472028,0
1472034,437000
1472039,722500
1472040,0
1472042,0
1472051,600000
1472055,0
1472058,457600
1472060,681500
1472067,440500
1472068,295100
1472069,500000
1472071,0
1472075,300000
1472081,600000
1472084,350000
1472085,0
1472096,500000
1472099,666300
1472104,591500
1472106,150000
1472112,600000
1472119,400000
1472121,739500
1472122,150000
1472129,5292400
1472130,0
1472139,470700
1472140,150000
1472141,600000
1472145,400000
1472146,0
1472147,400000
1472150,444400
1472154,600000
1472157,503000
1472160,650000
1472163,400000
1472164,600000
1472167,0
1472169,582800
1472177,418200
1472179,427000
1472183,600000
1472184,2465100
1472186,820000
1472187,250000
1472188,450000
1472192,600000
1472198,800100
1472199,0
1472200,382500
1472201,360000
1472203,600000
1472206,306000
1472211,476500
1472213,337800
1472220,528900
1472238,600000
1472241,0
1472245,74900
1472246,450000
1472249,140000
1472250,150000
1472251,425000
1472252,430500
1472254,497200
1472256,400000
1472258,1254800
1472259,306000
1472263,450000
1472264,0
1472267,600000
1472269,461700
1472277,547000
1472279,600000
1472284,0
1472289,250000
1472297,600000
1472305,150000
1472308,667500
1472311,500000
1472312,750000
1472315,0
1472317,440500
1472325,600000
1472333,235000
1472334,550000
1472336,400000
1472339,673700
1472340,481000
1472342,600000
1472343,510000
1472344,542300
1472345,500000
1472346,504000
1472352,445000
1472354,600000
1472355,799900
1472358,450000
1472363,553200
1472367,0
1472371,356300
1472372,472000
1472373,180000
1472374,1246200
1472379,600000
1472381,328300
1472384,903300
1472386,671300
1472391,612000
1472394,451800
1472395,541500
1472399,600000
1472400,690100
1472404,400500
1472410,729800
1472413,351000
1472422,150000
1472424,481000
1472425,280000
1472427,602600
1472429,600000
1472444,750000
1472445,426100
1472450,374500
1472457,430800
1472459,600000
1472465,445800
1472467,757300
1472481,1355700
1472505,0
1472514,467500
1472515,516000
1472522,400000
1472525,309800
1472526,1305500
1472527,517500
1472528,571800
1472530,572000
1472533,594000
1472539,426600
1472541,500000
1472542,382500
1472547,573300
1472549,1605800
1472554,670000
1472556,400000
1472559,459000
1472569,202500
1472570,56000
1472572,0
1472579,2329500
1472582,0
1472586,0
1472596,628500
1472597,760300
1472599,500000
1472601,432000
1472602,318200
1472603,0
1472609,417300
1472610,600000
1472611,424500
1472614,141800
1472615,300000
1472618,150000
1472622,400000
1472623,400000
1472627,531200
1472637,475500
1472640,842000
1472642,400000
1472648,600000
1472657,667500
1472664,150000
1472665,384000
1472666,415500
1472667,483300
1472668,417500
1472676,465500
1472677,500000
1472685,472000
1472686,344800
1472699,509700
1472702,400000
1472704,600000
1472711,634500
1472712,0
1472714,0
1472717,0
1472724,869600
1472728,800000
1472733,605300
1472735,487100
1472739,300000
1472745,400000
1472747,130500
1472749,400000
1472754,450200
1472759,0
1472763,351800
1472766,400000
1472767,346500
1472772,450000
1472773,121300
1472776,770400
1472777,657500
1472785,527200
1472787,150000
1472788,440500
1472789,1032600
1472792,445900
1472793,736000
1472798,709200
1472801,600000
1472803,545000
1472807,0
1472808,845000
1472812,379800
1472815,150000
1472816,150000
1472820,0
1472825,0
1472827,600000
1472830,2656700
1472833,100000
1472837,488700
1472838,307500
1472840,0
1472843,960200
1472844,400000
1472845,590000
1472848,0
1472851,1311000
1472854,365000
1472856,120000
1472866,400000
1472869,0
1472872,650000
1472873,395500
1472876,714900
1472881,0
1472884,414000
1472885,0
1472886,0
1472891,590500
1472893,400000
1472895,454000
1472897,120000
1472901,0
1472904,356400
1472906,916700
1472914,200000
1472916,1653100
1472932,700000
1472934,0
1472942,0
1472943,662800
1472947,0
1472949,822800
1472951,400000
1472956,311400
1472957,875000
1472958,793700
1472962,437000
1472964,400000
1472967,276100
1472968,1026900
1472974,0
1472979,694000
1472980,250000
1472982,668500
1472984,1648600
1472986,150000
1472990,150000
1472992,400000
1472998,0
1473008,454000
1473014,1362500
1473015,270000
1473017,400000
1473019,427900
1473021,476000
1473022,729500
1473028,243500
1473032,467500
1473036,385000
1473043,295100
1473049,603000
1473051,456800
1473053,394400
1473055,750000
1473060,538500
1473066,336000
1473073,0
1473083,400000
1473084,350000
1473087,329000
1473090,0
1473091,399900
1473094,816000
1473099,350000
1473109,600000
1473116,1194500
1473121,456300
1473122,428800
1473126,385000
1473128,400000
1473131,750000
1473132,150000
1473142,357600
1473143,405000
1473144,350000
1473147,0
1473151,930000
1473156,699100
1473158,255600
1473173,399200
1473176,563500
1473178,465000
1473181,150000
1473185,345800
1473190,597000
1473196,315000
1473197,478800
1473200,239200
1473203,500000
1473211,600000
1473215,250000
1473216,4087200
1473218,0
1473220,350000
1473225,400000
1473232,4374400
1473233,300000
1473235,0
1473237,450500
1473241,510000
1473245,454000
1473250,324000
1473259,378200
1473262,530000
1473268,0
1473270,650000
1473278,444000
1473279,571800
1473301,400000
1473310,475500
1473311,0
1473315,0
1473316,489500
1473321,550000
1473322,318000
1473324,929400
1473328,340000
1473330,500000
1473338,817500
1473341,365000
1473342,300000
1473344,478700
1473346,0
1473350,0
1473357,400000
1473359,807000
1473362,483300
1473368,308000
1473371,650000
1473378,300000
1473386,600000
1473392,300000
1473397,600000
1473399,235000
1473401,600000
1473404,600000
1473405,400000
1473406,451200
1473411,400000
1473412,750000
1473423,419500
1473436,145000
1473442,526500
1473446,500000
1473447,517500
1473449,447700
1473450,550000
1473451,550000
1473459,0
1473463,600000
1473466,817800
1473477,4886200
1473479,0
1473480,400000
1473483,315500
1473485,663800
1473486,456300
1473487,0
1473489,469300
1473514,600000
1473517,347500
1473522,250000
1473529,463000
1473530,0
1473532,3485900
1473538,440900
1473539,350000
1473540,440500
1473541,415800
1473545,150000
1473549,0
1473550,458500
1473552,400000
1473554,400000
1473555,590400
1473556,448600
1473558,0
1473559,300000
1473562,300000
1473567,350000
1473569,0
1473570,400000
1473576,0
1473581,0
1473585,600000
1473586,400000
1473592,350000
1473593,0
1473596,492000
1473599,150000
1473601,300000
1473604,875000
1473605,700000
1473609,406000
1473610,534000
1473611,450000
1473620,517500
1473624,750000
1473631,400000
1473636,0
1473638,347900
1473641,560000
1473646,0
1473647,617500
1473653,80000
1473664,400000
1473668,356300
1473675,353500
1473683,336000
1473685,504000
1473691,500000
1473698,600000
1473699,500000
1473700,0
1473703,519800
1473708,0
1473709,2148300
1473711,1110000
1473715,348900
1473717,0
1473727,150000
1473735,421900
1473739,422500
1473742,472000
1473744,0
1473746,1894000
1473753,0
1473756,0
1473757,198000
1473759,393600
1473760,0
1473763,1188300
1473764,764700
1473779,315000
1473780,0
1473783,1134700
1473788,343100
1473789,457600
1473791,648000
1473794,450000
1473795,89600
1473796,474300
1473803,594000
1473807,501000
1473815,673800
1473816,467500
1473826,600000
1473828,400000
1473829,0
1473843,704700
1473850,1201100
1473856,613500
1473858,500000
1473864,350000
1473867,400000
1473868,381500
1473877,151100
1473878,450000
1473881,475500
1473883,473800
1473887,440500
1473891,400000
1473892,500000
1473905,535500
1473917,500000
1473921,517500
1473928,659800
1473934,463000
1473943,355800
1473946,0
1473948,500000
1473951,797100
1473954,350000
1473955,674300
1473958,713500
1473960,367500
1473961,467500
1473965,0
1473966,969900
1473972,494500
1473973,0
1473979,600000
1473983,902500
1473984,332500
1473985,1174000
1473987,572500
1473989,400000
1473991,554800
1473996,860000
1473998,1153300
1474001,750000
1474016,450000
1474017,378800
1474018,315000
1474020,144000
1474031,400000
1474035,350000
1474037,485500
1474042,459400
1474043,210000
1474044,200000
1474046,346500
1474050,970000
1474051,879500
1474065,0
1474069,415000
1474072,0
1474074,354000
1474075,691500
1474078,970000
1474079,550000
1474081,600000
1474082,774700
1474086,717500
1474089,605500
1474093,1832700
1474094,400000
1474095,355500
1474100,429200
1474105,576000
1474129,500000
1474130,150000
1474131,178000
1474133,400000
1474135,348000
1474139,345800
1474144,0
1474147,378000
1474148,0
1474154,150000
1474155,315000
1474156,365300
1474158,526000
1474165,558000
1474169,0
1474171,735800
1474177,376200
1474179,858500
1474185,500000
1474192,312000
1474206,0
1474209,0
1474210,680000
1474213,336000
1474214,500000
1474215,540000
1474223,833000
1474225,664500
1474227,588600
1474229,625800
1474239,400000
1474243,350000
1474244,250000
1474246,300000
1474247,416100
1474249,499200
1474260,600000
1474274,0
1474282,570000
1474287,416000
1474289,467100
1474293,0
1474299,845000
1474300,0
1474301,448000
1474302,450000
1474303,957000
1474305,408000
1474320,500000
1474321,1956800
1474322,616500
1474325,616600
1474327,495200
1474333,445000
1474338,350000
1474339,0
1474343,449000
1474346,0
1474349,140000
1474350,624300
1474353,0
1474359,400000
1474360,550000
1474363,0
1474367,350000
1474368,900000
1474370,776300
1474371,515000
1474376,891000
1474379,346300
1474380,0
1474381,422000
1474382,400000
1474385,644400
1474386,499000
1474396,570000
1474401,832000
1474402,0
1474403,405400
1474404,156000
1474406,972100
1474407,499000
1474415,0
1474416,400000
1474421,336000
1474423,570000
1474429,0
1474435,624300
1474439,350000
1474442,140000
1474452,674300
1474457,350000
1474465,832800
1474466,595500
1474467,600000
1474473,418000
1474477,330000
1474480,450400
1474481,500000
1474488,600000
1474499,555900
1474501,140000
1474503,759500
1474505,474300
1474507,487500
1474509,450400
1474510,459600
1474513,2009700
1474514,948800
1474520,1238100
1474521,1015200
1474528,440000
1474530,600000
1474543,464400
1474548,650000
1474549,530500
1474550,670500
1474551,600000
1474555,449100
1474562,268100
1474571,600000
1474574,150000
1474577,0
1474583,381500
1474589,814400
1474591,458200
1474593,0
1474598,395100
1474603,450000
1474604,381500
1474609,600000
1474612,661500
1474614,496000
1474621,624300
1474631,700000
1474639,413900
1474641,0
1474647,857500
1474649,664400
1474651,349300
1474652,345800
1474654,0
1474668,0
1474676,554800
1474677,447300
1474679,565000
1474684,600000
1474692,300000
1474693,624300
1474700,367500
1474701,140000
1474702,150000
1474704,732500
1474705,0
1474708,400000
1474714,490000
1474716,0
1474722,387000
1474724,190000
1474725,0
1474726,0
1474733,485600
1474737,457200
1474743,590000
1474747,1396300
1474750,432000
1474752,150000
1474757,561300
1474761,400000
1474765,0
1474768,500000
1474769,600000
1474773,304500
1474774,342000
1474775,570000
1474778,405000
1474785,550000
1474786,0
1474788,485500
1474789,600000
1474794,567500
1474800,400000
1474805,0
1474808,481000
1474809,474300
1474813,0
1474817,479000
1474822,300000
1474835,1117500
1474839,1019500
1474845,1604000
1474846,942000
1474848,400000
1474852,0
1474854,326700
1474858,380600
1474866,528000
1474868,150000
1474870,600000
1474872,431500
1474878,400000
1474879,600000
1474892,397500
1474893,467500
1474894,600000
1474898,817200
1474899,350000
1474905,596000
1474912,695000
1474913,375200
1474916,450000
1474921,434200
1474924,465700
1474936,352000
1474941,567600
1474942,600000
1474946,488700
1474953,770000
1474954,500000
1474959,584000
1474960,600000
1474963,1685000
1474969,600000
1474975,1357200
1474977,950000
1474980,300000
1474984,150000
1474989,450000
1474992,901600
1474993,600000
1475005,150000
1475007,600000
1475014,0
1475020,538200
1475023,400000
1475026,122500
1475027,1839200
1475038,750000
1475039,600000
1475042,834900
1475047,0
1475051,0
1475054,381200
1475055,0
1475059,400000
1475063,667500
1475066,2252500
1475067,600000
1475073,400000
1475085,289500
1475095,0
1475098,600000
1475100,342500
1475105,396900
1475106,950000
1475109,441600
1475110,500000
1475112,1250700
1475117,400000
1475129,485500
1475135,325500
1475141,445000
1475143,600000
1475144,500000
1475146,599600
1475150,290000
1475158,535900
1475159,280800
1475161,71500
1475166,400000
1475169,600000
1475173,150000
1475174,0
1475182,2767600
1475190,650000
1475191,600000
1475192,500000
1475194,949800
1475197,0
1475201,430800
1475203,367500
1475212,422200
1475213,600000
1475221,0
1475228,419400
1475235,474300
1475239,0
1475241,0
1475246,414000
1475248,330000
1475249,692900
1475253,749500
1475258,500000
1475265,773200
1475266,430000
1475269,1129300
1475271,0
1475275,400000
1475279,450000
1475281,932800
1475283,859900
1475284,461400
1475286,0
1475287,470000
1475289,2006800
1475294,0
1475295,5683600
1475298,580000
1475300,200000
1475304,390300
1475308,150000
1475309,400000
1475311,0
1475315,0
1475319,126000
1475328,0
1475333,347500
1475335,800000
1475338,467500
1475342,500000
1475346,541300
1475347,444000
1475348,874300
1475356,500000
1475357,300000
1475359,663500
1475371,0
1475375,390000
1475377,430800
1475384,453000
1475395,467500
1475403,983100
1475404,420000
1475405,410200
1475406,340200
1475407,400000
1475411,400000
1475417,753100
1475421,0
1475424,204000
1475425,0
1475426,526600
1475432,472000
1475435,350000
1475436,343000
1475442,0
1475444,800000
1475446,320000
1475454,352500
1475460,0
1475464,150000
1475474,400000
1475478,350000
1475482,400000
1475484,602000
1475491,550000
1475495,429800
1475498,549000
1475502,600000
1475504,0
1475505,480000
1475507,423000
1475508,35000
1475510,707500
1475511,336000
1475512,553000
1475520,0
1475521,150000
1475523,0
1475526,467500
1475527,400000
1475528,3042500
1475530,797500
1475531,600000
1475540,1395500
1475541,315000
1475542,400000
1475546,350000
1475553,625000
1475558,400000
1475560,0
1475568,635500
1475571,0
1475576,0
1475579,545000
1475580,400000
1475582,1042000
1475584,382200
1475586,400000
1475589,500000
1475592,500000
1475597,350000
1475601,400000
1475605,600000
1475617,459300
1475623,368100
1475629,350000
1475632,158800
1475633,40800
1475639,0
1475647,400000
1475648,150000
1475650,443000
1475658,377500
1475659,450000
1475664,635000
1475665,600000
1475670,350000
1475674,350000
1475679,486500
1475685,326700
1475688,474300
1475693,420100
1475700,467500
1475717,400000
1475718,367500
1475721,395000
1475728,600000
1475730,350000
1475733,510200
1475736,150000
1475737,332500
1475740,0
1475744,76400
1475748,642500
1475749,385000
1475752,400000
1475758,915700
1475764,824000
1475782,350000
1475789,600000
1475791,500000
1475793,550000
1475796,688800
1475798,600000
1475805,701500
1475815,0
1475817,350000
1475819,378000
1475823,806000
1475825,0
1475828,1400000
1475832,450000
1475838,457000
1475843,425100
1475845,350000
1475846,738000
1475849,550000
1475850,400000
1475851,105000
1475855,480000
1475856,1150000
1475863,1494900
1475872,350000
1475885,346500
1475890,517500
1475895,526500
1475896,750000
1475897,797500
1475902,583300
1475904,0
1475906,990000
1475909,365200
1475914,1010000
1475917,1532800
1475931,350000
1475942,407600
1475944,418000
1475954,0
1475956,410500
1475961,150000
1475962,0
1475963,1461200
1475967,400000
1475974,400000
1475975,270000
1475983,358500
1475987,399000
1475996,570000
1475997,362700
1475999,678400
1476004,387000
1476018,480000
1476023,476300
1476031,372000
1476032,0
1476033,895800
1476036,0
1476037,500000
1476038,382300
1476039,600000
1476044,463900
1476049,250000
1476051,355000
1476057,800000
1476061,525000
1476062,1238000
1476066,0
1476069,0
1476074,0
1476082,700000
1476093,250000
1476094,349300
1476096,371500
1476100,792800
1476102,588000
1476103,325000
1476108,481000
1476110,458500
1476112,472000
1476113,150000
1476115,0
1476126,140000
1476127,517500
1476131,110000
1476133,0
1476141,182500
1476144,0
1476147,467500
1476152,0
1476153,0
1476159,527400
1476167,0
1476170,140000
1476175,150000
1476177,364000
1476178,689000
1476183,250000
1476189,521500
1476193,0
1476196,144000
1476197,618000
1476198,1183500
1476202,817500
1476210,0
1476212,592800
1476219,0
1476220,0
1476228,483300
1476230,576000
1476234,685000
1476237,0
1476239,650000
1476245,452300
1476246,0
1476254,500000
1476256,0
1476261,400000
1476266,417000
1476269,250000
1476273,447800
1476276,0
1476281,363000
1476282,520000
1476283,600000
1476287,476500
1476290,0
1476291,504000
1476292,2030800
1476293,642800
1476300,592800
1476305,391000
1476307,381800
1476308,479800
1476314,0
1476318,200000
1476321,415000
1476330,592800
1476340,175000
1476342,0
1476346,400000
1476352,504000
1476360,637000
1476363,400000
1476371,0
1476376,726000
1476377,207000
1476386,592800
1476387,0
1476388,417500
1476390,400000
1476393,0
1476403,900000
1476408,482200
1476413,0
1476414,613500
1476417,600000
1476424,1345000
1476430,150000
1476441,150000
1476451,532300
1476452,792800
1476461,347300
1476467,432000
1476471,0
1476474,600000
1476477,350000
1476480,517500
1476485,600000
1476487,627100
1476493,480000
1476500,600000
1476503,300000
1476512,145900
1476513,250000
1476515,373600
1476516,719400
1476518,478800
1476519,0
1476522,1449000
1476527,349300
1476530,592800
1476538,421000
1476542,601000
1476544,750000
1476551,658700
1476554,0
1476555,750000
1476559,1838200
1476569,0
1476570,642800
1476571,690000
1476576,150000
1476579,622200
1476584,214000
1476587,600000
1476590,0
1476595,592800
1476598,0
1476603,600000
1476627,0
1476628,750000
1476632,0
1476638,468500
1476641,887800
1476645,250000
1476653,1895300
1476659,750000
1476663,600000
1476667,1700000
1476678,450000
1476689,989500
1476692,750000
1476693,374400
1476696,452300
1476703,0
1476706,500000
1476709,700000
1476711,240000
1476723,715000
1476725,450000
1476730,547500
1476734,974400
1476735,0
1476741,732700
1476745,567400
1476749,378000
1476753,0
1476761,0
1476764,300000
1476766,750000
1476771,330000
1476773,370000
1476778,0
1476781,0
1476782,600000
1476792,2422500
1476793,671500
1476801,350000
1476805,0
1476808,642800
1476812,381000
1476817,790200
1476818,600000
1476823,337500
1476824,359800
1476827,300000
1476829,1538500
1476830,45000
1476831,500000
1476837,557400
1476843,1639800
1476847,450000
1476851,0
1476852,1275300
1476854,1279000
1476856,420000
1476874,1144000
1476878,830000
1476883,0
1476885,878000
1476887,463500
1476890,250000
1476900,642800
1476910,150000
1476915,389600
1476917,250000
1476922,376400
1476926,600000
1476928,228000
1476934,352500
1476935,318000
1476937,640400
1476941,407200
1476953,399500
1476956,600000
1476959,570000
1476964,400000
1476969,797100
1476975,0
1476986,354000
1476991,2631500
1476992,600000
1476993,0
1476995,454000
1476998,1074200
1477002,150000
1477006,300000
1477007,642800
1477015,540000
1477016,867000
1477019,196000
1477020,576600
1477021,550000
1477022,270000
1477027,650000
1477032,0
1477042,250000
1477046,773500
1477049,719000
1477050,0
1477059,234000
1477064,642800
1477071,267000
1477072,890000
1477074,937800
1477075,150000
1477088,939800
1477094,600000
1477095,557400
1477106,600000
1477107,557400
1477110,524500
1477114,445900
1477120,645000
1477123,1822900
1477131,0
1477135,750000
1477139,932000
1477141,534000
1477148,450000
1477158,250000
1477168,1050000
1477180,110000
1477186,615000
1477189,150000
1477194,0
1477200,271500
1477207,449000
1477209,675000
1477220,600000
1477234,489500
1477243,545400
1477244,690000
1477253,622200
1477256,500000
1477260,0
1477261,0
1477262,997300
1477265,0
1477272,815000
1477276,300000
1477277,642800
1477280,500000
1477297,699000
1477299,1444500
1477300,600000
1477302,0
1477306,0
1477308,1274100
1477316,594000
1477318,0
1477323,642800
1477324,150000
1477329,429200
1477330,600000
1477333,525000
1477334,622200
1477343,437400
1477347,150000
1477348,588000
1477351,990000
1477352,350000
1477357,478500
1477358,0
1477359,280800
1477364,650000
1477369,522000
1477376,850000
1477381,0
1477385,600000
1477392,642800
1477394,545100
1477397,0
1477400,500000
1477403,1089400
1477409,772200
1477411,250000
1477413,570000
1477415,690000
1477417,313000
1477425,385000
1477426,600000
1477439,600000
1477441,642800
1477442,150000
1477444,1287200
1477452,0
1477453,150000
1477454,600000
1477458,150000
1477469,33800
1477476,35000
1477479,250000
1477482,600000
1477484,0
1477489,742500
1477498,576000
1477499,330800
1477508,766000
1477514,445000
1477519,450000
1477520,600000
1477529,0
1477532,569000
1477534,3230300
1477538,0
1477540,1300300
1477541,630000
1477542,511500
1477543,1102000
1477547,0
1477553,452300
1477567,869400
1477571,0
1477579,0
1477581,642800
1477582,600000
1477583,369800
1477588,400000
1477591,600000
1477596,500000
1477598,0
1477607,250000
1477612,729000
1477615,667000
1477622,1124000
1477632,2468800
1477633,513000
1477638,645000
1477644,0
1477646,285000
1477647,585000
1477651,450000
1477652,552900
1477656,0
1477662,0
1477663,492000
1477667,616000
1477671,973000
1477674,525000
1477679,611100
1477680,735000
1477685,1089500
1477692,1455000
1477696,662400
1477697,486000
1477698,735600
1477701,350000
1477711,250000
1477717,140000
1477721,0
1477725,719400
1477727,0
1477732,0
1477733,500000
1477742,300000
1477749,150000
1477750,550000
1477765,600000
1477766,0
1477775,795000
1477778,0
1477785,594000
1477790,347300
1477791,165000
1477793,400000
1477794,335800
1477803,400000
1477805,1878000
1477806,604000
1477818,524000
1477820,600000
1477832,850000
1477836,347500
1477841,400000
1477845,600000
1477846,416000
1477849,0
1477850,0
1477858,600000
1477860,576000
1477868,717500
1477869,150000
1477871,849500
1477873,820000
1477874,427200
1477876,1852000
1477878,1000200
1477884,500000
1477891,677800
1477892,997600
1477913,600000
1477916,0
1477918,440000
1477920,498400
1477921,458800
1477923,600000
1477925,250000
1477926,428500
1477933,250000
1477944,0
1477950,280000
1477955,408000
1477961,0
1477968,642000
1477973,600000
1477981,427500
1477982,1091500
1477985,444000
1477993,600000
1478001,140000
1478003,1210200
1478012,0
1478013,600000
1478016,396400
1478025,250000
1478027,600000
1478036,750000
1478045,300000
1478047,350900
1478053,1125000
1478055,177000
1478059,1093200
1478060,180000
1478061,500000
1478062,311500
1478067,765000
1478068,0
1478069,140000
1478072,331300
1478076,1512000
1478078,789800
1478081,0
1478083,707300
1478084,469700
1478098,411600
1478100,500000
1478106,600000
1478115,350000
1478119,750800
1478123,954800
1478127,0
1478130,390000
1478131,495300
1478137,805800
1478145,0
1478148,400000
1478153,2220500
1478154,0
1478156,500000
1478160,1400000
1478169,250000
1478170,400000
1478171,567000
1478172,0
1478173,0
1478175,924000
1478176,0
1478177,600000
1478184,0
1478185,500000
1478197,150000
1478206,330000
1478210,156000
1478216,0
1478228,376000
1478229,400000
1478230,459000
1478233,540000
1478239,336000
1478255,0
1478259,985500
1478262,469200
1478265,720000
1478266,924500
1478271,405000
1478277,150000
1478281,750000
1478284,509700
1478289,250000
1478292,600000
1478294,0
1478305,474000
1478309,791000
1478312,476300
1478323,0
1478327,600000
1478330,362000
1478334,750000
1478345,414000
1478348,750000
1478349,450000
1478353,1137300
1478361,750000
1478365,639400
1478367,1000000
1478368,0
1478370,750000
1478373,798500
1478380,754600
1478383,0
1478389,1470000
1478391,750000
1478393,750000
1478394,150000
1478395,250000
1478402,294000
1478403,213000
1478405,0
1478406,300000
1478412,0
1478419,1310500
1478421,750000
1478423,737200
1478424,664000
1478430,750000
1478434,350000
1478445,750000
1478452,250000
1478456,750000
1478469,747600
1478473,250000
1478474,2161500
1478477,0
1478482,1432000
1478487,600000
1478492,642000
1478496,1634700
1478497,600000
1478500,414000
1478501,419500
1478502,710000
1478504,464000
1478506,0
1478508,330200
1478511,450000
1478516,400000
1478520,150000
1478525,506500
1478537,350000
1478547,134700
1478557,464000
1478567,594000
1478573,300000
1478575,0
1478581,250000
1478586,650000
1478587,600000
1478595,540000
1478596,600000
1478600,400000
1478606,318000
1478619,800000
1478630,350000
1478632,600000
1478647,531000
1478650,648000
1478652,312000
1478654,600000
1478658,400000
1478659,300000
1478662,0
1478664,130000
1478668,720100
1478674,429200
1478676,350000
1478677,525000
1478678,2100000
1478683,600000
1478686,400000
1478688,900000
1478691,500000
1478693,0
1478699,462000
1478704,0
1478706,800000
1478709,417500
1478715,783400
1478719,534000
1478724,344700
1478729,250000
1478737,555000
1478745,460200
1478748,600000
1478750,0
1478752,600000
1478756,0
1478768,0
1478769,750000
1478771,0
1478774,750000
1478775,400000
1478788,121000
1478791,330000
1478808,510000
1478811,865300
1478821,0
1478827,600000
1478828,422000
1478847,0
1478850,806600
1478853,0
1478868,2404700
1478870,929900
1478881,0
1478891,450000
1478906,589200
1478915,0
1478916,528000
1478923,2233100
1478924,0
1478944,0
1478959,150000
1478961,179700
1478966,616000
1478988,0
1478991,52400
1478992,0
1478996,2019100
1479020,213000
1479025,443600
1479032,0
1479036,0
1479037,449400
1479040,0
1479046,0
1479062,2431300
1479067,150000
1479070,516000
1479071,1717500
1479072,378000
1479073,547500
1479077,592000
1479090,0
1479091,588000
1479102,325000
1479106,1064800
1479112,450000
1479113,1767000
1479114,329400
1479117,250000
1479118,300000
1479119,0
1479121,724000
1479126,300000
1479127,0
1479131,400000
1479133,584200
1479141,597000
1479150,451800
1479157,567200
1479160,600000
1479164,529200
1479166,0
1479169,325000
1479171,0
1479177,250000
1479183,520000
1479187,140000
1479190,1423600
1479198,1162000
1479199,1002900
1479200,0
1479208,415000
1479214,500000
1479215,468400
1479218,600000
1479219,1015000
1479220,441100
1479224,328800
1479225,813000
1479229,0
1479239,807000
1479241,2296400
1479243,170200
1479247,604600
1479250,1004200
1479253,240000
1479261,968500
1479273,356500
1479274,600000
1479275,1241300
1479280,0
1479282,500100
1479288,855000
1479298,600000
1479299,0
1479301,400000
1479302,472500
1479303,762600
1479306,0
1479312,280000
1479317,661800
1479326,560000
1479332,352500
1479342,600200
1479346,0
1479348,869400
1479355,724500
1479361,475500
1479373,592900
1479375,0
1479376,0
1479379,360800
1479381,450000
1479383,0
1479391,350000
1479393,100000
1479400,150000
1479414,300000
1479421,796800
1479426,150000
1479431,783400
1479434,94100
1479437,735600
1479444,350000
1479449,753500
1479456,0
1479462,818300
1479463,594700
1479468,1410800
1479469,456000
1479480,0
1479511,580600
1479512,398600
1479517,600000
1479523,35300
1479532,0
1479536,1252000
1479539,484300
1479541,0
1479542,2989700
1479543,0
1479544,438000
1479550,754000
1479555,650000
1479559,612000
1479561,567000
1479568,0
1479570,400000
1479572,600000
1479573,362000
1479585,350000
1479586,0
1479587,0
1479588,150000
1479589,0
1479592,705000
1479598,594000
1479600,481800
1479604,1513400
1479606,434000
1479608,789200
1479609,856000
1479610,350000
1479615,350000
1479620,787500
1479624,0
1479625,475500
1479640,343000
1479642,0
1479645,517500
1479646,0
1479652,391000
1479654,310000
1479655,520500
1479666,450000
1479672,400000
1479681,600000
1479698,522500
1479702,372900
1479704,0
1479705,591000
1479708,373800
1479715,915400
1479716,385100
1479717,0
1479722,800000
1479723,750000
1479735,200000
1479739,599400
1479746,554900
1479750,0
1479758,577500
1479762,405000
1479769,90000
1479771,590000
1479775,408000
1479782,550000
1479783,1520000
1479788,600000
1479789,787800
1479790,531000
1479793,0
1479795,450000
1479806,595000
1479811,456800
1479816,860000
1479818,0
1479820,0
1479821,0
1479829,520100
1479831,419600
1479835,700000
1479840,0
1479846,147000
1479853,80000
1479861,539400
1479862,850000
1479868,350000
1479871,0
1479872,636600
1479873,440500
1479875,433600
1479879,400000
1479884,566500
1479885,150000
1479886,368300
1479889,622900
1479891,0
1479894,740000
1479896,150000
1479898,392000
1479909,0
1479911,651400
1479913,329400
1479919,787400
1479921,450000
1479922,558000
1479926,0
1479933,0
1479935,567000
1479936,0
1479938,600000
1479939,721500
1479946,749400
1479947,0
1479950,600000
1479958,558000
1479959,653100
1479963,300000
1479967,140000
1479970,693800
1479973,0
1479974,424300
1479975,836500
1479980,120000
1479981,73000
1479985,432000
1479986,136000
1479997,367500
1480003,900000
1480013,383500
1480014,475500
1480016,0
1480017,371500
1480018,790500
1480020,700200
1480021,600000
1480022,598500
1480024,524000
1480030,1533000
1480039,289800
1480042,484500
1480047,590000
1480051,570000
1480055,4023200
1480063,0
1480067,0
1480071,150000
1480074,1141000
1480079,140000
1480085,0
1480087,315000
1480091,614000
1480092,1119500
1480106,0
1480113,0
1480114,312900
1480115,749000
1480116,367500
1480124,400000
1480129,360000
1480133,711300
1480140,730500
1480143,0
1480153,396800
1480157,34800
1480159,743400
1480170,600000
1480177,414000
1480178,400000
1480183,600000
1480189,0
1480195,498000
1480198,646500
1480205,381000
1480206,350000
1480215,0
1480216,722500
1480224,150000
1480229,460000
1480232,597200
1480239,150000
1480242,0
1480245,444600
1480248,600000
1480251,350000
1480253,321800
1480254,316000
1480255,300000
1480258,0
1480260,332500
1480261,708000
1480271,443500
1480274,1072500
1480276,405000
1480281,307500
1480294,1256300
1480296,567000
1480297,0
1480299,334000
1480300,723000
1480306,600000
1480309,565600
1480325,780000
1480331,705700
1480336,542500
1480337,450000
1480338,835500
1480342,1115000
1480345,75000
1480350,0
1480351,662800
1480363,600000
1480364,297500
1480365,350000
1480369,460500
1480370,558100
1480378,385000
1480384,610800
1480388,402800
1480389,705000
1480393,0
1480397,311500
1480403,0
1480404,600000
1480410,284000
1480411,439300
1480415,375000
1480420,600000
1480422,0
1480423,633000
1480431,661700
1480433,0
1480434,400000
1480441,1374000
1480445,642800
1480453,1886500
1480454,903000
1480457,0
1480465,859500
1480469,468500
1480471,82500
1480472,450000
1480473,600000
1480486,708000
1480487,851000
1480488,641900
1480489,1753500
1480490,48000
1480491,567000
1480492,350000
1480497,855000
1480503,600000
1480513,0
1480517,422000
1480519,150000
1480522,0
1480524,371600
1480526,10330000
1480531,926300
1480534,1760000
1480539,680000
1480542,0
1480544,150000
1480546,600000
1480547,567000
1480550,382900
1480561,600000
1480565,708000
1480569,1120000
1480570,497000
1480581,439500
1480587,843800
1480601,600000
1480604,500000
1480606,1035000
1480607,1686300
1480612,0
1480615,3600000
1480617,381800
1480619,678400
1480620,567500
1480623,350000
1480626,0
1480633,435000
1480637,571500
1480638,953700
1480642,456800
1480646,594000
1480648,0
1480650,996400
1480651,350000
1480652,805000
1480653,885000
1480654,0
1480666,480000
1480667,487500
1480668,293500
1480671,878300
1480676,435700
1480678,596400
1480679,364000
1480682,0
1480683,0
1480689,350000
1480691,0
1480694,455000
1480695,742000
1480697,517500
1480698,349700
1480708,597500
1480709,631500
1480710,558000
1480719,0
1480727,0
1480734,354000
1480737,619500
1480740,0
1480741,0
1480743,946800
1480744,150000
1480745,350000
1480746,0
1480749,400000
1480750,414000
1480757,3600000
1480761,600000
1480763,736900
1480769,350000
1480774,725900
1480776,940000
1480791,0
1480792,592900
1480796,400000
1480797,350000
1480805,725300
1480807,600000
1480809,150000
1480810,0
1480820,691600
1480823,374500
1480828,0
1480829,420000
1480832,0
1480834,500000
1480839,350000
1480845,1120000
1480851,1830000
1480852,1488300
1480853,616000
1480854,870700
1480868,943500
1480869,350000
1480877,0
1480884,410800
1480885,787500
1480891,600000
1480895,558000
1480897,350000
1480908,0
1480911,766100
1480924,524000
1480926,0
1480928,432000
1480935,1427000
1480938,455000
1480941,350000
1480946,0
1480949,435500
1480950,695700
1480952,150000
1480956,724000
1480957,414000
1480960,604200
1480965,408000
1480971,357000
1480979,459800
1480982,674000
1480985,773800
1480988,405600
1480989,350000
1480990,150000
1480991,0
1480994,591700
1480999,487600
1481002,0
1481007,727800
1481009,682900
1481011,349700
1481016,624300
1481018,389600
1481021,350000
1481022,367300
1481028,603800
1481035,354000
1481038,142000
1481044,160500
1481045,350000
1481047,0
1481048,500400
1481049,445200
1481050,350000
1481055,400000
1481059,435500
1481062,1205400
1481071,494000
1481072,500000
1481073,750000
1481074,216000
1481084,0
1481089,514500
1481090,0
1481098,705000
1481099,350000
1481102,200000
1481103,518500
1481104,482500
1481105,1087400
1481107,0
1481113,374000
1481120,195000
1481123,1675000
1481127,350000
1481131,500000
1481132,654200
1481137,3590900
1481144,434700
1481145,450000
1481149,350000
1481152,362300
1481159,84000
1481163,2451200
1481173,463500
1481175,1030900
1481176,315000
1481179,0
1481180,311500
1481184,350000
1481188,439500
1481190,346500
1481197,400000
1481199,0
1481203,2369500
1481214,350000
1481219,1125300
1481226,400000
1481228,346000
1481237,1042500
1481241,312000
1481242,526000
1481248,0
1481251,1237000
1481264,898500
1481268,467500
1481269,0
1481272,1576100
1481273,427500
1481281,482200
1481282,365000
1481287,693000
1481289,250000
1481291,750000
1481296,272000
1481300,450000
1481303,451500
1481307,554000
1481308,150000
1481315,733300
1481318,323000
1481320,593400
1481330,350000
1481336,1326000
1481345,521500
1481349,529800
1481351,0
1481354,0
1481356,650000
1481360,190000
1481376,592000
1481392,0
1481393,350000
1481398,596000
1481402,790700
1481412,500000
1481413,512600
1481416,400000
1481419,2137400
1481421,382500
1481430,0
1481437,600000
1481438,350000
1481439,735000
1481446,600000
1481461,578700
1481462,397600
1481465,400000
1481467,0
1481469,347000
1481471,0
1481473,350000
1481474,688500
1481481,422000
1481483,341100
1481485,659500
1481496,350000
1481498,963000
1481501,0
1481504,649200
1481513,315000
1481517,330200
1481524,787500
1481527,1008500
1481531,400000
1481532,150000
1481533,367500
1481535,0
1481538,450000
1481539,420700
1481543,0
1481549,674900
1481556,603800
1481558,450000
1481564,713500
1481566,450000
1481568,542200
1481572,450000
1481573,653000
1481577,440000
1481578,348300
1481580,417500
1481581,1227300
1481584,297000
1481590,354300
1481595,345800
1481599,475000
1481602,947500
1481608,653300
1481611,941500
1481612,440000
1481621,427300
1481622,871500
1481629,0
1481633,0
1481650,350000
1481654,583000
1481659,0
1481661,400000
1481663,0
1481669,350000
1481670,332400
1481675,300000
1481678,307500
1481679,350000
1481682,549000
1481683,375000
1481690,980500
1481691,225000
1481692,150000
1481700,0
1481704,780800
1481712,483000
1481720,150000
1481721,553900
1481723,500000
1481730,800000
1481736,717800
1481739,383400
1481745,298000
1481746,0
1481749,1281500
1481750,1050000
1481751,150000
1481752,367500
1481753,572500
1481756,1094000
1481757,332600
1481769,0
1481772,1339300
1481773,535600
1481781,0
1481791,325000
1481792,300000
1481804,0
1481806,95000
1481807,439300
1481811,0
1481816,0
1481822,0
1481828,450000
1481833,1232900
1481835,150000
1481844,390000
1481847,447200
1481848,698000
1481850,507500
1481852,1080500
1481853,850400
1481855,0
1481857,476400
1481862,500000
1481865,372000
1481868,473500
1481871,776000
1481874,1648600
1481877,162000
1481878,1000000
1481879,665300
1481881,0
1481884,604000
1481885,378800
1481886,544500
1481889,120000
1481891,1286900
1481892,797500
1481894,517500
1481896,910200
1481903,415000
1481911,0
1481913,500000
1481915,0
1481918,450000
1481921,441000
1481922,400000
1481925,0
1481926,825700
1481928,390700
1481929,462300
1481932,500000
1481940,797500
1481947,479000
1481949,717800
1481950,0
1481958,0
1481960,376500
1481970,294000
1481971,250000
1481979,447800
1481980,0
1481983,387500
1481988,0
1481989,0
1481992,786000
1481998,823200
1482005,650000
1482008,295500
1482010,1140000
1482013,416300
1482017,525000
1482018,743400
1482024,1478200
1482027,0
1482038,875000
1482045,357800
1482047,150000
1482049,2738900
1482051,649500
1482054,800000
1482055,0
1482059,842400
1482061,513500
1482071,441300
1482074,0
1482077,874400
1482078,582000
1482083,690800
1482084,1064100
1482095,350000
1482096,1312500
1482103,430800
1482107,550000
1482111,350000
1482114,0
1482120,450000
1482122,400000
1482123,0
1482127,350000
1482128,590000
1482131,0
1482132,500000
1482134,0
1482135,0
1482136,0
1482144,787500
1482153,400000
1482154,1176600
1482160,391300
1482163,553700
1482167,150000
1482171,1085400
1482177,1045000
1482180,0
1482187,372500
1482188,450000
1482201,652000
1482203,947500
1482204,496000
1482205,1279000
1482209,0
1482211,460000
1482216,532500
1482218,300000
1482226,685800
1482228,0
1482232,140000
1482233,350000
1482234,540000
1482248,754500
1482249,0
1482253,0
1482266,0
1482278,465000
1482286,3310000
1482291,310000
1482293,488300
1482298,0
1482308,0
1482310,450400
1482316,0
1482318,387800
1482329,300000
1482331,684500
1482333,971800
1482336,355800
1482342,500000
1482350,47300
1482352,468000
1482359,150000
1482365,426500
1482367,520100
1482369,0
1482371,324000
1482379,0
1482389,813300
1482391,0
1482393,880800
1482396,0
1482407,589000
1482411,150000
1482417,0
1482420,376500
1482423,364400
1482429,800000
1482431,493500
1482434,350000
1482453,600000
1482454,0
1482457,0
1482469,693800
1482471,937700
1482473,0
1482481,574000
1482484,0
1482498,410900
1482509,450000
1482513,144900
1482518,1140000
1482522,542400
1482523,150000
1482524,950600
1482528,0
1482529,813500
1482542,306400
1482544,600000
1482545,0
1482552,29600
1482561,767500
1482573,430300
1482576,431000
1482580,467500
1482587,709000
1482588,0
1482590,450000
1482594,0
1482603,534500
1482604,400000
1482611,405000
1482619,2000000
1482620,346500
1482622,0
1482627,590000
1482628,491700
1482633,0
1482635,0
1482642,1053000
1482643,1418600
1482644,1111300
1482650,257600
1482661,567500
1482669,426500
1482677,1175000
1482685,400000
1482689,488000
1482696,100000
1482700,400000
1482703,350000
1482708,442500
1482714,2000000
1482716,260400
1482720,430800
1482723,549200
1482726,938600
1482728,1008900
1482736,150000
1482738,421600
1482741,345900
1482752,365700
1482754,621400
1482755,500000
1482763,250000
1482765,140800
1482766,1366000
1482768,750000
1482771,611200
1482774,250000
1482781,583100
1482785,140000
1482789,150000
1482799,150000
1482802,150000
1482809,350000
1482811,0
1482815,0
1482821,592700
1482822,416800
1482827,0
1482831,250000
1482834,144000
1482835,309100
1482843,650000
1482848,500000
1482850,0
1482852,332500
1482868,298000
1482874,140400
1482875,400000
1482877,150000
1482883,663000
1482885,330800
1482893,457000
1482896,600000
1482899,0
1482905,0
1482910,852700
1482913,1050400
1482918,700000
1482921,497300
1482926,360900
1482927,300000
1482932,815000
1482933,182500
1482935,576000
1482936,450000
1482939,500000
1482942,459000
1482945,350000
1482948,750000
1482950,300000
1482952,0
1482975,499000
1482977,0
1482981,584000
1482989,575000
1482990,500000
1482993,509900
1483009,385000
1483015,0
1483019,1612900
1483026,0
1483032,442000
1483035,550000
1483044,150000
1483048,463000
1483049,777500
1483051,581000
1483055,338100
1483056,500000
1483057,404100
1483065,350000
1483069,365000
1483070,550000
1483071,0
1483072,150000
1483073,0
1483083,935800
1483086,0
1483088,1019300
1483091,379000
1483095,367500
1483096,369300
1483100,315000
1483103,300000
1483107,500000
1483108,646000
1483120,0
1483125,500000
1483147,489500
1483149,450000
1483150,1009900
1483157,0
1483158,1979200
1483164,104200
1483167,406600
1483169,512800
1483170,150000
1483171,0
1483182,320300
1483184,200000
1483187,620600
1483197,1236800
1483200,494200
1483202,863700
1483205,2793500
1483208,500000
1483224,0
1483230,400000
1483231,1050200
1483235,450000
1483236,237500
1483239,1114300
1483241,377900
1483252,354000
1483254,365000
1483255,500000
1483256,796000
1483265,200000
1483268,150000
1483274,268400
1483278,305000
1483284,1109900
1483285,709500
1483291,454200
1483300,474000
1483302,2075800
1483306,635000
1483309,265600
1483311,0
1483313,773600
1483316,654400
1483318,30000
1483328,673000
1483339,400000
1483342,352900
1483346,132000
1483355,350000
1483360,0
1483367,350000
1483369,0
1483378,0
1483383,400000
1483384,0
1483391,400000
1483394,200000
1483398,895000
1483402,459000
1483407,250000
1483408,0
1483411,982600
1483412,0
1483413,197500
1483414,490000
1483422,663000
1483423,0
1483424,0
1483425,483300
1483426,476300
1483433,773200
1483435,500000
1483440,450000
1483442,350000
1483445,0
1483446,534000
1483450,0
1483452,200000
1483454,135000
1483460,0
1483472,399000
1483484,0
1483490,429000
1483493,959300
1483507,399000
1483509,424500
1483514,0
1483515,560000
1483516,495000
1483519,400000
1483525,463000
1483526,400000
1483534,503200
1483544,350000
1483545,907000
1483547,150000
1483548,350000
1483551,150000
1483552,763400
1483562,427200
1483567,1634000
1483568,150000
1483579,300000
1483584,9760900
1483586,150000
1483591,449500
1483592,427100
1483602,400000
1483604,600000
1483612,140000
1483625,60000
1483626,531700
1483627,332500
1483628,0
1483629,400000
1483633,150000
1483634,200000
1483635,0
1483640,400000
1483647,435400
1483651,174400
1483655,297500
1483661,330800
1483667,796500
1483671,200000
1483673,500000
1483687,400000
1483688,650000
1483689,550000
1483694,550000
1483700,395500
1483707,646800
1483708,350000
1483712,600000
1483715,175000
1483717,1283400
1483720,500000
1483730,150000
1483740,367500
1483742,824200
1483743,417500
1483744,714000
1483746,600000
1483751,148000
1483755,400000
1483759,1279900
1483763,0
1483768,500000
1483772,130000
1483780,150000
1483787,558000
1483789,599400
1483790,200000
1483791,363900
1483793,400000
1483801,677500
1483803,435400
1483805,0
1483812,450000
1483815,400000
1483816,463000
1483823,0
1483825,458000
1483828,445000
1483833,0
1483841,428800
1483842,431500
1483845,0
1483854,431500
1483858,450000
1483861,387000
1483862,0
1483864,512000
1483866,488500
1483867,500000
1483871,0
1483873,314000
1483876,524500
1483880,350000
1483888,534200
1483890,0
1483893,481500
1483894,0
1483895,952600
1483898,0
1483903,700000
1483907,150000
1483909,339400
1483915,315000
1483916,160000
1483917,0
1483919,350000
1483921,345200
1483923,939300
1483941,777700
1483943,250000
1483946,337500
1483950,1426000
1483951,0
1483963,350000
1483964,2990000
1483967,432500
1483969,431000
1483979,0
1483980,489500
1483984,321000
1483986,586900
1483987,691000
1483990,387000
1483991,489900
1483995,400000
1483996,325500
1483999,518300
1484006,150000
1484007,650000
1484011,463000
1484014,483300
1484020,1150000
1484023,500000
1484025,600000
1484028,900000
1484029,690000
1484030,535000
1484032,0
1484036,500000
1484041,413000
1484044,0
1484045,7940000
1484052,650000
1484054,1079700
1484055,554500
1484059,1032100
1484060,391100
1484063,0
1484064,0
1484074,669300
1484082,1594600
1484083,200000
1484099,0
1484104,1284500
1484110,480100
1484111,500000
1484122,555200
1484123,450200
1484128,717400
1484131,1895500
1484132,0
1484148,1195000
1484155,381500
1484156,0
1484164,639500
1484167,411300
1484180,489500
1484194,446000
1484195,250000
1484208,405000
1484210,429000
1484211,200000
1484214,329000
1484222,1272200
1484224,720900
1484228,740600
1484231,450000
1484236,405000
1484241,192500
1484247,649400
1484248,540500
1484250,0
1484263,0
1484265,0
1484267,733600
1484271,850400
1484272,0
1484280,664500
1484283,0
1484284,453000
1484289,0
1484290,350000
1484293,300000
1484294,443600
1484297,495500
1484307,199200
1484310,709000
1484312,419000
1484314,330000
1484323,417500
1484327,0
1484328,388300
1484333,500000
1484343,474300
1484344,799500
1484350,207000
1484351,386800
1484358,297200
1484360,424300
1484365,900000
1484375,741500
1484390,400000
1484392,350000
1484393,315000
1484411,385000
1484412,400000
1484418,712300
1484426,619400
1484431,450000
1484433,367500
1484434,150000
1484440,765500
1484444,730200
1484449,400000
1484456,515000
1484460,2867600
1484462,459800
1484463,350000
1484467,600000
1484468,805000
1484471,581000
1484472,150000
1484473,0
1484475,0
1484480,0
1484483,332500
1484490,417500
1484491,772700
1484494,150000
1484507,366000
1484510,1729000
1484512,0
1484516,832000
1484520,0
1484522,368000
1484523,400000
1484524,380900
1484526,400000
1484528,400000
1484529,102200
1484532,150000
1484534,2939000
1484536,385000
1484541,319800
1484547,200000
1484548,0
1484556,0
1484557,627300
1484564,400000
1484570,474300
1484571,500000
1484574,888700
1484580,1996500
1484583,250000
1484584,150000
1484585,728000
1484586,150000
1484588,300000
1484589,628500
1484595,559000
1484599,782500
1484601,350000
1484604,81000
1484609,1018200
1484612,0
1484614,0
1484616,639500
1484617,431000
1484618,501500
1484621,0
1484623,399000
1484629,300000
1484634,800000
1484638,147000
1484640,0
1484641,0
1484643,0
1484644,487300
1484650,0
1484651,840000
1484652,0
1484656,450000
1484664,650000
1484666,0
1484668,428400
1484671,543500
1484673,432200
1484680,454000
1484684,445000
1484685,150000
1484687,310000
1484688,0
1484696,762500
1484699,464600
1484700,0
1484705,0
1484708,400400
1484709,400000
1484710,392200
1484712,733000
1484718,0
1484719,163400
1484722,509000
1484744,710800
1484745,0
1484753,350000
1484756,0
1484759,0
1484760,0
1484769,936500
1484770,0
1484771,400000
1484781,0
1484782,378000
1484783,0
1484784,109000
1484785,450000
1484791,493200
1484799,0
1484804,649000
1484823,791600
1484824,0
1484833,489100
1484835,457000
1484840,0
1484849,371800
1484854,1064000
1484865,0
1484869,611200
1484874,820000
1484878,300000
1484880,290000
1484890,1972300
1484893,0
1484902,400000
1484905,395200
1484913,0
1484916,349500
1484919,460800
1484927,0
1484934,467500
1484940,300000
1484948,0
1484949,406800
1484951,150000
1484958,150000
1484961,382400
1484966,471000
1484973,451800
1484974,1331600
1484980,1074500
1484995,0
1484999,200000
1485000,417200
1485001,135000
1485016,116000
1485018,468000
1485020,391100
1485021,0
1485024,0
1485026,2956100
1485027,510500
1485032,438100
1485038,2697700
1485040,0
1485042,618500
1485045,650000
1485049,458000
1485051,400000
1485055,450400
1485061,865000
1485063,510500
1485064,405000
1485065,350000
1485072,467500
1485073,489100
1485076,556800
1485077,400000
1485083,594500
1485094,0
1485097,200000
1485108,539000
1485109,400000
1485110,500000
1485111,0
1485112,0
1485114,509400
1485115,350000
1485116,500000
1485120,455500
1485123,0
1485131,464800
1485134,830900
1485139,517200
1485142,500000
1485147,1745900
1485153,454200
1485155,682800
1485172,639200
1485176,1432800
1485178,250000
1485184,750000
1485187,310200
1485188,397500
1485199,380600
1485203,432000
1485216,549800
1485217,0
1485220,397000
1485226,400000
1485238,0
1485240,0
1485241,591800
1485243,332500
1485246,450000
1485247,600000
1485248,355400
1485252,402100
1485255,354000
1485261,469800
1485263,400000
1485266,541700
1485268,489000
1485272,835000
1485277,350000
1485279,0
1485281,512000
1485282,500000
1485287,692000
1485290,467500
1485291,0
1485295,0
1485303,611600
1485306,120000
1485308,800000
1485311,639500
1485313,1173700
1485319,449500
1485322,300000
1485337,761000
1485340,531000
1485341,150000
1485346,405000
1485349,2135900
1485353,300000
1485355,555000
1485361,464800
1485367,400000
1485369,250000
1485370,5272000
1485375,458500
1485377,811300
1485382,325500
1485386,494500
1485387,642000
1485389,350000
1485391,72000
1485395,1017000
1485404,500400
1485409,140000
1485412,0
1485415,0
1485419,250000
1485420,429500
1485422,452500
1485425,150000
1485431,540000
1485437,417200
1485444,560000
1485447,405600
1485450,494700
1485451,492300
1485464,350000
1485467,597500
1485468,0
1485469,0
1485473,800000
1485482,600000
1485483,1100700
1485487,350000
1485489,572800
1485492,344300
1485493,0
1485496,1524000
1485497,350000
1485498,399200
1485499,358100
1485508,500000
1485512,0
1485515,449500
1485516,150000
1485517,415000
1485519,550000
1485522,350000
1485524,572300
1485526,400000
1485528,476000
1485531,350000
1485534,1094300
1485535,362800
1485542,442800
1485543,0
1485546,367500
1485548,454000
1485549,500000
1485550,450000
1485557,0
1485560,1312900
1485562,405000
1485564,150000
1485566,150000
1485573,0
1485574,0
1485578,140000
1485587,450000
1485588,350000
1485591,699000
1485593,700000
1485594,365100
1485595,442800
1485596,717200
1485600,500000
1485603,428800
1485604,457000
1485605,150000
1485615,350000
1485619,400000
1485623,0
1485624,234800
1485641,0
1485642,1228800
1485645,350000
1485646,649500
1485649,355100
1485652,352900
1485653,350000
1485655,0
1485656,414000
1485657,450000
1485658,804600
1485659,150000
1485665,500000
1485666,150000
1485670,458500
1485674,988000
1485676,0
1485682,0
1485690,150000
1485693,558500
1485701,449100
1485708,691600
1485712,405300
1485714,494500
1485722,150000
1485723,463500
1485735,509900
1485738,300000
1485739,520000
1485744,325500
1485750,350000
1485758,150000
1485761,150000
1485762,421500
1485770,426500
1485771,500000
1485775,0
1485777,100000
1485778,367500
1485781,600000
1485782,371200
1485785,1125000
1485796,0
1485797,374300
1485812,399000
1485820,150000
1485822,400000
1485823,400000
1485834,300000
1485836,350000
1485839,150000
1485840,300000
1485848,400000
1485849,215000
1485851,577500
1485852,150000
1485856,45000
1485857,250000
1485862,169600
1485863,150000
1485866,0
1485871,353600
1485873,400000
1485874,237000
1485879,300000
1485884,422500
1485888,633500
1485892,709000
1485893,1272900
1485895,782400
1485898,415000
1485900,332500
1485901,375500
1485911,150000
1485916,0
1485917,394800
1485925,404400
1485928,418500
1485929,150000
1485939,0
1485940,467500
1485947,500000
1485948,450000
1485949,0
1485950,876200
1485962,358500
1485967,900000
1485969,150000
1485975,374300
1485979,150000
1485981,400000
1485986,332500
1485987,500000
1485993,300000
1485994,491700
1485998,150000
1486007,450000
1486011,400000
1486012,325500
1486013,529900
1486016,750000
1486017,350000
1486023,485500
1486030,400000
1486031,0
1486034,790200
1486048,405000
1486052,800000
1486058,415000
1486064,400000
1486065,405000
1486070,300000
1486074,150000
1486082,0
1486085,800000
1486092,400000
1486093,2878800
1486105,950100
1486110,555000
1486120,494500
1486124,300000
1486125,422100
1486129,154000
1486130,334500
1486135,416900
1486140,463000
1486144,117000
1486157,299000
1486168,467500
1486169,1095100
1486171,650000
1486172,386100
1486175,467500
1486188,0
1486190,110000
1486191,500000
1486192,423000
1486200,600000
1486216,363000
1486220,150000
1486221,1150000
1486222,350000
1486224,148000
1486228,150000
1486237,0
1486258,409400
1486260,150000
1486263,0
1486265,300000
1486266,427400
1486268,435100
1486270,347700
1486275,2840600
1486277,350000
1486282,150000
1486283,833000
1486284,600000
1486287,372000
1486289,468000
1486292,400000
1486295,361800
1486297,500000
1486300,300000
1486306,150000
1486314,385500
1486316,154400
1486318,501400
1486319,0
1486331,459000
1486335,350000
1486345,363000
1486346,789100
1486350,300000
1486356,1408500
1486385,520000
1486387,300000
1486388,428000
1486389,390900
1486392,450000
1486397,450000
1486410,517500
1486412,470000
1486414,300000
1486415,0
1486418,1062700
1486423,0
1486427,345000
1486429,360800
1486432,347700
1486435,1200000
1486439,300000
1486440,440000
1486441,820000
1486452,417500
1486454,400000
1486455,1604900
1486458,450000
1486459,984000
1486462,400000
1486466,500000
1486471,150000
1486474,500000
1486484,314800
1486487,567500
1486490,952500
1486491,0
1486501,360800
1486511,784000
1486520,0
1486522,384200
1486526,300000
1486527,426500
1486535,350000
1486536,150000
1486544,350000
1486553,431000
1486557,250000
1486565,450000
1486567,800000
1486568,419900
1486576,348000
1486583,300000
1486587,0
1486588,937900
1486589,0
1486595,400000
1486599,550000
1486601,0
1486605,755000
1486607,0
1486609,486000
1486618,350000
1486621,172500
1486623,350000
1486628,600000
1486629,552200
1486635,564400
1486645,800000
1486652,600000
1486658,428500
1486660,594200
1486668,300000
1486682,350000
1486696,448000
1486699,686000
1486702,352500
1486705,378300
1486721,449000
1486733,395000
1486736,93500
1486737,0
1486742,620900
1486745,0
1486763,0
1486764,346500
1486765,300000
1486767,498000
1486776,300000
1486788,332900
1486795,0
1486799,0
1486803,506000
1486805,395000
1486807,150000
1486811,440000
1486812,744100
1486814,541900
1486821,0
1486827,450000
1486837,67000
1486847,350000
1486859,357200
1486860,0
1486863,500000
1486873,332900
1486878,350000
1486881,3537100
1486883,463500
1486888,560000
1486890,337500
1486896,409500
1486902,300000
1486905,358500
1486908,400000
1486910,0
1486911,522500
1486919,481000
1486923,250000
1486931,156000
1486933,0
1486945,4724400
1486948,0
1486951,600000
1486952,140500
1486957,0
1486968,300000
1486973,0
1486974,450000
1486975,300000
1486983,550000
1487000,0
1487004,372000
1487006,500000
1487013,589000
1487020,298000
1487022,387400
1487035,2061300
1487036,332900
1487041,412500
1487050,1589600
1487051,920000
1487054,0
1487063,550000
1487065,578000
1487068,300000
1487071,0
1487076,150000
1487077,250000
1487088,250000
1487093,105000
1487094,429700
1487100,384800
1487103,500000
1487113,400000
1487117,450000
1487135,0
1487146,650000
1487147,717500
1487149,0
1487154,579500
1487157,553900
1487168,1620900
1487171,513500
1487175,825000
1487183,0
1487187,515700
1487190,346500
1487191,523000
1487199,983100
1487207,489500
1487210,0
1487211,473800
1487213,582000
1487218,400000
1487224,0
1487227,950000
1487232,0
1487243,650000
1487248,267000
1487252,600000
1487255,300000
1487259,0
1487264,441300
1487269,0
1487273,250000
1487276,710000
1487286,450000
1487287,720000
1487312,0
1487325,550000
1487332,500000
1487334,370000
1487335,250000
1487337,269000
1487340,0
1487344,450000
1487350,150000
1487367,300000
1487382,150000
1487389,427000
1487391,0
1487415,350000
1487426,400000
1487431,733500
1487432,452800
1487437,422000
1487446,360000
1487451,350000
1487452,0
1487456,567500
1487462,334200
1487464,300000
1487469,575500
1487478,1710000
1487480,150000
1487482,1507000
1487504,382400
1487511,336000
1487512,0
1487518,0
1487522,595000
1487524,240000
1487526,333600
1487529,250000
1487539,0
1487540,0
1487542,386400
1487544,150000
1487545,416500
1487551,984500
1487552,0
1487555,0
1487556,574800
1487557,350000
1487561,450000
1487577,477500
1487584,436700
1487589,658500
1487592,150000
1487593,555400
1487595,140000
1487599,400000
1487601,348600
1487602,392000
1487609,350000
1487614,0
1487618,150000
1487623,406000
1487626,2777900
1487630,0
1487634,517500
1487653,500000
1487654,350000
1487657,350000
1487672,0
1487677,400000
1487685,0
1487686,364800
1487701,2770900
1487705,374000
1487719,517400
1487722,400000
1487727,1104500
1487728,4567200
1487737,500000
1487740,550000
1487749,400000
1487751,300000
1487756,0
1487769,850000
1487774,250000
1487776,589000
1487780,0
1487781,195000
1487787,80100
1487795,120000
1487815,610000
1487816,0
1487819,250000
1487821,9713000
1487829,869500
1487832,2716100
1487836,150000
1487845,478700
1487853,140000
1487860,450000
1487869,0
1487875,425000
1487876,430600
1487877,1187500
1487882,455600
1487887,0
1487889,350000
1487902,582500
1487904,371800
1487905,690000
1487910,0
1487930,450000
1487933,250000
1487936,23800
1487938,0
1487942,1027000
1487947,500000
1487967,0
1487971,1742400
1487982,350000
1487984,0
1487991,898600
1487998,0
1488003,534000
1488007,150000
1488014,317500
1488015,0
1488020,350000
1488024,613000
1488025,400000
1488030,1953700
1488032,500000
1488040,108000
1488042,151400
1488060,621000
1488063,150000
1488065,0
1488067,180000
1488080,628200
1488081,549700
1488084,252000
1488085,400000
1488089,450000
1488090,0
1488093,150000
1488097,150000
1488111,404000
1488114,0
1488117,0
1488124,1090000
1488133,415000
1488144,1644800
1488155,350000
1488157,778800
1488167,50000
1488187,570500
1488190,350000
1488191,502200
1488199,450000
1488200,0
1488201,400000
1488202,1230900
1488213,0
1488218,600000
1488229,392300
1488239,300000
1488242,171000
1488244,963400
1488249,300000
1488270,0
1488279,166000
1488283,3561200
1488295,0
1488301,150000
1488306,0
1488314,0
1488316,250000
1488317,521000
1488320,564500
1488334,250000
1488335,350000
1488336,400000
1488338,400000
1488344,740000
1488354,500000
1488358,573800
1488378,709400
1488380,825400
1488381,300000
1488386,0
1488393,150000
1488394,250000
1488402,450000
1488417,400000
1488446,0
1488450,739500
1488453,950000
1488479,193500
1488480,29000
1488490,360000
1488501,0
1488525,465200
1488531,331500
1488539,0
1488541,250000
1488565,400000
1488567,140000
1488574,0
1488577,450000
1488580,350000
1488586,413900
1488594,500000
1488600,350000
1488621,1300000
1488624,500000
1488634,498300
1488636,216400
1488647,150000
1488666,150000
1488672,0
1488691,380500
1488692,0
1488702,300000
1488707,400000
1488709,352500
1488720,350000
1488721,500000
1488743,450000
1488746,0
1488759,650000
1488769,350000
1488791,668000
1488805,697800
1488809,351000
1488822,300000
1488827,626000
1488835,190000
1488846,300000
1488855,450000
1488860,150000
1488864,0
1488865,79400
1488866,150000
1488870,400000
1488877,450000
1488878,0
1488885,400000
1488890,125000
1488896,450000
1488901,145000
1488906,157500
1488919,684800
1488922,0
1488947,405400
1488956,450000
1488962,350000
1488963,500000
1488964,0
1488985,539500
1488988,0
1488990,350000
1489005,0
1489007,500000
1489048,0
1489057,440000
1489058,151000
1489059,811800
1489060,0
1489067,432000
1489081,300000
1489086,800000
1489120,450000
1489131,300000
1489138,0
1489142,646300
1489147,556000
1489149,372500
1489161,780000
1489163,350400
1489166,300000
1489168,336000
1489169,0
1489199,450000
1489220,522500
1489221,825000
1489224,561000
1489226,400000
1489235,0
1489242,350000
1489253,0
1489257,650000
1489260,530600
1489261,350000
1489268,300000
1489289,150000
1489295,400000
1489298,404000
1489302,0
1489309,250000
1489314,399000
1489315,600000
1489316,450000
1489324,349100
1489326,349500
1489328,0
1489356,0
1489357,554900
1489366,400000
1489368,0
1489374,300000
1489375,507600
1489379,519800
1489383,394500
1489385,734600
1489396,400000
1489398,350000
1489404,300000
1489406,0
1489410,300000
1489421,400000
1489438,400000
1489442,142000
1489451,656300
1489454,650000
1489464,0
1489465,0
1489467,400000
1489473,360800
1489477,431100
1489478,300000
1489484,350000
1489490,381000
1489491,403000
1489502,0
1489503,440000
1489509,0
1489510,448100
1489512,0
1489521,450000
1489523,484000
1489524,400000
1489528,400000
1489532,969500
1489533,556300
1489538,300000
1489549,450000
1489557,399000
1489563,455400
1489565,394000
1489567,384200
1489571,554500
1489573,718500
1489583,350000
1489593,236000
1489606,500000
1489611,350000
1489620,860600
1489627,1235000
1489631,0
1489635,394000
1489652,394500
1489655,367500
1489661,550000
1489663,465000
1489670,327500
1489678,350000
1489679,450000
1489698,700000
1489703,14000
1489707,850000
1489712,529000
1489718,300000
1489722,505400
1489728,600000
1489732,1100000
1489740,650000
1489741,0
1489745,300000
1489747,550000
1489749,399000
1489751,400000
1489752,531000
1489754,325100
1489755,400000
1489757,1205000
1489759,400000
1489761,363000
1489764,372000
1489765,0
1489768,1180000
1489771,48000
1489774,570000
1489779,375600
1489801,300000
1489806,633200
1489824,385500
1489835,400000
1489848,400000
1489855,318300
1489860,565800
1489877,1759500
1489881,905000
1489893,300000
1489902,350000
1489911,0
1489913,942000
1489936,385500
1489938,0
1489945,385500
1489948,420700
1489954,0
1489957,450000
1489959,0
1489963,750000
1489970,350000
1489971,3554700
1489977,525000
1489979,615000
1489985,175000
1489991,652000
1490003,781700
1490008,0
1490009,371800
1490017,967000
1490024,1020000
1490033,350000
1490045,490700
1490047,400000
1490050,0
1490066,150000
1490074,440000
1490081,154000
1490087,545000
1490092,486500
1490095,350000
1490096,587800
1490098,0
1490099,374300
1490100,363000
1490125,300000
1490128,0
1490136,528800
1490137,413900
1490139,487900
1490148,450000
1490153,367500
1490156,150000
1490163,167000
1490174,400000
1490182,349500
1490187,150000
1490195,468900
1490205,0
1490207,361700
1490217,336500
1490224,675000
1490229,490600
1490231,1277500
1490232,444800
1490233,0
1490235,555000
1490237,0
1490247,528800
1490250,350000
1490255,150000
1490257,400000
1490259,345000
1490260,322800
1490264,400000
1490270,297500
1490274,140000
1490276,750000
1490277,0
1490286,0
1490289,750000
1490296,0
1490302,354000
1490311,299000
1490313,369800
1490316,208500
1490317,468000
1490319,488800
1490320,150000
1490328,400400
1490333,300000
1490337,0
1490347,377000
1490349,378500
1490355,450000
1490359,150000
1490363,2493600
1490367,350000
1490373,450700
1490384,0
1490390,428800
1490402,353300
1490404,390000
1490406,480000
1490407,0
1490409,150000
1490417,400000
1490418,608000
1490421,135000
1490423,150000
1490439,150000
1490452,150000
1490461,108000
1490466,350000
1490474,0
1490475,0
1490479,395900
1490483,0
1490487,600000
1490488,150000
1490492,450000
1490499,150000
1490501,0
1490517,345000
1490529,4381200
1490539,1004800
1490541,300000
1490543,450000
1490556,350000
1490565,150000
1490575,563000
1490580,390000
1490581,1113500
1490586,150000
1490587,144000
1490588,0
1490593,378800
1490595,150000
1490596,150000
1490597,0
1490610,378800
1490621,725000
1490623,0
1490624,300000
1490629,326000
1490632,0
1490636,893200
1490637,400000
1490638,563000
1490649,300000
1490650,0
1490651,350000
1490658,415300
1490668,528800
1490678,664500
1490681,534700
1490682,305000
1490688,215000
1490690,300000
1490691,300000
1490706,469000
1490714,357600
1490715,0
1490716,0
1490718,477500
1490720,436400
1490729,658700
1490732,318500
1490742,500000
1490746,524500
1490747,300000
1490753,530000
1490755,150000
1490765,0
1490767,682000
1490770,0
1490780,417500
1490782,0
1490784,450000
1490797,654900
1490798,0
1490803,554000
1490804,1235400
1490806,0
1490809,300000
1490812,0
1490815,260000
1490819,0
1490820,828500
1490822,474900
1490825,969800
1490829,0
1490833,0
1490840,1784000
1490841,420200
1490842,608900
1490843,871800
1490845,300000
1490853,350000
1490856,138700
1490858,395000
1490861,300000
1490863,0
1490868,516500
1490872,385500
1490880,697500
1490884,517500
1490885,400000
1490892,350000
1490905,570000
1490912,517500
1490917,0
1490932,425000
1490935,300000
1490936,300000
1490947,1261300
1490949,509000
1490956,400000
1490960,504000
1490962,1073400
1490965,150000
1490970,812400
1490972,37500
1490991,0
1490995,150000
1491002,741000
1491006,0
1491010,300000
1491012,297500
1491021,381000
1491023,555700
1491027,367500
1491042,0
1491047,365300
1491053,450000
1491055,345000
1491056,0
1491057,481500
1491058,350000
1491060,597300
1491070,334600
1491074,378800
1491078,140000
1491080,433300
1491082,556000
1491086,367500
1491087,374400
1491089,700000
1491091,400000
1491092,681600
1491093,611200
1491094,220000
1491096,400000
1491097,2387100
1491101,200000
1491108,606800
1491118,0
1491120,952000
1491122,400000
1491124,0
1491125,462000
1491128,540300
1491134,300100
1491135,350000
1491136,1103800
1491138,200000
1491145,360800
1491148,300000
1491150,864400
1491152,300000
1491156,456800
1491164,0
1491166,300000
1491169,530000
1491178,129000
1491181,300000
1491185,0
1491190,513500
1491202,400000
1491217,376500
1491222,422300
1491224,450000
1491234,0
1491241,300000
1491242,743500
1491248,400000
1491251,0
1491253,300000
1491258,388200
1491268,328400
1491269,0
1491273,400000
1491280,494100
1491281,1571100
1491288,354000
1491289,572900
1491292,0
1491293,137500
1491296,109000
1491306,0
1491318,513200
1491319,0
1491320,0
1491336,416600
1491341,411800
1491342,373800
1491344,1699700
1491346,420500
1491348,531000
1491357,132600
1491360,387800
1491366,450000
1491367,1020000
1491368,700600
1491371,300000
1491375,418400
1491378,300000
1491380,150000
1491381,297500
1491385,150000
1491387,300000
1491388,0
1491390,377400
1491401,438900
1491402,0
1491407,400400
1491411,294000
1491412,400000
1491415,318500
1491416,0
1491417,0
1491419,150000
1491426,0
1491427,400000
1491428,350000
1491429,450000
1491434,656700
1491435,150000
1491439,300000
1491443,1025200
1491445,250000
1491446,311500
1491447,0
1491448,0
1491449,400000
1491457,300000
1491460,350000
1491464,240000
1491467,381500
1491472,300000
1491473,2290900
1491480,0
1491487,300000
1491495,400000
1491501,1516000
1491509,143600
1491515,0
1491517,300000
1491526,500000
1491532,0
1491533,254000
1491536,560000
1491537,350000
1491538,150000
1491539,300000
1491541,300000
1491542,691400
1491547,1160000
1491558,300000
1491560,0
1491566,466100
1491571,300000
1491577,400000
1491581,550000
1491592,331700
1491601,650000
1491604,150000
1491606,0
1491611,150000
1491613,0
1491615,300000
1491624,311500
1491625,0
1491635,300000
1491636,885500
1491640,400000
1491642,462500
1491644,350000
1491645,0
1491646,380100
1491648,734500
1491649,0
1491650,1139600
1491651,1534800
1491652,300000
1491657,1015400
1491662,600000
1491665,415000
1491668,877800
1491671,345200
1491679,0
1491681,550000
1491682,400000
1491683,400000
1491684,66300
1491685,1551900
1491687,666800
1491689,0
1491691,300000
1491698,517500
1491700,150000
1491709,601800
1491710,150000
1491719,502500
1491724,500000
1491727,450000
1491742,0
1491747,4195000
1491750,1037800
1491752,358500
1491755,350000
1491758,0
1491768,537600
1491770,0
1491776,0
1491777,450000
1491779,0
1491780,0
1491794,382800
1491795,140000
1491808,468000
1491815,600000
1491816,417500
1491818,902300
1491821,600000
1491826,157600
1491838,700000
1491841,605400
1491847,0
1491848,150000
1491853,648000
1491859,370000
1491864,0
1491870,0
1491876,0
1491884,842000
1491891,0
1491896,0
1491897,0
1491898,848000
1491907,526500
1491911,300000
1491914,450000
1491920,1039600
1491921,930500
1491923,300000
1491929,525200
1491933,650000
1491937,0
1491942,0
1491945,250000
1491946,400000
1491955,0
1491961,500000
1491964,794700
1491969,250000
1491977,0
1491981,1642500
1491982,300000
1491983,902500
1491986,430000
1491990,522500
1491997,745000
1491998,293800
1491999,356300
1492007,300000
1492009,375000
1492014,0
1492018,461200
1492022,0
1492032,350000
1492038,508700
1492039,0
1492059,923300
1492082,367500
1492084,300000
1492088,300000
1492090,1100000
1492092,173500
1492105,387300
1492111,401500
1492112,543000
1492113,450000
1492115,370000
1492116,200000
1492120,300000
1492125,150000
1492131,0
1492139,367500
1492143,150000
1492145,405000
1492146,0
1492148,629700
1492149,200000
1492151,400000
1492158,150000
1492159,300000
1492164,280000
1492166,150000
1492167,657000
1492169,400000
1492171,0
1492185,300000
1492186,367500
1492187,0
1492192,600000
1492194,405000
1492201,1063700
1492204,458000
1492214,400000
1492220,300000
1492222,400000
1492223,0
1492225,800000
1492229,300000
1492238,372900
1492239,2404900
1492241,250000
1492242,327900
1492243,512300
1492244,282500
1492250,400000
1492251,0
1492253,385500
1492260,354000
1492262,0
1492272,400000
1492276,300000
1492279,392700
1492280,356300
1492287,2868400
1492289,400000
1492295,270000
1492296,0
1492299,1004000
1492303,358500
1492304,642500
1492307,35800
1492309,0
1492310,400000
1492313,578400
1492314,450000
1492316,838700
1492321,611500
1492327,500000
1492331,0
1492337,0
1492339,300000
1492346,0
1492348,550000
1492350,400000
1492354,785000
1492363,367500
1492365,650000
1492372,550000
1492380,700000
1492382,1150000
1492385,350000
1492389,1605500
1492391,300000
1492402,150000
1492405,300000
1492418,350000
1492427,150000
1492430,450000
1492434,0
1492437,300000
1492439,766600
1492442,360800
1492447,342800
1492453,0
1492462,992000
1492463,0
1492465,350000
1492467,620000
1492484,437800
1492488,350000
1492490,0
1492496,347700
1492503,378800
1492526,300000
1492531,879000
1492532,300000
1492534,0
1492536,480200
1492539,599700
1492540,1198700
1492541,612500
1492543,367500
1492545,300000
1492551,0
1492556,150000
1492565,150000
1492575,300000
1492580,200000
1492582,150000
1492583,145500
1492586,0
1492593,522000
1492597,450000
1492600,600000
1492604,150000
1492607,0
1492610,150000
1492612,0
1492615,450000
1492616,300000
1492634,0
1492637,349500
1492646,516300
1492649,0
1492657,400000
1492658,630000
1492662,300000
1492666,622000
1492675,450000
1492679,300000
1492687,400000
1492693,189000
1492707,0
1492713,554600
1492715,0
1492723,150000
1492729,0
1492730,677000
1492736,345000
1492738,567500
1492741,0
1492744,821000
1492759,531500
1492770,165400
1492772,450000
1492779,300000
1492785,6811900
1492789,350000
1492798,381000
1492800,0
1492802,612500
1492804,0
1492808,374300
1492811,273600
1492817,0
1492820,959400
1492821,349500
1492830,0
1492835,130000
1492836,150000
1492837,660000
1492850,105000
1492859,600000
1492866,0
1492867,0
1492882,400000
1492885,397300
1492887,300000
1492890,450000
1492892,0
1492899,250000
1492901,0
1492902,542000
1492905,1243000
1492906,400000
1492908,350000
1492911,400000
1492914,300000
1492918,400000
1492922,383300
1492923,510000
1492924,1687300
1492929,283500
1492953,58000
1492956,500000
1492964,1135000
1492985,841200
1492989,300000
1492990,1236500
1492995,0
1492999,0
1493007,0
1493015,400200
1493019,530000
1493021,400000
1493022,397700
1493027,348600
1493030,376500
1493037,367500
1493038,733500
1493046,300000
1493050,348600
1493052,150000
1493060,0
1493068,351000
1493069,300000
1493082,821000
1493083,417500
1493089,650000
1493094,0
1493097,800000
1493109,0
1493111,0
1493118,300000
1493126,500000
1493129,250000
1493130,0
1493133,300000
1493136,374500
1493137,434700
1493141,350000
1493143,329100
1493152,376500
1493154,400000
1493158,0
1493162,300000
1493164,300000
1493166,289600
1493167,0
1493170,0
1493177,367500
1493179,345000
1493181,320000
1493186,0
1493187,450000
1493190,0
1493191,399000
1493192,525900
1493193,0
1493197,350000
1493199,150000
1493204,300000
1493208,723000
1493210,150000
1493212,300000
1493224,0
1493226,350000
1493227,0
1493232,471000
1493235,300000
1493236,0
1493238,355100
1493244,1118700
1493252,354000
1493256,572400
1493258,300000
1493263,0
1493267,350400
1493271,903000
1493272,369000
1493273,0
1493276,0
1493277,550300
1493281,0
1493282,300000
1493294,749500
1493303,417500
1493306,339600
1493312,700000
1493313,0
1493316,300000
1493325,150000
1493327,400000
1493341,347300
1493349,200000
1493350,450000
1493357,381000
1493365,0
1493366,100000
1493368,450000
1493382,0
1493386,300000
1493391,400000
1493393,382500
1493394,450000
1493395,0
1493405,0
1493408,350000
1493414,582700
1493415,650000
1493419,374000
1493421,450000
1493423,0
1493434,0
1493444,450000
1493446,0
1493449,300000
1493453,367500
1493457,373400
1493459,949000
1493463,345000
1493467,450000
1493475,1253600
1493481,300000
1493493,992500
1493496,450000
1493500,150000
1493501,400000
1493502,4310500
1493509,349500
1493510,505400
1493516,644000
1493520,0
1493522,0
1493532,200000
1493536,517500
1493546,437800
1493551,150000
1493558,300000
1493559,400000
1493562,780000
1493565,0
1493570,450000
1493576,150000
1493582,150100
1493596,365300
1493601,0
1493609,0
1493619,700000
1493621,350000
1493627,360500
1493639,1661600
1493641,500000
1493642,300000
1493649,553100
1493650,0
1493654,300000
1493655,1237300
1493656,372000
1493669,450000
1493670,0
1493671,500000
1493673,270000
1493679,200000
1493692,396800
1493693,520000
1493697,0
1493707,594300
1493710,656000
1493715,0
1493717,620000
1493723,300000
1493724,150000
1493728,1125000
1493736,463500
1493737,350000
1493740,400000
1493746,300000
1493747,300000
1493749,0
1493753,200000
1493759,934700
1493762,0
1493764,346400
1493766,413000
1493768,1050000
1493772,332200
1493774,300000
1493795,450000
1493800,300000
1493812,504000
1493814,0
1493818,150000
1493822,349500
1493823,435500
1493828,150000
1493833,450000
1493835,197500
1493847,150000
1493856,0
1493858,450000
1493862,414300
1493867,300000
1493873,500000
1493880,509200
1493886,0
1493887,367500
1493896,0
1493902,181500
1493906,1134000
1493914,324500
1493916,150000
1493917,350000
1493922,375800
1493924,613500
1493926,300000
1493927,600000
1493928,574300
1493935,450000
1493937,758000
1493942,394500
1493944,300000
1493945,421700
1493947,0
1493950,414300
1493959,450000
1493974,291000
1493976,858100
1493977,0
1493980,350000
1493981,0
1493986,450000
1493990,393600
1494004,289700
1494005,135000
1494012,0
1494015,0
1494016,414300
1494019,672000
1494020,150000
1494025,1142500
1494026,300000
1494032,444100
1494034,571100
1494040,322800
1494041,395000
1494042,359000
1494045,831900
1494046,850000
1494048,565500
1494056,769000
1494058,150000
1494074,330200
1494076,361700
1494078,0
1494079,350000
1494084,450000
1494106,464300
1494109,500000
1494115,376000
1494119,0
1494126,382300
1494127,300000
1494130,437000
1494132,0
1494134,150000
1494136,515000
1494139,300000
1494160,1139500
1494164,150000
1494169,358500
1494170,520000
1494173,285300
1494178,372000
1494182,1857200
1494193,500000
1494197,0
1494199,300000
1494200,150000
1494201,200000
1494208,1464500
1494210,100000
1494211,300000
1494214,330000
1494217,150000
1494222,358500
1494225,390000
1494226,300000
1494229,558600
1494233,150000
1494234,263500
1494241,300000
1494246,0
1494249,350000
1494253,450000
1494255,350000
1494261,350000
1494263,370100
1494272,354000
1494276,717800
1494291,125000
1494300,918800
1494301,390000
1494303,0
1494313,0
1494323,300000
1494325,140000
1494333,361500
1494343,0
1494353,660300
1494354,0
1494364,0
1494367,354000
1494373,600000
1494388,348000
1494398,404400
1494407,356300
1494410,405000
1494412,0
1494426,0
1494429,400000
1494436,300000
1494438,450000
1494444,312000
1494446,250000
1494450,350000
1494451,399000
1494455,1075400
1494465,250000
1494466,0
1494474,0
1494479,519800
1494484,490500
1494485,150000
1494491,641000
1494498,665200
1494501,300000
1494506,300000
1494516,376500
1494519,165000
1494529,1174100
1494533,562300
1494538,0
1494541,350000
1494542,0
1494543,690000
1494544,500000
1494550,350000
1494562,350000
1494565,1028600
1494569,3130400
1494571,400000
1494573,150000
1494575,0
1494577,180000
1494584,0
1494588,500000
1494592,379100
1494593,374300
1494607,350000
1494608,350000
1494610,540000
1494612,250000
1494614,402000
1494615,350000
1494618,365900
1494619,400000
1494630,413900
1494632,596800
1494636,394500
1494638,0
1494642,300000
1494644,0
1494645,300000
1494650,458000
1494652,297500
1494657,430800
1494662,346500
1494666,370000
1494669,350000
1494683,0
1494691,300000
1494693,297500
1494697,0
1494698,450000
1494703,0
1494708,600000
1494711,0
1494717,300000
1494718,185000
1494719,575000
1494723,0
1494731,576600
1494734,300000
1494742,0
1494745,367500
1494747,0
1494754,402900
1494768,350000
1494778,490000
1494783,350000
1494790,409400
1494804,0
1494806,400000
1494826,500000
1494835,250000
1494840,518000
1494850,150000
1494854,503600
1494862,0
1494863,452400
1494866,530000
1494871,450000
1494880,408000
1494883,911000
1494900,448000
1494901,2147000
1494902,639000
1494905,360800
1494910,0
1494912,350000
1494918,363000
1494919,314500
1494923,300000
1494925,0
1494938,0
1494941,0
1494952,656800
1494954,360000
1494965,300000
1494976,363000
1494977,300000
1494979,0
1494987,350000
1494991,582500
1494994,388900
1494996,450000
1494999,0
1495002,304000
1495003,0
1495009,395000
1495012,300000
1495017,350000
1495025,354000
1495033,87500
1495035,300000
1495044,0
1495050,0
1495051,450000
1495057,504000
1495064,350000
1495083,300000
1495090,300000
1495093,1426500
1495099,0
1495101,376000
1495102,390000
1495103,0
1495107,511400
1495108,150000
1495115,735500
1495117,0
1495121,520000
1495124,382500
1495142,750000
1495148,310000
1495149,631000
1495156,428800
1495167,1490500
1495169,372000
1495170,150000
1495178,486000
1495187,882600
1495206,450000
1495217,500000
1495221,800000
1495230,439000
1495238,150000
1495248,0
1495249,350000
1495262,870500
1495265,539000
1495268,300000
1495271,400000
1495272,393000
1495277,750000
1495285,500000
1495286,310000
1495291,448000
1495294,300000
1495298,434000
1495305,821700
1495310,367500
1495314,350000
1495317,455000
1495319,115000
1495321,613500
1495325,0
1495329,0
1495330,0
1495343,389600
1495351,150000
1495352,300000
1495354,360800
1495355,0
1495357,315600
1495365,150000
1495372,811200
1495373,309200
1495378,520000
1495381,0
1495385,287500
1495386,0
1495388,450000
1495391,150000
1495406,700000
1495407,250000
1495411,307000
1495413,0
1495420,400000
1495426,388400
1495432,300000
1495434,0
1495435,0
1495436,367500
1495437,218300
1495441,390000
1495443,630000
1495453,437700
1495454,531500
1495458,45000
1495464,350000
1495471,0
1495479,0
1495490,592300
1495491,300000
1495500,0
1495501,200000
1495502,300000
1495509,0
1495515,400000
1495521,425100
1495524,507200
1495534,300000
1495542,397000
1495547,386100
1495551,0
1495556,448000
1495557,150000
1495559,594000
1495567,597000
1495572,350000
1495574,0
1495576,350000
1495581,300000
1495593,444500
1495606,368400
1495615,825000
1495621,666200
1495628,350000
1495634,0
1495636,530000
1495641,632100
1495642,571000
1495646,330900
1495648,495000
1495651,28000
1495655,1469400
1495673,300000
1495676,645000
1495678,1426000
1495680,616800
1495682,300000
1495683,0
1495684,0
1495690,372000
1495691,0
1495692,300000
1495699,450000
1495700,400000
1495703,345000
1495707,0
1495709,719300
1495711,367500
1495716,398000
1495720,0
1495735,300000
1495739,363000
1495740,0
1495742,652800
1495745,426500
1495750,1082900
1495763,582000
1495764,390100
1495765,520000
1495776,450000
1495788,0
1495796,428000
1495797,0
1495800,0
1495808,150000
1495809,463500
1495816,1297000
1495820,654000
1495823,300000
1495841,719400
1495844,180000
1495848,0
1495849,1319600
1495853,450000
1495862,390000
1495871,300000
1495877,370000
1495895,508700
1495899,350000
1495900,150000
1495901,82500
1495904,501500
1495905,374300
1495907,302500
1495911,613500
1495915,0
1495931,0
1495936,1063000
1495938,0
1495945,150000
1495947,400000
1495961,350000
1495967,400000
1495969,600000
1495971,300000
1495974,367500
1495978,0
1495983,447600
1495985,550000
1495986,350000
1495988,339600
1495994,423500
1496005,150000
1496006,339200
1496009,0
1496012,0
1496022,450000
1496029,150000
1496036,472500
1496043,2141000
1496048,351800
1496049,0
1496054,350000
1496065,408000
1496071,300000
1496087,372000
1496098,613000
1496104,300000
1496119,0
1496124,0
1496127,372000
1496129,249800
1496136,463500
1496140,150000
1496144,352000
1496145,300000
1496147,0
1496149,1291500
1496152,354000
1496156,115000
1496158,550000
1496162,400000
1496168,0
1496181,150000
1496185,611200
1496194,0
1496195,0
1496198,0
1496201,352500
1496203,0
1496205,406300
1496206,0
1496215,510800
1496225,315000
1496228,139000
1496229,544500
1496230,0
1496234,350000
1496237,1050000
1496242,617500
1496250,0
1496255,115000
1496267,400000
1496271,375100
1496273,681900
1496280,540900
1496288,302500
1496291,1591700
1496292,477000
1496296,350000
1496301,750000
1496303,715000
1496305,500000
1496306,395800
1496312,350000
1496315,175000
1496316,509500
1496317,556700
1496322,450000
1496325,600000
1496328,344800
1496334,915000
1496339,300000
1496340,200000
1496351,1712900
1496355,350000
1496357,357600
1496361,356000
1496362,332000
1496363,354000
1496365,150000
1496373,649200
1496375,424300
1496376,588000
1496381,300000
1496384,600000
1496390,356300
1496392,0
1496397,343900
1496402,750000
1496407,347500
1496408,1237000
1496417,212500
1496424,280000
1496426,570000
1496433,335300
1496436,400000
1496437,0
1496438,413900
1496439,390000
1496442,400000
1496448,300000
1496460,222000
1496469,344800
1496473,382800
1496475,431900
1496482,1798500
1496489,350000
1496498,0
1496500,447100
1496501,390000
1496503,0
1496522,180000
1496524,0
1496530,694500
1496533,302500
1496535,300000
1496545,370800
1496552,417500
1496556,154500
1496566,750000
1496569,30465400
1496580,494900
1496587,1663800
1496597,482200
1496613,150000
1496620,1487500
1496621,2806900
1496630,661400
1496640,440000
1496642,393800
1496645,0
1496647,5765500
1496650,450000
1496665,1960500
1496690,523700
1496691,350000
1496697,0
1496699,0
1496702,300000
1496703,550000
1496706,425000
1496708,40500
1496709,490000
1496713,1950700
1496720,449100
1496725,498300
1496734,350000
1496745,250000
1496748,788400
1496762,74300
1496764,500000
1496771,518300
1496775,499000
1496781,300000
1496785,0
1496794,0
1496796,380200
1496797,500000
1496808,345000
1496815,0
1496820,372900
1496822,300000
1496824,500000
1496827,431000
1496828,381000
1496829,482200
1496835,459000
1496837,0
1496841,358500
1496842,400000
1496847,150000
1496869,600000
1496870,742000
1496871,450000
1496873,0
1496888,665500
1496889,0
1496898,363000
1496906,150000
1496911,1128300
1496920,367500
1496924,300000
1496927,468000
1496928,545000
1496934,139000
1496936,204000
1496948,367500
1496955,838000
1496960,583500
1496961,450000
1496962,597000
1496975,889700
1496977,300000
1496981,721500
1496982,300000
1496983,0
1497003,0
1497006,363900
1497024,300000
1497027,300000
1497029,459000
1497030,0
1497036,500000
1497038,367600
1497046,419900
1497053,150000
1497060,350000
1497067,450000
1497085,700000
1497086,367500
1497095,395700
1497101,250000
1497107,908100
1497115,653500
1497117,324000
1497124,300000
1497129,1875600
1497130,417500
1497139,675900
1497142,450000
1497146,499000
1497147,350000
1497155,400000
1497157,36800
1497158,650400
1497162,0
1497164,350000
1497167,482000
1497168,292000
1497177,420700
1497184,450000
1497196,700000
1497203,300000
1497204,120000
1497208,338700
1497210,0
1497211,400000
1497215,0
1497217,0
1497218,1028900
1497220,972000
1497224,0
1497225,743000
1497226,476600
1497230,581000
1497247,500000
1497254,150000
1497261,150000
1497265,417600
1497273,0
1497276,0
1497279,426500
1497295,424300
1497297,717500
1497309,540000
1497310,387700
1497312,0
1497314,150000
1497320,511500
1497333,350000
1497337,150000
1497341,250000
1497346,367500
1497353,250000
1497359,400000
1497362,450000
1497370,687500
1497374,0
1497378,1537400
1497386,350000
1497390,357100
1497397,0
1497400,332500
1497403,405000
1497405,405000
1497407,300000
1497411,172500
1497415,431800
1497424,1194000
1497427,300000
1497435,16800
1497436,0
1497439,474000
1497440,400000
1497441,450000
1497458,639300
1497466,700000
1497475,0
1497476,0
1497503,1658800
1497509,437600
1497512,200000
1497515,250000
1497520,430600
1497525,175400
1497528,442300
1497529,400000
1497531,450000
1497537,337000
1497550,0
1497572,150000
1497574,814800
1497576,362000
1497577,362000
1497579,220000
1497586,350000
1497597,0
1497605,150000
1497606,0
1497617,0
1497623,687200
1497629,335500
1497630,790000
1497632,3796900
1497641,444000
1497643,0
1497652,640000
1497663,674100
1497669,505200
1497681,300000
1497682,2235400
1497691,478000
1497698,713500
1497705,300000
1497707,150000
1497718,300000
1497720,8100000
1497725,650000
1497727,1292700
1497731,277200
1497735,1073800
1497745,396000
1497754,400000
1497768,323100
1497777,398600
1497778,431000
1497781,300000
1497796,0
1497806,300000
1497818,1322500
1497826,1097000
1497833,0
1497843,1544000
1497844,300000
1497850,1153300
1497863,0
1497874,591000
1497877,350000
1497889,1419600
1497891,150000
1497895,0
1497897,450000
1497904,400100
1497917,0
1497921,270000
1497922,0
1497926,0
1497939,495500
1497956,150000
1497957,0
1497963,0
1497980,150000
1497988,300000
1497993,818400
1497998,684000
1498003,0
1498006,350000
1498008,300000
1498017,250000
1498023,300000
1498024,472000
1498030,442000
1498033,450000
1498055,0
1498056,1453800
1498074,32000
1498092,1307000
1498113,312000
1498114,300000
1498115,497600
1498122,587500
1498126,290000
1498143,0
1498150,300000
1498153,442000
1498158,500000
1498160,536100
1498163,300000
1498164,300000
1498167,350000
1498168,0
1498173,0
1498180,352300
1498182,350000
1498191,250000
1498195,1010300
1498197,435500
1498200,0
1498209,700000
1498212,500000
1498216,1358600
1498221,529500
1498223,255500
1498224,345500
1498225,250000
1498230,317100
1498232,450000
1498233,566000
1498248,650000
1498285,375000
1498292,400000
1498293,150000
1498306,768400
1498315,250000
1498317,400000
1498321,500000
1498348,179000
1498351,106400
1498364,150000
1498370,350000
1498397,367500
1498402,0
1498410,350000
1498413,0
1498418,0
1498433,350000
1498436,0
1498438,0
1498445,400000
1498447,0
1498451,193500
1498457,300000
1498461,827000
1498463,250000
1498464,0
1498466,525300
1498475,450000
1498480,177000
1498491,439600
1498505,2316500
1498506,485900
1498507,450000
1498510,790000
1498523,382500
1498524,0
1498539,361500
1498548,1244400
1498550,0
1498578,150000
1498602,607200
1498603,300000
1498612,477000
1498621,350000
1498625,950000
1498633,0
1498641,440000
1498647,350000
1498656,729000
1498662,562200
1498684,395100
1498691,350000
1498704,0
1498705,0
1498708,300000
1498715,220000
1498726,385500
1498731,250000
1498736,300000
1498747,417500
1498754,492000
1498769,1225000
1498773,391300
1498776,0
1498784,150000
1498804,0
1498810,738500
1498811,1037500
1498828,450000
1498837,509500
1498843,250000
1498845,400000
1498853,1356500
1498872,450000
1498891,300000
1498905,389500
1498909,707300
1498929,600000
1498934,417500
1498947,0
1498948,1357100
1498958,283000
1498964,805500
1498983,477000
1498993,677300
1499007,0
1499019,630000
1499026,372500
1499029,0
1499030,470000
1499055,0
1499063,150000
1499065,250000
1499067,160000
1499076,436400
1499085,350000
1499090,928800
1499095,178000
1499100,0
1499101,0
1499103,0
1499109,45000
1499110,328400
1499113,0
1499116,190000
1499130,315000
1499131,0
1499135,150000
1499140,0
1499151,150000
1499152,440000
1499164,450000
1499180,400000
1499187,350000
1499195,250000
1499202,486200
1499208,399000
1499209,1111300
1499217,400000
1499219,0
1499221,456000
1499231,150000
1499233,0
1499234,300000
1499240,202300
1499250,0
1499251,550000
1499254,350000
1499255,350000
1499260,0
1499261,133000
1499262,0
1499264,150000
1499268,600000
1499270,711500
1499283,376500
1499291,418000
1499293,0
1499306,3733000
1499314,0
1499317,200000
1499325,300000
1499326,367500
1499334,311500
1499335,0
1499337,450000
1499338,200000
1499339,420000
1499347,150000
1499356,0
1499358,329100
1499362,379200
1499370,394600
1499372,5488000
1499377,1037000
1499380,539000
1499382,304600
1499396,300000
1499400,327300
1499405,424300
1499410,150000
1499415,350000
1499420,388100
1499442,712000
1499444,142500
1499449,315000
1499455,2469500
1499456,0
1499470,124000
1499475,300000
1499492,0
1499496,550000
1499499,450000
1499506,0
1499507,1369700
1499509,363000
1499511,1000000
1499517,450000
1499519,848600
1499528,312000
1499534,413000
1499535,449000
1499543,550000
1499546,0
1499555,0
1499560,345000
1499561,0
1499571,450000
1499572,450000
1499575,1168000
1499580,554000
1499581,100000
1499589,434000
1499600,399500
1499605,596000
1499611,354000
1499613,715000
1499618,486000
1499624,400000
1499633,487500
1499634,553700
1499637,708600
1499639,250000
1499646,450000
1499654,0
1499657,395000
1499671,0
1499680,408600
1499698,0
1499699,390000
1499710,200000
1499711,332000
1499714,350000
1499716,548500
1499721,200000
1499725,150000
1499726,0
1499731,367300
1499743,613200
1499749,0
1499753,501000
1499755,693000
1499756,0
1499759,600000
1499762,450000
1499771,465000
1499783,280000
1499791,450000
1499792,458000
1499793,1021400
1499800,450000
1499803,351300
1499806,680000
1499812,399200
1499813,530100
1499815,346500
1499820,562000
1499829,350000
1499830,301000
1499837,0
1499853,402700
1499856,550000
1499861,150000
1499872,350000
1499876,447700
1499883,528000
1499891,350000
1499910,350000
1499911,392900
1499916,555200
1499922,0
1499924,187000
1499926,424300
1499927,350000
1499932,1255000
1499936,374600
1499940,150000
1499952,450000
1499965,0
1499971,0
1499972,300000
1499976,0
1499978,450000
1499979,417500
1499982,661400
1499983,171100
1499997,500000
1500002,327300
1500006,507000
1500010,1780700
1500016,377800
1500019,180000
1500020,622000
1500023,426500
1500024,3185800
1500033,761800
1500037,0
1500044,491000
1500048,401800
1500050,315000
1500061,2210500
1500075,300000
1500083,571300
1500090,350000
1500091,0
1500101,387500
1500108,0
1500110,0
1500114,407600
1500115,536500
1500117,332500
1500120,325000
1500124,0
1500127,468900
1500130,417500
1500132,712300
1500139,419000
1500145,350000
1500148,544000
1500152,350000
1500154,431000
1500165,394900
1500170,584900
1500172,444500
1500175,837500
1500179,377800
1500180,394100
1500181,409000
1500184,350000
1500187,106300
1500192,350000
1500193,150000
1500199,58000
1500209,250000
1500210,0
1500212,809000
1500221,0
1500224,0
1500227,350000
1500228,200000
1500231,0
1500234,43200
1500235,150000
1500240,448100
1500241,312500
1500243,350000
1500246,511400
1500247,0
1500249,345800
1500252,450000
1500261,364500
1500264,150000
1500265,4612200
1500266,150000
1500268,55000
1500271,350000
1500290,450000
1500293,368000
1500297,150000
1500298,474000
1500303,647800
1500307,315000
1500309,1861400
1500317,468800
1500328,420200
1500329,450000
1500331,329100
1500341,850500
1500343,403700
1500345,0
1500346,150000
1500352,428800
1500355,329100
1500357,406900
1500367,445400
1500374,993000
1500375,1361800
1500386,357800
1500390,0
1500394,350000
1500397,0
1500400,0
1500406,350000
1500414,305000
1500416,0
1500420,350000
1500422,436400
1500427,500000
1500434,350000
1500444,0
1500445,372500
1500447,150000
1500454,250000
1500455,359000
1500465,0
1500469,382400
1500477,0
1500479,398300
1500493,350000
1500494,367500
1500497,268000
1500501,0
1500504,417500
1500507,0
1500510,631600
1500511,350000
1500514,217500
1500515,533300
1500520,427400
1500524,401800
1500525,150000
1500528,450000
1500534,465000
1500540,167600
1500543,420300
1500544,452000
1500548,421000
1500550,382500
1500551,693100
1500558,350000
1500561,150000
1500562,3474200
1500564,526200
1500569,561500
1500570,1163900
1500572,416600
1500576,120000
1500578,0
1500582,950000
1500585,0
1500591,150000
1500592,600000
1500593,516600
1500598,138000
1500603,522900
1500604,0
1500606,592000
1500609,300000
1500611,0
1500613,350000
1500614,250000
1500622,563000
1500630,350000
1500650,0
1500651,0
1500655,0
1500657,350000
1500662,123600
1500663,250000
1500672,590500
1500679,189600
1500681,350000
1500682,413300
1500689,200000
1500690,1289000
1500692,350000
1500705,150000
1500710,374000
1500716,500000
1500719,355500
1500722,569900
1500729,450000
1500737,1486200
1500738,518000
1500742,206300
1500744,450000
1500746,0
1500747,0
1500751,1414700
1500759,135000
1500763,381500
1500768,500000
1500769,200000
1500775,391300
1500782,295100
1500784,750000
1500798,75000
1500808,885200
1500812,350000
1500814,908500
1500815,914500
1500820,1000000
1500821,0
1500823,700000
1500828,301700
1500830,150000
1500833,139000
1500837,990100
1500844,492000
1500848,461200
1500850,350000
1500872,343000
1500876,0
1500877,250000
1500882,1541200
1500886,384600
1500894,352300
1500898,700000
1500899,450000
1500900,1309100
1500905,548700
1500910,350000
1500911,413000
1500913,398700
1500915,450000
1500919,500000
1500921,550500
1500922,141900
1500935,150000
1500937,0
1500938,402000
1500948,480200
1500951,11243000
1500957,0
1500963,624000
1500966,910300
1500970,465000
1500971,400000
1500975,350000
1500977,150000
1500984,438200
1500986,0
1500992,500000
1501012,350000
1501014,450000
1501015,520000
1501017,150000
1501022,393000
1501034,0
1501038,1140000
1501045,934000
1501048,150000
1501060,78800
1501072,0
1501077,600000
1501078,419800
1501086,665100
1501088,0
1501096,415300
1501097,0
1501100,397300
1501106,345800
1501108,673200
1501111,180000
1501117,460900
1501124,150000
1501126,0
1501133,175000
1501135,0
1501138,180000
1501145,0
1501149,709900
1501162,400000
1501163,511400
1501164,150000
1501182,350000
1501184,450000
1501185,0
1501186,600000
1501191,375800
1501193,355500
1501207,350000
1501210,350000
1501213,397300
1501216,1466300
1501220,350000
1501227,511400
1501231,166000
1501235,392700
1501238,386400
1501245,150000
1501251,593500
1501252,419800
1501254,573000
1501268,650000
1501269,327200
1501274,1298000
1501285,0
1501286,135000
1501290,496600
1501291,350000
1501295,0
1501296,492000
1501300,23124600
1501307,594500
1501311,499600
1501312,400000
1501314,350000
1501315,442300
1501317,740400
1501323,710000
1501331,616500
1501333,0
1501336,623500
1501339,300000
1501353,350000
1501355,350000
1501356,11207500
1501359,150000
1501360,426500
1501361,405000
1501362,561200
1501370,0
1501375,530700
1501380,880400
1501382,782000
1501386,1516100
1501387,450000
1501388,330400
1501392,405000
1501394,523100
1501414,350000
1501420,509000
1501422,432500
1501423,0
1501432,419800
1501440,558000
1501445,440000
1501448,350000
1501449,250000
1501450,1234700
1501451,417500
1501453,150000
1501454,311500
1501457,40600
1501458,350000
1501462,0
1501463,270000
1501466,500000
1501469,417500
1501475,838000
1501477,0
1501482,409800
1501487,445100
1501489,416200
1501491,350000
1501492,239200
1501503,2445900
1501507,760000
1501520,0
1501532,410800
1501534,440000
1501535,65000
1501552,518000
1501555,397500
1501561,150000
1501563,338500
1501564,513500
1501567,250000
1501569,350000
1501585,513500
1501590,350000
1501593,786300
1501594,640900
1501600,0
1501604,565300
1501605,405400
1501610,450000
1501612,342300
1501613,390000
1501617,466900
1501624,150000
1501627,1864500
1501630,450000
1501633,482000
1501635,0
1501636,0
1501637,492000
1501638,576600
1501642,381500
1501656,200000
1501657,1230000
1501658,1108800
1501660,534600
1501663,350000
1501664,350000
1501670,350000
1501672,388500
1501674,417200
1501679,0
1501687,150000
1501689,0
1501691,135000
1501694,0
1501695,350000
1501700,92800
1501702,0
1501704,366500
1501709,403300
1501713,424800
1501719,465000
1501723,0
1501733,0
1501735,350000
1501736,0
1501738,0
1501742,376300
1501757,580800
1501759,300000
1501765,615800
1501771,350000
1501772,986500
1501773,0
1501777,432300
1501778,150000
1501780,350000
1501788,356400
1501789,971900
1501791,0
1501795,401800
1501797,350000
1501799,280000
1501804,1301100
1501805,0
1501810,150000
1501811,0
1501813,446500
1501816,150000
1501817,0
1501819,405000
1501823,0
1501824,413000
1501828,787500
1501829,395000
1501839,350000
1501841,350000
1501842,500000
1501849,0
1501851,2088500
1501858,0
1501863,450000
1501864,650000
1501874,130000
1501878,450000
1501880,200000
1501884,150000
1501885,450000
1501890,413900
1501892,504500
1501896,405000
1501899,0
1501905,496500
1501914,514000
1501920,785600
1501921,120000
1501927,397300
1501929,150000
1501932,0
1501934,747500
1501939,426500
1501943,350000
1501945,150000
1501948,1376800
1501950,350000
1501951,150000
1501954,363600
1501958,600000
1501960,350000
1501967,653400
1501968,350000
1501975,36400
1501991,315000
1501993,361000
1501994,397300
1501996,350000
1501999,518600
1502003,0
1502006,426500
1502009,422300
1502013,200000
1502024,0
1502034,384300
1502036,0
1502042,0
1502053,500000
1502058,314700
1502063,851500
1502066,0
1502072,0
1502074,350000
1502081,540500
1502083,0
1502089,0
1502099,0
1502101,3027000
1502102,350000
1502103,656000
1502110,563900
1502121,407600
1502126,456000
1502127,744300
1502131,829200
1502132,415000
1502133,500000
1502134,500000
1502136,408500
1502145,402300
1502154,567500
1502159,362300
1502181,0
1502195,3410400
1502210,350000
1502222,1213500
1502226,350000
1502227,650000
1502229,280000
1502230,350000
1502250,1887300
1502251,403100
1502264,1174500
1502284,0
1502286,384800
1502288,450000
1502293,720500
1502294,1054900
1502308,400400
1502320,450000
1502322,0
1502324,450000
1502329,0
1502332,716400
1502339,0
1502347,4601900
1502356,409500
1502357,391000
1502365,450000
1502372,0
1502378,489500
1502381,350000
1502382,400000
1502392,417500
1502393,0
1502397,350000
1502398,331600
1502399,405000
1502400,0
1502415,332500
1502427,59500
1502435,424900
1502457,377800
1502462,413900
1502465,414000
1502470,350000
1502472,417500
1502475,212500
1502479,350000
1502482,372800
1502486,417500
1502490,150000
1502512,417500
1502513,425800
1502519,150000
1502524,417500
1502526,410800
1502546,498400
1502557,437600
1502571,0
1502574,762200
1502578,650000
1502580,405000
1502583,0
1502585,0
1502587,500000
1502591,0
1502600,450000
1502602,405000
1502607,0
1502613,461200
1502618,350000
1502620,362700
1502622,415000
1502631,0
1502634,412800
1502641,350000
1502643,150000
1502648,650000
1502649,413900
1502658,549500
1502662,395000
1502673,645800
1502675,295100
1502676,1258000
1502688,200000
1502689,1147300
1502695,396000
1502700,150000
1502703,331500
1502709,1307000
1502711,0
1502712,0
1502723,863500
1502732,350000
1502733,1917800
1502740,575500
1502745,386000
1502761,1153100
1502765,350000
1502775,0
1502777,150000
1502779,0
1502782,150000
1502783,619600
1502785,788900
1502788,406300
1502793,750000
1502798,418300
1502801,626900
1502804,300000
1502820,0
1502821,315000
1502825,640300
1502831,605400
1502833,350000
1502836,0
1502848,408500
1502852,0
1502856,0
1502858,400400
1502870,586700
1502876,443600
1502881,1250700
1502888,292000
1502889,598100
1502890,350000
1502893,0
1502894,1885900
1502902,300000
1502903,387000
1502911,592500
1502912,600000
1502916,363600
1502917,940500
1502918,608000
1502921,1520000
1502931,444500
1502932,360000
1502937,471500
1502944,363600
1502951,300000
1502952,332500
1502953,1086000
1502954,367700
1502956,350000
1502973,844200
1502975,397300
1502976,0
1502977,0
1502983,422000
1502988,0
1502992,681100
1502996,50000
1503001,7900300
1503002,0
1503004,600000
1503005,581500
1503007,515500
1503009,332500
1503010,328500
1503012,500000
1503017,424300
1503022,400000
1503029,350000
1503032,417500
1503041,350000
1503042,397300
1503047,0
1503048,196000
1503052,718400
1503057,0
1503059,990600
1503075,150000
1503082,0
1503095,671200
1503097,490000
1503098,564300
1503100,600000
1503101,350000
1503107,350000
1503115,779000
1503118,0
1503120,592300
1503132,768900
1503146,401600
1503147,0
1503153,413900
1503155,1550000
1503161,0
1503164,1063000
1503167,500000
1503172,0
1503180,150000
1503191,417500
1503200,1054700
1503205,0
1503211,250000
1503220,900000
1503225,218800
1503226,500000
1503233,0
1503245,745000
1503248,0
1503253,0
1503262,796500
1503263,1100000
1503264,419300
1503282,1368700
1503283,757600
1503286,328500
1503290,1319000
1503295,200000
1503296,374500
1503297,0
1503303,450000
1503305,0
1503307,0
1503310,142000
1503312,388800
1503318,469000
1503329,0
1503337,150000
1503350,513500
1503354,556000
1503358,450000
1503360,379600
1503364,417500
1503367,585000
1503368,150000
1503369,150000
1503386,1332400
1503387,290000
1503390,483500
1503391,0
1503393,558500
1503399,0
1503414,0
1503417,500000
1503421,486800
1503423,542000
1503426,384800
1503428,150000
1503450,438700
1503458,350000
1503461,350000
1503464,350000
1503469,150000
1503476,0
1503485,0
1503486,669200
1503488,300000
1503498,415000
1503500,350500
1503501,100000
1503502,0
1503503,536400
1503519,150000
1503527,500000
1503531,0
1503538,0
1503540,350000
1503547,690500
1503548,500000
1503553,895900
1503565,1994900
1503566,0
1503573,700000
1503576,585700
1503577,0
1503580,450000
1503590,350000
1503591,490000
1503599,882900
1503600,0
1503602,0
1503604,500000
1503605,0
1503606,18000
1503618,315000
1503626,431000
1503628,1928400
1503630,0
1503633,664500
1503638,618000
1503646,581000
1503647,350000
1503648,379500
1503654,36000
1503657,650000
1503666,0
1503670,335700
1503677,358500
1503685,345500
1503687,570000
1503702,150000
1503705,350000
1503706,350000
1503709,0
1503713,0
1503718,531800
1503736,500000
1503742,0
1503743,450000
1503746,792500
1503762,1064100
1503763,417600
1503776,0
1503777,500000
1503783,1981300
1503787,0
1503789,650000
1503794,160000
1503796,450000
1503798,165000
1503805,150000
1503813,0
1503824,450000
1503829,632000
1503834,150000
1503839,345800
1503843,389600
1503844,0
1503848,671000
1503858,1218500
1503862,600000
1503864,172000
1503866,150000
1503871,0
1503873,390500
1503874,920600
1503879,197000
1503881,422000
1503886,509200
1503887,542500
1503890,0
1503892,521400
1503894,640000
1503907,0
1503910,350000
1503912,350000
1503913,386000
1503922,0
1503927,476500
1503928,0
1503929,434000
1503930,350000
1503931,219400
1503934,508700
1503937,646500
1503944,287500
1503945,1917500
1503950,388300
1503953,500000
1503960,0
1503962,369200
1503964,386000
1503967,445600
1503973,300000
1503974,637000
1503979,443600
1503983,290000
1503985,404000
1503998,0
1503999,417500
1504000,0
1504003,150000
1504004,150000
1504009,675000
1504016,500000
1504020,0
1504025,294000
1504031,300000
1504034,417500
1504037,450000
1504039,597500
1504043,1108400
1504044,592300
1504046,256100
1504047,350000
1504057,625000
1504064,315000
1504068,0
1504069,350000
1504072,0
1504081,500000
1504089,150000
1504113,346500
1504121,500000
1504132,0
1504137,0
1504140,450000
1504154,510700
1504158,0
1504164,350000
1504168,2651200
1504169,350000
1504176,350000
1504177,150000
1504178,993000
1504180,369000
1504186,385500
1504190,350000
1504195,546800
1504199,0
1504204,400400
1504206,150000
1504211,562000
1504214,573000
1504216,268000
1504225,1093000
1504243,529200
1504244,884500
1504246,600000
1504247,551800
1504249,399500
1504257,0
1504261,200000
1504263,1950000
1504267,850000
1504273,342900
1504276,133500
1504278,564300
1504281,0
1504288,500000
1504300,413900
1504302,150000
1504305,340000
1504313,150000
1504316,650000
1504317,396400
1504318,550600
1504319,349700
1504352,110000
1504356,110300
1504357,2208400
1504362,0
1504367,880500
1504371,0
1504372,350000
1504373,433300
1504375,310000
1504379,322000
1504380,765400
1504382,631300
1504384,295800
1504385,715200
1504393,396100
1504412,1171300
1504418,424300
1504422,706600
1504424,694500
1504428,350000
1504429,567500
1504432,599000
1504434,570000
1504444,385000
1504447,278500
1504451,418000
1504452,450000
1504456,3276000
1504464,1350000
1504470,799400
1504471,150000
1504472,150000
1504474,371100
1504477,0
1504479,0
1504482,470800
1504483,315000
1504492,164000
1504494,450000
1504508,314700
1504509,0
1504518,509000
1504520,0
1504533,625000
1504534,173400
1504540,450000
1504541,350000
1504547,0
1504549,497000
1504550,1509600
1504551,326400
1504565,350000
1504569,0
1504570,513500
1504576,450000
1504579,140000
1504583,579600
1504591,0
1504597,450000
1504598,0
1504599,1537500
1504600,500000
1504601,450000
1504609,0
1504610,2138000
1504613,800000
1504614,150000
1504616,458900
1504622,450000
1504635,527000
1504640,378200
1504644,695000
1504646,0
1504647,433300
1504653,150000
1504657,197500
1504669,384500
1504670,792500
1504677,179600
1504680,350000
1504687,326400
1504692,620000
1504702,3256000
1504707,340000
1504708,950000
1504711,519800
1504714,525000
1504715,450000
1504717,937300
1504718,0
1504720,602000
1504724,150000
1504727,468500
1504730,350000
1504731,386500
1504734,417500
1504738,350000
1504743,450000
1504748,512500
1504750,399600
1504755,0
1504757,714000
1504760,0
1504765,345800
1504769,150000
1504770,433700
1504771,407000
1504777,374300
1504780,150000
1504782,500000
1504788,263500
1504795,0
1504805,1712000
1504814,407600
1504816,218400
1504826,350000
1504827,0
1504834,0
1504840,350000
1504841,331000
1504844,431000
1504851,150000
1504852,350000
1504856,931700
1504857,885000
1504858,0
1504859,0
1504867,389600
1504868,343000
1504878,378400
1504881,0
1504887,431000
1504888,350000
1504889,0
1504892,437400
1504893,0
1504894,926500
1504895,350000
1504896,107400
1504904,0
1504905,450000
1504906,0
1504907,0
1504908,381600
1504911,350000
1504913,0
1504928,352400
1504933,879000
1504935,20885000
1504940,527000
1504941,723500
1504947,272900
1504949,1281800
1504950,556200
1504951,350000
1504955,450000
1504959,440900
1504962,150000
1504967,0
1504982,0
1504987,417500
1504988,247800
1504997,1255000
1505007,350000
1505009,0
1505011,437800
1505020,476200
1505021,660000
1505022,486000
1505026,350000
1505031,600000
1505033,421700
1505039,0
1505042,0
1505043,521600
1505060,0
1505066,417500
1505069,450000
1505077,350000
1505083,0
1505085,0
1505088,0
1505091,620100
1505092,575000
1505100,671300
1505102,350000
1505104,0
1505110,742500
1505111,620000
1505112,0
1505113,608000
1505114,416600
1505118,332500
1505122,431000
1505124,546000
1505131,0
1505138,638000
1505140,584400
1505142,904500
1505153,0
1505154,358300
1505167,940700
1505169,150000
1505180,408400
1505182,1238000
1505184,0
1505185,577800
1505189,139600
1505191,150000
1505192,781900
1505197,400000
1505199,150000
1505212,350000
1505214,100000
1505215,97500
1505220,433300
1505223,450000
1505226,0
1505227,424300
1505232,0
1505237,350000
1505241,0
1505248,577400
1505253,702000
1505256,346500
1505257,513000
1505270,417500
1505276,656000
1505278,608500
1505282,350000
1505283,722400
1505291,418900
1505298,350000
1505302,527000
1505303,450000
1505306,432500
1505307,547300
1505310,150000
1505312,528100
1505315,0
1505327,468000
1505328,450000
1505332,750000
1505334,387800
1505335,199200
1505338,446500
1505339,0
1505344,0
1505349,458000
1505355,471500
1505358,474400
1505359,350000
1505362,350000
1505372,540000
1505410,490500
1505420,424300
1505422,0
1505427,450000
1505430,560800
1505443,698600
1505454,428300
1505456,581500
1505457,280000
1505459,440000
1505460,0
1505461,989000
1505463,150000
1505466,480500
1505467,100000
1505480,1270000
1505485,396300
1505486,330800
1505487,0
1505502,29400
1505511,551800
1505525,405000
1505527,440000
1505529,448900
1505532,382500
1505534,350000
1505540,424300
1505541,0
1505548,382500
1505552,775000
1505563,723500
1505568,147000
1505577,381500
1505583,678000
1505584,500000
1505602,0
1505613,350000
1505615,474000
1505618,200000
1505619,350000
1505624,0
1505625,429000
1505626,0
1505627,550000
1505630,656800
1505640,510000
1505644,395500
1505648,0
1505649,150000
1505652,0
1505654,297500
1505655,813500
1505660,276000
1505664,713400
1505668,330800
1505669,350000
1505671,554000
1505675,315000
1505679,248000
1505681,400000
1505682,350000
1505683,730000
1505685,1508000
1505686,879700
1505687,374500
1505701,515000
1505702,521700
1505714,600000
1505721,349500
1505726,350000
1505739,670300
1505744,608000
1505753,150000
1505755,444500
1505757,1319100
1505766,546000
1505767,0
1505769,678400
1505773,363600
1505778,0
1505790,350000
1505796,0
1505800,0
1505809,550000
1505815,460600
1505821,390500
1505825,953200
1505826,325000
1505831,450000
1505837,736400
1505842,583000
1505852,1300000
1505857,431000
1505868,641000
1505869,1055400
1505870,2231400
1505874,0
1505876,750000
1505885,650000
1505886,419500
1505894,433100
1505903,330000
1505905,1317200
1505906,788400
1505911,0
1505914,0
1505926,0
1505944,190000
1505951,345800
1505952,575600
1505959,0
1505960,344200
1505968,388300
1505982,0
1505986,0
1505989,142000
1505999,59000
1506001,440000
1506006,0
1506008,170000
1506009,389300
1506011,0
1506013,640200
1506023,200000
1506026,303000
1506033,635400
1506034,1342800
1506046,535700
1506047,350000
1506050,721400
1506053,450000
1506056,608000
1506066,862400
1506072,350000
1506073,387000
1506074,556300
1506076,450000
1506081,1679300
1506091,444500
1506093,212500
1506096,1062300
1506107,646500
1506122,650000
1506123,894000
1506126,422000
1506138,0
1506142,93000
1506143,940000
1506147,1086800
1506152,343000
1506154,681700
1506158,400000
1506163,315000
1506166,338600
1506170,264000
1506175,444500
1506178,760000
1506182,350000
1506183,150000
1506184,342000
1506191,370500
1506197,428800
1506199,512300
1506207,567100
1506217,311500
1506227,0
1506231,780000
1506232,200000
1506238,0
1506243,450000
1506244,865500
1506256,450000
1506259,0
1506260,350000
1506265,120000
1506270,358000
1506278,420000
1506284,0
1506288,0
1506290,426500
1506297,530500
1506308,350000
1506313,535000
1506314,227600
1506316,527600
1506323,410800
1506324,425000
1506330,500000
1506337,1247500
1506341,1417700
1506349,0
1506350,350000
1506353,650000
1506361,0
1506362,0
1506369,0
1506377,600000
1506380,0
1506386,150000
1506395,550000
1506400,0
1506402,1273000
1506410,150000
1506416,200000
1506428,1361000
1506435,389000
1506437,350000
1506445,400000
1506446,375500
1506454,441000
1506459,450000
1506460,0
1506464,0
1506466,530000
1506470,379300
1506475,1024500
1506479,417500
1506486,0
1506488,450000
1506492,450000
1506508,550000
1506515,1532200
1506525,350000
1506527,150000
1506534,1196500
1506538,150000
1506550,1813900
1506565,150000
1506569,491300
1506579,400000
1506580,300000
1506587,315000
1506594,0
1506604,300000
1506605,150000
1506608,389600
1506611,387000
1506613,343000
1506632,460000
1506635,350000
1506640,512300
1506647,605500
1506652,0
1506660,431000
1506667,431000
1506677,447500
1506679,150000
1506689,350000
1506691,1167500
1506694,350000
1506696,433500
1506700,650000
1506705,430000
1506709,590000
1506716,367200
1506723,250000
1506728,500000
1506730,0
1506733,444500
1506740,0
1506742,615500
1506744,450000
1506748,0
1506756,397500
1506758,350000
1506765,350000
1506766,512300
1506771,150000
1506772,337800
1506779,0
1506787,428800
1506788,0
1506792,977000
1506793,608000
1506809,400000
1506819,0
1506821,315000
1506823,419800
1506834,800000
1506854,550000
1506865,599000
1506866,200500
1506880,425000
1506886,150000
1506906,425600
1506909,950000
1506913,600000
1506914,500000
1506917,0
1506920,0
1506926,350000
1506928,190000
1506934,586700
1506938,584300
1506939,150000
1506943,142200
1506944,0
1506955,315000
1506962,380000
1506963,350000
1506968,0
1506970,880300
1506972,150000
1506980,565400
1506981,597000
1506984,0
1506987,387500
1506991,250000
1506997,671200
1507001,450000
1507004,446200
1507017,150000
1507018,1147600
1507020,150000
1507035,598000
1507046,334000
1507047,0
1507051,0
1507059,332500
1507060,0
1507061,397000
1507073,0
1507087,444500
1507097,50000
1507101,332500
1507110,138500
1507111,753600
1507119,0
1507121,400000
1507124,350000
1507130,350000
1507132,605500
1507139,392300
1507147,892400
1507151,438900
1507157,691500
1507160,300000
1507161,0
1507179,918400
1507184,381600
1507191,598000
1507192,474700
1507194,0
1507205,348300
1507212,431900
1507213,411600
1507214,347000
1507217,0
1507228,0
1507233,1225000
1507234,260000
1507238,150000
1507245,0
1507252,329500
1507254,519500
1507255,460000
1507258,373000
1507263,174000
1507266,350000
1507269,500000
1507276,887100
1507278,0
1507280,350000
1507290,350000
1507308,0
1507309,150000
1507311,200000
1507313,150000
1507327,250000
1507331,0
1507344,300000
1507345,735500
1507352,391500
1507359,600000
1507360,400000
1507375,1230500
1507377,450000
1507378,326000
1507391,0
1507417,650000
1507420,575000
1507431,470000
1507443,170000
1507451,1455000
1507458,150000
1507470,302400
1507485,150000
1507495,350000
1507516,0
1507530,450000
1507544,500000
1507568,0
1507585,250000
1507595,650000
1507598,747300
1507600,452600
1507611,0
1507621,280000
1507652,0
1507659,890000
1507669,515500
1507702,441600
1507718,3103400
1507723,350000
1507734,620800
1507735,300000
1507739,315000
1507763,431000
1507769,216600
1507782,1024800
1507785,0
1507793,517800
1507801,522400
1507809,0
1507813,200000
1507816,0
1507818,150000
1507820,150000
1507821,242000
1507823,350000
1507833,250000
1507834,431000
1507835,125000
1507838,350000
1507841,536000
1507842,564000
1507843,150000
1507870,0
1507879,409000
1507882,300000
1507894,838100
1507903,0
1507931,671000
1507933,509600
1507934,189900
1507944,558300
1507949,195000
1507956,450000
1507965,1461200
1507967,0
1507971,143500
1507976,275000
1507977,0
1508002,350000
1508010,450000
1508013,386900
1508025,150000
1508028,300000
1508055,0
1508062,514900
1508068,350000
1508070,112000
1508071,400000
1508072,630000
1508095,0
1508096,350000
1508105,0
1508107,0
1508112,405000
1508114,275400
1508117,0
1508119,0
1508120,550000
1508140,0
1508149,927600
1508152,450000
1508154,0
1508156,1200300
1508164,300000
1508172,387600
1508179,411500
1508192,750000
1508199,150000
1508228,600000
1508229,182400
1508234,188300
1508236,0
1508239,1750000
1508248,600900
1508252,350000
1508254,2362700
1508255,1498000
1508258,0
1508277,210000
1508285,332500
1508286,562800
1508287,584200
1508296,490500
1508300,790000
1508320,350000
1508321,450000
1508327,758400
1508329,821200
1508338,497500
1508341,1384800
1508346,550000
1508351,865800
1508381,0
1508390,357100
1508412,350000
1508420,650000
1508428,620000
1508437,406300
1508441,300000
1508446,0
1508457,0
1508466,557300
1508474,843000
1508515,250000
1508516,0
1508537,450000
1508539,191000
1508546,1000000
1508547,1037600
1508548,408800
1508558,0
1508563,505000
1508567,750000
1508570,2325900
1508576,0
1508581,150000
1508592,150000
1508600,153800
1508603,250000
1508610,600000
1508617,400400
1508627,350000
1508628,475800
1508632,1084000
1508635,500000
1508642,500000
1508645,0
1508657,665000
1508665,161500
1508676,587800
1508679,350000
1508681,300000
1508695,500000
1508698,0
1508699,300000
1508703,0
1508714,350000
1508730,650000
1508735,0
1508738,300000
1508754,418000
1508765,765000
1508766,500000
1508769,450000
1508777,350000
1508780,300000
1508801,404000
1508809,3228900
1508858,0
1508861,115000
1508863,2750400
1508872,450000
1508892,1065400
1508896,420000
1508928,0
1508940,0
1508941,898000
1508944,583300
1508984,150000
1509000,697300
1509010,0
1509015,300000
1509041,250000
1509047,150000
1509051,350000
1509070,150000
1509099,415800
1509101,294000
1509105,461500
1509108,450000
1509132,513500
1509133,0
1509138,422000
1509142,0
1509144,450000
1509148,525500
1509151,350000
1509153,431000
1509155,447000
1509161,590000
1509168,1802000
1509184,445500
1509187,350000
1509190,0
1509193,417500
1509208,1692000
1509226,450000
1509229,379000
1509236,442000
1509238,480000
1509244,285400
1509264,150000
1509265,409300
1509280,513500
1509281,350000
1509296,0
1509298,305000
1509302,315000
1509308,450000
1509310,350000
1509311,598500
1509313,1569900
1509318,0
1509323,996400
1509340,509900
1509344,164000
1509350,835000
1509363,373500
1509364,399500
1509365,0
1509368,407300
1509369,600000
1509375,350000
1509381,558500
1509384,0
1509392,0
1509396,450000
1509403,417500
1509406,389300
1509415,492200
1509417,0
1509418,0
1509421,884000
1509431,0
1509432,4630500
1509434,325500
1509442,339500
1509447,484000
1509465,450000
1509467,150000
1509477,413200
1509482,297500
1509486,750300
1509488,410800
1509490,391000
1509492,450000
1509496,1184000
1509500,400000
1509507,751300
1509511,905800
1509515,882300
1509519,175500
1509530,750300
1509543,390800
1509544,814300
1509547,350000
1509548,150000
1509556,724300
1509561,761100
1509565,346500
1509569,686100
1509575,823600
1509582,776900
1509584,601300
1509585,500000
1509596,709000
1509602,440000
1509605,0
1509617,345800
1509620,197000
1509627,651000
1509633,574300
1509637,404500
1509641,397700
1509642,0
1509644,0
1509646,633300
1509649,350000
1509650,912000
1509651,564000
1509654,429000
1509658,404000
1509659,527300
1509663,350000
1509667,382500
1509672,0
1509687,1049600
1509688,450000
1509691,892400
1509698,176400
1509700,400000
1509701,150000
1509709,448600
1509743,500000
1509744,0
1509753,952800
1509756,408500
1509762,957700
1509765,16256400
1509766,369000
1509777,397700
1509785,0
1509787,395000
1509788,0
1509792,399500
1509795,350000
1509799,600000
1509800,1620500
1509812,0
1509813,141000
1509814,1782000
1509818,350000
1509823,350000
1509832,380200
1509833,150000
1509836,350000
1509846,350000
1509851,350000
1509875,0
1509879,555600
1509882,627500
1509884,336000
1509893,414800
1509894,395000
1509897,415000
1509900,300000
1509912,143000
1509915,350000
1509916,450000
1509923,900000
1509929,612000
1509930,627200
1509931,0
1509933,450000
1509935,250000
1509937,407300
1509945,707500
1509946,500000
1509947,524800
1509956,397500
1509958,0
1509964,0
1509974,480000
1509981,400400
1509995,0
1510003,450000
1510019,406100
1510020,0
1510032,425600
1510036,389700
1510038,570600
1510039,419800
1510042,350000
1510045,0
1510053,1417100
1510066,350000
1510070,0
1510086,719600
1510087,407600
1510096,409800
1510097,417500
1510101,185000
1510102,679000
1510106,350000
1510107,414000
1510122,532500
1510139,395000
1510141,506800
1510144,431000
1510151,350000
1510161,200000
1510165,527000
1510169,614000
1510173,0
1510180,0
1510188,0
1510202,391000
1510207,582500
1510211,705700
1510219,448500
1510220,180000
1510223,0
1510224,432500
1510225,600000
1510226,280000
1510228,350000
1510243,0
1510244,208000
1510252,387900
1510253,422000
1510254,401000
1510256,326900
1510274,0
1510278,450000
1510280,0
1510281,403500
1510287,350000
1510288,0
1510294,489500
1510295,437800
1510296,389600
1510297,419800
1510303,24000
1510307,422000
1510316,440000
1510318,416500
1510321,150000
1510322,1640000
1510334,738500
1510337,542800
1510338,400000
1510339,440900
1510340,360400
1510351,0
1510354,1189600
1510355,1353000
1510370,658700
1510371,500000
1510380,513500
1510386,426500
1510391,332500
1510392,397700
1510401,100000
1510404,38400
1510412,816000
1510419,0
1510423,400000
1510425,375000
1510427,369000
1510429,515800
1510430,350000
1510433,250000
1510446,450000
1510447,350000
1510449,350000
1510456,345800
1510465,0
1510468,0
1510469,550000
1510471,958700
1510472,0
1510478,457500
1510489,433000
1510498,311500
1510501,690000
1510505,590000
1510515,962800
1510523,3498800
1510524,0
1510526,149100
1510528,349300
1510535,0
1510540,308500
1510555,0
1510571,350000
1510591,0
1510593,500000
1510594,440000
1510599,420200
1510619,567500
1510621,658700
1510625,0
1510628,372800
1510641,150000
1510651,800000
1510653,250000
1510655,0
1510657,350000
1510662,0
1510676,372500
1510677,0
1510678,311500
1510681,516500
1510688,679300
1510689,265000
1510697,701000
1510701,450000
1510705,1196000
1510710,11890500
1510723,398600
1510726,350000
1510729,0
1510737,450000
1510747,350000
1510748,701000
1510750,278400
1510756,0
1510761,1291200
1510763,290000
1510767,0
1510768,451500
1510777,469600
1510781,315000
1510783,7500
1510788,1556200
1510794,200000
1510797,350000
1510801,401800
1510802,150000
1510806,0
1510807,0
1510808,542000
1510812,0
1510824,296000
1510825,1094500
1510828,1462500
1510829,350000
1510834,539000
1510839,391100
1510840,200000
1510844,11912500
1510845,426500
1510847,500000
1510851,0
1510860,693100
1510861,395000
1510866,0
1510869,301700
1510871,350000
1510873,1938500
1510874,515500
1510881,329500
1510887,1603000
1510890,300000
1510893,431500
1510894,0
1510896,437500
1510897,350000
1510901,2051300
1510902,387500
1510903,0
1510908,395000
1510909,354700
1510918,1876500
1510921,0
1510922,878900
1510925,2485600
1510926,379700
1510928,553900
1510930,345800
1510940,350000
1510942,1186500
1510958,506400
1510963,0
1510967,0
1510969,500000
1510975,953600
1510991,250000
1510994,0
1511009,529000
1511020,417000
1511022,0
1511025,515800
1511027,400000
1511032,1498500
1511036,458000
1511044,500000
1511051,250000
1511053,135000
1511055,0
1511064,668800
1511066,349300
1511074,0
1511078,450000
1511084,350000
1511086,382500
1511096,808700
1511102,450000
1511108,389200
1511116,320600
1511118,0
1511124,1370400
1511133,0
1511136,350000
1511142,400000
1511146,417500
1511148,414000
1511151,384500
1511155,417500
1511166,150000
1511169,550000
1511171,300000
1511174,524600
1511177,415000
1511180,350000
1511186,1000000
1511189,500000
1511190,450000
1511191,519500
1511194,0
1511195,350000
1511198,600000
1511201,659900
1511214,150000
1511216,100000
1511222,350000
1511224,490000
1511227,621000
1511228,688000
1511232,430000
1511233,703200
1511239,445000
1511240,300000
1511242,535600
1511246,400000
1511247,919800
1511248,450000
1511253,385000
1511255,417500
1511256,300000
1511260,1269300
1511262,572000
1511263,1802000
1511276,458000
1511280,438000
1511283,858600
1511284,150000
1511290,1238700
1511296,450700
1511297,382500
1511298,200000
1511299,140000
1511306,444500
1511311,350000
1511312,450000
1511319,0
1511322,0
1511337,482000
1511338,579700
1511339,581000
1511346,578400
1511347,363100
1511349,2536000
1511351,350000
1511354,450000
1511355,350000
1511359,250000
1511367,283200
1511373,553000
1511374,658700
1511375,150000
1511387,350000
1511389,350000
1511390,0
1511407,0
1511410,716000
1511412,450000
1511416,0
1511421,0
1511425,731500
1511426,1322000
1511434,400400
1511439,600000
1511448,137500
1511450,380400
1511453,350000
1511463,350000
1511476,585000
1511479,0
1511484,417500
1511485,375500
1511491,0
1511494,350000
1511496,345600
1511498,0
1511501,157800
1511502,390500
1511507,0
1511514,600000
1511516,325000
1511533,0
1511534,1475300
1511535,550000
1511537,426500
1511538,410800
1511540,500000
1511544,0
1511547,325500
1511554,673400
1511562,0
1511569,367400
1511581,350000
1511590,396500
1511609,860800
1511615,813000
1511616,350000
1511620,424300
1511628,0
1511629,524800
1511643,628400
1511645,315000
1511654,550000
1511656,350000
1511657,450000
1511659,326900
1511664,150000
1511670,315000
1511672,0
1511673,1091200
1511713,665000
1511716,350000
1511718,426500
1511723,1577500
1511736,0
1511737,824200
1511740,567500
1511741,547300
1511753,350000
1511763,150000
1511765,0
1511774,0
1511781,900000
1511784,444500
1511789,0
1511791,535000
1511792,341700
1511794,350000
1511799,350000
1511803,305000
1511804,0
1511807,250000
1511809,350000
1511810,1530900
1511811,310000
1511814,450000
1511815,150000
1511819,960400
1511825,650000
1511829,350000
1511831,400800
1511839,600000
1511846,812800
1511852,346500
1511856,900000
1511867,397700
1511868,413000
1511871,545000
1511873,342500
1511879,720000
1511881,53800
1511883,450000
1511884,450000
1511892,350000
1511894,600000
1511901,450000
1511906,0
1511908,450000
1511909,751400
1511927,482600
1511933,350000
1511940,350000
1511941,446500
1511942,0
1511947,500000
1511949,650000
1511952,155000
1511958,1879500
1511960,350000
1511965,721900
1511971,350000
1511973,0
1511976,1987500
1511980,689800
1511983,350000
1511984,497000
1511985,650000
1511998,1074500
1511999,0
1512001,350000
1512005,742300
1512009,458700
1512010,412600
1512012,0
1512018,150000
1512029,845500
1512032,0
1512036,472600
1512050,450000
1512058,450000
1512068,350000
1512077,512300
1512088,0
1512089,500000
1512092,355100
1512106,0
1512109,482500
1512114,409600
1512121,2245500
1512123,109000
1512125,413000
1512127,436400
1512128,500000
1512129,640000
1512139,0
1512142,135000
1512143,587500
1512144,691400
1512145,160000
1512151,426500
1512166,500000
1512168,434200
1512169,215000
1512174,417500
1512175,400400
1512176,550000
1512178,1328000
1512184,2438200
1512192,350000
1512193,1547700
1512195,400000
1512196,350000
1512201,0
1512202,553000
1512203,515700
1512206,365000
1512207,502000
1512211,0
1512214,2599400
1512215,927800
1512221,604000
1512223,150000
1512227,417500
1512229,0
1512232,1000000
1512236,376800
1512237,970000
1512254,512300
1512261,450000
1512266,1317300
1512268,426500
1512270,350000
1512274,0
1512277,350000
1512280,658700
1512282,150000
1512283,400000
1512288,400000
1512291,653200
1512292,350000
1512293,417500
1512295,766300
1512311,608000
1512314,483200
1512331,350000
1512342,610000
1512345,431000
1512356,350000
1512363,500000
1512369,0
1512370,0
1512371,490000
1512373,512300
1512374,150000
1512376,0
1512378,0
1512384,350000
1512385,250000
1512395,150000
1512396,433700
1512397,650000
1512399,0
1512405,350000
1512406,508700
1512409,371000
1512410,400400
1512412,2614000
1512413,549700
1512416,350000
1512417,0
1512418,0
1512431,515000
1512432,381500
1512434,407200
1512435,3908700
1512438,396500
1512439,560800
1512443,0
1512444,340600
1512449,500000
1512454,350000
1512459,150000
1512461,5866200
1512462,334000
1512465,260000
1512471,500000
1512477,350000
1512482,396500
1512483,350000
1512484,1801400
1512485,350000
1512486,0
1512493,5452000
1512497,0
1512499,125000
1512509,518000
1512511,1747700
1512515,0
1512518,608700
1512520,0
1512539,150000
1512541,350000
1512546,350000
1512554,150000
1512560,1189500
1512561,0
1512562,315000
1512563,450000
1512570,857800
1512571,250000
1512577,396500
1512579,450000
1512580,350000
1512592,0
1512593,350000
1512596,0
1512597,663500
1512599,0
1512600,269800
1512616,842000
1512617,864400
1512627,345800
1512631,0
1512652,344100
1512653,450000
1512661,0
1512668,145000
1512671,150000
1512673,412600
1512676,0
1512679,250000
1512680,893100
1512681,395200
1512690,417500
1512693,350000
1512695,567500
1512699,1015000
1512701,420200
1512707,508300
1512728,0
1512733,0
1512735,450000
1512736,459200
1512745,350000
1512746,350000
1512753,350000
1512754,350000
1512760,0
1512775,0
1512780,350000
1512782,0
1512788,142000
1512794,150000
1512798,0
1512800,496500
1512803,0
1512805,349300
1512806,1241300
1512811,450000
1512817,350000
1512819,1540000
1512822,422000
1512823,550000
1512824,0
1512832,0
1512834,569900
1512837,142600
1512843,0
1512844,150000
1512846,208000
1512847,875500
1512852,441900
1512856,150000
1512868,0
1512870,252500
1512872,1620300
1512876,870800
1512879,0
1512881,415300
1512883,1587800
1512884,145200
1512900,350000
1512902,350000
1512903,398800
1512909,500000
1512921,0
1512933,524500
1512940,652000
1512945,428800
1512946,0
1512950,0
1512953,508700
1512954,658700
1512956,150000
1512959,417500
1512963,350000
1512969,250000
1512973,0
1512975,150000
1512977,1158700
1512981,1534700
1512982,150000
1512989,349500
1512990,150000
1512998,505200
1512999,702300
1513006,482000
1513007,350000
1513012,403500
1513013,350000
1513015,650000
1513016,0
1513020,527000
1513025,700000
1513026,505400
1513027,658700
1513028,621900
1513029,0
1513033,450000
1513038,812800
1513039,0
1513049,0
1513051,350000
1513053,564600
1513054,0
1513072,508700
1513078,387400
1513079,150000
1513081,700000
1513082,450000
1513084,523400
1513085,417500
1513088,0
1513093,450000
1513100,987200
1513101,550000
1513106,405000
1513108,290000
1513111,444500
1513112,0
1513115,150000
1513117,182000
1513119,857500
1513120,547300
1513121,428700
1513122,475000
1513129,697500
1513130,0
1513132,590000
1513135,350000
1513136,350000
1513139,0
1513141,500000
1513144,532600
1513149,500000
1513154,490000
1513162,300000
1513166,700000
1513170,0
1513175,250000
1513178,0
1513183,0
1513184,0
1513186,0
1513191,318500
1513192,431000
1513207,4400
1513211,500000
1513216,345800
1513217,690500
1513219,911700
1513225,509800
1513228,0
1513230,676100
1513232,350000
1513237,550000
1513240,527000
1513242,0
1513243,339500
1513244,0
1513247,0
1513252,0
1513253,308000
1513262,150000
1513282,694200
1513284,300000
1513285,350000
1513290,509800
1513299,0
1513302,570200
1513308,450000
1513310,360000
1513312,1475900
1513316,339200
1513319,634100
1513320,0
1513322,0
1513324,417500
1513331,350000
1513332,359000
1513344,350000
1513345,344800
1513346,0
1513347,500000
1513352,350000
1513356,339200
1513359,650000
1513363,600000
1513364,336000
1513368,470200
1513370,414800
1513371,438200
1513376,555900
1513383,150000
1513386,570000
1513387,1390800
1513389,412500
1513398,350000
1513407,410000
1513409,547300
1513412,292000
1513416,847300
1513429,350000
1513438,0
1513440,0
1513441,300000
1513444,0
1513446,400000
1513449,150000
1513452,350000
1513463,528500
1513467,325000
1513471,337500
1513473,1839100
1513475,658700
1513483,594500
1513488,350000
1513491,350000
1513494,150000
1513499,389600
1513502,578800
1513504,150000
1513507,182500
1513511,447200
1513515,150000
1513517,200000
1513518,294000
1513529,351000
1513542,0
1513543,634000
1513547,0
1513548,350000
1513549,14000
1513551,658700
1513555,787900
1513570,0
1513572,730100
1513581,428500
1513591,653600
1513594,424500
1513598,350000
1513600,389600
1513602,394000
1513621,350000
1513622,450000
1513626,504500
1513628,425800
1513632,0
1513633,450000
1513635,350000
1513641,268700
1513649,433300
1513654,350000
1513666,1604900
1513670,383600
1513675,350000
1513676,508700
1513680,2288500
1513681,350000
1513689,567500
1513690,653200
1513691,474800
1513697,406800
1513698,0
1513701,406800
1513702,438000
1513705,350000
1513707,0
1513708,2250000
1513709,0
1513711,450000
1513712,0
1513715,185500
1513718,629500
1513723,300000
1513724,350000
1513728,406800
1513751,0
1513754,0
1513757,529600
1513759,150000
1513761,550000
1513762,369000
1513763,150000
1513765,684000
1513768,450000
1513771,712300
1513775,548800
1513776,450000
1513788,417000
1513798,0
1513799,60000
1513801,530000
1513806,386000
1513813,515000
1513819,400000
1513820,0
1513822,0
1513832,3510000
1513836,942800
1513841,150000
1513848,450000
1513849,379000
1513853,657500
1513856,450000
1513858,217000
1513859,150000
1513866,757000
1513869,0
1513871,398300
1513873,806700
1513875,150000
1513876,688400
1513880,332500
1513889,387100
1513893,887400
1513894,584200
1513898,1152000
1513900,424300
1513902,508700
1513904,450000
1513905,880000
1513915,428800
1513927,400000
1513932,585500
1513938,511100
1513943,1940000
1513949,0
1513957,350000
1513966,350000
1513968,431000
1513970,350000
1513972,140000
1513980,350000
1513981,645000
1513985,495800
1513986,0
1513988,0
1513989,350300
1513995,150000
1513998,150000
1513999,150000
1514000,600000
1514004,1037200
1514008,650000
1514009,0
1514010,438600
1514011,476000
1514014,313300
1514015,0
1514022,521000
1514029,496000
1514039,400000
1514041,450000
1514047,450000
1514048,411700
1514050,2205700
1514059,0
1514066,600000
1514078,600000
1514082,648000
1514089,350000
1514105,450000
1514107,422900
1514112,350000
1514118,1190000
1514122,417500
1514123,140000
1514124,710000
1514126,0
1514130,428800
1514133,0
1514146,438200
1514147,150000
1514148,140000
1514150,431000
1514154,280000
1514162,553000
1514168,438700
1514174,140000
1514175,695000
1514177,1027400
1514179,1100000
1514191,632000
1514196,450000
1514212,231300
1514213,210000
1514216,315000
1514217,391500
1514219,0
1514222,829800
1514227,750000
1514231,0
1514234,350000
1514236,0
1514239,0
1514240,1014100
1514253,800000
1514257,0
1514258,510500
1514259,349700
1514261,0
1514262,1294000
1514263,417500
1514264,449000
1514270,1113000
1514273,346500
1514274,0
1514275,350000
1514277,430100
1514280,345800
1514285,315000
1514288,350000
1514289,350000
1514292,389400
1514294,149000
1514300,713500
1514302,350000
1514306,397300
1514315,523100
1514327,0
1514334,350000
1514335,0
1514344,350000
1514345,247500
1514346,1170000
1514347,975000
1514348,404000
1514352,800000
1514353,355500
1514354,0
1514355,350000
1514359,0
1514365,140000
1514378,624800
1514381,446700
1514394,140000
1514401,350000
1514413,686000
1514420,400000
1514421,350000
1514432,554700
1514433,400000
1514438,350000
1514442,450000
1514452,994700
1514455,350000
1514465,350000
1514469,720000
1514474,1096700
1514477,370000
1514478,611400
1514480,350000
1514481,373500
1514486,300000
1514489,646000
1514510,450000
1514511,417500
1514524,0
1514526,399600
1514530,397300
1514547,0
1514561,350000
1514563,450000
1514568,450000
1514572,350000
1514573,1490000
1514576,350000
1514585,150000
1514589,0
1514595,500000
1514597,0
1514599,431000
1514601,449000
1514608,0
1514609,616900
1514613,700000
1514626,2323000
1514629,330800
1514635,818800
1514643,482000
1514649,150000
1514651,0
1514656,0
1514657,346500
1514661,0
1514665,150000
1514666,350000
1514671,250000
1514678,0
1514680,500000
1514681,150000
1514684,311500
1514685,69000
1514688,250000
1514689,350000
1514690,407200
1514696,46400
1514702,0
1514703,350000
1514720,350000
1514725,150000
1514726,350000
1514727,443400
1514732,0
1514737,0
1514741,150000
1514744,0
1514745,550000
1514747,350000
1514748,0
1514750,0
1514755,0
1514758,0
1514760,894400
1514762,1029500
1514763,350000
1514771,140000
1514774,150000
1514775,0
1514778,909900
1514783,150000
1514788,300000
1514797,350000
1514798,150000
1514799,350000
1514822,345800
1514824,702300
1514825,0
1514827,150000
1514831,417500
1514840,10735500
1514842,0
1514845,1193400
1514846,404400
1514848,824300
1514853,718400
1514860,0
1514862,739000
1514866,4349000
1514876,350000
1514878,2849400
1514880,404000
1514882,150000
1514884,0
1514888,150000
1514889,350000
1514906,508700
1514915,1135600
1514916,300000
1514924,150000
1514930,350000
1514934,500000
1514937,666200
1514948,0
1514952,350000
1514954,1219100
1514957,435500
1514961,350000
1514969,655000
1514971,150000
1514979,800000
1514981,443000
1514984,450000
1514992,0
1514997,663500
1514998,350000
1515004,350000
1515005,1071000
1515007,900400
1515013,150000
1515014,350000
1515024,0
1515029,685300
1515042,570000
1515043,378300
1515047,590000
1515066,290900
1515067,0
1515082,422000
1515092,413900
1515098,350000
1515100,670000
1515101,350000
1515103,480000
1515104,0
1515113,435500
1515120,0
1515121,784300
1515122,987000
1515123,646500
1515124,400000
1515132,350000
1515135,0
1515139,0
1515141,518000
1515142,667100
1515157,400000
1515159,432800
1515160,292000
1515163,1296500
1515164,400400
1515167,0
1515168,150000
1515174,431900
1515178,685000
1515179,325500
1515192,398600
1515199,444500
1515200,0
1515209,150000
1515211,1470500
1515213,545500
1515217,460900
1515219,630000
1515224,665800
1515231,0
1515235,400000
1515237,396000
1515241,426500
1515245,500000
1515249,360500
1515250,164000
1515252,550000
1515259,500000
1515264,310500
1515265,140000
1515270,500000
1515272,800000
1515273,60000
1515274,350000
1515283,395500
1515285,315000
1515287,745500
1515288,396500
1515294,545000
1515295,0
1515296,150000
1515297,450000
1515298,322000
1515299,551700
1515311,0
1515313,315000
1515314,500000
1515316,350000
1515325,0
1515334,449900
1515344,495200
1515347,818500
1515349,450000
1515360,400000
1515361,522500
1515370,697300
1515373,350000
1515375,500000
1515378,0
1515380,0
1515382,950000
1515385,536000
1515390,715800
1515395,600000
1515401,450000
1515403,635000
1515405,445400
1515410,150000
1515413,347500
1515416,1064000
1515420,840000
1515425,150000
1515427,349500
1515428,436000
1515437,662000
1515438,350000
1515442,1161300
1515447,0
1515453,150000
1515457,367400
1515459,651300
1515466,500000
1515470,404000
1515480,0
1515481,0
1515482,227500
1515487,350000
1515491,322000
1515505,812000
1515509,0
1515512,417500
1515513,400000
1515514,0
1515515,757500
1515520,904800
1515521,450000
1515527,977000
1515532,150000
1515534,390000
1515535,473400
1515536,0
1515539,250000
1515541,366000
1515548,300000
1515549,440000
1515554,0
1515561,1305000
1515573,401800
1515575,0
1515590,0
1515594,372100
1515595,563900
1515600,350000
1515615,744500
1515618,2333700
1515620,350000
1515622,0
1515623,150000
1515627,574000
1515630,570700
1515631,350000
1515637,350000
1515640,446000
1515642,404000
1515647,150000
1515649,750000
1515654,253000
1515655,583500
1515662,358100
1515664,651200
1515669,417500
1515677,1250000
1515679,0
1515680,1500000
1515683,800000
1515688,510000
1515689,0
1515698,350000
1515704,422000
1515705,13000
1515710,609500
1515713,1080400
1515718,872000
1515739,422000
1515749,350000
1515752,342600
1515755,350000
1515769,503400
1515777,832000
1515788,400000
1515789,693000
1515794,350000
1515797,150000
1515798,330000
1515807,465000
1515812,300000
1515813,625000
1515815,1031800
1515819,431000
1515839,630000
1515840,664500
1515842,700000
1515861,450000
1515863,350000
1515872,0
1515875,582300
1515876,350000
1515878,0
1515884,0
1515885,619500
1515887,400400
1515892,350000
1515899,0
1515907,600000
1515910,405000
1515913,469600
1515917,295000
1515924,337500
1515929,492000
1515934,409500
1515938,0
1515942,0
1515947,0
1515954,0
1515955,765000
1515966,0
1515970,350000
1515980,482500
1515990,650000
1515995,0
1516005,1145400
1516007,600000
1516012,0
1516020,730000
1516027,500000
1516032,610000
1516037,589100
1516041,400000
1516057,0
1516082,388000
1516093,566500
1516103,0
1516106,0
1516108,393200
1516119,300000
1516122,285000
1516135,644100
1516136,110000
1516138,763500
1516141,832800
1516146,322000
1516148,395000
1516162,300000
1516165,150000
1516171,650000
1516174,350000
1516175,0
1516176,333500
1516181,300000
1516185,0
1516191,4905400
1516194,110000
1516218,317500
1516227,350000
1516238,1287000
1516250,0
1516255,0
1516256,0
1516261,655800
1516269,521000
1516270,1215000
1516272,110000
1516273,300000
1516275,580100
1516278,672500
1516279,250000
1516286,0
1516288,450000
1516289,300000
1516291,449000
1516303,110000
1516308,150000
1516316,568800
1516317,300000
1516329,300000
1516335,150000
1516339,300000
1516340,865000
1516342,300000
1516349,450000
1516351,489500
1516354,550000
1516360,350000
1516361,440000
1516363,350000
1516365,500000
1516368,683500
1516384,1042900
1516385,464800
1516386,380000
1516390,550000
1516392,1858100
1516393,711900
1516394,985100
1516408,625600
1516413,350000
1516414,379000
1516418,1329300
1516421,765000
1516423,435600
1516432,413100
1516433,150000
1516434,150000
1516435,0
1516441,448100
1516451,427400
1516454,450000
1516460,1420000
1516463,389200
1516471,278800
1516474,907800
1516475,0
1516483,300000
1516485,344200
1516486,686500
1516496,500000
1516499,350000
1516502,150000
1516504,350000
1516505,515800
1516509,450000
1516511,0
1516512,0
1516518,350000
1516526,429200
1516527,755000
1516536,0
1516540,0
1516543,209700
1516548,506800
1516554,682000
1516556,0
1516565,0
1516572,144400
1516584,261500
1516587,350000
1516588,350000
1516592,650000
1516594,60000
1516597,500000
1516599,503100
1516605,624500
1516625,0
1516636,142500
1516644,748500
1516648,470500
1516671,450000
1516672,300000
1516675,450000
1516689,367800
1516692,350000
1516702,875000
1516706,0
1516707,596800
1516721,200000
1516734,177000
1516743,383600
1516744,300000
1516754,435200
1516758,300000
1516759,900000
1516761,217600
1516762,907800
1516763,350000
1516767,185000
1516769,0
1516772,0
1516786,430000
1516795,250000
1516799,363500
1516803,150000
1516814,15265000
1516823,350000
1516827,350000
1516828,1502000
1516831,321000
1516832,416200
1516836,350000
1516844,200000
1516865,452500
1516866,888900
1516875,150000
1516876,0
1516882,400000
1516894,500000
1516904,620400
1516907,100000
1516908,300000
1516918,620100
1516920,561600
1516927,42500
1516934,1000000
1516937,0
1516939,350000
1516945,450000
1516949,472000
1516952,360000
1516958,350000
1516979,0
1516982,0
1516986,968500
1516990,472500
1517000,0
1517002,901400
1517014,156000
1517022,1729200
1517026,350000
1517029,483500
1517033,437800
1517036,0
1517041,300000
1517050,362600
1517060,290000
1517064,163000
1517069,572000
1517077,250000
1517083,5430100
1517085,300000
1517087,428400
1517100,288100
1517107,420500
1517108,0
1517121,450000
1517123,200000
1517124,0
1517129,150000
1517132,500000
1517143,266500
1517144,600000
1517153,423000
1517155,665000
1517159,375900
1517171,0
1517182,31500
1517197,350000
1517216,436500
1517217,350000
1517226,417500
1517244,0
1517256,350000
1517259,150000
1517260,0
1517261,0
1517271,944200
1517295,714000
1517303,0
1517315,631500
1517322,733000
1517335,250000
1517348,461200
1517354,300000
1517358,509500
1517362,408300
1517364,450000
1517366,416800
1517375,0
1517406,2014000
1517409,686000
1517420,0
1517468,400000
1517478,450000
1517494,300000
1517508,350000
1517522,729500
1517536,827900
1517546,333800
1517554,350000
1517559,812000
1517571,650000
1517584,3595800
1517618,1500000
1517627,951800
1517631,0
1517638,150000
1517644,183500
1517652,150000
1517680,1559000
1517684,300000
1517688,0
1517693,1720000
1517694,411900
1517702,0
1517706,369100
1517715,0
1517719,294000
1517722,669300
1517763,55000
1517766,638200
1517771,350000
1517775,0
1517777,900000
1517785,448100
1517795,0
1517799,703200
1517815,449000
1517816,150000
1517820,704600
1517821,413900
1517831,500000
1517834,326900
1517844,581000
1517847,0
1517858,350000
1517870,968000
1517874,419800
1517888,535000
1517889,952000
1517893,150000
1517913,482000
1517914,350000
1517924,350000
1517925,523400
1517927,350000
1517938,0
1517941,468500
1517944,482000
1517952,750000
1517955,398600
1517960,506400
1517962,4972800
1517963,365300
1517964,0
1517965,424300
1517967,408300
1517975,0
1517986,664300
1517992,591000
1517997,350000
1518001,315000
1518002,0
1518018,450000
1518021,408500
1518032,350000
1518033,3565300
1518034,450000
1518041,150000
1518050,600000
1518064,150000
1518067,450000
1518069,250000
1518071,4331100
1518083,381000
1518093,350000
1518101,339000
1518102,419800
1518105,300000
1518111,1871000
1518112,628000
1518116,571000
1518121,434000
1518122,450000
1518128,567500
1518132,0
1518142,350000
1518150,0
1518151,350000
1518154,0
1518157,345800
1518158,350000
1518159,413900
1518164,600000
1518172,2286700
1518181,423500
1518186,150000
1518196,500000
1518199,350000
1518205,692000
1518207,0
1518210,417500
1518212,450000
1518224,0
1518225,0
1518226,426500
1518228,1044200
1518230,757600
1518232,0
1518238,0
1518257,727500
1518258,52500
1518259,388500
1518262,666000
1518281,800000
1518285,350000
1518286,0
1518287,549000
1518288,0
1518290,0
1518292,350000
1518293,431000
1518294,329000
1518297,350000
1518298,0
1518303,350000
1518311,140000
1518314,598500
1518315,0
1518318,450000
1518321,0
1518327,4987500
1518332,600000
1518337,530000
1518341,0
1518347,350000
1518351,140000
1518353,450000
1518357,821000
1518360,350000
1518367,400000
1518376,0
1518378,122200
1518384,440000
1518391,350000
1518392,440900
1518397,450000
1518399,431000
1518403,589100
1518409,401800
1518414,897000
1518415,1235000
1518418,140000
1518422,422000
1518427,449000
1518431,755000
1518433,0
1518435,350000
1518437,0
1518439,150000
1518442,232500
1518448,438800
1518451,539600
1518456,404300
1518458,375000
1518462,0
1518466,396400
1518467,966000
1518472,413000
1518473,493000
1518478,150000
1518483,365000
1518487,0
1518493,877600
1518497,315000
1518498,650000
1518510,1100000
1518516,0
1518517,350000
1518520,630900
1518536,962800
1518538,109000
1518539,450000
1518541,0
1518544,396800
1518548,523400
1518556,350000
1518559,350000
1518566,405000
1518569,370100
1518572,492000
1518575,450000
1518576,573000
1518580,500000
1518582,426500
1518584,360500
1518586,300000
1518592,280000
1518608,450000
1518609,0
1518610,273000
1518615,350000
1518617,350000
1518625,350000
1518633,0
1518635,350000
1518647,0
1518648,600000
1518649,150000
1518650,560900
1518667,849200
1518669,845000
1518670,391900
1518672,350000
1518674,0
1518683,351000
1518692,397500
1518695,658000
1518696,165000
1518699,450000
1518700,576500
1518702,448700
1518711,450000
1518713,350000
1518714,350000
1518716,184800
1518718,0
1518721,416000
1518753,250000
1518754,645900
1518755,350000
1518769,407300
1518770,0
1518771,350000
1518772,1043500
1518773,0
1518789,500000
1518796,300000
1518797,0
1518799,1303500
1518801,515800
1518807,816300
1518819,874300
1518821,579200
1518825,450000
1518837,325500
1518840,1077300
1518842,570000
1518849,150000
1518850,0
1518851,350000
1518852,1064500
1518854,737900
1518860,400000
1518862,0
1518864,724800
1518867,310200
1518869,0
1518870,590800
1518872,482000
1518874,162000
1518876,829300
1518880,583300
1518882,350000
1518883,350000
1518885,0
1518887,374800
1518896,547300
1518897,150000
1518900,444200
1518903,686400
1518904,350000
1518907,440000
1518913,150000
1518923,350000
1518924,923000
1518925,472400
1518927,500000
1518950,967600
1518951,250000
1518954,0
1518955,0
1518958,325500
1518965,150000
1518972,346500
1518977,557500
1518988,878300
1518993,410000
1518995,576500
1518997,964000
1518998,0
1518999,350000
1519003,662200
1519007,0
1519016,350000
1519019,450000
1519021,0
1519022,371000
1519029,529600
1519032,647500
1519035,350000
1519036,426500
1519041,1460300
1519046,417500
1519051,350000
1519053,350000
1519060,450000
1519061,510300
1519065,350000
1519066,0
1519069,388300
1519071,408000
1519073,350000
1519075,515500
1519077,350000
1519085,385500
1519088,1008500
1519089,417500
1519098,378400
1519119,0
1519154,326900
1519158,0
1519161,140000
1519162,0
1519172,497000
1519180,410800
1519182,499300
1519184,0
1519191,0
1519198,435500
1519200,505400
1519211,450000
1519215,350000
1519220,423400
1519221,0
1519222,918400
1519223,417200
1519228,0
1519229,330000
1519230,722900
1519232,578700
1519236,509000
1519238,408000
1519239,553100
1519242,265000
1519250,0
1519253,514200
1519265,553100
1519275,350000
1519281,350000
1519282,294000
1519284,550000
1519287,140000
1519291,1520800
1519296,450000
1519299,140000
1519301,500000
1519303,343000
1519307,150000
1519309,398600
1519311,490600
1519319,198800
1519324,0
1519329,0
1519331,500000
1519333,294000
1519336,1603200
1519338,368400
1519339,500000
1519343,294000
1519349,350000
1519350,389600
1519355,500000
1519361,375600
1519364,417500
1519365,0
1519376,300000
1519379,408500
1519392,294000
1519394,450000
1519395,400000
1519396,342500
1519397,390200
1519398,515800
1519401,198800
1519413,387500
1519414,370600
1519422,186300
1519429,0
1519432,403100
1519433,510000
1519434,577400
1519435,611000
1519436,0
1519440,450000
1519441,389600
1519443,700000
1519444,0
1519448,150000
1519452,532400
1519453,115200
1519456,0
1519462,290000
1519465,509000
1519466,492500
1519467,433300
1519477,878200
1519478,595000
1519480,0
1519484,350000
1519486,350000
1519490,422000
1519491,354000
1519496,450000
1519498,850000
1519502,800000
1519505,508300
1519508,372100
1519509,1538000
1519510,513500
1519511,410800
1519516,413000
1519517,101200
1519527,500000
1519528,431000
1519532,0
1519547,150000
1519549,440000
1519558,445800
1519560,529000
1519566,405000
1519567,200000
1519569,120000
1519571,427000
1519575,0
1519576,399500
1519577,460000
1519580,450000
1519584,198800
1519585,250000
1519596,150000
1519607,350000
1519608,673400
1519614,450000
1519617,450000
1519618,877300
1519619,346500
1519620,360000
1519621,440000
1519622,0
1519629,1392400
1519630,0
1519631,1346400
1519634,417500
1519636,350000
1519637,810000
1519644,450000
1519648,498300
1519649,450000
1519651,580000
1519653,0
1519660,896000
1519661,369000
1519664,0
1519670,550000
1519675,404000
1519676,453000
1519681,0
1519688,387900
1519693,415900
1519695,349300
1519699,750000
1519701,300300
1519703,520200
1519708,0
1519709,294000
1519712,531500
1519714,673400
1519718,450000
1519721,0
1519723,437800
1519724,0
1519725,350000
1519726,0
1519729,350000
1519733,450000
1519734,450000
1519737,320000
1519740,150000
1519748,0
1519750,0
1519753,1047000
1519758,0
1519761,135000
1519769,350000
1519771,150000
1519775,0
1519776,294000
1519777,524800
1519778,553200
1519784,364000
1519786,500500
1519789,400000
1519798,315000
1519799,350000
1519808,395000
1519813,213600
1519827,523400
1519829,0
1519833,1196400
1519834,446500
1519838,450000
1519852,421000
1519856,435500
1519862,350000
1519864,650000
1519867,150000
1519869,0
1519872,350000
1519878,413900
1519879,354900
1519884,450000
1519888,412600
1519890,456000
1519896,539200
1519901,0
1519904,336000
1519909,0
1519915,0
1519917,160000
1519919,417500
1519920,390600
1519937,444500
1519939,350000
1519940,2486000
1519942,140000
1519948,642600
1519955,127500
1519958,428800
1519963,150000
1519970,294000
1519973,450000
1519974,523400
1519980,350000
1519983,0
1519987,2688800
1519994,450000
1519998,450000
1520004,503200
1520005,533000
1520006,350000
1520015,0
1520020,200000
1520027,350000
1520035,426500
1520036,1144400
1520037,4319000
1520038,1417500
1520039,150000
1520049,395000
1520050,360000
1520051,567500
1520055,433300
1520058,150000
1520060,418500
1520062,397300
1520063,350000
1520079,641000
1520082,500000
1520086,600000
1520088,380000
1520092,830300
1520098,350000
1520103,350000
1520115,1109500
1520121,498500
1520128,672500
1520129,150000
1520134,350000
1520145,150000
1520146,626000
1520150,1917500
1520155,676200
1520156,150000
1520159,634100
1520174,4131200
1520175,695600
1520186,817400
1520190,417500
1520191,160500
1520194,0
1520197,513500
1520201,0
1520210,400000
1520215,148700
1520216,350000
1520219,1125000
1520225,1057000
1520228,450000
1520234,654900
1520238,550000
1520239,1679500
1520245,408500
1520248,410500
1520251,270000
1520252,450000
1520254,350000
1520260,611200
1520266,350000
1520268,401800
1520274,450000
1520279,342700
1520285,604200
1520290,150000
1520295,1216300
1520296,390500
1520297,150000
1520303,477500
1520304,350000
1520307,0
1520308,873400
1520314,1084700
1520318,755300
1520321,350000
1520325,714800
1520327,696000
1520329,40000
1520338,0
1520339,641800
1520348,346500
1520350,523400
1520358,780000
1520367,411500
1520368,362300
1520375,0
1520380,0
1520385,0
1520388,1020000
1520394,216000
1520396,358000
1520403,133400
1520411,150000
1520413,225000
1520417,350000
1520419,450000
1520420,450000
1520422,720000
1520424,2000000
1520427,431000
1520428,1200000
1520431,440100
1520434,150000
1520435,350000
1520441,1185900
1520444,350000
1520451,150000
1520460,190800
1520471,0
1520472,350000
1520473,250000
1520486,450000
1520495,397700
1520496,397300
1520497,408500
1520506,345800
1520512,523400
1520529,4662500
1520532,374000
1520537,530000
1520548,350000
1520550,350000
1520553,150000
1520556,431000
1520558,562300
1520567,790000
1520575,522000
1520580,538200
1520583,213700
1520588,0
1520597,350000
1520605,150000
1520607,444500
1520608,584100
1520620,150000
1520628,0
1520631,288000
1520635,150000
1520636,374000
1520638,1000000
1520640,531000
1520645,232000
1520647,250000
1520652,346500
1520655,0
1520657,585000
1520658,62000
1520661,450000
1520669,650000
1520688,350000
1520691,311500
1520697,0
1520698,150000
1520702,929000
1520706,150000
1520707,606000
1520713,3353400
1520714,840500
1520719,450000
1520720,6001700
1520721,350000
1520723,150000
1520726,150000
1520727,435000
1520736,572200
1520741,584300
1520742,422100
1520746,422000
1520750,418500
1520754,422000
1520764,0
1520766,5256000
1520767,403800
1520768,864000
1520769,0
1520773,350000
1520777,450000
1520779,0
1520782,315000
1520790,800000
1520795,591600
1520796,755000
1520797,0
1520801,241800
1520805,359800
1520809,601000
1520811,319600
1520814,835000
1520818,420700
1520821,405400
1520826,350000
1520834,527900
1520835,450000
1520836,0
1520840,828000
1520843,0
1520845,0
1520847,0
1520849,150000
1520851,500000
1520853,1280200
1520854,144800
1520857,666200
1520865,563900
1520869,571900
1520872,444500
1520874,350000
1520882,0
1520883,497500
1520884,0
1520891,0
1520896,463000
1520900,300000
1520906,10310500
1520908,500000
1520911,644500
1520916,450000
1520924,690000
1520926,0
1520927,400000
1520929,421800
1520939,358000
1520941,514000
1520948,500000
1520951,450000
1520953,438000
1520962,433000
1520967,600000
1520973,400000
1520974,350000
1520975,350000
1520977,0
1520978,150400
1520983,300000
1520986,0
1520991,21000
1520992,750000
1521000,418500
1521003,594500
1521006,690500
1521007,350000
1521010,390000
1521012,0
1521013,390500
1521014,611200
1521015,890000
1521025,560000
1521027,445400
1521031,650000
1521033,406300
1521041,391900
1521043,535700
1521050,300000
1521052,431000
1521054,350000
1521055,417500
1521058,0
1521059,545000
1521061,417500
1521069,449200
1521071,373600
1521075,274000
1521076,882900
1521077,150000
1521080,0
1521083,1400000
1521088,335000
1521089,350000
1521090,445000
1521096,369000
1521106,392800
1521117,350000
1521119,513500
1521122,413000
1521127,350000
1521132,594600
1521136,349300
1521147,0
1521148,495800
1521150,410000
1521151,345800
1521152,900000
1521157,373600
1521158,629200
1521159,0
1521164,225000
1521167,346500
1521168,400000
1521172,350000
1521185,440000
1521186,323800
1521190,1101500
1521200,513500
1521202,2000000
1521216,513500
1521223,513500
1521225,524000
1521231,554900
1521236,349300
1521240,150000
1521242,345800
1521243,150000
1521244,692100
1521250,620800
1521253,0
1521257,150000
1521262,0
1521264,0
1521267,350000
1521270,513500
1521282,443700
1521285,325500
1521286,0
1521291,0
1521296,150000
1521299,405300
1521307,0
1521309,578800
1521313,326900
1521314,545300
1521318,760500
1521325,326900
1521330,0
1521331,75000
1521333,349300
1521338,150000
1521341,350000
1521350,345800
1521351,610500
1521356,1000000
1521363,441600
1521367,357600
1521377,0
1521379,1201800
1521380,100000
1521386,150000
1521399,250000
1521400,150000
1521403,350000
1521425,300000
1521431,518000
1521432,0
1521433,150000
1521434,450000
1521436,422000
1521442,1667200
1521443,716300
1521447,265000
1521457,0
1521458,0
1521459,768300
1521460,845000
1521485,1510400
1521492,901800
1521494,870500
1521500,0
1521522,0
1521528,450000
1521539,426500
1521540,461200
1521551,450000
1521554,180000
1521563,0
1521564,515000
1521573,350000
1521579,0
1521580,500000
1521583,2261500
1521586,466900
1521591,150000
1521596,500000
1521603,0
1521606,350000
1521608,0
1521616,350000
1521617,398000
1521618,750000
1521620,485800
1521623,150000
1521631,0
1521632,350000
1521636,398500
1521650,616500
1521653,160000
1521655,423800
1521663,863500
1521664,450000
1521669,665000
1521682,426500
1521694,750000
1521698,422000
1521702,0
1521710,0
1521716,518000
1521718,1102800
1521719,350000
1521720,1212800
1521723,150000
1521726,420200
1521742,350000
1521744,913200
1521746,1351600
1521749,1395000
1521752,200000
1521758,350000
1521763,450000
1521768,600000
1521770,0
1521775,2104600
1521785,350000
1521787,0
1521789,313000
1521792,150000
1521795,1467900
1521797,590200
1521803,314000
1521806,430000
1521810,0
1521822,350000
1521828,325500
1521834,0
1521839,650000
1521842,676000
1521843,960000
1521848,140000
1521854,500000
1521855,1200000
1521856,0
1521859,0
1521862,913500
1521863,500000
1521864,390500
1521873,1234500
1521877,179500
1521887,700000
1521895,540500
1521897,350000
1521900,352100
1521905,0
1521906,958000
1521907,540500
1521910,437500
1521912,594900
1521916,600000
1521926,1550500
1521927,575500
1521942,540500
1521943,0
1521947,400000
1521950,0
1521962,860400
1521964,200000
1521965,250000
1521967,0
1521968,434000
1521970,399500
1521975,4504000
1521981,466000
1521984,204700
1521988,450000
1521992,350000
1522001,400000
1522007,250000
1522012,0
1522018,550000
1522023,198800
1522029,408500
1522032,851300
1522039,0
1522052,519000
1522055,661400
1522056,372500
1522058,300000
1522063,162500
1522066,417500
1522069,150000
1522076,350000
1522077,2000000
1522078,0
1522080,430000
1522083,150000
1522111,0
1522126,0
1522135,0
1522137,522500
1522138,1047000
1522157,150000
1522158,650000
1522168,415300
1522169,540000
1522171,0
1522183,0
1522186,150000
1522188,312000
1522192,0
1522195,0
1522197,579100
1522199,150000
1522200,480900
1522207,506000
1522208,492000
1522214,0
1522220,258400
1522235,171600
1522240,0
1522275,674900
1522276,0
1522278,464000
1522281,0
1522286,554000
1522287,358800
1522295,500000
1522296,0
1522301,0
1522304,150000
1522305,323800
1522309,350000
1522311,0
1522320,140000
1522325,1163200
1522328,500000
1522334,430000
1522340,350000
1522344,171200
1522349,0
1522353,431000
1522354,0
1522358,176000
1522364,350000
1522367,0
1522368,731500
1522369,128000
1522370,500000
1522372,350000
1522379,300000
1522381,182400
1522384,600000
1522403,850000
1522405,0
1522409,448000
1522411,450000
1522420,0
1522421,254500
1522428,461200
1522433,0
1522437,205000
1522446,574300
1522452,300000
1522456,345000
1522462,0
1522469,749900
1522475,82500
1522481,815000
1522489,126000
1522490,380600
1522491,0
1522495,206400
1522498,0
1522501,0
1522507,350000
1522512,150000
1522513,449000
1522517,0
1522521,100000
1522522,843500
1522526,0
1522535,400000
1522540,0
1522542,385700
1522544,249500
1522546,0
1522547,572000
1522551,313500
1522553,536000
1522558,332500
1522563,479200
1522565,2000000
1522569,754500
1522572,339800
1522574,292000
1522581,245000
1522586,150000
1522592,1110000
1522597,0
1522599,350000
1522603,0
1522604,1091800
1522607,0
1522609,150000
1522611,0
1522612,724300
1522613,626000
1522615,350000
1522623,335000
1522626,410800
1522627,924000
1522631,0
1522634,187500
1522636,1044100
1522642,0
1522652,450000
1522660,0
1522661,120000
1522665,0
1522668,0
1522676,413900
1522679,521000
1522684,626000
1522690,0
1522694,150000
1522702,500000
1522703,142000
1522706,172500
1522708,450000
1522709,595000
1522712,750000
1522717,497500
1522721,364500
1522726,600000
1522730,417500
1522747,450000
1522749,0
1522752,0
1522754,1159900
1522757,720000
1522762,150000
1522768,350000
1522771,400000
1522773,375800
1522777,300000
1522779,200000
1522783,0
1522786,426000
1522788,0
1522790,434300
1522791,200000
1522803,350000
1522805,0
1522807,650000
1522808,0
1522810,417500
1522821,142000
1522824,350000
1522826,263500
1522843,480600
1522849,142500
1522851,150000
1522859,583400
1522863,0
1522866,350000
1522867,200000
1522868,100000
1522872,0
1522876,0
1522877,625100
1522878,350000
1522881,450000
1522883,0
1522893,0
1522896,600000
1522897,617000
1522898,399100
1522912,0
1522924,350000
1522927,518000
1522930,1238000
1522938,392400
1522951,1016000
1522954,450000
1522956,0
1522960,560000
1522977,500000
1522978,200000
1522980,400000
1522987,500000
1522990,350000
1522992,665200
1522993,337000
1522998,0
1523002,1355800
1523009,700000
1523011,350000
1523014,492000
1523016,0
1523017,928000
1523020,350000
1523024,350000
1523026,550000
1523031,250000
1523032,0
1523041,444500
1523042,450000
1523048,0
1523053,250000
1523057,0
1523058,450000
1523059,349700
1523061,1124500
1523064,450000
1523071,450000
1523075,0
1523081,600000
1523082,924300
1523087,710000
1523092,694000
1523093,406000
1523094,461200
1523098,1112000
1523114,150000
1523116,800000
1523120,300000
1523122,54000
1523125,150000
1523133,153700
1523134,567500
1523135,704000
1523138,0
1523139,450000
1523145,574400
1523150,0
1523165,621900
1523166,500000
1523167,417100
1523171,540000
1523172,0
1523173,0
1523186,350000
1523187,450000
1523192,200000
1523206,879600
1523207,0
1523218,350000
1523219,103000
1523222,17500
1523227,0
1523228,150000
1523231,409400
1523238,17094900
1523244,350000
1523247,0
1523253,350000
1523258,350000
1523266,320000
1523275,420200
1523276,0
1523279,644500
1523282,500000
1523283,150000
1523290,1374500
1523292,299400
1523295,293500
1523297,701000
1523300,300000
1523305,550000
1523312,0
1523316,150000
1523318,450000
1523320,0
1523324,0
1523329,529300
1523337,153300
1523338,1603900
1523346,130000
1523354,785600
1523355,0
1523357,350000
1523367,0
1523370,398300
1523372,0
1523375,150000
1523377,1376500
1523387,450000
1523388,558800
1523390,1434200
1523392,525600
1523396,0
1523402,650000
1523406,699500
1523409,461200
1523411,464000
1523420,150000
1523429,0
1523433,475400
1523440,427000
1523450,414000
1523453,450000
1523457,0
1523459,0
1523470,600000
1523475,150000
1523484,500000
1523492,892000
1523494,358200
1523496,386600
1523499,0
1523506,202400
1523509,0
1523513,125300
1523514,0
1523532,0
1523535,150000
1523539,591200
1523549,1080000
1523550,0
1523554,280000
1523559,697700
1523570,0
1523576,511100
1523587,535000
1523588,403500
1523590,1468500
1523593,383900
1523594,401300
1523600,200000
1523607,150000
1523611,387000
1523622,450000
1523623,636200
1523635,439100
1523636,518000
1523638,0
1523639,706500
1523644,0
1523654,315000
1523658,382400
1523660,350000
1523662,1267100
1523668,0
1523689,150000
1523696,350000
1523700,517000
1523701,436500
1523705,350000
1523713,0
1523714,440000
1523716,0
1523719,0
1523721,413900
1523724,322000
1523730,0
1523733,462400
1523746,417500
1523751,150000
1523757,0
1523760,150000
1523762,350000
1523771,262000
1523773,148000
1523774,350000
1523784,665000
1523785,0
1523787,413900
1523790,551900
1523814,300000
1523816,332500
1523817,332500
1523827,597000
1523839,481900
1523843,0
1523860,150000
1523864,1306300
1523866,400000
1523873,550000
1523877,479000
1523880,1987600
1523894,372500
1523895,200000
1523901,150000
1523909,426500
1523920,352500
1523925,500000
1523932,292300
1523934,73000
1523935,350000
1523942,0
1523945,0
1523948,599500
1523949,250000
1523952,1960200
1523960,760000
1523963,365000
1523964,538200
1523973,0
1523977,567200
1523992,456000
1523995,0
1524004,702900
1524006,442300
1524007,149700
1524009,150000
1524012,0
1524014,350000
1524018,397300
1524026,471500
1524028,350000
1524029,350000
1524037,150000
1524040,424300
1524042,350000
1524048,150000
1524053,0
1524057,600000
1524058,0
1524059,474800
1524066,617800
1524073,477600
1524081,150000
1524082,732000
1524087,462000
1524090,530000
1524097,0
1524100,2524200
1524106,646000
1524107,472000
1524118,399700
1524119,418500
1524121,350000
1524123,380500
1524126,361000
1524127,386600
1524134,500000
1524137,857000
1524142,345800
1524162,332500
1524164,400000
1524166,500000
1524171,0
1524175,350000
1524179,590900
1524186,350000
1524191,814400
1524192,413000
1524196,200000
1524200,90000
1524203,350000
1524206,300000
1524218,0
1524226,0
1524228,534200
1524232,431000
1524233,822000
1524235,795500
1524237,350000
1524239,370000
1524244,339500
1524247,420000
1524249,540000
1524273,990000
1524286,2391200
1524291,450000
1524293,172500
1524295,1553000
1524297,486000
1524305,350000
1524310,411700
1524317,350000
1524326,255800
1524338,386600
1524340,396900
1524348,3583500
1524349,500000
1524360,0
1524374,645000
1524377,0
1524382,150000
1524388,112000
1524389,2326500
1524402,460000
1524404,614700
1524407,771600
1524410,989300
1524424,500000
1524426,150000
1524428,322000
1524433,1074300
1524457,479700
1524459,1082000
1524460,0
1524463,640000
1524469,160000
1524474,1808000
1524481,1061600
1524483,774000
1524487,450000
1524493,0
1524494,389500
1524497,150000
1524501,500000
1524512,419800
1524513,680000
1524515,250000
1524519,350000
1524523,0
1524534,168300
1524535,500000
1524536,450000
1524552,0
1524554,0
1524557,2100400
1524567,841600
1524570,450000
1524587,570000
1524588,500000
1524605,515000
1524606,500000
1524607,450000
1524608,150000
1524611,432700
1524616,520000
1524617,150000
1524647,417500
1524649,650000
1524651,540000
1524655,150000
1524656,432500
1524659,489600
1524665,381800
1524666,700000
1524667,2269000
1524681,0
1524684,150000
1524685,430000
1524687,450000
1524695,600000
1524697,1271400
1524701,400000
1524709,140000
1524723,718800
1524724,0
1524734,662800
1524743,135000
1524754,0
1524756,450000
1524763,490000
1524772,0
1524776,0
1524784,569700
1524786,467000
1524788,0
1524795,300000
1524797,387000
1524800,350000
1524805,450000
1524813,750000
1524820,401000
1524826,300000
1524833,332500
1524840,0
1524841,0
1524860,494700
1524863,582000
1524885,386500
1524887,0
1524896,0
1524900,300000
1524913,120000
1524920,651800
1524921,0
1524923,0
1524927,150000
1524928,73000
1524937,550000
1524939,603000
1524942,300000
1524946,514000
1524949,593100
1524959,595000
1524965,250000
1524973,601800
1524974,450000
1524976,300000
1524993,250000
1524999,300000
1525013,590000
1525016,0
1525018,517300
1525025,500000
1525028,500000
1525038,370400
1525051,300000
1525062,0
1525066,59500
1525070,382300
1525073,140000
1525085,542000
1525097,311500
1525105,350000
1525110,350000
1525114,105000
1525117,517200
1525119,650000
1525122,0
1525147,900000
1525150,947500
1525154,1100000
1525165,584100
1525173,0
1525175,0
1525176,0
1525178,636300
1525198,0
1525200,185000
1525210,0
1525218,75100
1525225,550000
1525227,150000
1525229,300000
1525232,770600
1525251,0
1525253,918900
1525276,300000
1525280,456500
1525283,634500
1525285,747100
1525289,150000
1525293,613400
1525297,0
1525299,567100
1525303,150000
1525307,0
1525313,250000
1525314,300000
1525322,300000
1525325,246000
1525331,350000
1525333,400000
1525343,600000
1525344,150000
1525349,300000
1525355,0
1525357,0
1525363,550500
1525366,650000
1525368,666000
1525374,622000
1525375,750000
1525378,563000
1525393,450000
1525396,300000
1525398,456000
1525411,734000
1525415,422000
1525421,500000
1525429,549400
1525436,300000
1525437,0
1525444,142000
1525452,666000
1525454,421100
1525457,406300
1525462,431000
1525466,0
1525471,1000000
1525473,14000
1525474,300000
1525475,450000
1525476,0
1525501,712600
1525505,450000
1525508,906400
1525516,494700
1525518,150000
1525520,507600
1525521,687900
1525525,0
1525527,1051500
1525544,0
1525549,567500
1525553,350000
1525590,1411200
1525592,404000
1525595,313300
1525603,0
1525604,297500
1525610,450000
1525617,300000
1525627,516500
1525649,400000
1525667,540000
1525672,700000
1525673,180000
1525674,375000
1525686,558000
1525693,1454500
1525703,300000
1525719,509200
1525720,422000
1525743,2423900
1525751,410800
1525752,300000
1525753,0
1525763,346500
1525764,300000
1525776,478000
1525784,0
1525792,450000
1525798,296000
1525799,417500
1525808,0
1525815,387000
1525826,1640500
1525830,300000
1525834,450000
1525835,0
1525838,0
1525840,0
1525852,840000
1525861,567500
1525862,732200
1525871,300000
1525880,440000
1525884,0
1525885,388800
1525889,450000
1525894,839500
1525899,300000
1525900,9830000
1525906,0
1525910,404000
1525911,0
1525913,150000
1525919,500000
1525924,150000
1525929,300000
1525933,0
1525938,899000
1525943,0
1525947,643500
1525953,3171300
1525956,1856100
1525967,247500
1525974,450000
1525975,200000
1525991,150000
1525998,334400
1526001,110000
1526004,475000
1526008,0
1526012,350000
1526016,0
1526021,350000
1526032,0
1526045,608000
1526047,0
1526049,0
1526052,167500
1526054,525000
1526057,1097000
1526065,360000
1526068,875000
1526072,350000
1526076,568300
1526079,458600
1526084,300000
1526087,515100
1526093,250000
1526104,0
1526108,350000
1526112,260000
1526115,300000
1526116,0
1526135,0
1526150,539500
1526153,250000
1526156,372000
1526158,585300
1526172,0
1526179,0
1526180,444500
1526185,767500
1526196,0
1526209,800000
1526210,0
1526215,0
1526234,803500
1526249,1906000
1526282,423800
1526300,78000
1526323,400000
1526335,175000
1526336,0
1526361,569300
1526372,616500
1526373,0
1526384,0
1526393,316800
1526410,300000
1526413,626300
1526419,0
1526425,390000
1526443,146000
1526458,0
1526490,449300
1526511,4628400
1526521,0
1526523,0
1526524,0
1526540,0
1526542,509000
1526556,450000
1526562,550000
1526573,450000
1526577,202400
1526578,146000
1526586,700000
1526590,0
1526610,0
1526632,350000
1526643,400000
1526658,400000
1526660,0
1526677,0
1526692,2723000
1526703,1077700
1526705,300000
1526708,461200
1526710,150000
1526718,440000
1526730,150000
1526733,647500
1526762,350000
1526764,0
1526785,309600
1526800,300000
1526802,544000
1526815,0
1526833,350000
1526841,680500
1526845,527000
1526863,0
1526872,700000
1526873,1119500
1526880,600700
1526897,329600
1526904,396000
1526910,0
1526917,0
1526926,0
1526928,490400
1526931,0
1526933,257500
1526934,377600
1526939,400000
1526940,1277500
1526957,150000
1526958,0
1526959,345800
1526963,431000
1526983,350000
1526984,150000
1526986,450000
1526990,2408000
1527000,401800
1527006,791000
1527015,406300
1527026,1269800
1527029,0
1527038,446500
1527041,0
1527054,356000
1527056,385400
1527059,0
1527063,3800
1527064,450000
1527071,413500
1527072,0
1527079,448100
1527088,414000
1527089,21120400
1527092,0
1527095,350000
1527103,350000
1527109,470200
1527119,450000
1527131,650000
1527142,0
1527155,150000
1527159,547500
1527165,406300
1527166,0
1527169,312200
1527183,350000
1527191,412800
1527193,250000
1527201,200000
1527205,339500
1527206,450000
1527211,417500
1527220,350000
1527231,450000
1527235,449000
1527256,0
1527262,371000
1527263,0
1527267,406300
1527271,399500
1527281,450000
1527287,0
1527289,350000
1527291,450000
1527295,350000
1527297,714800
1527305,350000
1527307,675800
1527320,0
1527326,6083700
1527334,350000
1527347,3753200
1527355,150000
1527357,140000
1527359,130000
1527365,1875200
1527372,437300
1527374,0
1527379,435500
1527385,326000
1527393,0
1527395,400000
1527397,811700
1527400,500000
1527402,450000
1527403,0
1527405,450000
1527409,592000
1527417,315000
1527426,793500
1527428,517500
1527434,431000
1527437,0
1527439,2491700
1527444,654200
1527445,655100
1527446,350000
1527450,2350000
1527469,450000
1527479,164800
1527485,611200
1527489,699700
1527490,0
1527495,702000
1527500,1101100
1527501,663000
1527506,399500
1527516,500000
1527520,1358500
1527521,465000
1527535,165000
1527538,1253000
1527541,0
1527543,0
1527544,614000
1527552,350000
1527557,294000
1527560,850000
1527563,0
1527582,221000
1527592,0
1527593,0
1527595,350000
1527601,0
1527604,200000
1527613,413000
1527616,604300
1527618,300000
1527619,450000
1527624,559900
1527626,576500
1527637,981000
1527638,350000
1527647,350000
1527649,350000
1527650,150000
1527653,450000
1527655,130000
1527658,382000
1527659,335000
1527663,250000
1527665,650000
1527669,1087500
1527674,426500
1527680,450000
1527681,980000
1527690,609600
1527691,1233800
1527692,908000
1527716,100000
1527718,500000
1527719,500000
1527721,395000
1527723,350000
1527724,88000
1527732,9800
1527738,410000
1527746,381400
1527753,332500
1527754,0
1527757,422000
1527773,350000
1527776,397700
1527777,450000
1527779,565500
1527783,359000
1527785,509000
1527808,500000
1527813,0
1527820,0
1527834,0
1527836,1250000
1527837,409500
1527838,522100
1527842,397700
1527845,628000
1527848,350000
1527853,0
1527854,0
1527857,362300
1527858,899300
1527862,346500
1527866,500000
1527873,3296000
1527883,315000
1527888,440000
1527900,417500
1527915,294000
1527917,250000
1527918,315000
1527921,680000
1527923,406300
1527929,294000
1527942,0
1527943,386000
1527948,0
1527964,329000
1527983,435500
1527986,1657800
1527987,0
1527988,397700
1527992,350000
1527993,689500
1527996,450000
1527997,0
1527998,300000
1527999,450000
1528005,0
1528006,0
1528009,0
1528011,390000
1528022,446500
1528025,418300
1528030,0
1528036,500000
1528041,913000
1528042,200000
1528048,0
1528051,200000
1528055,397700
1528057,0
1528069,290000
1528071,350000
1528073,564000
1528086,195000
1528097,557600
1528098,0
1528107,414000
1528108,0
1528112,440000
1528114,522500
1528116,540500
1528122,430200
1528130,836100
1528131,1428400
1528132,142000
1528135,1339100
1528142,438700
1528159,140000
1528160,660000
1528165,496500
1528166,326800
1528168,791100
1528170,292300
1528174,414000
1528178,400400
1528179,550100
1528182,324500
1528186,350000
1528191,0
1528195,339500
1528199,391000
1528205,391500
1528207,350000
1528208,200000
1528211,506800
1528215,719500
1528216,802000
1528218,500000
1528223,0
1528224,350000
1528228,555000
1528229,1006500
1528231,150000
1528235,381800
1528243,0
1528245,1400000
1528256,0
1528261,0
1528263,663500
1528273,754900
1528281,365000
1528282,721800
1528285,726000
1528287,150000
1528288,431000
1528294,350000
1528306,662300
1528309,304000
1528312,315000
1528317,633300
1528318,350000
1528324,350000
1528325,280000
1528328,407600
1528329,426500
1528331,350000
1528332,680700
1528333,650000
1528340,150000
1528343,0
1528347,452500
1528355,584500
1528362,350000
1528364,0
1528365,384200
1528368,442700
1528369,315000
1528379,495800
1528382,350000
1528388,574500
1528394,391000
1528397,150000
1528400,476000
1528401,600000
1528407,539000
1528416,350000
1528418,431900
1528427,294000
1528439,400000
1528447,54400
1528449,552200
1528451,350000
1528454,7750000
1528455,450000
1528457,0
1528459,110000
1528467,417500
1528469,350000
1528470,1191700
1528477,417500
1528480,0
1528484,340000
1528496,350000
1528499,450000
1528501,286000
1528507,0
1528510,300000
1528514,1144700
1528515,378000
1528517,750000
1528520,140000
1528522,1242300
1528524,350000
1528533,350000
1528538,430000
1528539,449000
1528543,420500
1528545,0
1528546,493200
1528552,927500
1528561,552000
1528562,372500
1528563,680000
1528569,1915000
1528570,417500
1528585,900000
1528592,421100
1528594,397700
1528600,350000
1528602,400000
1528604,333100
1528605,0
1528610,396000
1528614,345800
1528622,350000
1528624,880200
1528627,400000
1528630,31200
1528632,409300
1528636,467400
1528637,0
1528638,135000
1528649,2168200
1528650,294000
1528651,1243400
1528658,350000
1528665,1043800
1528672,350000
1528674,412500
1528677,403500
1528692,192000
1528694,0
1528699,0
1528704,4000000
1528706,750000
1528711,1105000
1528714,739600
1528717,782000
1528718,475500
1528737,294000
1528738,350000
1528743,446800
1528744,570500
1528745,699500
1528747,450000
1528749,0
1528752,325500
1528762,0
1528763,1875000
1528765,450000
1528767,439600
1528780,350000
1528782,185500
1528794,551800
1528795,0
1528806,502300
1528807,596500
1528809,294000
1528811,450000
1528816,835500
1528819,450000
1528824,506800
1528827,315700
1528834,373500
1528838,0
1528840,644000
1528841,554200
1528843,431000
1528850,1480300
1528853,375000
1528854,490000
1528864,0
1528868,1227000
1528871,956300
1528874,588500
1528879,150000
1528881,356800
1528882,0
1528887,2424400
1528894,350000
1528907,400000
1528914,450000
1528920,350000
1528921,399500
1528936,350000
1528938,332500
1528939,0
1528944,400000
1528948,350000
1528952,878000
1528953,0
1528956,384000
1528957,350000
1528968,387500
1528973,417500
1528975,329000
1528978,400500
1528983,410800
1528984,465700
1528988,640000
1529002,638200
1529010,0
1529018,0
1529023,345800
1529025,586600
1529038,339200
1529043,0
1529047,440000
1529056,339200
1529064,450000
1529067,0
1529072,350000
1529074,0
1529078,469900
1529081,500000
1529083,433300
1529090,403600
1529095,0
1529098,350800
1529099,339200
1529100,0
1529107,366300
1529109,0
1529113,410800
1529121,454200
1529132,375500
1529136,125000
1529138,350000
1529146,350000
1529147,18542000
1529149,325500
1529150,550000
1529157,385800
1529158,350000
1529160,0
1529163,404500
1529165,450000
1529168,350000
1529173,378000
1529174,339200
1529177,320000
1529182,0
1529186,450000
1529192,325500
1529193,200000
1529197,1521500
1529204,431000
1529208,300000
1529209,499300
1529210,325500
1529213,440000
1529217,408500
1529220,417500
1529223,150000
1529226,325500
1529227,500000
1529228,0
1529230,439600
1529234,450000
1529237,0
1529239,395000
1529241,375400
1529252,417500
1529253,323800
1529254,480000
1529256,371300
1529263,990500
1529264,450000
1529267,427400
1529268,323800
1529271,0
1529275,399500
1529278,918200
1529286,323800
1529297,1782200
1529298,537900
1529301,350000
1529303,325500
1529308,0
1529309,350000
1529310,330800
1529313,397700
1529314,0
1529318,382500
1529319,315000
1529320,0
1529322,325500
1529324,406300
1529342,389300
1529345,675100
1529346,0
1529349,350000
1529356,400000
1529364,325500
1529366,500000
1529371,688400
1529374,427000
1529383,0
1529387,0
1529388,2124000
1529389,250000
1529390,150000
1529394,368300
1529398,397700
1529401,400000
1529404,350000
1529414,426500
1529417,2625100
1529419,400000
1529420,0
1529435,588000
1529442,350000
1529457,0
1529460,327500
1529461,690500
1529462,584900
1529463,849500
1529465,350000
1529472,0
1529475,992000
1529485,450000
1529488,68800
1529489,400000
1529504,350000
1529508,350000
1529509,1344100
1529519,511200
1529521,552500
1529522,0
1529526,635000
1529527,0
1529537,150000
1529541,725500
1529543,671700
1529544,350000
1529550,200000
1529551,66500
1529552,391000
1529557,373500
1529563,0
1529572,350000
1529577,150000
1529578,29400
1529582,248000
1529586,150000
1529593,400000
1529594,406300
1529600,450000
1529602,499300
1529604,1190000
1529605,441000
1529609,315000
1529610,0
1529618,125200
1529619,350000
1529622,522100
1529623,336000
1529628,0
1529636,600000
1529640,0
1529643,240000
1529649,0
1529650,948100
1529656,0
1529660,150000
1529668,0
1529674,350000
1529679,0
1529682,150000
1529686,722000
1529691,150000
1529694,457500
1529697,350000
1529701,0
1529706,409000
1529708,438200
1529709,640000
1529711,434200
1529722,713500
1529723,901000
1529735,350000
1529743,407600
1529744,367000
1529747,322000
1529751,0
1529755,350000
1529757,165000
1529758,0
1529760,350000
1529761,450000
1529771,400000
1529775,140000
1529781,339400
1529782,349000
1529783,461200
1529787,600000
1529788,350000
1529789,443600
1529791,150000
1529802,393800
1529803,848900
1529806,150000
1529808,350000
1529812,0
1529817,350000
1529818,500000
1529823,482000
1529824,150000
1529827,957100
1529833,395000
1529841,641300
1529843,350000
1529848,436200
1529857,718800
1529858,1635300
1529861,150000
1529867,417500
1529868,634500
1529872,762500
1529875,644600
1529876,500000
1529880,0
1529881,350000
1529882,0
1529886,0
1529890,580500
1529891,755000
1529896,0
1529902,350000
1529903,0
1529907,797200
1529909,1000000
1529911,0
1529914,408500
1529922,350000
1529923,460600
1529926,500000
1529927,419500
1529928,0
1529935,417500
1529943,581500
1529951,0
1529957,565100
1529963,0
1529964,450000
1529968,423000
1529969,150000
1529970,0
1529980,364600
1529981,0
1529993,525000
1529997,0
1530008,350000
1530009,554500
1530011,450000
1530014,0
1530019,300000
1530024,461200
1530025,379100
1530036,306600
1530040,366800
1530041,300000
1530050,339500
1530054,511900
1530056,172000
1530059,0
1530068,0
1530069,0
1530071,0
1530072,350000
1530073,800000
1530074,449000
1530077,444500
1530082,535500
1530083,350000
1530086,620600
1530087,350000
1530089,66500
1530090,625000
1530092,1004300
1530104,315000
1530110,450000
1530114,332500
1530122,900000
1530124,350000
1530126,0
1530127,250000
1530128,0
1530130,406300
1530136,450000
1530138,415000
1530148,600000
1530149,450000
1530152,1368600
1530161,332500
1530171,0
1530182,890500
1530184,330800
1530185,413000
1530188,300000
1530203,406300
1530204,337500
1530206,0
1530211,80000
1530212,332500
1530226,415600
1530228,397300
1530230,0
1530237,391000
1530238,260000
1530242,650800
1530247,0
1530248,270000
1530255,408500
1530256,480000
1530258,415800
1530261,600000
1530262,150000
1530267,350000
1530270,1718400
1530271,574300
1530280,830200
1530285,0
1530290,1062000
1530291,270000
1530292,0
1530303,450000
1530305,2318200
1530308,315000
1530311,647500
1530317,200000
1530318,350000
1530319,270000
1530322,437800
1530323,511800
1530327,740000
1530332,450000
1530338,0
1530346,350000
1530350,108000
1530354,400400
1530359,328600
1530361,150000
1530369,683100
1530375,417500
1530383,0
1530390,350000
1530396,785800
1530398,528400
1530400,576800
1530402,700000
1530403,346500
1530406,350000
1530409,350000
1530410,0
1530423,150000
1530425,422000
1530429,388800
1530433,150000
1530434,450000
1530441,250000
1530452,427400
1530454,605400
1530457,24000
1530464,0
1530469,400000
1530470,450000
1530482,250000
1530483,300000
1530484,0
1530492,490500
1530493,350000
1530495,350000
1530497,315000
1530501,350000
1530505,395000
1530508,0
1530512,600000
1530513,1067600
1530517,0
1530527,435500
1530532,300000
1530546,0
1530552,550000
1530560,550000
1530564,150000
1530569,350000
1530579,0
1530592,0
1530596,3510500
1530597,120000
1530604,396400
1530605,381500
1530607,415300
1530609,350000
1530610,350000
1530613,150000
1530614,907600
1530616,350000
1530617,350000
1530618,450000
1530625,600000
1530628,294000
1530629,350000
1530630,2254300
1530631,450000
1530637,335300
1530640,541500
1530646,560000
1530647,0
1530659,581000
1530681,1281800
1530683,0
1530690,610000
1530697,0
1530699,348000
1530701,450000
1530702,0
1530714,360000
1530717,250000
1530721,373600
1530725,280000
1530732,600000
1530738,1142600
1530744,350000
1530746,0
1530760,503600
1530764,0
1530766,350000
1530775,350000
1530776,0
1530778,326900
1530779,0
1530781,815600
1530783,0
1530784,1370000
1530785,150000
1530790,0
1530794,0
1530800,2725000
1530804,0
1530806,140000
1530807,421400
1530809,150000
1530819,350000
1530824,450000
1530825,1429300
1530840,0
1530842,108000
1530845,500000
1530848,950000
1530853,0
1530855,38400
1530857,190000
1530859,622500
1530865,350000
1530868,140000
1530869,360000
1530872,498500
1530875,390000
1530877,500000
1530880,400000
1530883,0
1530896,386000
1530897,2518800
1530899,500000
1530901,350000
1530905,500000
1530906,440000
1530925,450000
1530930,0
1530932,0
1530938,420000
1530940,540000
1530942,0
1530961,809000
1530962,166900
1530965,0
1530969,450000
1530970,350000
1530974,647500
1530982,0
1530984,0
1530985,562400
1530998,1013800
1531008,790000
1531013,0
1531018,450000
1531021,729200
1531028,650000
1531033,461200
1531036,450000
1531049,704000
1531055,976300
1531056,2952000
1531057,150000
1531067,350000
1531068,772800
1531069,450000
1531071,350000
1531072,135000
1531074,495500
1531082,0
1531085,2768300
1531087,350000
1531093,224000
1531096,0
1531097,0
1531099,391500
1531102,952400
1531114,444500
1531122,1192800
1531123,0
1531126,149500
1531128,695800
1531129,250000
1531139,862500
1531144,444500
1531146,0
1531149,350000
1531156,600000
1531164,601800
1531170,1103400
1531171,704300
1531175,846300
1531177,0
1531190,0
1531194,0
1531196,392400
1531209,1014700
1531210,395500
1531213,250000
1531216,974500
1531221,1335200
1531224,350000
1531232,350000
1531236,398600
1531240,450000
1531243,0
1531249,366300
1531251,0
1531254,0
1531259,0
1531261,2745500
1531262,350000
1531271,150000
1531272,1553400
1531275,0
1531287,95400
1531288,450000
1531292,350000
1531293,417500
1531296,621600
1531319,604200
1531325,336000
1531328,540500
1531331,435000
1531332,389400
1531333,483400
1531339,336000
1531349,801900
1531360,400000
1531363,0
1531366,0
1531369,765500
1531370,400400
1531374,150000
1531377,170000
1531379,0
1531383,478900
1531389,406200
1531390,417500
1531394,0
1531397,150000
1531404,350000
1531405,522400
1531408,350000
1531411,148700
1531414,0
1531416,350000
1531425,740000
1531426,145000
1531428,370300
1531443,150000
1531445,400000
1531446,531800
1531449,480000
1531456,532500
1531459,350000
1531460,431000
1531464,150000
1531465,350000
1531483,0
1531491,150000
1531496,450000
1531501,0
1531507,404000
1531508,350000
1531512,1618400
1531517,508500
1531520,450000
1531521,700000
1531525,652300
1531526,135000
1531541,0
1531543,1505000
1531545,400000
1531548,149500
1531556,1253400
1531557,845000
1531559,417500
1531566,0
1531569,250000
1531570,400400
1531574,497500
1531576,0
1531581,532200
1531586,150000
1531587,0
1531589,150000
1531592,388800
1531593,0
1531601,450000
1531609,513500
1531613,968800
1531614,150000
1531622,0
1531625,479300
1531629,350000
1531636,0
1531641,340600
1531644,0
1531646,1000000
1531648,0
1531649,1108600
1531651,500000
1531655,350000
1531657,0
1531660,0
1531663,572000
1531681,0
1531684,0
1531690,0
1531693,250000
1531705,1227000
1531711,350000
1531712,0
1531713,175000
1531715,350000
1531717,403600
1531726,744800
1531727,0
1531730,0
1531734,677500
1531736,809000
1531738,603200
1531743,400000
1531746,500000
1531747,0
1531749,350000
1531752,0
1531754,600000
1531760,170000
1531765,109100
1531770,0
1531771,450000
1531785,249300
1531787,350000
1531801,750000
1531802,150000
1531804,371300
1531806,500000
1531808,0
1531817,1195800
1531823,406000
1531830,422000
1531834,404000
1531839,350000
1531840,450000
1531841,426600
1531843,403500
1531845,450000
1531848,150000
1531850,44000
1531854,640000
1531857,350000
1531861,192000
1531871,1066100
1531876,2191800
1531877,854300
1531884,0
1531889,300000
1531891,576100
1531903,349300
1531905,450000
1531913,867500
1531919,984500
1531931,500000
1531938,461200
1531941,325500
1531944,569200
1531947,498000
1531948,540500
1531951,350000
1531955,1908200
1531956,350000
1531957,898500
1531958,1346200
1531960,390200
1531966,750000
1531968,428200
1531969,0
1531971,0
1531972,350000
1531974,701100
1531980,350000
1531985,1031100
1531986,500000
1531991,739600
1532001,817600
1532003,481400
1532007,0
1532009,350000
1532012,1428000
1532013,662500
1532014,0
1532034,580000
1532035,0
1532043,325500
1532049,461200
1532057,377900
1532058,301000
1532064,0
1532066,350000
1532067,532400
1532071,350000
1532073,500000
1532079,443600
1532080,498800
1532084,640000
1532086,621300
1532087,588000
1532091,805000
1532092,285300
1532093,388700
1532095,863900
1532096,1654200
1532097,650000
1532105,350000
1532109,195000
1532110,594000
1532112,866900
1532117,800000
1532120,0
1532124,269000
1532126,435500
1532132,500000
1532133,350000
1532135,500000
1532137,350000
1532140,372400
1532141,0
1532143,0
1532148,0
1532149,1974400
1532151,450000
1532156,394600
1532160,750000
1532161,572500
1532162,0
1532169,322000
1532172,343000
1532178,0
1532179,443600
1532182,795000
1532186,0
1532188,0
1532189,464000
1532197,350000
1532208,650000
1532219,461200
1532221,345800
1532223,561200
1532226,967500
1532229,395000
1532233,500000
1532235,574300
1532238,424300
1532241,0
1532242,540000
1532243,500000
1532245,450000
1532252,350000
1532253,752200
1532254,345800
1532258,1009800
1532259,731000
1532264,2432500
1532270,331000
1532275,663500
1532280,537400
1532282,1000000
1532285,345800
1532287,443200
1532289,0
1532294,581000
1532303,431000
1532323,468800
1532328,323800
1532331,988000
1532332,350000
1532342,500000
1532346,395000
1532355,415300
1532358,890000
1532367,150000
1532372,450000
1532379,493000
1532389,371300
1532390,571100
1532395,350000
1532397,0
1532398,150000
1532403,300000
1532406,405300
1532407,0
1532409,727400
1532413,0
1532417,669300
1532418,450000
1532425,0
1532435,450000
1532437,408000
1532438,350000
1532442,1036000
1532444,325500
1532447,409100
1532453,461200
1532454,370700
1532458,777300
1532464,0
1532467,585200
1532469,350000
1532470,0
1532480,424300
1532482,1000000
1532487,150000
1532491,250000
1532493,1620600
1532503,0
1532505,730000
1532506,349300
1532511,416500
1532514,600000
1532515,325500
1532517,521300
1532525,350000
1532526,1155000
1532531,0
1532535,567500
1532538,581000
1532542,863900
1532544,300000
1532547,405300
1532549,250000
1532550,1725000
1532551,169000
1532565,388500
1532570,581000
1532577,424900
1532580,415300
1532582,442300
1532587,513500
1532589,851800
1532592,0
1532596,350000
1532597,461200
1532600,0
1532602,350000
1532603,758900
1532604,581000
1532612,150000
1532616,0
1532617,346500
1532639,323800
1532640,0
1532648,0
1532656,461200
1532664,326900
1532680,729800
1532681,56000
1532684,326900
1532691,0
1532696,400000
1532697,945800
1532699,668400
1532703,325500
1532715,440000
1532718,628000
1532719,345800
1532722,187500
1532725,0
1532726,536700
1532727,379100
1532732,350000
1532736,384900
1532738,1123600
1532747,461200
1532752,350000
1532756,0
1532759,413900
1532764,560400
1532769,345800
1532779,350000
1532780,350000
1532784,350000
1532793,350000
1532794,0
1532796,365500
1532797,0
1532798,150000
1532810,513500
1532813,350000
1532817,435500
1532820,150000
1532830,943000
1532843,397700
1532844,450000
1532845,408600
1532848,416300
1532859,648000
1532860,438600
1532862,485000
1532868,280000
1532871,0
1532872,0
1532873,3226600
1532874,395000
1532880,611200
1532884,600000
1532886,350000
1532896,745000
1532903,400400
1532905,461200
1532912,343000
1532914,500000
1532917,561300
1532919,350000
1532922,442300
1532923,500000
1532929,350000
1532933,315000
1532937,624300
1532945,119800
1532946,434000
1532950,372500
1532951,406000
1532952,461200
1532955,889500
1532959,720000
1532963,300000
1532964,300000
1532975,0
1532978,300000
1532982,0
1532990,434600
1532997,423400
1533003,524000
1533005,0
1533009,624000
1533011,200000
1533017,150000
1533020,375500
1533022,1061600
1533030,350000
1533031,350000
1533040,522000
1533041,461200
1533048,500000
1533053,450000
1533057,550000
1533059,0
1533062,150000
1533072,461200
1533073,663500
1533076,2122900
1533080,1647400
1533083,500000
1533086,600000
1533088,729000
1533089,426500
1533103,215500
1533114,572000
1533116,350000
1533135,89900
1533136,0
1533138,285000
1533151,0
1533152,880000
1533153,150000
1533156,150000
1533167,350000
1533169,500000
1533170,900600
1533171,461200
1533173,350000
1533175,439300
1533176,417500
1533178,663900
1533180,439300
1533188,350000
1533193,300000
1533195,350000
1533198,400000
1533200,698000
1533203,591000
1533208,1449500
1533217,417500
1533218,150000
1533220,0
1533222,1221400
1533251,775800
1533261,450000
1533264,339500
1533265,404000
1533267,0
1533269,536000
1533273,0
1533275,0
1533276,489500
1533277,488500
1533280,800000
1533282,262000
1533283,500000
1533285,200000
1533288,315000
1533295,350000
1533296,135000
1533300,0
1533304,316800
1533312,439300
1533317,509000
1533318,396000
1533319,665000
1533321,304500
1533333,300000
1533335,447200
1533350,726000
1533354,470000
1533359,0
1533372,1058200
1533374,0
1533375,434200
1533378,350000
1533379,262000
1533387,433300
1533395,378400
1533400,142500
1533401,500000
1533403,0
1533419,892500
1533436,559500
1533440,0
1533452,950800
1533454,398400
1533461,439300
1533462,350900
1533467,400000
1533473,450000
1533475,380000
1533478,0
1533483,417500
1533485,0
1533486,8564400
1533491,0
1533502,414800
1533507,597300
1533509,432000
1533515,14061400
1533524,448600
1533525,350000
1533528,350000
1533531,150000
1533534,0
1533538,0
1533545,468000
1533549,150000
1533557,350000
1533569,501900
1533575,400000
1533578,600000
1533585,332500
1533587,315000
1533589,150000
1533594,0
1533600,1086800
1533608,347800
1533609,250000
1533613,450000
1533615,400000
1533623,406000
1533639,150000
1533640,1428000
1533643,0
1533653,350000
1533656,0
1533673,250000
1533681,250000
1533683,294000
1533687,497500
1533691,891000
1533694,400000
1533699,150000
1533706,0
1533710,417500
1533714,30000
1533721,0
1533722,390500
1533723,500000
1533728,0
1533729,0
1533735,350000
1533738,350000
1533751,350000
1533752,350000
1533753,150000
1533758,345800
1533762,580000
1533764,426500
1533765,0
1533768,426500
1533775,2465000
1533779,350000
1533782,555000
1533783,632300
1533786,0
1533787,442300
1533790,448600
1533793,413300
1533795,1059000
1533799,381500
1533807,346500
1533810,0
1533815,0
1533821,809000
1533824,402200
1533832,350000
1533833,250000
1533839,270000
1533845,150000
1533848,0
1533862,1224800
1533870,450000
1533876,527000
1533879,428800
1533880,0
1533882,342500
1533883,731000
1533897,750000
1533898,0
1533900,350000
1533903,350000
1533911,406900
1533920,279000
1533933,529000
1533936,0
1533943,513500
1533947,350000
1533948,450000
1533953,0
1533959,120000
1533964,574300
1533965,0
1533977,470600
1533981,279000
1533982,0
1533985,0
1533987,640000
1533991,720000
1533999,350000
1534010,150000
1534011,0
1534012,797300
1534017,47500
1534019,200000
1534036,350000
1534044,0
1534050,428800
1534055,450000
1534060,0
1534061,530400
1534071,315000
1534072,431000
1534083,422000
1534084,702500
1534098,594000
1534099,413900
1534104,409100
1534107,1919700
1534111,350000
1534114,0
1534117,0
1534122,0
1534128,417500
1534129,443000
1534130,1380000
1534131,196000
1534133,927500
1534134,350000
1534137,433300
1534139,200000
1534140,1442600
1534141,2570600
1534144,760000
1534147,440000
1534148,2711100
1534150,450000
1534161,413900
1534173,2000000
1534181,0
1534188,0
1534190,0
1534191,350000
1534199,300000
1534205,1611200
1534212,417500
1534219,350000
1534223,0
1534230,1378500
1534232,350000
1534233,631800
1534243,389000
1534244,731000
1534246,561200
1534248,425600
1534249,439300
1534250,600000
1534255,450000
1534263,0
1534270,563900
1534278,0
1534280,631400
1534305,1370300
1534311,0
1534320,434000
1534323,749600
1534325,378000
1534326,2319100
1534333,350000
1534336,936800
1534342,614500
1534344,150000
1534352,440000
1534358,3810200
1534368,0
1534387,0
1534390,358300
1534394,424300
1534411,126000
1534412,0
1534413,150000
1534414,0
1534416,400000
1534424,0
1534426,0
1534431,967200
1534441,901400
1534454,3986200
1534456,600000
1534458,150000
1534473,400000
1534477,553600
1534479,350000
1534480,704300
1534491,431000
1534495,350000
1534505,450000
1534510,150000
1534519,2403500
1534520,2668000
1534535,461200
1534538,444600
1534541,4489200
1534544,350000
1534546,892000
1534552,718900
1534553,400000
1534555,350000
1534562,0
1534563,644800
1534565,250000
1534568,0
1534575,0
1534579,150000
1534583,150000
1534587,500000
1534590,0
1534591,0
1534602,531000
1534609,335500
1534621,410800
1534623,425000
1534625,164000
1534640,98400
1534643,0
1534644,226300
1534647,1596800
1534649,315000
1534654,1080000
1534655,748500
1534659,400000
1534661,317500
1534663,250000
1534665,686300
1534673,830800
1534689,444600
1534690,350000
1534703,662000
1534704,0
1534714,0
1534717,250000
1534718,679400
1534743,300000
1534746,450000
1534755,150000
1534761,0
1534770,1188200
1534771,0
1534780,150000
1534787,530000
1534796,300000
1534797,0
1534806,942500
1534819,150000
1534825,250000
1534832,150000
1534833,417500
1534836,350000
1534842,450000
1534845,150000
1534849,385500
1534868,0
1534870,30400
1534879,589000
1534896,415000
1534902,300000
1534910,610300
1534911,150000
1534913,0
1534915,471800
1534919,150000
1534922,135000
1534925,1745800
1534933,532000
1534947,936500
1534952,620000
1534969,391500
1534970,2519300
1534974,0
1534978,1855600
1534980,0
1534984,472200
1534985,350000
1534986,300000
1534989,350000
1535005,105000
1535010,88000
1535011,300000
1535031,400000
1535039,497400
1535057,1796400
1535073,0
1535074,0
1535079,250000
1535082,0
1535087,0
1535089,150000
1535090,400000
1535094,0
1535103,1040600
1535116,0
1535119,350000
1535135,450000
1535137,350000
1535141,0
1535144,300000
1535150,300000
1535152,625800
1535156,300000
1535158,300000
1535162,110000
1535164,500000
1535166,389600
1535168,400000
1535169,0
1535177,572000
1535181,706700
1535190,0
1535203,0
1535216,0
1535218,530000
1535221,400000
1535224,2385000
1535230,150000
1535231,0
1535240,150000
1535242,417500
1535251,0
1535270,138000
1535280,350000
1535283,254500
1535285,0
1535300,600000
1535313,189000
1535324,527000
1535330,500000
1535336,698900
1535338,0
1535339,900000
1535341,450000
1535342,450000
1535344,570000
1535359,150000
1535360,0
1535361,1233300
1535363,417500
1535365,300000
1535371,0
1535373,300000
1535395,0
1535399,0
1535409,0
1535417,755000
1535427,0
1535441,500000
1535458,311500
1535460,0
1535466,679000
1535471,450000
1535476,400000
1535478,350000
1535481,192000
1535482,415000
1535489,450000
1535500,450000
1535503,536000
1535504,423100
1535514,3355200
1535524,0
1535527,150000
1535534,450000
1535540,493900
1535541,1199300
1535542,52500
1535543,250000
1535548,570000
1535561,342000
1535562,200000
1535570,150000
1535591,835400
1535594,356000
1535595,724000
1535629,315000
1535636,725900
1535637,300000
1535638,500000
1535640,570000
1535643,706000
1535644,0
1535647,0
1535653,399000
1535655,0
1535659,300000
1535661,624200
1535664,500000
1535666,300000
1535670,0
1535671,300000
1535699,0
1535717,1554000
1535719,647500
1535721,528000
1535724,500000
1535729,150000
1535731,1003400
1535733,800000
1535735,125000
1535747,375000
1535752,350000
1535755,0
1535758,400000
1535759,300000
1535761,0
1535766,744500
1535777,1580000
1535791,450000
1535792,700000
1535796,400000
1535798,0
1535801,619000
1535802,600000
1535805,0
1535809,250000
1535813,350000
1535817,150000
1535824,356500
1535825,0
1535826,0
1535834,350000
1535837,515000
1535845,650000
1535848,300000
1535849,678000
1535853,480800
1535856,6569100
1535877,1384700
1535881,0
1535883,450000
1535891,1498000
1535929,600000
1535930,38500
1535933,0
1535936,0
1535948,0
1535952,418500
1535953,250000
1535960,475000
1535983,350000
1535986,1284100
1535987,441000
1535999,365000
1536000,450000
1536016,290000
1536025,300000
1536036,300000
1536037,413900
1536043,550000
1536047,450000
1536066,350000
1536073,0
1536089,337500
1536093,700000
1536110,150000
1536116,450000
1536121,550000
1536129,0
1536130,300000
1536144,0
1536152,339000
1536153,461500
1536161,150000
1536165,300000
1536172,500000
1536178,520000
1536193,350000
1536196,0
1536225,194000
1536227,346500
1536228,450000
1536229,201600
1536231,300000
1536238,450000
1536248,1044000
1536252,500000
1536255,750000
1536263,300000
1536265,330000
1536267,47500
1536279,300000
1536302,105600
1536306,400000
1536307,300000
1536311,641200
1536326,394600
1536330,473100
1536333,700000
1536336,0
1536347,1213800
1536356,300000
1536361,0
1536372,0
1536402,434200
1536403,234000
1536423,347500
1536425,0
1536426,300000
1536441,450000
1536460,1367000
1536473,0
1536486,350000
1536520,200000
1536526,350000
1536539,350000
1536544,100000
1536550,1204200
1536551,1508000
1536552,590000
1536560,300000
1536572,0
1536577,422000
1536585,300000
1536588,908000
1536612,680100
1536628,140000
1536645,0
1536647,200000
1536648,450000
1536651,5205500
1536652,300000
1536653,189500
1536654,396500
1536663,250000
1536667,150000
1536674,451500
1536679,350000
1536682,2455200
1536689,462000
1536698,1070000
1536702,150000
1536703,500000
1536714,1284600
1536723,250000
1536730,350000
1536736,0
1536742,4710000
1536748,623000
1536753,717500
1536770,1369600
1536779,192000
1536782,650000
1536790,350000
1536796,420200
1536803,1678500
1536831,0
1536841,4130000
1536853,361300
1536855,350000
1536863,0
1536866,537000
1536912,0
1536924,4071700
1536928,400000
1536935,1825000
1536943,1198600
1536951,350000
1536955,312000
1536963,389600
1536964,350000
1536965,474500
1536982,400100
1536994,376600
1536995,0
1536997,600000
1537003,413900
1537019,350000
1537049,150000
1537069,362700
1537075,0
1537076,150000
1537093,0
1537109,150000
1537128,1428000
1537133,2590000
1537137,0
1537141,677600
1537168,311500
1537182,350000
1537183,150000
1537185,500000
1537209,350000
1537214,0
1537218,350000
1537221,647500
1537239,570000
1537246,450000
1537247,565000
1537251,550000
1537256,450000
1537258,0
1537266,450000
1537269,656800
1537277,550000
1537278,0
1537282,446800
1537285,378000
1537299,0
1537301,0
1537308,739900
1537311,550000
1537312,550000
1537325,328100
1537330,155300
1537331,0
1537333,4550000
1537335,450000
1537337,407600
1537346,733500
1537347,150000
1537349,275000
1537350,3310000
1537352,742500
1537355,435400
1537360,0
1537363,0
1537373,0
1537383,1015000
1537384,0
1537388,509000
1537392,1150000
1537394,0
1537403,450000
1537416,419800
1537418,413000
1537419,0
1537436,450000
1537439,450000
1537441,422500
1537442,449200
1537446,497500
1537450,350000
1537459,55000
1537464,413900
1537465,0
1537467,0
1537470,769300
1537475,0
1537479,350000
1537482,0
1537486,0
1537494,0
1537506,311500
1537507,1774000
1537509,1987300
1537519,532000
1537521,431100
1537524,413700
1537534,135000
1537538,0
1537540,0
1537542,0
1537546,3501300
1537548,663700
1537562,150000
1537567,450000
1537572,371800
1537573,38000
1537575,223000
1537578,0
1537588,410800
1537591,353700
1537600,350000
1537603,521000
1537604,0
1537616,387400
1537621,684000
1537638,350000
1537643,594500
1537654,444500
1537657,0
1537661,0
1537663,500000
1537667,225000
1537669,35300
1537674,0
1537678,449000
1537679,350000
1537684,450000
1537692,432500
1537695,0
1537700,425000
1537701,863900
1537704,0
1537711,350000
1537717,826500
1537719,350000
1537723,422000
1537731,457300
1537740,450000
1537748,733300
1537750,0
1537758,600000
1537759,350000
1537760,288000
1537766,350000
1537768,602700
1537771,384000
1537775,144000
1537777,408500
1537780,320000
1537785,800000
1537786,390200
1537787,450000
1537789,150000
1537790,605000
1537793,349300
1537796,0
1537801,450000
1537803,509000
1537817,500000
1537818,0
1537819,674500
1537822,0
1537825,300000
1537834,350000
1537838,382500
1537844,861500
1537846,400000
1537848,345200
1537850,876500
1537852,0
1537863,400000
1537870,0
1537877,804500
1537878,779200
1537881,650200
1537885,350000
1537887,250000
1537893,186500
1537897,402500
1537903,135000
1537904,540000
1537907,368900
1537911,300000
1537913,258000
1537914,589200
1537919,576500
1537924,468400
1537926,150000
1537931,0
1537935,390600
1537937,350000
1537946,640000
1537947,355200
1537966,350000
1537968,601200
1537973,0
1537978,110000
1537979,662800
1537993,677000
1537995,413000
1537997,350000
1538001,611200
1538002,250000
1538004,750000
1538015,0
1538016,250000
1538021,350000
1538023,350000
1538029,625800
1538032,0
1538037,418500
1538044,0
1538045,848700
1538062,150000
1538069,350000
1538079,5079000
1538085,250000
1538087,350000
1538089,0
1538097,0
1538098,384200
1538115,350000
1538123,0
1538126,300000
1538127,200000
1538129,0
1538145,195000
1538148,738300
1538150,350000
1538152,519800
1538154,350000
1538162,0
1538167,582000
1538171,406000
1538175,140000
1538176,800000
1538177,491200
1538184,0
1538189,712500
1538191,0
1538202,332500
1538206,0
1538220,2017800
1538223,785800
1538226,315000
1538228,426500
1538231,327300
1538232,370000
1538234,592000
1538236,640300
1538246,1227600
1538254,500000
1538258,908700
1538264,350000
1538274,935000
1538275,200000
1538279,393800
1538280,527900
1538293,350000
1538295,0
1538296,875300
1538297,406300
1538301,603200
1538307,477500
1538311,702500
1538316,450000
1538319,389400
1538321,350000
1538324,350000
1538326,0
1538328,765500
1538330,754000
1538333,447200
1538337,509000
1538339,0
1538342,400000
1538343,720700
1538347,940000
1538348,0
1538355,124000
1538359,405900
1538360,0
1538368,0
1538372,1094500
1538376,950000
1538381,410800
1538386,604600
1538387,165000
1538388,444500
1538391,0
1538393,0
1538396,522500
1538398,419300
1538407,0
1538412,0
1538419,398600
1538424,647500
1538427,350000
1538430,332500
1538431,0
1538437,399500
1538439,615600
1538440,537500
1538442,447500
1538450,150000
1538451,150000
1538452,100000
1538453,398300
1538454,280000
1538457,450000
1538459,0
1538462,0
1538465,350000
1538468,496500
1538470,352500
1538472,906400
1538480,0
1538481,150000
1538482,0
1538487,400400
1538489,350000
1538493,276000
1538496,752900
1538517,0
1538523,575500
1538530,500000
1538532,650000
1538534,670500
1538538,280000
1538553,150000
1538555,350000
1538557,615000
1538567,581900
1538568,349700
1538570,406300
1538578,332500
1538596,1912400
1538598,0
1538600,650000
1538603,838700
1538612,9445000
1538618,150000
1538619,409000
1538621,489500
1538622,315000
1538628,416600
1538629,208800
1538630,1588200
1538641,350000
1538645,544200
1538647,611200
1538658,740000
1538661,350000
1538664,377500
1538666,418300
1538667,1595600
1538671,350000
1538672,91700
1538673,500000
1538679,350000
1538682,493500
1538684,620000
1538687,500000
1538690,350000
1538691,513500
1538694,547000
1538700,486000
1538701,205000
1538702,527000
1538706,659200
1538712,0
1538713,0
1538717,0
1538731,450000
1538734,402500
1538744,0
1538745,350000
1538746,350000
1538759,509000
1538762,550000
1538767,578800
1538771,228000
1538799,150000
1538800,450000
1538802,474000
1538804,578400
1538815,611200
1538816,450000
1538820,129000
1538823,0
1538827,350000
1538832,350000
1538836,350000
1538841,522500
1538844,379000
1538845,350000
1538846,350000
1538849,1034600
1538852,150000
1538857,536000
1538858,0
1538862,580000
1538869,450000
1538876,350000
1538877,798600
1538880,0
1538881,478200
1538891,578800
1538892,0
1538897,0
1538898,150000
1538908,325500
1538913,450000
1538915,315000
1538922,600000
1538925,0
1538926,809800
1538930,320000
1538932,315000
1538934,393300
1538935,150000
1538937,611200
1538944,350000
1538947,398600
1538959,150000
1538964,0
1538974,0
1538975,567500
1538989,350000
1538999,913500
1539000,578800
1539003,2000000
1539006,499800
1539007,346000
1539012,2761300
1539019,250000
1539024,0
1539026,554500
1539028,511300
1539031,350000
1539045,0
1539046,545000
1539049,0
1539051,433300
1539053,850100
1539057,450000
1539061,0
1539069,0
1539075,350000
1539076,345800
1539089,419800
1539090,312900
1539098,212500
1539103,350000
1539106,371200
1539108,955500
1539111,1250000
1539115,435700
1539128,1891300
1539130,608000
1539132,350000
1539139,250000
1539145,130000
1539152,150000
1539154,0
1539157,417500
1539158,346200
1539159,250000
1539163,232000
1539166,150000
1539167,150000
1539170,578800
1539171,461200
1539173,450000
1539179,350000
1539186,524300
1539191,233000
1539193,0
1539210,808200
1539216,560800
1539229,0
1539232,450000
1539239,0
1539242,350000
1539244,428700
1539245,796500
1539247,461200
1539254,278000
1539256,450000
1539258,0
1539261,813600
1539262,616000
1539267,398600
1539275,800000
1539276,808200
1539280,920000
1539281,150000
1539283,441000
1539288,461200
1539293,665000
1539297,595000
1539303,444500
1539311,554500
1539317,0
1539322,1736500
1539325,470000
1539327,440500
1539328,578800
1539335,350000
1539337,350000
1539338,497500
1539346,0
1539350,564000
1539357,399500
1539363,837000
1539370,406300
1539377,956000
1539378,450000
1539383,404500
1539387,715200
1539388,150000
1539389,511000
1539396,0
1539406,419600
1539408,400000
1539413,450000
1539416,0
1539426,470000
1539432,481300
1539434,956000
1539436,126000
1539441,350000
1539447,550000
1539460,350000
1539462,655100
1539463,439200
1539469,450000
1539470,150000
1539471,252000
1539472,467100
1539473,865300
1539478,500000
1539483,716600
1539485,427500
1539493,799000
1539495,325500
1539496,750000
1539497,150000
1539500,118000
1539501,332500
1539502,0
1539504,459000
1539508,0
1539512,384000
1539516,366500
1539518,0
1539530,350000
1539532,630500
1539533,426500
1539539,933000
1539546,485800
1539549,0
1539551,492000
1539556,414000
1539562,0
1539564,1664200
1539575,450000
1539576,250000
1539587,500000
1539598,517500
1539603,350000
1539604,200000
1539605,450000
1539607,350000
1539608,0
1539610,450000
1539612,350000
1539617,602300
1539620,550000
1539621,0
1539626,350000
1539627,176300
1539630,0
1539632,142000
1539636,100000
1539638,0
1539643,288800
1539644,347500
1539653,523600
1539655,0
1539656,350000
1539667,262500
1539670,413900
1539673,350000
1539674,450000
1539692,828100
1539701,942000
1539702,0
1539709,529400
1539714,0
1539716,0
1539719,720000
1539720,628000
1539729,450000
1539730,0
1539731,1069000
1539732,769500
1539733,987000
1539742,404000
1539744,543900
1539747,350000
1539749,426500
1539751,330000
1539756,430500
1539759,2074500
1539760,413900
1539763,684000
1539770,0
1539771,325500
1539773,141000
1539783,135000
1539785,700000
1539796,464000
1539798,617200
1539799,0
1539804,648000
1539805,0
1539806,963700
1539810,150000
1539815,395000
1539821,250000
1539822,406300
1539823,500000
1539826,0
1539832,0
1539835,0
1539838,509000
1539844,350000
1539858,350000
1539859,150000
1539862,576500
1539868,67900
1539869,740000
1539871,405400
1539873,0
1539874,570000
1539878,540000
1539887,546800
1539888,350000
1539896,450000
1539903,499000
1539908,0
1539911,150000
1539913,417500
1539915,0
1539916,0
1539923,0
1539928,546000
1539932,650000
1539934,120000
1539936,350000
1539938,440000
1539941,459000
1539944,350000
1539946,399100
1539950,0
1539954,424300
1539962,284000
1539963,350000
1539964,500000
1539989,0
1539996,570000
1539998,150000
1540004,7305900
1540007,737000
1540008,450000
1540023,809300
1540025,1382000
1540033,142000
1540035,440000
1540036,800000
1540039,395000
1540040,0
1540042,100000
1540047,650000
1540050,578800
1540052,350000
1540056,413000
1540067,417500
1540071,447200
1540077,0
1540080,708000
1540081,350000
1540082,0
1540096,650000
1540101,1019200
1540110,0
1540111,395500
1540112,0
1540114,0
1540116,716000
1540119,0
1540120,578800
1540128,202000
1540132,395500
1540134,650000
1540143,510000
1540146,410000
1540154,350000
1540155,800000
1540156,682900
1540160,600000
1540165,148000
1540171,654500
1540172,439300
1540176,350000
1540179,450000
1540181,578800
1540183,450000
1540192,500000
1540194,440000
1540196,0
1540199,350000
1540210,0
1540212,953900
1540214,550000
1540222,100000
1540228,142000
1540229,150000
1540234,370000
1540235,450000
1540237,819200
1540242,322000
1540247,450000
1540268,619300
1540275,444500
1540277,350000
1540279,768800
1540280,0
1540281,687900
1540286,0
1540288,448100
1540290,0
1540295,364500
1540301,383300
1540303,550000
1540304,160000
1540305,361900
1540306,400000
1540316,627400
1540320,578800
1540323,727800
1540327,765500
1540335,400400
1540348,389200
1540352,710000
1540354,345800
1540358,170000
1540359,400000
1540361,800000
1540365,412000
1540369,542000
1540371,150000
1540373,425800
1540375,112400
1540376,0
1540379,350000
1540381,290000
1540394,200000
1540397,0
1540398,474500
1540402,552500
1540404,312000
1540418,150000
1540421,0
1540427,311500
1540428,448100
1540429,444500
1540430,150000
1540438,585600
1540440,0
1540444,346500
1540451,665800
1540455,417500
1540464,431000
1540466,350000
1540475,510800
1540476,441000
1540478,452000
1540483,280000
1540488,684100
1540490,315000
1540491,231900
1540495,345800
1540501,0
1540513,0
1540516,398200
1540518,315000
1540519,0
1540525,1097300
1540528,350000
1540531,405300
1540537,0
1540539,504900
1540545,0
1540551,350000
1540560,0
1540568,439300
1540570,148000
1540572,0
1540577,400000
1540582,532000
1540584,600000
1540587,500000
1540609,531800
1540610,175000
1540614,838500
1540617,350000
1540619,420000
1540629,350000
1540630,150000
1540633,78500
1540635,1831000
1540645,463200
1540651,350000
1540652,432500
1540653,295100
1540656,397300
1540657,592000
1540658,417500
1540662,361500
1540667,0
1540670,647000
1540671,414000
1540679,424300
1540680,600000
1540682,616600
1540685,347500
1540686,326900
1540687,433300
1540688,431900
1540691,869200
1540698,433300
1540702,408000
1540707,326900
1540708,650000
1540711,887500
1540715,576100
1540716,0
1540723,250000
1540725,140500
1540728,323800
1540742,0
1540748,352000
1540751,323800
1540752,350000
1540759,0
1540769,300000
1540770,345800
1540773,346500
1540779,440000
1540783,450000
1540786,433300
1540787,850000
1540788,300000
1540789,345800
1540800,516700
1540802,450000
1540813,0
1540814,0
1540815,200000
1540818,431000
1540827,425800
1540830,0
1540833,180000
1540836,693600
1540846,793700
1540847,200000
1540848,0
1540853,284000
1540855,352500
1540856,600000
1540858,0
1540859,654500
1540862,672000
1540868,558500
1540869,300000
1540877,150000
1540878,50000
1540881,0
1540882,450000
1540883,350000
1540887,617200
1540888,150000
1540893,325000
1540897,593200
1540899,150000
1540902,422000
1540916,794900
1540917,400000
1540922,0
1540923,400000
1540932,244500
1540935,0
1540936,427500
1540937,150000
1540939,594600
1540940,0
1540941,295100
1540952,380000
1540960,0
1540973,0
1540974,0
1540977,572000
1540982,350000
1540989,450000
1540994,530500
1541000,933300
1541003,350000
1541006,200000
1541008,150000
1541016,0
1541024,450000
1541033,424300
1541035,571000
1541041,500000
1541042,424300
1541044,580500
1541054,36000
1541068,740000
1541075,430100
1541079,695000
1541083,377200
1541087,501100
1541094,180000
1541097,350000
1541098,450000
1541099,350000
1541102,379600
1541111,300000
1541116,350000
1541118,0
1541128,295100
1541131,250000
1541132,0
1541136,558500
1541137,373500
1541146,668000
1541149,519400
1541154,250000
1541155,350000
1541157,440000
1541159,350000
1541161,408500
1541166,350000
1541168,350000
1541174,1972900
1541175,150000
1541176,350000
1541178,332500
1541183,650000
1541193,150000
1541194,0
1541205,443600
1541208,450000
1541212,610300
1541217,564000
1541220,410800
1541225,142200
1541226,603200
1541233,850000
1541235,0
1541239,0
1541241,150000
1541242,0
1541243,500000
1541246,672500
1541253,408500
1541259,404000
1541261,436000
1541263,500000
1541265,404000
1541269,50000
1541272,150000
1541279,444500
1541299,610300
1541306,385500
1541313,1082000
1541314,346500
1541319,1744300
1541326,574300
1541327,0
1541332,0
1541334,675000
1541336,408500
1541347,346500
1541349,430000
1541354,428800
1541355,770000
1541358,300000
1541359,318500
1541365,0
1541368,450000
1541370,978200
1541377,450000
1541379,1049000
1541385,0
1541386,615800
1541394,350000
1541400,441400
1541407,700000
1541409,387400
1541411,399500
1541412,821000
1541418,447200
1541422,0
1541425,428800
1541433,418000
1541436,5138100
1541439,0
1541441,350000
1541447,0
1541448,450000
1541463,435500
1541465,0
1541469,0
1541474,343000
1541479,350000
1541480,724500
1541481,399500
1541482,805300
1541486,180000
1541494,446300
1541496,350000
1541499,500000
1541501,311500
1541506,1569000
1541511,350000
1541518,1254000
1541520,300000
1541527,437300
1541528,0
1541532,662000
1541536,450000
1541551,250000
1541553,1524100
1541556,450000
1541560,330800
1541562,350000
1541564,650000
1541576,0
1541580,559000
1541585,2492000
1541587,150000
1541588,450000
1541589,350000
1541603,390500
1541613,0
1541614,1786800
1541619,350000
1541622,500400
1541627,504500
1541631,0
1541637,130000
1541638,350000
1541640,809600
1541641,441000
1541651,150000
1541680,717500
1541681,399500
1541699,1239200
1541709,322000
1541712,439300
1541715,415300
1541717,0
1541719,560000
1541743,770200
1541755,350000
1541765,553000
1541768,0
1541769,350000
1541770,892000
1541775,390500
1541776,0
1541777,175000
1541784,1713800
1541812,375000
1541817,0
1541821,652500
1541825,0
1541826,0
1541832,0
1541835,1615900
1541839,640000
1541840,490000
1541841,413000
1541843,1090000
1541846,444500
1541849,475300
1541851,446400
1541862,810000
1541865,350000
1541871,306800
1541872,0
1541873,496000
1541881,350000
1541887,409800
1541889,315000
1541890,0
1541893,854600
1541898,422000
1541899,350000
1541907,431000
1541908,393000
1541911,350000
1541921,0
1541927,562000
1541933,375000
1541934,739500
1541941,300000
1541960,574500
1541965,398700
1541969,447500
1541970,440000
1541973,0
1541980,397700
1541982,150000
1541984,799400
1541991,935300
1541997,350000
1542003,550000
1542013,350000
1542021,350000
1542023,713000
1542030,350000
1542037,138900
1542038,446100
1542045,450000
1542047,399500
1542056,435500
1542057,585600
1542064,594500
1542067,700200
1542069,534000
1542074,150000
1542078,0
1542082,397700
1542083,778600
1542086,385700
1542098,150000
1542113,368800
1542125,349700
1542129,350000
1542131,130000
1542133,450000
1542138,316800
1542148,406000
1542149,350000
1542159,0
1542172,450000
1542185,422000
1542195,422000
1542203,150500
1542213,654500
1542215,0
1542218,407200
1542224,1946000
1542230,700000
1542231,500000
1542237,410400
1542238,0
1542239,450000
1542246,150000
1542253,0
1542256,380000
1542263,0
1542265,585700
1542266,0
1542269,391500
1542270,0
1542272,614600
1542281,428300
1542282,350000
1542283,450000
1542284,688300
1542294,500000
1542296,430000
1542298,694000
1542317,250000
1542322,449000
1542330,550000
1542334,0
1542336,448000
1542340,445000
1542343,2600
1542351,1782900
1542359,350000
1542364,0
1542366,350000
1542369,405800
1542370,350000
1542371,350000
1542377,350000
1542382,1968000
1542387,599700
1542393,0
1542398,889100
1542404,552400
1542409,0
1542414,0
1542419,843000
1542428,0
1542430,422000
1542432,700000
1542434,0
1542436,0
1542437,150000
1542455,429600
1542456,404000
1542461,0
1542470,450000
1542472,200000
1542478,1356100
1542480,333000
1542483,888700
1542486,142000
1542487,350000
1542489,0
1542490,350000
1542495,500000
1542496,0
1542498,543000
1542500,343000
1542507,118800
1542508,350000
1542511,0
1542513,408500
1542515,395000
1542522,252000
1542524,1670200
1542527,188000
1542532,639500
1542534,350000
1542538,315000
1542539,450000
1542569,418800
1542572,0
1542573,424300
1542579,112500
1542581,350000
1542589,280000
1542592,398400
1542594,350000
1542609,500000
1542613,315000
1542615,350000
1542616,0
1542620,390300
1542626,300000
1542631,150000
1542633,2090000
1542651,0
1542653,298000
1542655,1865100
1542656,350000
1542658,649100
1542665,1028800
1542672,266700
1542675,585500
1542698,0
1542699,2000000
1542700,590000
1542702,0
1542713,306000
1542717,400000
1542722,582500
1542724,422000
1542730,150000
1542742,550000
1542755,550000
1542759,980000
1542761,150000
1542765,505200
1542777,350000
1542780,0
1542781,1209500
1542793,413000
1542796,150000
1542812,350000
1542819,0
1542823,350000
1542827,2241100
1542838,724300
1542839,0
1542840,576500
1542842,417500
1542843,350000
1542845,414800
1542860,396500
1542861,482500
1542887,350000
1542894,811300
1542899,661300
1542903,0
1542904,0
1542907,159200
1542910,0
1542911,382400
1542916,500000
1542920,387000
1542921,714100
1542924,750000
1542925,417500
1542926,0
1542927,500000
1542931,337800
1542936,542500
1542938,150000
1542942,508000
1542950,0
1542951,521600
1542958,450000
1542960,0
1542962,350000
1542974,178600
1542977,500000
1542989,336000
1542997,0
1543006,450000
1543011,125000
1543020,576900
1543023,0
1543024,247100
1543033,400000
1543035,553400
1543040,450000
1543051,499000
1543056,367500
1543068,500000
1543069,350000
1543074,350000
1543075,814000
1543078,500000
1543081,490000
1543085,302500
1543087,350000
1543100,513500
1543101,150000
1543105,0
1543106,192000
1543107,186900
1543117,453600
1543118,413000
1543119,682000
1543121,450000
1543122,400000
1543124,0
1543149,600000
1543150,425500
1543152,480400
1543156,395000
1543170,417300
1543172,512500
1543179,0
1543193,655500
1543199,530000
1543201,0
1543202,0
1543204,1451400
1543205,444500
1543207,935500
1543209,404700
1543210,0
1543211,401800
1543213,8400
1543216,0
1543219,450000
1543223,450000
1543228,150000
1543233,570000
1543253,408500
1543260,372500
1543261,829000
1543267,273000
1543268,300000
1543271,1795900
1543274,389100
1543288,0
1543290,425300
1543291,409500
1543294,500000
1543297,0
1543303,417500
1543305,345500
1543313,949200
1543315,752000
1543317,646700
1543322,0
1543324,300000
1543332,650000
1543333,0
1543335,450000
1543338,0
1543340,736800
1543345,567500
1543352,710900
1543358,210000
1543362,550000
1543372,406300
1543379,350000
1543398,0
1543401,142000
1543402,508500
1543405,494000
1543406,350000
1543407,538300
1543418,441100
1543421,350000
1543422,442300
1543436,350000
1543439,1770000
1543450,350000
1543453,115200
1543455,399200
1543460,1370000
1543462,528700
1543466,537500
1543469,350000
1543477,0
1543479,0
1543483,311500
1543486,738000
1543515,250000
1543518,392000
1543522,410800
1543532,388500
1543543,696300
1543549,873000
1543550,0
1543554,350000
1543555,0
1543563,350000
1543582,546400
1543583,650000
1543588,1292500
1543593,595000
1543608,1700700
1543609,350000
1543618,0
1543620,424300
1543622,0
1543624,350000
1543627,95000
1543629,652300
1543634,550000
1543645,0
1543649,300000
1543650,350000
1543658,379600
1543660,357300
1543666,769600
1543670,2364700
1543671,300000
1543680,372700
1543683,395900
1543684,350000
1543687,0
1543688,580000
1543689,722000
1543691,585500
1543695,0
1543696,0
1543703,0
1543707,0
1543711,383000
1543712,686800
1543713,250000
1543714,1495500
1543716,450000
1543718,0
1543720,401000
1543725,210000
1543747,0
1543751,0
1543753,450000
1543760,518000
1543769,190000
1543785,350000
1543786,275500
1543790,550000
1543793,150000
1543797,518500
1543799,146000
1543806,413000
1543807,593800
1543809,600000
1543812,0
1543820,333100
1543821,717500
1543826,150000
1543830,430800
1543831,190000
1543834,780800
1543835,0
1543836,444000
1543840,1475600
1543841,0
1543848,395000
1543850,750000
1543851,215000
1543867,444000
1543868,574300
1543870,429000
1543872,528400
1543875,0
1543879,500000
1543884,424300
1543893,350000
1543896,0
1543897,452100
1543898,150000
1543903,417500
1543905,400000
1543909,701400
1543911,0
1543915,350000
1543918,450000
1543919,0
1543920,350000
1543926,350000
1543932,350000
1543935,325500
1543936,0
1543943,359000
1543944,542700
1543946,300000
1543951,387400
1543963,519800
1543964,921000
1543972,417500
1543974,550000
1543979,500000
1543983,1500000
1543984,450000
1543985,417500
1543988,600000
1543990,421100
1543996,380000
1543997,724300
1544008,400000
1544013,475000
1544016,432800
1544026,637000
1544034,0
1544035,250000
1544036,400000
1544053,0
1544060,422000
1544062,660600
1544065,200000
1544068,0
1544070,400000
1544071,400000
1544073,400000
1544080,350000
1544081,550000
1544083,434600
1544087,150000
1544091,0
1544094,200000
1544107,280000
1544108,512100
1544109,366000
1544124,140000
1544126,0
1544129,0
1544135,0
1544147,450000
1544151,352500
1544161,709800
1544164,0
1544166,540000
1544172,0
1544176,0
1544186,719400
1544187,45000
1544189,440000
1544194,0
1544202,330800
1544205,397700
1544207,396900
1544210,0
1544212,0
1544219,0
1544220,865000
1544221,450000
1544223,0
1544225,419800
1544232,473400
1544234,0
1544241,430800
1544242,552900
1544248,1607000
1544256,350000
1544270,0
1544274,670300
1544292,435500
1544294,555600
1544298,150000
1544303,614600
1544304,0
1544305,0
1544307,102000
1544310,650000
1544311,437500
1544315,486300
1544324,1056800
1544332,446800
1544333,0
1544334,350000
1544342,490000
1544343,733600
1544345,434200
1544347,450000
1544356,300000
1544358,600000
1544359,395000
1544364,439300
1544368,1343900
1544370,550000
1544373,431000
1544384,432600
1544393,250000
1544404,650000
1544406,50000
1544412,467800
1544425,417500
1544426,150000
1544428,450000
1544430,441400
1544445,672000
1544454,20000
1544457,0
1544458,538300
1544461,250000
1544462,350000
1544464,0
1544469,341300
1544470,621500
1544473,0
1544476,280000
1544479,350000
1544484,450000
1544489,133200
1544491,576500
1544501,0
1544503,0
1544504,0
1544512,150000
1544532,1047500
1544534,361000
1544543,1024400
1544550,500000
1544560,450000
1544564,350000
1544570,474000
1544572,0
1544577,450000
1544580,412100
1544582,24000
1544583,350000
1544586,1518000
1544590,0
1544599,0
1544601,150000
1544614,417500
1544619,250000
1544621,0
1544629,350000
1544635,0
1544640,417500
1544646,1060000
1544662,325500
1544663,0
1544682,0
1544684,442700
1544693,135000
1544699,458000
1544706,584000
1544712,150000
1544715,500000
1544716,0
1544717,150000
1544719,544800
1544723,2665000
1544725,786000
1544734,732500
1544740,0
1544744,300000
1544751,780000
1544753,620000
1544755,510000
1544757,300000
1544766,350000
1544767,350000
1544796,326500
1544801,0
1544819,586300
1544826,0
1544836,304500
1544838,450000
1544847,350000
1544860,0
1544866,1007000
1544879,0
1544894,700000
1544905,210000
1544912,676600
1544918,0
1544922,0
1544932,178000
1544945,0
1544952,417000
1544953,0
1544954,330000
1544966,660600
1544972,150000
1544973,450000
1544981,800000
1544982,0
1544992,350000
1545001,350000
1545007,300000
1545015,128000
1545021,1240000
1545026,0
1545036,392300
1545037,350000
1545041,417500
1545043,275000
1545055,0
1545057,6547300
1545066,0
1545072,191200
1545076,450000
1545094,300000
1545112,350000
1545113,446000
1545120,417500
1545124,350000
1545126,300000
1545135,519000
1545143,550000
1545146,150000
1545150,1832500
1545151,0
1545156,300000
1545158,350000
1545160,150000
1545171,0
1545174,142000
1545185,450000
1545188,0
1545204,650000
1545210,300000
1545211,315000
1545222,624500
1545223,407500
1545226,0
1545234,422500
1545252,3025300
1545267,190000
1545268,450000
1545270,0
1545273,310000
1545274,391500
1545285,1115600
1545286,0
1545290,390500
1545299,600000
1545305,140000
1545308,0
1545331,426000
1545336,997400
1545373,510000
1545381,800000
1545384,400000
1545387,385800
1545388,300000
1545390,432000
1545398,500000
1545406,0
1545410,0
1545412,0
1545414,300000
1545422,350000
1545429,0
1545431,250000
1545434,649000
1545441,413000
1545447,323800
1545454,650000
1545461,417500
1545471,277000
1545485,300000
1545487,750000
1545492,2159000
1545493,0
1545513,0
1545515,1112000
1545550,0
1545558,300000
1545566,417500
1545573,150000
1545574,596400
1545581,0
1545583,0
1545594,0
1545595,0
1545605,633000
1545609,150000
1545615,0
1545618,0
1545620,650000
1545638,0
1545650,315000
1545651,450000
1545656,650000
1545658,350000
1545660,300000
1545666,300000
1545668,0
1545677,450000
1545690,450000
1545691,550000
1545694,350000
1545699,1511500
1545700,405000
1545707,0
1545711,0
1545718,300000
1545729,671900
1545741,250000
1545746,382100
1545766,150000
1545768,450000
1545773,350000
1545794,300000
1545812,164900
1545815,872000
1545818,400000
1545823,150000
1545841,300000
1545846,0
1545848,300000
1545851,0
1545865,457500
1545901,300000
1545918,530000
1545920,1240400
1545923,506000
1545928,0
1545949,250000
1546000,410800
1546004,150000
1546011,300000
1546013,300000
1546029,350000
1546031,404100
1546075,350000
1546080,1449000
1546084,350000
1546114,300000
1546115,448000
1546122,440000
1546125,343000
1546149,400000
1546153,700000
1546156,2744000
1546172,545000
1546185,537000
1546188,900000
1546203,450000
1546208,0
1546223,1025000
1546236,0
1546242,150000
1546246,346500
1546247,0
1546249,0
1546250,300000
1546256,0
1546285,300000
1546301,200000
1546303,300000
1546307,350000
1546314,501300
1546329,404900
1546343,1819800
1546351,400000
1546355,2007700
1546361,2105700
1546368,350000
1546379,450000
1546386,450000
1546394,0
1546395,0
1546398,450000
1546401,0
1546423,350000
1546424,300000
1546433,0
1546440,350000
1546460,300000
1546462,350000
1546468,414000
1546471,0
1546475,413000
1546481,509000
1546482,839600
1546496,0
1546503,384600
1546521,450000
1546536,611600
1546544,0
1546558,0
1546574,0
1546575,250000
1546584,0
1546600,0
1546615,450000
1546624,414800
1546626,397300
1546628,375000
1546630,0
1546631,486000
1546639,500000
1546641,350000
1546655,0
1546663,225000
1546666,200000
1546668,450000
1546675,150000
1546676,659400
1546691,180000
1546692,450000
1546708,475000
1546712,350000
1546721,350000
1546731,800000
1546742,350000
1546743,381500
1546751,500000
1546752,492700
1546768,394700
1546770,0
1546775,250000
1546778,391500
1546781,350000
1546783,0
1546785,417500
1546787,150000
1546801,391500
1546804,743300
1546808,0
1546809,424900
1546814,390000
1546818,403800
1546843,0
1546848,550000
1546850,736000
1546851,761700
1546852,350000
1546863,1059500
1546873,450000
1546878,0
1546880,553900
1546882,0
1546891,490000
1546892,391500
1546895,450000
1546904,391500
1546915,417500
1546925,350000
1546926,858000
1546939,784000
1546941,550000
1546945,422000
1546954,350000
1546956,395000
1546961,397900
1546967,1751400
1546971,300000
1546972,4255400
1546973,0
1546981,500000
1547002,415300
1547003,350000
1547007,0
1547011,0
1547023,637800
1547028,200000
1547043,1002900
1547063,377500
1547065,417500
1547068,820300
1547070,103500
1547075,350000
1547077,417500
1547079,406000
1547091,10325000
1547097,350000
1547110,350000
1547119,0
1547120,396000
1547133,449000
1547136,658800
1547139,708500
1547142,432000
1547147,0
1547149,250000
1547170,366500
1547178,350000
1547185,150000
1547186,0
1547195,447700
1547204,3528000
1547208,42000
1547211,399100
1547214,319500
1547215,450000
1547221,0
1547222,487300
1547236,498100
1547237,5150000
1547244,0
1547245,450000
1547247,812400
1547250,350000
1547251,295800
1547252,0
1547255,0
1547256,327600
1547269,4470000
1547271,150000
1547272,357000
1547275,0
1547284,0
1547287,0
1547308,450000
1547313,300000
1547317,350000
1547327,408600
1547331,450000
1547333,189200
1547337,500000
1547342,450000
1547343,449000
1547357,1600000
1547381,450000
1547383,378500
1547393,848000
1547395,346500
1547398,500000
1547405,105000
1547412,0
1547415,297500
1547416,117000
1547418,765200
1547423,650000
1547425,450000
1547430,0
1547435,0
1547440,1815500
1547442,540000
1547447,406300
1547451,434200
1547453,0
1547462,3524000
1547474,0
1547497,500000
1547503,0
1547513,247500
1547515,450000
1547520,0
1547530,340000
1547534,0
1547535,0
1547538,441300
1547539,3700000
1547551,517200
1547552,350000
1547560,350000
1547569,501000
1547578,350000
1547580,420000
1547581,437700
1547588,2825600
1547592,0
1547599,0
1547605,567100
1547610,380000
1547611,634000
1547628,399200
1547639,406000
1547640,350000
1547653,0
1547656,408600
1547659,208600
1547664,2876100
1547669,0
1547673,0
1547682,0
1547683,400000
1547689,344500
1547692,350000
1547698,460000
1547701,400000
1547704,385300
1547707,150000
1547724,580500
1547726,140000
1547735,567500
1547736,550000
1547753,720000
1547754,500000
1547761,1049900
1547764,0
1547767,339500
1547768,350000
1547770,119000
1547775,250000
1547776,350000
1547781,450000
1547782,509000
1547787,450000
1547793,1565800
1547797,0
1547802,405400
1547811,818000
1547813,401000
1547816,450000
1547821,150000
1547823,0
1547827,350000
1547828,410800
1547839,223500
1547842,0
1547844,427400
1547847,600000
1547848,350000
1547854,690000
1547856,519800
1547857,450000
1547864,395100
1547866,0
1547876,634600
1547883,550000
1547884,750000
1547896,0
1547900,422000
1547901,350000
1547906,449000
1547909,437800
1547917,350000
1547925,395000
1547936,535500
1547943,388800
1547950,0
1547957,287400
1547960,990000
1547961,442500
1547970,715000
1547979,0
1547985,350000
1547987,500000
1547988,350000
1548000,349800
1548005,560000
1548014,365300
1548024,423800
1548038,0
1548058,350000
1548059,630000
1548062,550200
1548065,699500
1548067,450000
1548069,500000
1548083,600000
1548096,450000
1548097,0
1548101,0
1548104,1000000
1548110,427400
1548124,650000
1548139,657400
1548142,450000
1548154,365600
1548156,116700
1548162,350000
1548170,0
1548181,2562000
1548191,382900
1548195,0
1548205,0
1548213,350000
1548218,450000
1548225,450000
1548230,0
1548245,350000
1548256,322400
1548257,372100
1548259,563500
1548263,436500
1548273,704200
1548281,315000
1548298,594500
1548301,0
1548319,0
1548330,367500
1548331,350000
1548336,383500
1548343,478900
1548345,450000
1548348,0
1548359,0
1548363,375800
1548369,150000
1548372,21200
1548375,607000
1548377,439800
1548379,0
1548384,567400
1548389,0
1548393,350000
1548394,450000
1548395,0
1548397,315000
1548418,436100
1548420,442300
1548426,426500
1548428,449000
1548430,413000
1548433,564400
1548436,200000
1548442,350000
1548445,350000
1548457,450000
1548471,250000
1548472,0
1548474,424900
1548484,0
1548491,2989800
1548495,350000
1548504,0
1548505,450000
1548510,408500
1548511,350000
1548514,1627300
1548520,450000
1548533,389400
1548534,523400
1548544,400000
1548548,961800
1548562,450000
1548563,413000
1548565,382900
1548567,1086900
1548571,8130000
1548580,384000
1548581,875000
1548584,150000
1548588,650000
1548590,450000
1548594,0
1548595,350000
1548599,0
1548616,567500
1548617,0
1548623,155000
1548624,7397000
1548629,2857700
1548636,1640800
1548639,0
1548641,426500
1548646,350000
1548647,870000
1548651,0
1548655,125000
1548656,397500
1548657,0
1548663,148000
1548665,350000
1548677,950000
1548678,0
1548679,397700
1548680,350000
1548684,252000
1548689,250000
1548692,400400
1548694,582300
1548696,0
1548698,398300
1548699,426500
1548701,150000
1548713,0
1548728,150000
1548731,442300
1548733,372100
1548743,359500
1548749,747900
1548750,400000
1548751,858100
1548760,488500
1548761,0
1548764,2000000
1548766,397700
1548767,426500
1548780,436500
1548789,0
1548791,296000
1548792,0
1548794,130000
1548796,350000
1548800,130000
1548806,450000
1548807,386000
1548811,150000
1548813,394100
1548818,350000
1548828,280000
1548829,262000
1548832,500000
1548834,0
1548845,0
1548846,0
1548851,398600
1548855,329800
1548870,600000
1548878,330800
1548885,0
1548890,350000
1548893,408500
1548897,0
1548902,582500
1548906,0
1548908,643200
1548911,500000
1548918,0
1548919,350000
1548921,412800
1548930,350000
1548931,650000
1548935,0
1548936,400000
1548946,1951600
1548956,436500
1548960,350000
1548961,417500
1548964,415300
1548971,0
1548974,0
1548979,835000
1548983,495000
1548989,982500
1548994,439500
1548997,450000
1549001,735500
1549005,424300
1549007,0
1549017,414000
1549033,0
1549045,397500
1549046,0
1549048,769500
1549054,361900
1549061,350000
1549074,336000
1549078,612600
1549081,404500
1549083,400000
1549084,0
1549088,0
1549095,350000
1549099,384200
1549103,150000
1549106,450000
1549108,376200
1549111,450000
1549116,365000
1549119,488000
1549126,668400
1549134,350000
1549137,800000
1549139,830800
1549143,0
1549147,450000
1549151,395000
1549162,150000
1549164,452000
1549167,0
1549168,497000
1549176,0
1549177,1737000
1549179,645200
1549184,164200
1549186,513500
1549201,537500
1549209,560000
1549213,579000
1549215,0
1549217,0
1549222,350000
1549223,500000
1549230,0
1549241,400400
1549261,0
1549262,350000
1549271,430000
1549273,650000
1549275,733000
1549279,717500
1549282,600000
1549283,150000
1549289,150000
1549294,373200
1549297,204200
1549298,910000
1549299,895600
1549305,145200
1549312,234000
1549325,631700
1549327,350000
1549332,0
1549334,433300
1549335,359500
1549351,0
1549373,396000
1549379,231300
1549383,450000
1549385,297500
1549386,406300
1549391,587300
1549394,0
1549399,106500
1549405,0
1549407,450000
1549408,242000
1549409,0
1549416,350000
1549417,0
1549420,2150000
1549421,345800
1549423,455800
1549425,0
1549429,0
1549439,560000
1549447,1422000
1549449,440000
1549454,417500
1549458,619400
1549460,401000
1549471,1607400
1549489,411000
1549491,0
1549499,500000
1549501,890000
1549509,492600
1549515,0
1549524,142000
1549528,0
1549529,318400
1549546,0
1549550,0
1549555,350000
1549556,350000
1549559,175000
1549563,450000
1549565,715000
1549584,0
1549592,471000
1549601,150000
1549602,400000
1549608,0
1549609,430800
1549621,140000
1549627,450000
1549634,724300
1549640,0
1549644,0
1549648,385600
1549660,450000
1549662,0
1549666,406700
1549671,140000
1549673,350000
1549683,391000
1549688,713500
1549689,212500
1549691,417500
1549692,646500
1549696,150000
1549702,0
1549706,495000
1549715,400500
1549718,0
1549720,509300
1549721,0
1549723,478900
1549725,31200
1549736,663800
1549738,450000
1549740,754100
1549744,417500
1549747,0
1549749,590900
1549751,500000
1549761,389600
1549762,150000
1549766,0
1549780,140000
1549782,1150000
1549794,350000
1549796,172500
1549800,406300
1549802,0
1549808,350000
1549810,1699500
1549811,844800
1549813,0
1549828,660500
1549832,1750600
1549837,367900
1549838,350000
1549839,500000
1549847,0
1549853,413000
1549873,1800000
1549876,554600
1549877,138000
1549880,0
1549887,349700
1549891,345800
1549893,450000
1549895,300000
1549901,0
1549905,0
1549917,400000
1549923,400400
1549924,426300
1549942,0
1549944,384000
1549947,250000
1549949,350000
1549951,676800
1549952,894000
1549961,477100
1549962,382500
1549983,1980000
1549985,406500
1549998,350000
1549999,350000
1550002,0
1550019,250000
1550023,383500
1550027,450000
1550028,400000
1550036,105000
1550039,386000
1550045,408800
1550048,293400
1550053,584000
1550055,382300
1550057,386900
1550062,350000
1550074,150000
1550075,956100
1550083,0
1550084,864800
1550087,422000
1550088,0
1550090,1100000
1550094,1818700
1550097,376000
1550099,0
1550106,506800
1550107,732200
1550117,406000
1550122,0
1550124,350000
1550130,424500
1550136,389600
1550137,0
1550144,350000
1550146,0
1550150,0
1550153,585500
1550155,450000
1550156,300000
1550157,426500
1550170,531000
1550173,52500
1550177,627100
1550180,654500
1550186,375000
1550192,450000
1550198,339500
1550214,314700
1550216,315000
1550221,450000
1550227,0
1550237,417500
1550240,165000
1550262,489500
1550264,383900
1550271,672500
1550272,461500
1550277,930000
1550279,0
1550284,140000
1550309,855000
1550311,0
1550312,827600
1550322,0
1550323,1000000
1550325,370100
1550331,382700
1550346,472500
1550347,417000
1550351,802400
1550357,0
1550373,398800
1550375,0
1550377,350000
1550379,0
1550380,426500
1550385,600000
1550396,346500
1550402,450000
1550412,0
1550419,594000
1550420,0
1550438,150000
1550447,417500
1550449,350000
1550451,300000
1550452,350000
1550454,501800
1550458,1420300
1550460,1435200
1550461,1236300
1550473,1228000
1550475,0
1550482,350000
1550483,0
1550484,0
1550492,806300
1550497,1786400
1550508,321700
1550512,440000
1550513,350000
1550520,300000
1550526,350000
1550528,350000
1550533,819300
1550535,350000
1550554,1030600
1550557,1011500
1550559,350000
1550576,440000
1550577,0
1550583,650000
1550584,295100
1550597,350000
1550598,1271500
1550602,0
1550606,350000
1550611,639100
1550614,592800
1550620,1150000
1550628,576800
1550634,350000
1550644,0
1550646,350000
1550647,150000
1550650,150000
1550652,555500
1550660,390000
1550664,1080600
1550694,779600
1550695,250000
1550700,711700
1550704,150000
1550716,1536900
1550721,1891400
1550724,150000
1550739,667200
1550741,1409500
1550747,0
1550749,412000
1550750,446000
1550765,404000
1550766,464500
1550768,681000
1550776,741200
1550786,0
1550792,0
1550795,0
1550797,486000
1550798,422000
1550821,395000
1550823,405800
1550832,450000
1550833,149000
1550834,818900
1550840,1798200
1550846,2692500
1550848,450000
1550864,546000
1550872,0
1550878,350000
1550880,440000
1550891,0
1550901,0
1550906,350000
1550907,718300
1550910,431000
1550920,522500
1550927,350000
1550947,7840000
1550951,150000
1550957,416100
1550959,450000
1550966,301000
1550969,381100
1550977,1799500
1550997,632800
1551007,150000
1551011,350000
1551016,365700
1551022,3040000
1551031,2832300
1551033,148500
1551060,445000
1551062,361500
1551065,529700
1551067,350000
1551075,424300
1551076,400000
1551080,0
1551092,469000
1551094,345800
1551095,723000
1551107,280000
1551110,546000
1551113,395000
1551117,1332000
1551121,165000
1551123,327700
1551124,73500
1551126,150000
1551140,150000
1551158,350000
1551160,0
1551161,150000
1551162,226000
1551164,315000
1551169,0
1551171,411200
1551176,0
1551177,200000
1551180,495600
1551185,350000
1551189,720500
1551196,395000
1551200,0
1551208,408500
1551210,1747500
1551217,350000
1551231,413900
1551234,500000
1551240,1546500
1551243,0
1551246,450000
1551255,710800
1551264,324600
1551267,0
1551270,492000
1551271,0
1551277,1161000
1551283,870000
1551285,0
1551286,400000
1551291,0
1551299,365000
1551313,450000
1551318,391000
1551322,585000
1551323,134900
1551324,0
1551333,0
1551334,150000
1551343,0
1551345,350000
1551348,0
1551350,390500
1551352,428800
1551353,450000
1551354,350000
1551363,350000
1551368,182400
1551371,315000
1551374,150000
1551377,526000
1551379,420000
1551399,539200
1551400,509000
1551404,491600
1551405,433300
1551408,282000
1551414,300000
1551420,450000
1551428,0
1551437,350000
1551444,178000
1551446,392800
1551447,346500
1551448,310000
1551449,350000
1551453,250000
1551454,540500
1551456,4967500
1551460,748500
1551465,350000
1551467,400000
1551473,0
1551485,250000
1551486,150000
1551494,332500
1551497,95000
1551503,346500
1551504,430800
1551509,0
1551516,0
1551520,360000
1551521,150000
1551523,413900
1551524,550000
1551529,362300
1551533,680000
1551557,0
1551559,580000
1551564,0
1551570,0
1551571,700000
1551572,350000
1551574,394100
1551580,303200
1551582,529000
1551586,0
1551596,0
1551598,490000
1551600,150000
1551615,450000
1551616,369300
1551620,422900
1551623,350000
1551625,350000
1551628,0
1551633,200000
1551638,350000
1551649,529300
1551655,550000
1551659,350000
1551660,350000
1551662,350000
1551682,431000
1551685,0
1551691,652300
1551702,0
1551703,350000
1551707,0
1551712,0
1551715,110000
1551716,150000
1551725,0
1551726,350000
1551727,150000
1551729,425600
1551736,449000
1551739,0
1551740,518600
1551741,400000
1551744,786400
1551748,297500
1551752,0
1551753,350000
1551754,447200
1551755,0
1551756,209000
1551759,436500
1551766,150000
1551772,4947000
1551773,382500
1551775,0
1551776,444500
1551777,0
1551785,413000
1551786,400000
1551788,0
1551790,0
1551791,285000
1551793,490000
1551799,150000
1551802,375500
1551804,0
1551813,402100
1551818,408500
1551820,150000
1551823,450000
1551825,350000
1551826,0
1551828,300000
1551831,500000
1551835,350900
1551837,350000
1551839,567500
1551842,1474600
1551843,225000
1551846,580000
1551853,450000
1551859,450000
1551868,150000
1551873,350000
1551875,382500
1551881,544100
1551885,250000
1551886,593600
1551891,0
1551892,0
1551896,350000
1551897,172500
1551898,150000
1551901,350000
1551914,350000
1551924,538500
1551931,0
1551932,280000
1551937,906400
1551941,1314000
1551944,627500
1551945,593600
1551949,450000
1551951,589800
1551957,0
1551958,444500
1551960,300000
1551963,435500
1551964,150000
1551973,0
1551976,382500
1551980,399000
1551987,593800
1551988,0
1551995,0
1551999,0
1552003,0
1552010,350000
1552012,446500
1552014,0
1552016,150000
1552017,410500
1552018,350000
1552021,350000
1552027,680100
1552029,150000
1552032,3238700
1552034,500000
1552050,593600
1552053,659000
1552062,440000
1552075,1350000
1552076,315000
1552080,350000
1552081,413900
1552091,417200
1552097,350000
1552098,268000
1552101,450000
1552104,0
1552110,650900
1552112,903100
1552116,500000
1552118,220000
1552126,349700
1552127,593600
1552129,300000
1552132,420900
1552151,773500
1552156,350000
1552157,150000
1552159,401800
1552161,350000
1552165,413000
1552170,400000
1552172,518600
1552179,500000
1552193,450000
1552204,150000
1552207,150000
1552208,450000
1552210,0
1552213,350000
1552215,350000
1552217,450000
1552220,659400
1552223,309600
1552224,150000
1552226,500000
1552240,752500
1552241,530000
1552243,436000
1552245,400000
1552247,0
1552254,604800
1552256,600000
1552263,600000
1552264,187000
1552267,300000
1552280,372300
1552284,769000
1552288,2127500
1552297,410800
1552299,431000
1552303,0
1552307,0
1552309,400000
1552311,0
1552316,300000
1552317,880300
1552318,315000
1552322,506300
1552336,350000
1552338,750000
1552340,0
1552346,350000
1552351,450000
1552353,0
1552358,917500
1552360,429000
1552363,363500
1552364,373500
1552380,0
1552390,639800
1552392,428000
1552398,450000
1552399,350000
1552406,0
1552413,390500
1552414,662400
1552425,0
1552427,300000
1552429,0
1552440,0
1552442,252000
1552450,466800
1552453,432500
1552456,1301000
1552462,150000
1552463,400000
1552464,600000
1552474,431000
1552475,558500
1552476,513500
1552479,361400
1552501,322800
1552503,600000
1552512,463500
1552514,1150000
1552519,740000
1552520,363600
1552521,0
1552522,0
1552523,0
1552527,430000
1552531,669200
1552536,150000
1552537,0
1552542,522500
1552546,350000
1552549,500000
1552550,450000
1552555,457500
1552558,0
1552562,1450900
1552563,450000
1552568,300000
1552569,404000
1552570,275000
1552574,254000
1552581,656300
1552583,445400
1552588,417500
1552597,1982000
1552606,500000
1552609,150000
1552611,350000
1552612,0
1552615,574300
1552616,0
1552628,350000
1552630,0
1552638,350000
1552641,350000
1552646,332500
1552654,444500
1552663,644000
1552666,350000
1552668,600000
1552674,652700
1552692,280000
1552695,0
1552697,734300
1552699,357100
1552701,290000
1552708,0
1552715,350000
1552716,433300
1552718,350000
1552729,0
1552731,350000
1552745,382500
1552748,280000
1552755,572000
1552758,530500
1552764,0
1552765,32663500
1552766,150000
1552770,664000
1552775,616200
1552779,417500
1552786,0
1552789,558400
1552790,467000
1552796,751000
1552799,450000
1552804,390500
1552823,654500
1552826,680000
1552828,0
1552838,311500
1552841,350000
1552845,404000
1552853,350000
1552856,228000
1552857,295100
1552859,567500
1552865,350000
1552870,536300
1552875,446000
1552885,150000
1552889,0
1552890,688000
1552892,750000
1552894,444500
1552897,520000
1552898,350000
1552900,315000
1552901,175000
1552902,0
1552905,1055800
1552908,1428800
1552909,470800
1552912,1000000
1552913,150000
1552931,310000
1552943,500000
1552951,350000
1552956,640000
1552957,150000
1552969,0
1552970,350000
1552971,0
1552978,380300
1552981,464900
1552990,99000
1552994,500000
1552999,0
1553000,0
1553003,1351300
1553005,661400
1553007,350000
1553009,450000
1553017,250000
1553018,350000
1553027,444000
1553028,415000
1553035,830700
1553038,0
1553060,0
1553063,666100
1553069,509000
1553074,0
1553077,250000
1553079,343000
1553084,2498400
1553086,460000
1553094,301000
1553096,424900
1553097,0
1553110,594000
1553111,936000
1553113,500000
1553114,350000
1553116,652300
1553122,700000
1553128,0
1553130,492000
1553131,300400
1553134,450000
1553139,362100
1553141,715800
1553144,522500
1553149,350000
1553150,0
1553173,300000
1553176,0
1553180,0
1553181,417500
1553185,410800
1553186,550000
1553192,0
1553193,871000
1553210,669600
1553215,150000
1553216,389200
1553218,450000
1553222,366800
1553223,414000
1553227,392400
1553229,0
1553232,691400
1553248,630000
1553251,95000
1553256,717900
1553262,400000
1553263,350000
1553266,311500
1553268,445400
1553271,627100
1553274,537000
1553276,299000
1553277,350000
1553278,360400
1553281,150000
1553288,5050000
1553291,382900
1553295,350000
1553296,355500
1553307,0
1553313,250000
1553316,350000
1553321,0
1553323,350000
1553331,444000
1553337,414000
1553340,0
1553342,594000
1553347,394300
1553361,420400
1553363,609900
1553364,446800
1553365,345800
1553366,758000
1553371,620400
1553391,457400
1553396,585000
1553406,150000
1553410,699500
1553414,500000
1553415,750000
1553416,413000
1553417,650000
1553418,600000
1553428,276200
1553430,0
1553436,417500
1553456,147000
1553457,0
1553460,874000
1553461,0
1553466,444600
1553483,346500
1553487,0
1553491,486000
1553495,0
1553497,909000
1553500,350000
1553507,345800
1553508,1839500
1553510,378900
1553518,381600
1553524,4597000
1553527,827000
1553528,252800
1553529,350000
1553533,378000
1553544,0
1553547,2501100
1553548,350000
1553551,350000
1553554,1897500
1553556,1232000
1553560,876000
1553562,410800
1553565,1238400
1553570,417500
1553572,444500
1553588,649000
1553592,2545000
1553593,450000
1553597,570000
1553602,350000
1553604,417500
1553608,165000
1553612,750000
1553618,414000
1553619,150000
1553621,20400
1553629,444500
1553635,1459900
1553641,1000000
1553643,400000
1553644,427500
1553650,350000
1553652,0
1553653,395500
1553657,297500
1553660,691300
1553661,114000
1553664,500000
1553668,0
1553670,450000
1553679,150000
1553687,772100
1553689,0
1553692,0
1553699,573400
1553701,400400
1553706,440000
1553708,419500
1553709,0
1553712,550000
1553716,685000
1553718,300000
1553724,339200
1553730,0
1553741,150000
1553748,350000
1553753,540000
1553754,486000
1553761,310200
1553768,150000
1553770,150000
1553772,615000
1553774,500000
1553788,0
1553792,0
1553793,1215000
1553795,0
1553819,500000
1553832,150000
1553835,450000
1553841,450000
1553850,350000
1553855,0
1553857,417900
1553864,315000
1553868,1001100
1553876,414400
1553882,444000
1553895,597300
1553899,419300
1553905,103200
1553915,150000
1553920,0
1553921,1125200
1553924,600000
1553926,0
1553927,0
1553936,413000
1553940,67500
1553946,0
1553951,803000
1553953,401800
1553958,550000
1553970,408500
1553973,411800
1553974,0
1553987,0
1553991,590000
1553992,346500
1553999,0
1554008,412100
1554013,419300
1554019,520200
1554022,0
1554026,350000
1554029,293000
1554038,0
1554042,501500
1554043,350000
1554048,404000
1554053,0
1554056,0
1554060,500000
1554079,150000
1554082,300000
1554084,391500
1554088,622900
1554092,670000
1554098,436000
1554103,0
1554107,435500
1554111,397800
1554114,400000
1554122,200000
1554124,350000
1554141,600000
1554143,0
1554144,150000
1554147,1409400
1554155,0
1554156,868700
1554157,450000
1554160,369000
1554171,500000
1554172,315000
1554178,350000
1554182,350000
1554192,400000
1554197,377500
1554202,431000
1554204,413900
1554208,343000
1554210,0
1554221,382500
1554226,740000
1554233,565700
1554234,426500
1554250,0
1554252,500000
1554254,616000
1554256,0
1554262,300000
1554268,350000
1554269,574300
1554271,560000
1554275,0
1554287,350000
1554289,0
1554291,141000
1554292,290000
1554297,685100
1554298,404000
1554303,640000
1554305,0
1554306,350000
1554308,463300
1554312,350000
1554322,1272800
1554329,422000
1554330,330000
1554331,350000
1554335,431000
1554337,160000
1554339,924000
1554353,190200
1554355,0
1554356,55300
1554358,425000
1554361,0
1554389,3690000
1554393,404000
1554404,92500
1554405,772000
1554408,500000
1554419,715000
1554420,383400
1554428,395900
1554430,616800
1554435,0
1554443,2174100
1554455,435500
1554470,150000
1554477,350000
1554483,413000
1554492,450000
1554503,450000
1554505,2000000
1554517,498900
1554523,450000
1554537,0
1554540,712000
1554546,389600
1554547,704900
1554556,456000
1554561,375000
1554566,375200
1554570,433500
1554574,133400
1554581,690000
1554584,350000
1554591,450000
1554595,527500
1554600,350000
1554602,150000
1554603,350000
1554621,600000
1554623,499300
1554627,297500
1554634,788100
1554640,567500
1554642,661300
1554646,450000
1554651,532000
1554652,750000
1554684,200000
1554685,0
1554691,400000
1554696,372700
1554697,300000
1554705,450000
1554719,350000
1554723,350000
1554735,450000
1554736,456000
1554737,300000
1554738,499300
1554743,0
1554747,350000
1554765,300000
1554768,400000
1554769,0
1554772,450000
1554790,417500
1554797,300000
1554806,205000
1554813,456200
1554830,472200
1554832,450000
1554834,150000
1554835,450000
1554838,417500
1554846,0
1554849,125000
1554855,363400
1554857,461500
1554865,450000
1554869,1149500
1554886,500000
1554888,647500
1554895,540000
1554898,2415500
1554904,849200
1554906,650000
1554914,2562000
1554918,354300
1554920,621000
1554922,417900
1554929,820400
1554936,292500
1554947,328500
1554951,450000
1554954,1092000
1554957,400000
1554961,724300
1554975,350000
1554979,250000
1554987,0
1554988,450000
1554990,877700
1555003,97000
1555016,550000
1555021,413000
1555022,620800
1555026,150000
1555041,0
1555052,300000
1555057,419300
1555063,494300
1555064,0
1555067,250000
1555068,500000
1555073,929800
1555074,350000
1555085,500000
1555104,300000
1555108,0
1555110,603900
1555126,0
1555144,450000
1555145,315000
1555150,440000
1555160,150000
1555162,621000
1555167,346500
1555168,589700
1555175,310000
1555177,1044000
1555180,1094900
1555190,350000
1555209,0
1555212,602600
1555223,450000
1555225,300000
1555230,180000
1555237,400400
1555239,0
1555241,396800
1555253,0
1555256,0
1555271,570000
1555272,380200
1555275,500000
1555279,400000
1555282,404000
1555286,377000
1555301,69000
1555305,300000
1555312,614200
1555313,700000
1555318,0
1555321,0
1555324,350000
1555330,630000
1555334,2657300
1555343,0
1555344,150000
1555349,300000
1555369,1633500
1555371,359800
1555401,373500
1555402,566000
1555412,333600
1555417,0
1555422,300000
1555424,556300
1555426,383000
1555434,300000
1555456,450000
1555460,0
1555475,364200
1555477,289400
1555484,415000
1555491,300000
1555494,568300
1555507,675600
1555531,292500
1555535,1209700
1555536,135000
1555542,0
1555544,490000
1555550,0
1555564,520000
1555567,350000
1555574,855000
1555575,609300
1555580,450000
1555589,757200
1555591,180000
1555593,444600
1555598,458000
1555599,448000
1555601,603200
1555607,300000
1555612,420200
1555621,406300
1555627,517500
1555637,300000
1555638,650000
1555650,0
1555652,577500
1555664,421600
1555666,300000
1555685,0
1555689,342300
1555693,5449800
1555699,1404300
1555704,350000
1555710,0
1555714,0
1555719,861800
1555721,408500
1555725,350000
1555729,550000
1555733,448500
1555734,350000
1555745,0
1555753,0
1555768,444500
1555773,129000
1555786,145000
1555793,300000
1555797,350000
1555798,300000
1555817,300000
1555831,0
1555834,480000
1555840,0
1555847,877900
1555851,2662500
1555857,0
1555860,406800
1555882,120000
1555890,0
1555896,450000
1555904,0
1555911,295000
1555922,300000
1555936,428800
1555950,0
1555951,302800
1555957,250000
1555959,0
1555983,350000
1555986,642800
1555987,117500
1555992,0
1556003,1002000
1556018,0
1556032,1694100
1556049,496000
1556055,0
1556060,412100
1556066,521600
1556069,250000
1556077,0
1556096,0
1556128,300000
1556144,280000
1556145,388000
1556180,600000
1556197,418000
1556221,0
1556222,360900
1556246,729500
1556255,4900
1556263,404000
1556273,150000
1556276,350000
1556282,0
1556283,250000
1556286,433300
1556288,459000
1556290,0
1556292,0
1556301,450000
1556324,150000
1556327,479200
1556351,400000
1556352,425000
1556386,150000
1556394,566800
1556397,287000
1556406,0
1556408,530000
1556417,350000
1556430,0
1556436,0
1556458,450000
1556471,350000
1556472,332500
1556473,598500
1556480,350000
1556482,500000
1556494,350000
1556507,1949500
1556508,345200
1556512,180500
1556532,443600
1556570,350000
1556571,537000
1556572,479000
1556573,2918300
1556592,0
1556603,330800
1556604,850000
1556608,350000
1556616,0
1556631,0
1556637,450000
1556658,690300
1556667,780000
1556668,237500
1556670,315000
1556671,350000
1556680,0
1556689,1110000
1556700,350000
1556702,350000
1556705,650000
1556722,613700
1556731,380000
1556732,1300000
1556739,150000
1556742,350000
1556746,575000
1556750,384000
1556751,0
1556759,500000
1556770,600000
1556775,1217000
1556777,550000
1556782,589900
1556784,329500
1556787,450000
1556791,807400
1556792,391500
1556801,0
1556808,483000
1556813,350000
1556815,745500
1556821,417500
1556845,48000
1556851,350000
1556852,410000
1556862,441000
1556865,350000
1556866,350000
1556868,410800
1556870,869000
1556882,315000
1556884,0
1556896,300000
1556906,424300
1556916,0
1556919,0
1556925,553800
1556926,0
1556932,133000
1556947,839000
1556951,2432000
1556961,315000
1556972,173500
1556978,447700
1556994,420800
1557008,350000
1557009,431000
1557013,2100000
1557015,1482900
1557028,1898200
1557029,450000
1557041,567700
1557047,306000
1557051,300000
1557060,550000
1557074,450000
1557094,404500
1557096,208000
1557097,406300
1557101,1940000
1557111,449100
1557125,350000
1557127,389600
1557128,173800
1557129,0
1557134,350000
1557141,400000
1557144,4020000
1557147,393300
1557154,0
1557155,737200
1557161,0
1557168,388400
1557190,0
1557195,0
1557197,0
1557204,1288000
1557217,765200
1557222,620000
1557232,0
1557238,329000
1557239,250000
1557241,0
1557245,0
1557247,600000
1557248,431000
1557251,450000
1557254,450000
1557256,0
1557262,417500
1557265,654500
1557279,0
1557280,4350000
1557282,449400
1557285,300000
1557299,531200
1557304,402700
1557306,350000
1557307,612500
1557314,501300
1557316,0
1557324,0
1557325,190000
1557326,400000
1557327,567500
1557328,0
1557330,300000
1557340,0
1557342,455000
1557343,0
1557344,838000
1557345,417500
1557357,1080000
1557359,350000
1557364,325500
1557367,651000
1557368,150000
1557374,616300
1557388,389600
1557390,230000
1557391,345800
1557395,715200
1557402,350000
1557405,250000
1557406,728500
1557407,150000
1557409,250000
1557412,0
1557416,432800
1557426,449000
1557428,345800
1557431,350000
1557434,0
1557435,770800
1557439,350000
1557443,349300
1557450,682300
1557454,400000
1557460,877200
1557461,1458000
1557465,1986800
1557469,326900
1557470,0
1557475,0
1557480,316200
1557482,150000
1557484,326900
1557485,522500
1557490,410800
1557492,300000
1557493,382900
1557508,323800
1557510,400000
1557516,0
1557517,626500
1557525,800000
1557532,521000
1557536,0
1557541,550000
1557571,970300
1557572,360000
1557574,630000
1557577,419800
1557582,311500
1557599,323800
1557602,424300
1557603,315000
1557607,323800
1557609,350000
1557610,350000
1557614,350000
1557617,11636000
1557618,397300
1557619,150000
1557622,325500
1557623,250000
1557628,659000
1557634,325500
1557638,379400
1557639,466500
1557645,450000
1557651,439600
1557652,345800
1557658,0
1557661,513600
1557666,284200
1557669,449000
1557670,0
1557678,860800
1557686,317700
1557688,500000
1557690,1100400
1557697,422000
1557701,483000
1557702,1742000
1557704,555700
1557710,762000
1557715,784500
1557717,2040000
1557723,355500
1557726,0
1557729,300000
1557731,350000
1557741,0
1557744,150000
1557746,413000
1557759,397000
1557763,0
1557778,382500
1557785,0
1557786,378900
1557787,1389000
1557792,0
1557800,0
1557802,0
1557803,400500
1557805,250000
1557809,350000
1557810,0
1557815,518500
1557829,896000
1557838,558200
1557850,0
1557863,385300
1557883,500000
1557884,200000
1557885,0
1557898,450000
1557899,646000
1557915,130000
1557916,440000
1557921,105000
1557924,378900
1557934,150000
1557938,391500
1557939,486000
1557943,130000
1557948,1553800
1557951,600000
1557952,1071000
1557954,0
1557958,0
1557979,0
1557982,672500
1557987,450000
1557995,348300
1557998,426500
1558000,372500
1558001,413000
1558002,381500
1558009,0
1558022,0
1558028,250000
1558045,40000
1558052,516000
1558053,250000
1558059,0
1558061,343000
1558073,799400
1558077,450000
1558078,0
1558081,350000
1558084,450000
1558085,300000
1558092,339500
1558094,394000
1558096,173500
1558104,550000
1558106,0
1558113,395000
1558114,336000
1558119,809200
1558120,927800
1558121,424300
1558124,0
1558127,300500
1558129,0
1558131,435500
1558132,235000
1558135,584000
1558151,0
1558155,301000
1558158,150000
1558168,447200
1558179,615400
1558184,353500
1558186,336000
1558188,350000
1558191,350000
1558194,0
1558200,450000
1558203,753600
1558208,417500
1558214,629700
1558218,875000
1558219,200000
1558225,449300
1558226,1234500
1558237,3467000
1558240,315000
1558253,420000
1558260,0
1558268,500000
1558271,408500
1558277,470000
1558280,455300
1558282,450000
1558284,415300
1558285,420200
1558286,662900
1558290,0
1558296,482500
1558300,262000
1558301,350000
1558303,450000
1558307,346200
1558308,3274000
1558313,449000
1558316,3037100
1558317,0
1558323,350000
1558326,350000
1558336,2465600
1558337,421300
1558339,0
1558340,345800
1558341,566300
1558343,469100
1558345,669500
1558348,336000
1558349,1500500
1558355,3943500
1558356,0
1558357,0
1558360,378000
1558371,423500
1558374,350000
1558377,1050000
1558379,350000
1558382,346500
1558383,649300
1558388,150000
1558390,4560500
1558401,912500
1558406,3215500
1558423,0
1558424,710000
1558426,385600
1558432,326000
1558433,426500
1558438,250000
1558439,0
1558440,0
1558441,749800
1558442,450000
1558445,417500
1558447,690000
1558452,200000
1558455,419800
1558459,550000
1558463,449000
1558466,499000
1558487,150000
1558490,873400
1558491,408500
1558495,416600
1558499,350000
1558504,555000
1558505,350000
1558513,350000
1558514,667400
1558519,350000
1558521,150000
1558525,255000
1558526,0
1558532,363700
1558534,0
1558539,0
1558549,0
1558552,450000
1558553,0
1558555,0
1558559,350000
1558562,0
1558564,417100
1558571,329000
1558576,534300
1558584,400000
1558588,379500
1558594,1150000
1558598,0
1558601,435600
1558606,100000
1558611,378700
1558621,848000
1558640,378400
1558642,1049000
1558645,350000
1558646,745600
1558662,408600
1558665,0
1558666,150000
1558674,1436000
1558678,0
1558690,350000
1558691,0
1558699,530000
1558705,150000
1558711,210000
1558712,440900
1558715,150000
1558717,391000
1558723,365000
1558726,444500
1558731,350000
1558732,0
1558735,450000
1558737,350000
1558740,150000
1558750,650000
1558757,506800
1558760,150000
1558767,150000
1558774,0
1558776,302200
1558782,350000
1558798,250000
1558824,450000
1558828,904700
1558833,0
1558839,585000
1558846,850000
1558853,450000
1558858,0
1558861,446600
1558866,442400
1558875,546100
1558882,0
1558888,0
1558902,350000
1558903,778500
1558904,0
1558909,431000
1558916,450000
1558924,350000
1558930,0
1558933,0
1558936,972500
1558942,924500
1558944,212500
1558945,400000
1558950,200000
1558951,830800
1558952,0
1558965,581000
1558967,450000
1558973,431000
1558985,413000
1558992,350000
1558997,150000
1559001,516500
1559014,154000
1559017,395000
1559021,0
1559023,1170000
1559024,350000
1559026,0
1559033,960000
1559036,606400
1559037,400000
1559041,1213900
1559048,1383000
1559050,350000
1559055,116700
1559057,350000
1559058,346500
1559061,350000
1559075,450000
1559079,253200
1559083,5812500
1559095,350000
1559099,450000
1559101,539500
1559110,665000
1559111,462500
1559115,499300
1559117,108000
1559121,426000
1559122,350000
1559128,0
1559129,489600
1559132,150000
1559133,294000
1559136,407600
1559137,0
1559138,0
1559141,450000
1559143,400000
1559144,1097600
1559155,920800
1559157,602600
1559171,0
1559175,1129500
1559179,0
1559183,0
1559185,451800
1559188,544000
1559189,500000
1559201,350000
1559203,190000
1559204,0
1559209,300000
1559210,0
1559217,0
1559240,530000
1559250,546100
1559258,0
1559270,350000
1559282,134700
1559283,0
1559290,416600
1559297,458000
1559304,349300
1559305,418000
1559306,476800
1559308,1081200
1559309,800000
1559312,413500
1559326,0
1559329,150000
1559330,450000
1559339,350000
1559341,578000
1559343,1090400
1559346,0
1559360,780700
1559367,400000
1559375,0
1559378,350000
1559384,479800
1559391,422000
1559396,2401500
1559397,0
1559405,350000
1559406,0
1559410,0
1559412,650000
1559432,146200
1559443,350000
1559447,450000
1559459,450000
1559463,294000
1559466,417500
1559467,714000
1559470,315000
1559471,725000
1559479,2043000
1559486,0
1559490,3966100
1559494,300000
1559498,2350000
1559502,566300
1559503,0
1559513,0
1559514,0
1559525,345800
1559531,1564000
1559542,446500
1559546,350000
1559565,304700
1559571,767500
1559581,350000
1559582,350000
1559591,1159300
1559594,349300
1559603,800000
1559610,2331200
1559613,600000
1559631,677000
1559633,350000
1559636,350000
1559639,657600
1559644,0
1559650,350000
1559658,335300
1559662,0
1559665,402200
1559668,431000
1559670,0
1559676,250000
1559678,0
1559679,445400
1559697,0
1559698,0
1559704,734400
1559710,264500
1559717,550000
1559718,437800
1559720,0
1559726,1449300
1559727,0
1559729,326500
1559730,450000
1559731,350000
1559739,0
1559741,618400
1559742,0
1559744,501000
1559749,252400
1559750,500000
1559755,654600
1559758,7322100
1559760,458000
1559762,350000
1559770,0
1559773,0
1559775,350000
1559776,378300
1559777,880000
1559782,350000
1559784,868600
1559792,485000
1559793,280000
1559802,500000
1559804,345800
1559812,865500
1559817,400000
1559830,836000
1559835,1553800
1559838,473100
1559839,450000
1559842,350000
1559845,300000
1559847,490000
1559853,140000
1559854,417500
1559856,349300
1559859,450000
1559863,323800
1559873,350000
1559874,550000
1559879,0
1559880,2285200
1559881,325500
1559885,250000
1559887,447000
1559889,350000
1559890,725000
1559894,733300
1559900,0
1559906,560400
1559908,493300
1559911,400000
1559912,434000
1559917,150000
1559921,450000
1559926,0
1559927,394500
1559930,440000
1559933,3599900
1559934,1189500
1559941,450000
1559944,325500
1559955,0
1559957,400000
1559959,325500
1559966,323400
1559969,325500
1559971,294000
1559974,441000
1559977,700000
1559982,417500
1559992,150000
1559996,150000
1560007,247500
1560011,975600
1560015,140000
1560017,300000
1560026,324100
1560031,150000
1560032,295500
1560033,420000
1560035,589600
1560044,721000
1560045,0
1560049,0
1560050,323400
1560051,350000
1560054,0
1560056,490000
1560067,0
1560071,179200
1560072,300000
1560075,331800
1560077,350000
1560086,635500
1560092,332500
1560093,60000
1560094,0
1560097,150000
1560098,741900
1560104,0
1560107,326200
1560114,450000
1560119,886900
1560121,255000
1560124,440000
1560126,0
1560130,345800
1560137,150000
1560141,753500
1560143,0
1560149,0
1560152,0
1560156,325500
1560159,48000
1560162,0
1560163,450000
1560166,446800
1560168,350000
1560179,0
1560181,380200
1560182,614300
1560194,350000
1560204,370300
1560207,674900
1560211,0
1560213,525400
1560217,0
1560218,426500
1560229,190000
1560230,1041600
1560247,0
1560250,0
1560252,450000
1560269,0
1560270,350000
1560275,0
1560276,569300
1560288,500000
1560290,350000
1560294,0
1560297,250000
1560302,295800
1560303,1931800
1560307,400400
1560318,495000
1560329,0
1560336,0
1560337,450000
1560338,417500
1560342,300000
1560351,350000
1560355,350000
1560362,150000
1560363,350000
1560369,250000
1560373,0
1560375,566800
1560378,0
1560383,350000
1560387,250000
1560393,684800
1560394,500000
1560395,0
1560403,0
1560413,0
1560417,839500
1560430,140000
1560436,490000
1560443,425700
1560447,0
1560448,600000
1560449,0
1560465,349300
1560467,828000
1560475,573500
1560476,898100
1560478,372500
1560479,600000
1560484,285000
1560486,448000
1560487,408500
1560488,0
1560498,350000
1560501,130000
1560506,0
1560508,442400
1560519,0
1560521,150000
1560537,450000
1560539,350000
1560540,0
1560542,561600
1560548,332500
1560550,508300
1560553,290000
1560557,150000
1560582,350000
1560584,350000
1560585,250000
1560586,435500
1560593,447900
1560595,150000
1560598,657000
1560601,349300
1560605,0
1560606,150000
1560613,824100
1560615,444600
1560616,447200
1560623,552200
1560625,814000
1560632,1000000
1560637,350000
1560640,0
1560641,300000
1560646,400000
1560654,150000
1560659,297500
1560662,24600
1560663,0
1560666,442500
1560669,350000
1560670,1181000
1560680,350000
1560695,150000
1560702,350000
1560703,737800
1560704,350000
1560705,0
1560710,0
1560714,350000
1560716,215600
1560724,0
1560727,287400
1560730,350000
1560735,138000
1560740,1003600
1560742,800000
1560757,395000
1560760,0
1560763,393200
1560770,350000
1560772,292300
1560779,350000
1560785,150000
1560791,350000
1560793,350000
1560797,0
1560799,350000
1560806,339500
1560810,150000
1560813,0
1560815,432800
1560818,426500
1560828,150000
1560830,438200
1560841,417500
1560845,502600
1560848,350000
1560850,817500
1560854,0
1560856,350000
1560859,500000
1560862,0
1560863,450000
1560864,186700
1560866,365400
1560873,431000
1560876,500000
1560881,434200
1560885,0
1560887,1050300
1560888,7134000
1560890,661300
1560892,849900
1560893,520800
1560896,640000
1560898,440000
1560905,350000
1560910,729000
1560911,332500
1560919,952300
1560920,417500
1560925,399000
1560931,0
1560939,250000
1560964,200000
1560969,450000
1560970,150000
1560974,389600
1560978,0
1560981,650000
1560989,659000
1560991,500000
1560999,600000
1561000,606000
1561001,450000
1561005,174000
1561009,690000
1561014,350000
1561021,1189000
1561023,350000
1561025,725000
1561026,0
1561029,150000
1561032,400000
1561034,110000
1561045,2132200
1561050,1376700
1561055,395000
1561060,157000
1561065,380000
1561070,0
1561075,350000
1561084,330000
1561095,422000
1561102,350000
1561117,518000
1561118,3580200
1561121,396400
1561126,350000
1561127,1595300
1561130,400500
1561136,350000
1561140,654500
1561141,300000
1561142,0
1561144,350000
1561145,350000
1561146,450000
1561156,0
1561161,350000
1561168,275000
1561172,450000
1561176,1238000
1561186,527000
1561187,413000
1561189,881500
1561190,829300
1561193,650000
1561194,350000
1561201,485000
1561203,449000
1561216,440000
1561217,200000
1561225,400000
1561231,0
1561243,431000
1561246,150000
1561251,350000
1561262,431000
1561264,349100
1561267,0
1561274,414000
1561282,500000
1561284,730900
1561287,150000
1561296,150000
1561302,0
1561306,474600
1561310,346500
1561314,417500
1561316,0
1561318,0
1561326,450000
1561329,400000
1561337,511300
1561339,456100
1561342,297500
1561347,650000
1561349,688500
1561356,0
1561359,3428500
1561363,150000
1561364,613000
1561378,0
1561379,0
1561382,343000
1561390,444500
1561391,480000
1561401,391500
1561406,394100
1561410,150000
1561416,707500
1561430,607800
1561439,964500
1561444,395000
1561448,150000
1561450,350000
1561454,409000
1561455,482300
1561467,350000
1561476,332500
1561477,355500
1561482,0
1561484,686000
1561488,440000
1561494,0
1561495,350000
1561502,0
1561509,44800
1561514,350000
1561515,0
1561517,0
1561531,350000
1561532,0
1561533,886400
1561534,600000
1561542,0
1561550,350000
1561551,389200
1561557,449000
1561558,490000
1561560,0
1561563,150000
1561564,350000
1561565,569500
1561576,422000
1561581,346500
1561591,399000
1561592,391500
1561597,0
1561598,355500
1561611,0
1561613,400000
1561614,450000
1561617,900000
1561619,413000
1561620,322000
1561642,350000
1561643,490000
1561657,431000
1561658,150000
1561666,0
1561691,533800
1561704,0
1561710,556200
1561719,450000
1561721,395000
1561727,350000
1561731,150000
1561741,450000
1561757,350000
1561759,431500
1561764,150000
1561765,350000
1561772,0
1561776,0
1561783,350000
1561784,396800
1561786,0
1561791,478200
1561796,712000
1561805,490000
1561812,704000
1561813,0
1561822,316300
1561831,0
1561834,490000
1561837,0
1561841,577500
1561857,619200
1561872,626600
1561877,0
1561880,404000
1561886,399500
1561900,490000
1561904,400000
1561910,462500
1561917,840000
1561924,868800
1561931,150000
1561945,0
1561955,0
1561966,406300
1561997,150000
1562000,1846500
1562008,350000
1562009,500000
1562029,500000
1562046,295000
1562052,324800
1562079,417500
1562089,0
1562103,0
1562104,1316600
1562105,355200
1562106,485000
1562111,350000
1562117,350000
1562120,324800
1562163,400000
1562165,140000
1562169,324800
1562172,0
1562175,300000
1562184,850000
1562196,0
1562198,0
1562203,410500
1562204,547300
1562209,0
1562210,352300
1562216,327600
1562217,500000
1562221,450000
1562245,285000
1562248,431000
1562249,450000
1562252,0
1562259,0
1562263,0
1562266,0
1562284,422000
1562285,473500
1562291,350000
1562294,0
1562295,391500
1562298,500000
1562301,500000
1562303,949100
1562307,500000
1562312,417500
1562314,0
1562315,403500
1562320,399300
1562332,350000
1562338,0
1562350,335700
1562356,150000
1562384,324100
1562385,630900
1562388,316600
1562390,350000
1562396,150000
1562405,523300
1562410,511300
1562419,326900
1562427,1106000
1562428,0
1562432,450000
1562435,0
1562436,419300
1562439,350000
1562443,450000
1562446,122500
1562455,538500
1562459,433300
1562460,150000
1562463,1000000
1562465,351800
1562468,325500
1562477,0
1562479,0
1562480,673700
1562484,350000
1562487,315000
1562491,470500
1562494,350000
1562496,450000
1562500,400000
1562502,350000
1562506,0
1562510,443600
1562517,0
1562525,200000
1562527,325500
1562528,350000
1562530,487800
1562539,345800
1562547,262500
1562551,150000
1562554,381500
1562557,391000
1562560,3213000
1562562,0
1562568,0
1562573,200000
1562574,350000
1562576,308000
1562580,0
1562605,0
1562608,717500
1562615,531900
1562616,2280200
1562624,1100000
1562626,350000
1562628,350000
1562635,350000
1562637,315000
1562642,350000
1562644,167200
1562645,0
1562648,400000
1562649,416700
1562650,0
1562651,579700
1562657,582000
1562667,600000
1562673,0
1562675,450000
1562678,350000
1562681,1563400
1562690,547500
1562693,450000
1562696,450000
1562702,0
1562710,350000
1562712,0
1562714,583300
1562718,800000
1562719,444500
1562721,350000
1562723,500000
1562727,741900
1562733,350000
1562768,350000
1562778,450000
1562782,0
1562783,350000
1562784,400400
1562788,392000
1562791,565700
1562796,0
1562800,500000
1562801,0
1562810,697500
1562817,589500
1562825,650000
1562836,150000
1562844,450000
1562850,0
1562851,0
1562855,600000
1562856,350000
1562859,571700
1562861,0
1562862,150000
1562863,350000
1562872,441000
1562876,428800
1562882,521000
1562883,332500
1562889,427000
1562896,0
1562903,250000
1562904,450000
1562911,132500
1562913,775000
1562917,589100
1562920,500000
1562924,350000
1562925,410000
1562926,400000
1562931,500000
1562932,394000
1562938,0
1562943,404000
1562944,150000
1562950,322000
1562959,0
1562965,416800
1562968,531000
1562974,0
1562975,498000
1562976,346500
1562985,0
1562986,150000
1562987,582000
1562999,0
1563002,390000
1563005,918700
1563013,392000
1563016,350000
1563017,350000
1563022,350000
1563023,1171100
1563025,898800
1563045,616100
1563052,440000
1563053,125000
1563061,350000
1563062,431000
1563066,14400
1563067,150000
1563071,384000
1563073,500000
1563078,350000
1563079,457000
1563095,510500
1563110,600000
1563117,0
1563120,500000
1563122,333600
1563128,400000
1563130,398200
1563143,1238400
1563146,889400
1563153,371000
1563159,450000
1563181,1183400
1563183,699000
1563188,864300
1563193,0
1563206,150000
1563208,515500
1563209,1225500
1563210,350000
1563211,350000
1563215,408000
1563219,360000
1563225,440000
1563233,707600
1563240,332200
1563249,0
1563251,522000
1563258,400000
1563259,0
1563261,342500
1563263,100000
1563265,417500
1563269,0
1563272,474300
1563275,0
1563276,350000
1563277,1202500
1563282,414000
1563287,342400
1563297,90000
1563303,569300
1563306,1179500
1563312,350000
1563316,450000
1563320,132000
1563321,0
1563327,652000
1563330,395000
1563336,0
1563337,511300
1563347,535000
1563350,280000
1563351,350000
1563355,430700
1563356,903000
1563364,150000
1563377,161000
1563380,500000
1563391,1113000
1563402,350000
1563411,434700
1563422,450000
1563424,0
1563437,719800
1563446,564000
1563450,419200
1563453,800000
1563457,810400
1563466,450000
1563474,431000
1563477,927900
1563482,70000
1563489,1150000
1563495,0
1563496,332200
1563499,0
1563504,526000
1563506,70000
1563511,837500
1563513,431000
1563517,0
1563519,350000
1563521,680500
1563525,300000
1563527,385800
1563530,300000
1563534,500000
1563536,450000
1563537,1054900
1563541,426500
1563543,0
1563545,200000
1563548,150000
1563550,210000
1563554,0
1563563,779500
1563566,523100
1563568,0
1563569,350000
1563573,149000
1563578,332500
1563584,0
1563590,361000
1563598,100000
1563600,441000
1563603,415000
1563607,428800
1563611,1372900
1563613,350000
1563617,332100
1563618,741600
1563619,200000
1563620,444500
1563641,528000
1563646,315000
1563647,893700
1563649,700000
1563650,300000
1563659,330800
1563660,361000
1563665,572900
1563671,563300
1563679,668000
1563681,450000
1563683,567500
1563685,0
1563689,444500
1563703,3461000
1563710,385000
1563713,391500
1563715,354700
1563716,350000
1563718,0
1563720,754200
1563726,0
1563729,765800
1563731,446000
1563732,301000
1563738,350000
1563742,527000
1563749,350000
1563756,300000
1563758,0
1563765,275000
1563766,0
1563770,890000
1563774,0
1563781,0
1563785,250000
1563795,150000
1563797,277500
1563802,150000
1563803,333000
1563804,0
1563818,350000
1563821,250000
1563828,0
1563830,350000
1563834,300000
1563838,1226000
1563845,0
1563852,559600
1563853,350000
1563857,342700
1563860,400400
1563866,400000
1563869,450000
1563871,70000
1563881,400000
1563892,799300
1563895,254700
1563903,422000
1563907,350000
1563911,120000
1563914,600000
1563921,350000
1563924,601500
1563927,136000
1563929,395000
1563930,671800
1563934,444600
1563935,579300
1563953,826100
1563955,557200
1563960,1300000
1563973,823000
1563974,951000
1563977,380000
1563984,350000
1563985,413000
1563993,481500
1563996,450000
1564008,91000
1564009,450000
1564014,315000
1564019,855000
1564020,400000
1564022,122200
1564028,0
1564043,879000
1564046,0
1564051,435000
1564055,360000
1564060,608000
1564069,450000
1564072,0
1564073,452000
1564081,350000
1564084,0
1564085,0
1564089,444600
1564090,528400
1564099,0
1564102,350000
1564104,950000
1564116,350000
1564122,751500
1564125,0
1564131,0
1564132,150000
1564141,0
1564144,391300
1564150,0
1564153,450000
1564157,280000
1564163,438500
1564170,0
1564176,205000
1564181,650000
1564188,350000
1564189,550000
1564194,385500
1564216,350000
1564220,0
1564231,924000
1564236,400000
1564237,335700
1564244,394000
1564254,447500
1564261,250000
1564267,250000
1564271,140000
1564273,193200
1564274,882200
1564286,453900
1564292,0
1564293,0
1564310,150000
1564318,422400
1564326,635000
1564327,0
1564333,426500
1564341,354600
1564347,573500
1564348,0
1564353,250000
1564359,1026800
1564362,441600
1564369,150000
1564370,150000
1564371,397300
1564377,350000
1564378,450000
1564389,785000
1564390,450000
1564396,464300
1564401,450000
1564411,182000
1564417,683600
1564428,150000
1564447,350000
1564450,334500
1564454,300000
1564465,0
1564466,0
1564467,150000
1564474,500000
1564475,0
1564478,400000
1564488,350000
1564493,423800
1564494,600000
1564503,395000
1564509,0
1564516,150000
1564517,450000
1564525,150000
1564526,350000
1564536,2349300
1564538,0
1564539,474000
1564540,0
1564541,150000
1564542,932000
1564552,350000
1564553,567500
1564561,350000
1564566,350000
1564569,350000
1564573,417500
1564585,315000
1564591,475600
1564599,608100
1564601,0
1564603,250000
1564614,530000
1564618,500000
1564632,369000
1564638,567500
1564650,1136000
1564666,0
1564673,450000
1564674,520700
1564685,593100
1564690,464700
1564709,408500
1564713,350000
1564728,600000
1564736,562600
1564759,404000
1564760,400000
1564769,300000
1564772,500000
1564775,150000
1564782,690000
1564787,275000
1564793,350000
1564794,736400
1564800,300000
1564801,417500
1564803,300000
1564805,300000
1564816,300000
1564824,0
1564826,454400
1564835,563000
1564848,343000
1564856,183000
1564858,350000
1564860,350000
1564867,430000
1564870,788000
1564878,0
1564879,0
1564886,350000
1564893,408600
1564899,450000
1564907,300000
1564909,604300
1564913,1250000
1564915,246500
1564921,1458200
1564923,350000
1564932,692000
1564938,424000
1564951,150000
1564953,673100
1564960,0
1564961,692000
1564970,0
1564971,418000
1564982,387800
1564994,602000
1565003,150000
1565011,413000
1565016,454000
1565019,415300
1565021,350000
1565036,0
1565038,0
1565055,150000
1565057,140000
1565059,650000
1565060,602000
1565079,300000
1565081,700000
1565082,400000
1565083,508000
1565089,150000
1565093,550000
1565095,406000
1565106,850000
1565109,300000
1565110,400000
1565111,0
1565124,300000
1565127,483600
1565130,622000
1565153,400000
1565155,452500
1565164,0
1565165,772400
1565173,0
1565187,404000
1565189,150000
1565195,300000
1565200,337800
1565203,810000
1565205,1057100
1565207,300000
1565211,0
1565215,652400
1565217,195000
1565230,2278000
1565234,90000
1565236,846300
1565241,5745500
1565257,0
1565259,11173600
1565262,717400
1565265,572800
1565267,806200
1565275,300000
1565277,544000
1565278,400000
1565283,441500
1565284,300000
1565285,182000
1565295,400000
1565298,300000
1565316,350000
1565317,568000
1565318,450000
1565322,0
1565323,3559300
1565324,391500
1565326,300000
1565336,995000
1565342,1026800
1565360,0
1565369,0
1565372,0
1565401,389200
1565408,300000
1565422,400000
1565441,407600
1565456,150000
1565470,297500
1565475,300000
1565477,250000
1565481,300000
1565484,397500
1565488,391500
1565489,1672500
1565490,0
1565503,250000
1565527,150000
1565529,0
1565530,400000
1565535,391500
1565542,150000
1565544,0
1565559,337000
1565565,300000
1565581,350000
1565591,0
1565597,418000
1565598,400000
1565610,0
1565616,0
1565618,801800
1565649,0
1565653,0
1565661,579500
1565662,0
1565672,655600
1565682,724300
1565685,445500
1565686,0
1565692,700000
1565696,242000
1565700,530000
1565715,300000
1565718,350000
1565737,404000
1565739,350000
1565751,700000
1565753,0
1565755,1036000
1565756,119000
1565762,556500
1565770,333800
1565778,0
1565781,350000
1565803,0
1565813,250000
1565814,750000
1565846,700000
1565847,1998000
1565851,175000
1565856,0
1565858,500000
1565865,400000
1565874,450000
1565887,300000
1565893,400000
1565906,300000
1565926,393800
1565940,686800
1565976,400000
1565986,416600
1566000,0
1566029,111200
1566034,473000
1566049,500000
1566062,300000
1566070,200000
1566072,422900
1566076,315400
1566082,0
1566086,0
1566088,130000
1566092,0
1566098,81600
1566103,300000
1566105,606000
1566109,350000
1566114,0
1566122,300000
1566123,0
1566137,0
1566143,1072400
1566150,0
1566155,400000
1566171,695000
1566173,875000
1566182,0
1566191,480000
1566202,550000
1566205,1137000
1566213,350000
1566215,376000
1566221,431800
1566250,4479700
1566265,850000
1566270,903400
1566273,500000
1566279,0
1566285,150000
1566289,450000
1566291,150000
1566293,411600
1566298,434200
1566312,397700
1566325,296400
1566353,0
1566366,408900
1566375,450000
1566389,417500
1566398,0
1566419,450000
1566434,737000
1566443,581000
1566444,157000
1566446,689500
1566454,631500
1566467,420000
1566473,0
1566474,0
1566489,250000
1566493,400000
1566498,315000
1566501,250000
1566520,0
1566521,816500
1566522,530000
1566529,300000
1566538,375000
1566539,195000
1566563,361800
1566586,150000
1566589,417500
1566590,745000
1566591,0
1566599,250000
1566600,531200
1566601,400000
1566606,350000
1566607,431000
1566608,500000
1566634,0
1566637,0
1566658,435500
1566659,550000
1566667,445000
1566668,0
1566670,334000
1566708,487900
1566714,144000
1566716,0
1566732,0
1566734,0
1566741,220000
1566743,450000
1566750,350000
1566763,315000
1566768,458000
1566776,498000
1566781,350000
1566787,419800
1566800,748900
1566803,450000
1566809,430000
1566815,1106700
1566816,450000
1566817,350000
1566819,22400
1566825,795500
1566835,1332000
1566844,150000
1566850,350000
1566863,294100
1566865,0
1566878,150000
1566881,582000
1566883,450000
1566886,350000
1566887,350000
1566893,300000
1566894,350000
1566915,490000
1566918,0
1566920,150000
1566927,350000
1566934,700000
1566947,360600
1566948,417500
1566951,547300
1566959,306000
1566960,350000
1566961,0
1566968,350000
1566972,0
1566980,409200
1566981,667500
1566983,450000
1566993,450000
1566997,150000
1567002,0
1567003,0
1567023,250000
1567030,350000
1567036,412000
1567037,0
1567040,683500
1567044,450000
1567045,417500
1567052,350000
1567059,190000
1567062,0
1567065,350000
1567067,350000
1567068,350000
1567071,450000
1567074,1292500
1567079,346500
1567082,500000
1567083,356500
1567085,150000
1567086,333000
1567094,140000
1567097,350000
1567101,594600
1567104,500000
1567124,350000
1567127,1809800
1567144,186600
1567152,580000
1567155,140000
1567156,0
1567164,300000
1567169,315000
1567179,150000
1567180,0
1567187,450000
1567197,0
1567218,2397400
1567225,413000
1567232,430000
1567240,550000
1567241,502300
1567244,0
1567249,0
1567255,200000
1567256,0
1567260,585500
1567261,370000
1567262,140000
1567265,0
1567266,373500
1567267,0
1567286,6765000
1567291,500000
1567297,316500
1567299,350000
1567300,409100
1567301,350000
1567312,500000
1567314,434000
1567315,502000
1567317,736200
1567328,417500
1567338,0
1567339,384200
1567346,458800
1567347,760000
1567349,350000
1567366,632500
1567379,1150000
1567381,497700
1567382,0
1567390,4078600
1567391,450000
1567392,350000
1567395,315000
1567398,694800
1567403,0
1567411,350000
1567415,662000
1567422,345800
1567423,0
1567424,257500
1567426,502000
1567429,500000
1567446,450000
1567451,854000
1567458,0
1567466,0
1567467,500000
1567469,425000
1567481,350000
1567482,0
1567490,350000
1567494,0
1567495,750000
1567496,325500
1567499,650000
1567500,0
1567502,0
1567503,428400
1567508,404000
1567511,555000
1567522,563500
1567525,860000
1567527,0
1567531,0
1567532,150000
1567534,450000
1567553,134000
1567555,343000
1567556,5282500
1567557,0
1567564,500000
1567567,450000
1567568,858500
1567576,0
1567578,0
1567583,350000
1567591,446400
1567595,0
1567600,1324100
1567604,0
1567612,645300
1567613,420000
1567619,629600
1567627,0
1567628,424100
1567632,0
1567634,450000
1567638,280000
1567640,0
1567645,541500
1567653,515800
1567671,660100
1567672,397300
1567682,1190000
1567697,350000
1567702,150000
1567708,0
1567726,0
1567734,1214000
1567738,438000
1567740,0
1567744,0
1567745,395000
1567748,242000
1567750,550000
1567757,671000
1567762,400000
1567767,350000
1567774,0
1567791,560800
1567792,500000
1567794,400000
1567796,698200
1567801,400000
1567803,0
1567806,513500
1567811,400000
1567815,0
1567824,434000
1567825,350000
1567829,546100
1567842,400000
1567847,0
1567859,407200
1567868,400000
1567870,334300
1567873,0
1567881,195000
1567884,349300
1567887,350000
1567897,350000
1567899,440000
1567903,478000
1567910,15000
1567918,178000
1567920,329000
1567921,350000
1567930,200000
1567932,140000
1567937,250000
1567941,324800
1567944,350000
1567946,382500
1567947,415000
1567949,360100
1567953,447700
1567958,350000
1567963,441300
1567968,345800
1567969,667500
1567970,400000
1567975,0
1567988,371800
1567989,0
1567990,350000
1567992,100000
1567994,350000
1568004,1432700
1568007,315000
1568014,349300
1568018,1587000
1568022,500000
1568027,350000
1568036,326900
1568037,500000
1568038,408600
1568043,150000
1568049,424300
1568051,234500
1568055,417500
1568056,409400
1568066,587200
1568067,326900
1568070,350000
1568073,351000
1568078,750000
1568085,337800
1568094,350000
1568099,0
1568100,316600
1568101,0
1568108,350000
1568110,350000
1568115,410600
1568118,414000
1568121,187500
1568144,0
1568152,400000
1568156,450000
1568158,350000
1568167,1280500
1568172,337600
1568174,350000
1568190,450000
1568193,446200
1568221,350000
1568222,575400
1568232,493900
1568236,2796500
1568248,350000
1568250,399500
1568259,350000
1568269,687400
1568270,142000
1568274,350000
1568278,150000
1568279,297500
1568281,700800
1568283,350000
1568286,1233500
1568287,407600
1568299,330800
1568313,389200
1568323,0
1568327,150000
1568328,350000
1568330,0
1568332,294000
1568333,727000
1568336,584300
1568345,0
1568352,600000
1568353,345800
1568355,280000
1568356,0
1568363,0
1568366,524300
1568370,200000
1568371,717500
1568373,300000
1568376,477000
1568381,610300
1568385,505000
1568396,315000
1568399,2148200
1568405,487500
1568407,400000
1568431,0
1568434,0
1568436,350000
1568447,579900
1568451,518000
1568459,450000
1568461,250000
1568463,450000
1568464,485000
1568468,217200
1568478,834000
1568479,1458500
1568481,576500
1568506,150000
1568508,549500
1568513,600600
1568515,0
1568516,450000
1568517,441800
1568524,350000
1568525,500000
1568530,0
1568534,350000
1568536,432500
1568537,0
1568546,315000
1568555,725800
1568558,393000
1568561,577500
1568565,250000
1568568,450000
1568576,150000
1568590,350000
1568596,445300
1568599,0
1568601,150000
1568614,247500
1568620,140000
1568626,150000
1568628,300000
1568636,677200
1568638,800300
1568641,150000
1568644,350000
1568655,350000
1568673,387000
1568675,150000
1568677,350000
1568679,4500
1568681,0
1568689,600000
1568693,0
1568696,417500
1568699,350000
1568701,426500
1568705,500000
1568706,451000
1568709,598800
1568713,0
1568724,308000
1568729,0
1568730,450000
1568734,404000
1568735,875000
1568737,350000
1568738,400000
1568742,350000
1568744,0
1568747,294000
1568753,0
1568756,723900
1568760,461000
1568764,142000
1568768,554000
1568772,350000
1568774,725000
1568775,450000
1568776,1265500
1568779,770000
1568780,513600
1568782,409900
1568786,0
1568788,450000
1568792,0
1568800,372500
1568801,1294600
1568806,1300000
1568808,527000
1568811,851600
1568812,528000
1568818,0
1568824,440000
1568834,350000
1568837,0
1568840,1059800
1568843,450000
1568860,350000
1568885,585400
1568890,0
1568893,444000
1568896,440000
1568898,200000
1568900,7487000
1568906,150000
1568909,600000
1568917,0
1568923,531500
1568924,400400
1568930,315000
1568931,378400
1568943,405800
1568944,850000
1568950,350000
1568951,409500
1568953,1015000
1568958,444500
1568962,500000
1568971,150000
1568975,524200
1568991,437800
1568999,450000
1569010,390300
1569019,806900
1569023,350000
1569024,700000
1569026,500000
1569028,315000
1569030,0
1569034,386000
1569035,250000
1569040,146200
1569042,550000
1569047,731000
1569049,716500
1569052,1126200
1569054,450000
1569056,437000
1569068,464700
1569073,350000
1569075,0
1569082,0
1569088,0
1569096,400000
1569101,350000
1569104,724900
1569115,350000
1569125,442500
1569127,392800
1569137,375400
1569141,661700
1569151,409900
1569152,0
1569154,552200
1569161,0
1569167,0
1569176,232300
1569177,900000
1569186,330800
1569189,475000
1569197,135000
1569204,0
1569207,350200
1569213,428800
1569224,417000
1569225,135000
1569227,531500
1569230,421000
1569234,441800
1569236,500000
1569237,670300
1569242,0
1569243,150000
1569248,350000
1569251,0
1569253,150000
1569255,419300
1569259,550000
1569261,942100
1569267,822700
1569281,0
1569283,250000
1569284,350000
1569289,411000
1569297,408500
1569303,450000
1569308,1215000
1569309,720000
1569312,400000
1569316,496500
1569320,250000
1569330,564400
1569333,295000
1569334,431000
1569347,0
1569360,2960000
1569361,444500
1569362,450000
1569364,959200
1569379,426500
1569384,588200
1569386,570000
1569388,1040000
1569399,150000
1569401,336800
1569404,0
1569419,0
1569421,350000
1569426,700000
1569437,376500
1569440,479300
1569453,311500
1569454,0
1569462,1871600
1569466,345600
1569469,0
1569480,350000
1569486,350000
1569493,0
1569495,500000
1569500,315000
1569501,0
1569506,666100
1569536,428800
1569543,150000
1569548,315000
1569552,2094600
1569553,0
1569559,0
1569564,998800
1569565,0
1569571,486000
1569589,679100
1569590,450000
1569591,450000
1569595,0
1569608,805000
1569613,350000
1569615,389000
1569619,417500
1569627,294000
1569645,0
1569646,545000
1569650,300000
1569651,450000
1569661,600000
1569677,557600
1569696,435500
1569697,400000
1569698,433900
1569704,350000
1569712,335000
1569713,357000
1569716,0
1569727,805200
1569731,420200
1569733,1687900
1569736,192100
1569738,360000
1569761,4004500
1569769,288000
1569782,529700
1569786,430000
1569791,750000
1569792,350000
1569793,0
1569797,0
1569799,0
1569800,624900
1569804,409500
1569809,2000000
1569815,350000
1569818,446500
1569822,408500
1569828,0
1569830,335800
1569833,519500
1569841,330800
1569845,350000
1569862,670300
1569866,240800
1569867,400000
1569876,0
1569880,124000
1569882,48800
1569886,266300
1569888,684000
1569898,912000
1569910,0
1569917,740000
1569940,0
1569946,0
1569959,417500
1569973,0
1569976,794000
1569979,0
1569988,320500
1569989,0
1569990,400000
1569991,250000
1569993,0
1569995,250000
1570011,350000
1570020,567500
1570022,450000
1570023,475500
1570027,0
1570032,600000
1570042,426500
1570049,600000
1570050,382900
1570052,0
1570053,528200
1570060,417500
1570073,300000
1570075,1745000
1570077,650000
1570078,0
1570080,406600
1570083,150000
1570085,567500
1570087,200000
1570093,0
1570096,504400
1570102,272000
1570107,300000
1570110,68400
1570114,379000
1570115,350000
1570116,200000
1570118,159800
1570127,1252900
1570130,537500
1570137,0
1570147,861800
1570148,150000
1570150,350000
1570170,349300
1570173,798500
1570177,450000
1570181,439000
1570184,400000
1570186,422000
1570192,720000
1570198,2184000
1570205,2897900
1570211,0
1570213,470000
1570217,414000
1570219,422000
1570222,150000
1570227,621500
1570237,764000
1570239,150000
1570240,261800
1570248,0
1570250,350000
1570255,2441100
1570259,0
1570260,297500
1570262,0
1570264,0
1570265,500000
1570277,574900
1570283,0
1570291,450000
1570297,162300
1570304,121200
1570305,450000
1570308,870000
1570315,323500
1570329,500000
1570335,350000
1570337,240000
1570343,0
1570349,580000
1570354,0
1570355,0
1570357,150000
1570370,392200
1570373,350000
1570379,1465300
1570387,150000
1570399,500000
1570405,529700
1570406,500000
1570415,0
1570419,150000
1570425,225000
1570426,330800
1570428,485900
1570434,350000
1570437,382500
1570446,700000
1570447,517100
1570448,350000
1570449,428800
1570468,350000
1570470,295000
1570472,0
1570479,250000
1570480,395000
1570484,489300
1570487,580500
1570490,419800
1570496,379800
1570499,350000
1570510,0
1570515,854900
1570520,695000
1570523,549500
1570530,391500
1570532,550000
1570536,0
1570540,130000
1570543,0
1570544,67600
1570556,350000
1570559,376000
1570565,405800
1570566,433300
1570569,442400
1570576,435500
1570584,397300
1570589,0
1570603,360000
1570606,594500
1570608,0
1570622,389200
1570626,395300
1570627,350000
1570628,350000
1570629,0
1570630,0
1570631,350000
1570634,1380100
1570635,100000
1570636,297600
1570639,0
1570646,2657800
1570651,0
1570656,4742500
1570661,150000
1570667,0
1570675,0
1570685,94500
1570687,0
1570689,0
1570698,404500
1570699,0
1570700,0
1570704,400400
1570707,350000
1570712,500000
1570716,670300
1570732,300000
1570735,0
1570738,141800
1570748,208500
1570753,0
1570754,450000
1570775,350000
1570785,500000
1570794,1476000
1570797,350000
1570800,492000
1570804,1973000
1570805,3975000
1570809,1029700
1570810,350000
1570811,400000
1570816,350000
1570818,0
1570827,350000
1570830,0
1570831,0
1570837,0
1570838,320800
1570841,408500
1570842,350000
1570857,350000
1570858,447500
1570860,504800
1570861,500000
1570862,450000
1570866,424300
1570867,600000
1570874,799700
1570875,500000
1570880,350000
1570882,184300
1570883,498200
1570892,450000
1570896,564900
1570917,291000
1570918,426500
1570924,450000
1570929,853000
1570931,374800
1570936,300000
1570938,150000
1570942,382000
1570945,350000
1570946,500000
1570948,923400
1570950,0
1570954,297600
1570956,381300
1570959,0
1570960,0
1570973,496000
1570974,1240000
1570975,350000
1570981,425200
1570982,350000
1570983,400000
1570987,150000
1570992,350000
1570999,374000
1571004,350000
1571008,350000
1571009,315000
1571013,45000
1571015,850000
1571019,0
1571024,200000
1571029,350000
1571038,350000
1571044,1008500
1571052,2000000
1571073,450000
1571075,650000
1571085,0
1571091,0
1571097,386000
1571102,556700
1571103,431000
1571104,0
1571105,405000
1571110,350000
1571117,384000
1571120,450000
1571128,408500
1571139,350000
1571140,395900
1571142,496500
1571153,415300
1571154,386100
1571155,0
1571158,500000
1571161,300000
1571171,420500
1571178,475000
1571179,449000
1571180,0
1571185,450000
1571187,0
1571190,49600
1571195,1150000
1571198,458000
1571202,150000
1571211,977400
1571216,100000
1571218,0
1571219,310000
1571221,421700
1571238,458000
1571239,399900
1571244,0
1571246,416700
1571247,0
1571248,639100
1571251,150000
1571256,396000
1571260,350000
1571266,350000
1571267,444500
1571269,200000
1571271,550000
1571275,458000
1571287,509000
1571288,778000
1571292,366800
1571300,458000
1571301,480100
1571303,350000
1571312,0
1571316,429400
1571326,551800
1571327,808000
1571328,687200
1571331,350000
1571334,0
1571340,830000
1571342,245000
1571343,150000
1571347,350000
1571352,315000
1571356,0
1571358,350000
1571360,420000
1571365,350000
1571372,332500
1571376,446800
1571380,347500
1571384,0
1571387,2079200
1571395,432100
1571399,400000
1571403,250000
1571408,450000
1571411,704900
1571418,360000
1571419,346500
1571424,550000
1571425,585500
1571429,382400
1571438,370000
1571443,835000
1571452,350000
1571466,400000
1571467,150000
1571474,0
1571477,0
1571478,0
1571481,800000
1571486,140000
1571489,0
1571491,545500
1571492,418900
1571497,650000
1571499,349700
1571500,350000
1571501,388800
1571514,0
1571519,0
1571523,187800
1571525,368500
1571529,450000
1571530,287500
1571533,350000
1571538,800500
1571545,0
1571552,150000
1571556,0
1571561,0
1571565,0
1571574,315000
1571579,1175700
1571580,0
1571581,868000
1571585,506800
1571586,332500
1571589,0
1571593,260600
1571601,350000
1571604,350000
1571608,450000
1571611,705000
1571612,370000
1571613,350000
1571618,320000
1571620,98300
1571624,350000
1571631,315000
1571632,350000
1571641,0
1571645,450000
1571650,350000
1571656,350000
1571664,534600
1571678,337600
1571681,350000
1571683,676600
1571687,447700
1571688,0
1571697,0
1571701,515300
1571705,150000
1571710,676600
1571711,16000
1571712,350000
1571715,0
1571716,396000
1571721,1539200
1571722,0
1571728,404000
1571730,384200
1571733,544500
1571735,435500
1571747,142000
1571750,0
1571754,404000
1571757,346000
1571761,0
1571770,332500
1571774,600000
1571776,567500
1571780,350000
1571782,0
1571784,350000
1571792,350000
1571796,0
1571797,413000
1571806,0
1571811,0
1571814,0
1571824,656300
1571832,900000
1571841,450000
1571843,0
1571844,685100
1571845,1371100
1571851,600000
1571853,450000
1571855,450000
1571856,350000
1571857,335500
1571863,41000
1571870,0
1571881,0
1571884,408500
1571893,150000
1571896,403100
1571897,0
1571901,0
1571902,370000
1571906,0
1571907,150000
1571908,435000
1571910,500000
1571912,417500
1571919,0
1571920,767400
1571925,481200
1571926,482500
1571927,0
1571929,350000
1571930,350000
1571931,406000
1571935,0
1571942,507800
1571943,150000
1571946,651000
1571947,332500
1571950,0
1571955,0
1571957,450000
1571959,350000
1571963,350000
1571964,0
1571968,150000
1571969,422000
1571970,382000
1571971,1015000
1571973,150000
1571975,0
1571977,330800
1571990,495600
1571993,497500
1572002,350000
1572005,0
1572007,450000
1572013,240000
1572014,350000
1572018,500000
1572020,3640000
1572031,2051500
1572032,102500
1572035,399500
1572044,750000
1572046,1466100
1572048,670300
1572050,345800
1572051,413000
1572053,402000
1572054,790500
1572055,0
1572062,513500
1572069,350000
1572080,150000
1572084,253600
1572093,350000
1572099,437800
1572103,500000
1572106,293600
1572111,212500
1572120,432400
1572127,350000
1572136,440000
1572138,350000
1572140,140000
1572143,0
1572147,150000
1572148,375000
1572151,350000
1572152,0
1572154,656800
1572158,400000
1572162,446800
1572167,500000
1572168,588000
1572172,446000
1572178,431000
1572185,1454200
1572189,0
1572196,0
1572210,0
1572221,753200
1572222,490800
1572224,494000
1572229,1974000
1572231,425500
1572238,426500
1572239,900000
1572240,0
1572251,400000
1572255,350000
1572265,573000
1572266,2388000
1572269,300000
1572270,0
1572271,824000
1572272,399500
1572273,581000
1572274,0
1572279,436000
1572280,146000
1572281,250000
1572286,0
1572287,450000
1572292,430000
1572298,554000
1572302,450000
1572306,625800
1572309,431000
1572312,350000
1572317,1336600
1572322,774000
1572324,0
1572327,413000
1572329,892500
1572331,332500
1572344,350000
1572345,431000
1572347,822500
1572353,350000
1572363,584700
1572367,694000
1572370,350000
1572373,400000
1572386,0
1572398,0
1572403,150000
1572407,0
1572408,0
1572409,418600
1572411,427600
1572415,1332100
1572421,0
1572428,530000
1572435,150000
1572437,350000
1572444,819000
1572449,450000
1572451,0
1572454,705000
1572456,527000
1572458,400000
1572460,200000
1572461,445000
1572463,375500
1572466,0
1572468,0
1572470,800000
1572473,164800
1572475,0
1572485,550400
1572487,625800
1572491,0
1572497,0
1572505,301000
1572515,520000
1572517,115000
1572520,0
1572526,487500
1572527,0
1572536,423800
1572538,0
1572549,417500
1572564,400400
1572567,0
1572568,0
1572577,200000
1572582,417500
1572587,139000
1572594,171500
1572599,25600
1572600,400000
1572603,0
1572604,0
1572613,912800
1572627,363300
1572628,400000
1572629,0
1572631,398300
1572632,1094500
1572638,428800
1572639,700000
1572645,520300
1572647,0
1572650,539600
1572651,863400
1572654,245000
1572660,0
1572664,450000
1572667,0
1572671,520300
1572676,2523400
1572682,112500
1572689,0
1572690,400000
1572691,0
1572694,391100
1572699,0
1572702,173200
1572703,150000
1572704,357500
1572707,750000
1572713,0
1572721,400000
1572725,641200
1572732,608000
1572734,408500
1572738,150000
1572742,578000
1572746,982700
1572747,265000
1572748,411300
1572750,500000
1572751,413000
1572768,416200
1572769,548300
1572774,450000
1572781,415300
1572782,723500
1572792,350000
1572793,0
1572794,399500
1572795,1298800
1572796,717500
1572800,2234500
1572807,150000
1572811,0
1572821,350000
1572826,0
1572827,428800
1572829,350000
1572834,1150000
1572836,0
1572842,655000
1572846,0
1572853,500000
1572854,0
1572856,350000
1572859,346500
1572861,350000
1572868,304900
1572876,0
1572881,287500
1572883,556000
1572886,0
1572889,550000
1572894,0
1572900,141000
1572901,567500
1572904,659900
1572906,0
1572915,0
1572919,534300
1572920,350000
1572933,391600
1572935,730000
1572947,477400
1572948,70000
1572950,0
1572957,850000
1572958,712000
1572962,400000
1572968,532000
1572969,600000
1572975,574300
1572976,400000
1572981,438700
1572984,417500
1572989,0
1572990,350000
1572994,551000
1573005,1177900
1573009,2027100
1573013,417600
1573024,247500
1573028,0
1573036,382900
1573037,867000
1573038,692700
1573060,0
1573061,399500
1573062,150000
1573066,450000
1573068,219900
1573071,522000
1573074,550000
1573075,450000
1573078,292300
1573084,509000
1573090,620000
1573095,0
1573098,0
1573101,349300
1573110,0
1573111,508000
1573114,600000
1573115,0
1573125,347500
1573130,398600
1573133,566600
1573135,968300
1573137,941100
1573142,0
1573144,450000
1573146,358800
1573150,450000
1573156,400000
1573166,0
1573170,395800
1573172,691200
1573191,88000
1573193,345800
1573199,0
1573202,227300
1573203,315000
1573204,350000
1573210,450000
1573215,450000
1573220,550000
1573222,650000
1573226,2433400
1573229,443700
1573231,812500
1573233,770000
1573234,450000
1573240,324800
1573252,395000
1573253,143000
1573255,0
1573262,486000
1573263,444500
1573265,330400
1573270,232800
1573274,500000
1573281,450000
1573284,587800
1573288,0
1573290,350000
1573291,329700
1573296,417500
1573301,345800
1573312,378000
1573313,450000
1573315,600000
1573319,492800
1573320,150000
1573327,350000
1573330,345800
1573346,704500
1573355,500000
1573356,345800
1573357,435500
1573364,1054000
1573367,1090000
1573369,1358200
1573372,0
1573397,150000
1573398,250000
1573399,434600
1573405,501000
1573406,150000
1573407,417500
1573408,0
1573413,0
1573417,324800
1573420,450000
1573424,450000
1573440,589000
1573442,350000
1573443,399300
1573450,300000
1573453,1917500
1573454,400000
1573465,1900000
1573469,152000
1573470,150000
1573471,0
1573473,350000
1573474,324800
1573477,440000
1573478,316000
1573480,0
1573481,850000
1573483,448000
1573488,568400
1573489,329000
1573498,435500
1573506,500000
1573507,328600
1573511,348000
1573512,574500
1573519,350000
1573521,596000
1573524,315400
1573527,324800
1573530,0
1573531,417200
1573541,575000
1573550,327600
1573552,650000
1573561,771000
1573562,350000
1573568,350000
1573570,0
1573572,443000
1573573,595400
1573576,0
1573579,885800
1573582,450000
1573583,412400
1573585,650000
1573596,78600
1573597,347000
1573600,969200
1573616,1112800
1573623,450000
1573626,700000
1573632,608000
1573635,364300
1573639,103300
1573640,315400
1573641,650000
1573649,0
1573650,300000
1573653,550000
1573655,845000
1573658,350000
1573667,0
1573679,0
1573680,79800
1573681,435000
1573682,340000
1573693,150000
1573700,387000
1573722,350000
1573725,333200
1573727,0
1573734,1717900
1573738,0
1573739,0
1573740,649500
1573741,398600
1573745,397300
1573746,150000
1573747,0
1573750,683200
1573751,400000
1573753,350000
1573756,449000
1573758,350000
1573768,350000
1573772,400000
1573776,414000
1573779,224900
1573780,0
1573787,400000
1573796,160000
1573806,0
1573812,480000
1573816,333200
1573821,0
1573837,450000
1573838,0
1573839,350000
1573843,737100
1573846,450000
1573848,0
1573850,424300
1573851,0
1573854,0
1573860,350000
1573867,0
1573871,400000
1573873,200000
1573881,350000
1573886,413000
1573901,700000
1573904,0
1573905,339500
1573929,0
1573935,553200
1573937,169000
1573942,970000
1573946,0
1573954,425000
1573955,0
1573960,569000
1573967,150000
1573970,0
1573975,450000
1573982,350000
1573983,422500
1573989,433300
1573993,450000
1574001,330400
1574002,400000
1574003,350000
1574008,400000
1574009,0
1574013,424300
1574015,240000
1574018,128000
1574020,450000
1574025,654500
1574026,628500
1574029,417500
1574030,450000
1574032,423600
1574043,1507500
1574053,180000
1574054,324800
1574055,427400
1574066,400000
1574070,400000
1574071,350000
1574072,0
1574076,1079000
1574079,0
1574081,324800
1574084,0
1574087,610900
1574093,450000
1574099,350000
1574110,326200
1574111,315000
1574116,100000
1574120,150000
1574129,861000
1574145,870000
1574146,413000
1574162,570500
1574190,550000
1574198,0
1574203,0
1574213,142000
1574234,400000
1574238,450000
1574249,542500
1574253,650000
1574261,182600
1574273,400000
1574284,400000
1574287,150000
1574294,0
1574301,0
1574302,68000
1574305,200000
1574316,0
1574318,360000
1574324,0
1574343,931000
1574351,564000
1574360,400000
1574362,450000
1574371,400000
1574375,980100
1574381,0
1574384,575000
1574395,327300
1574398,350000
1574408,400000
1574409,136200
1574412,450000
1574423,0
1574427,646500
1574441,600000
1574442,0
1574443,700000
1574446,750000
1574452,0
1574453,247500
1574454,564700
1574461,1507800
1574472,0
1574476,579000
1574477,600000
1574479,450000
1574488,400000
1574493,400000
1574494,0
1574499,699500
1574504,862000
1574505,150000
1574507,845000
1574509,560800
1574510,0
1574516,415000
1574519,570000
1574529,400000
1574540,830000
1574541,597000
1574544,441000
1574546,550000
1574547,785500
1574551,150000
1574552,770000
1574553,400000
1574558,400000
1574578,400000
1574580,571000
1574588,395000
1574589,400000
1574593,946800
1574594,0
1574595,350000
1574609,0
1574611,277600
1574613,150000
1574624,517000
1574628,480000
1574631,1100000
1574641,661000
1574642,400000
1574650,400000
1574664,669000
1574684,400000
1574692,400000
1574693,0
1574699,800000
1574702,150000
1574711,150000
1574715,325200
1574721,400000
1574722,0
1574723,400000
1574729,395000
1574733,400000
1574736,400000
1574739,150000
1574750,460000
1574753,327600
1574762,400000
1574768,376600
1574770,577800
1574773,324800
1574774,503900
1574783,491000
1574790,0
1574803,197000
1574804,400000
1574812,769400
1574818,150000
1574822,400000
1574825,350000
1574829,600000
1574838,710500
1574843,558500
1574846,400000
1574852,364100
1574853,400000
1574855,400000
1574863,400000
1574865,0
1574868,400000
1574870,150000
1574875,1951600
1574877,431000
1574887,381100
1574898,0
1574902,869500
1574911,0
1574913,400000
1574914,1820000
1574929,0
1574938,500000
1574944,381500
1574945,0
1574948,399500
1574951,638000
1574964,593000
1574968,300000
1574974,600000
1574983,700000
1574984,400000
1574986,0
1574991,400000
1575003,1587000
1575004,1018000
1575007,400000
1575028,2280500
1575032,826500
1575061,400000
1575062,0
1575064,400000
1575073,389000
1575076,590000
1575079,1650000
1575080,450000
1575091,329000
1575096,900200
1575097,500000
1575102,400000
1575111,150000
1575112,0
1575113,450000
1575117,412300
1575119,400000
1575139,951000
1575149,669000
1575153,400000
1575156,0
1575158,940000
1575159,400000
1575161,0
1575162,410800
1575163,400000
1575173,400000
1575178,450000
1575189,669500
1575214,389600
1575215,0
1575219,150000
1575226,422000
1575234,602500
1575244,550000
1575248,200000
1575266,0
1575269,0
1575274,700000
1575287,0
1575291,500000
1575314,1518000
1575330,400000
1575332,590000
1575336,350000
1575349,400000
1575350,550000
1575352,550000
1575360,400000
1575365,569000
1575368,0
1575395,160000
1575399,400000
1575406,0
1575411,350000
1575413,400000
1575415,350000
1575423,650000
1575424,400000
1575427,350000
1575428,400000
1575430,0
1575432,400000
1575437,400000
1575461,542000
1575466,447700
1575468,0
1575478,140000
1575496,400000
1575525,115000
1575538,725000
1575557,400000
1575563,0
1575581,654000
1575583,1810000
1575586,400000
1575589,665000
1575595,437800
1575601,0
1575612,322400
1575621,350000
1575624,845500
1575641,0
1575643,0
1575652,567200
1575653,212400
1575656,361000
1575671,150000
1575673,602000
1575684,350000
1575692,345800
1575698,350000
1575710,0
1575714,470500
1575717,400000
1575718,0
1575732,0
1575736,350000
1575738,350000
1575740,15942800
1575747,0
1575750,150000
1575751,408600
1575759,399100
1575766,428800
1575769,657000
1575779,0
1575802,330800
1575803,400000
1575809,408500
1575811,426500
1575813,0
1575825,431000
1575828,0
1575832,350000
1575833,440000
1575834,0
1575843,0
1575854,396000
1575862,443600
1575870,0
1575879,114000
1575890,0
1575891,396400
1575894,0
1575899,554600
1575912,0
1575920,417500
1575927,615500
1575928,0
1575936,420000
1575954,9600
1575966,445500
1575973,592100
1575974,1023400
1575987,0
1575990,387000
1575993,431000
1576005,1020600
1576010,0
1576015,0
1576017,200000
1576019,496000
1576020,2658100
1576021,0
1576022,438200
1576031,350000
1576035,329000
1576042,400000
1576045,450000
1576049,780000
1576058,162500
1576062,1523100
1576068,350000
1576082,350000
1576090,433300
1576092,0
1576108,500000
1576109,422900
1576110,567600
1576114,388900
1576118,200000
1576129,417500
1576131,597300
1576135,478000
1576143,2448000
1576144,162500
1576151,792500
1576153,560000
1576154,649900
1576163,426300
1576167,647500
1576171,500000
1576173,0
1576174,417500
1576175,550000
1576181,336100
1576186,0
1576193,440000
1576194,613800
1576196,0
1576208,757000
1576210,853800
1576212,634300
1576222,450000
1576233,400000
1576235,500000
1576251,967000
1576255,315000
1576257,422000
1576258,590500
1576269,616000
1576273,0
1576277,379000
1576288,0
1576290,0
1576292,381500
1576310,332500
1576314,1007500
1576318,1033800
1576320,0
1576324,0
1576328,0
1576330,508600
1576331,350000
1576333,428800
1576334,315000
1576336,618000
1576341,350000
1576343,150000
1576344,0
1576366,275000
1576372,430000
1576377,600000
1576380,400000
1576385,450000
1576387,396400
1576393,638100
1576399,350000
1576400,89900
1576405,0
1576416,4750000
1576419,56000
1576427,529300
1576440,770000
1576441,150000
1576443,0
1576450,2000000
1576452,513500
1576453,408500
1576454,900700
1576455,0
1576462,361500
1576465,450000
1576471,734800
1576473,400000
1576482,450000
1576483,5487000
1576490,570000
1576492,5200000
1576499,0
1576500,413000
1576518,135000
1576524,0
1576532,413000
1576534,422000
1576544,320000
1576547,528000
1576555,382000
1576563,696500
1576565,758000
1576566,350000
1576573,417600
1576577,520300
1576584,0
1576586,2272000
1576588,346500
1576601,220000
1576605,600000
1576609,395000
1576610,350000
1576620,150000
1576636,450000
1576637,350000
1576642,90000
1576644,438600
1576645,377300
1576649,350000
1576658,350000
1576661,400000
1576663,0
1576668,535000
1576671,350000
1576687,0
1576694,1057000
1576698,789100
1576711,550000
1576712,450000
1576717,1368000
1576722,300000
1576733,1045000
1576736,1425000
1576741,350000
1576743,0
1576754,350000
1576761,592600
1576767,300000
1576769,300000
1576771,0
1576774,507200
1576781,350000
1576787,791000
1576789,409500
1576799,220000
1576800,734000
1576804,350000
1576812,431000
1576817,450000
1576825,350000
1576826,450000
1576834,2022300
1576835,0
1576837,0
1576852,785600
1576859,520000
1576863,800000
1576868,0
1576871,332500
1576883,811500
1576890,0
1576903,441500
1576907,350000
1576909,450000
1576910,0
1576922,556500
1576930,0
1576931,150000
1576932,342000
1576935,995800
1576939,385500
1576951,0
1576958,350000
1576960,450000
1576967,400000
1576970,422000
1576972,669600
1576974,602000
1576987,0
1576999,420200
1577007,0
1577014,465300
1577015,500000
1577016,330800
1577019,377500
1577024,0
1577029,500000
1577030,400000
1577034,0
1577043,0
1577044,446500
1577046,450000
1577052,0
1577053,150000
1577061,0
1577062,150000
1577072,745300
1577094,450000
1577113,395000
1577115,350000
1577128,0
1577137,389000
1577140,185900
1577143,374000
1577144,450000
1577147,395100
1577148,300000
1577151,377500
1577153,932000
1577154,500000
1577157,150000
1577162,350000
1577164,417500
1577177,4946000
1577187,330000
1577188,350000
1577193,450000
1577194,364600
1577199,0
1577203,350000
1577207,270000
1577208,0
1577209,168700
1577216,1500000
1577219,0
1577234,4100000
1577238,0
1577239,247500
1577240,424700
1577257,350000
1577261,381500
1577265,2192000
1577280,400000
1577296,350000
1577297,2747000
1577299,586000
1577305,309000
1577321,0
1577328,350000
1577330,580000
1577331,949500
1577332,591300
1577351,425500
1577354,350000
1577355,400000
1577364,500000
1577369,388500
1577371,346500
1577376,450000
1577377,0
1577386,442300
1577387,3597200
1577390,500000
1577392,440000
1577394,448100
1577402,395000
1577403,0
1577412,500000
1577416,500000
1577418,250000
1577424,0
1577442,528900
1577447,213400
1577459,93000
1577463,400000
1577466,450000
1577471,395000
1577472,382500
1577475,422000
1577488,450000
1577495,673700
1577498,100000
1577503,150000
1577506,263000
1577509,350000
1577513,441000
1577520,0
1577521,4300000
1577535,400000
1577559,900000
1577560,514500
1577563,408500
1577574,422000
1577590,280000
1577604,397800
1577606,0
1577607,571500
1577609,350000
1577621,350000
1577627,214000
1577632,600000
1577638,0
1577642,0
1577645,350000
1577656,0
1577667,890300
1577670,622800
1577671,600000
1577676,658100
1577681,150000
1577683,0
1577685,587000
1577687,450000
1577691,0
1577693,677000
1577695,762000
1577699,392800
1577708,350000
1577720,620000
1577722,350000
1577725,400000
1577737,404000
1577739,650000
1577744,908000
1577746,0
1577768,276000
1577775,509600
1577790,305200
1577800,144000
1577801,150000
1577806,450000
1577809,850000
1577819,702300
1577822,0
1577824,0
1577831,835200
1577849,0
1577851,450000
1577853,0
1577859,0
1577865,0
1577869,750000
1577877,389600
1577886,0
1577889,525000
1577896,721500
1577898,889900
1577900,0
1577910,0
1577918,0
1577920,469000
1577922,580000
1577924,300000
1577928,135000
1577932,787000
1577938,350000
1577939,350000
1577943,350000
1577946,949200
1577950,511300
1577955,563000
1577962,417500
1577963,350000
1577976,350000
1577980,0
1577983,350000
1577987,0
1577993,376100
1578000,350000
1578007,349000
1578017,0
1578019,339900
1578036,350000
1578069,100000
1578070,0
1578071,500000
1578074,802900
1578090,1895700
1578094,485000
1578097,0
1578099,400000
1578102,500000
1578103,567500
1578110,350000
1578112,400000
1578114,557600
1578115,500000
1578120,1197600
1578130,450000
1578131,400000
1578133,500000
1578137,2048000
1578139,1106000
1578141,500000
1578143,0
1578144,395000
1578145,28000
1578146,350000
1578152,297500
1578153,649300
1578161,350000
1578163,1609000
1578169,350000
1578171,426500
1578174,550900
1578182,518600
1578183,500000
1578186,389600
1578189,0
1578194,500000
1578197,750000
1578206,804500
1578209,400000
1578210,0
1578214,500000
1578215,500000
1578221,2400000
1578224,668900
1578229,500000
1578230,500000
1578234,0
1578244,0
1578245,450000
1578246,398100
1578250,500000
1578254,0
1578265,500000
1578272,350000
1578278,500000
1578280,300000
1578281,150000
1578287,330800
1578288,1779200
1578292,0
1578299,924000
1578300,408500
1578307,0
1578312,848600
1578315,154600
1578323,561500
1578326,0
1578329,404000
1578330,928000
1578337,450000
1578347,442300
1578350,200000
1578362,2196400
1578366,0
1578377,630000
1578378,297000
1578380,780000
1578381,0
1578383,507000
1578397,326600
1578401,0
1578402,791000
1578403,803400
1578408,324800
1578410,642800
1578420,0
1578423,525200
1578428,215000
1578435,324800
1578441,426500
1578443,350000
1578444,750300
1578446,0
1578447,0
1578448,649800
1578455,0
1578467,431000
1578471,382400
1578475,297000
1578486,450000
1578492,500000
1578501,380200
1578508,492000
1578509,40000
1578517,1002500
1578520,342000
1578524,1024200
1578525,350000
1578528,1884000
1578534,329000
1578544,325500
1578545,369000
1578547,0
1578549,14400
1578551,350000
1578555,0
1578562,0
1578564,325500
1578571,620700
1578577,0
1578578,378000
1578582,350000
1578598,517500
1578607,0
1578608,394000
1578618,450000
1578620,714000
1578641,150000
1578648,559500
1578649,936500
1578652,315000
1578653,417500
1578656,0
1578665,0
1578671,150000
1578681,315000
1578685,2555000
1578688,436000
1578698,406500
1578701,285000
1578707,550000
1578715,460000
1578720,500000
1578740,463500
1578750,431000
1578751,501000
1578753,0
1578757,2811600
1578762,1115000
1578763,114000
1578765,419300
1578769,461100
1578771,0
1578786,150000
1578792,0
1578801,0
1578810,350000
1578813,1108500
1578818,1646100
1578819,350000
1578820,450000
1578825,500000
1578826,350000
1578830,567500
1578833,432500
1578834,0
1578836,513000
1578843,397200
1578846,408100
1578847,346500
1578853,334100
1578860,550000
1578864,838500
1578869,485000
1578873,417500
1578879,1188200
1578884,120000
1578886,336500
1578889,0
1578893,776000
1578894,443000
1578896,0
1578898,334700
1578899,450000
1578903,150000
1578906,350000
1578907,1643800
1578917,485000
1578919,350000
1578926,475800
1578927,350000
1578932,443000
1578933,694800
1578941,480500
1578952,0
1578955,500000
1578966,450000
1578967,350000
1578975,450600
1578980,556000
1578988,395900
1578991,0
1578992,550000
1578993,181200
1579000,531000
1579001,433300
1579004,500000
1579007,394600
1579008,590000
1579010,350000
1579014,0
1579020,742500
1579024,0
1579026,450000
1579039,500000
1579052,425200
1579057,400000
1579062,404500
1579063,1581800
1579076,431000
1579084,417500
1579085,0
1579086,439600
1579088,350000
1579089,450000
1579098,350000
1579099,399500
1579103,150000
1579112,943200
1579118,350000
1579123,410800
1579131,689500
1579134,337500
1579146,0
1579148,674400
1579149,939500
1579150,4890000
1579151,350000
1579157,527000
1579160,417500
1579161,400000
1579163,449000
1579165,536000
1579167,350000
1579173,441900
1579174,696400
1579175,317500
1579181,413000
1579182,435500
1579200,400000
1579210,800000
1579215,350000
1579229,680100
1579231,516700
1579232,350000
1579234,315000
1579252,418700
1579253,649600
1579261,0
1579268,328300
1579275,417500
1579287,426500
1579289,350000
1579292,4800000
1579296,455600
1579299,0
1579313,5840000
1579314,1043600
1579320,0
1579321,0
1579332,0
1579350,1745900
1579352,259600
1579354,550000
1579364,828800
1579384,0
1579385,537600
1579391,200000
1579394,0
1579413,480000
1579424,798000
1579426,517100
1579456,0
1579461,594800
1579463,350000
1579466,0
1579476,502300
1579477,0
1579498,609200
1579518,350000
1579522,0
1579529,0
1579539,350000
1579545,350000
1579552,200000
1579553,431000
1579555,0
1579560,350000
1579568,0
1579582,410800
1579591,570000
1579597,300000
1579610,673500
1579620,443700
1579623,0
1579624,150000
1579650,412100
1579651,0
1579658,500000
1579659,0
1579664,150000
1579673,0
1579683,1457300
1579690,0
1579694,150000
1579696,383800
1579711,145500
1579713,315000
1579718,0
1579721,382000
1579724,456000
1579725,857100
1579726,377300
1579728,894400
1579731,400000
1579733,0
1579739,150000
1579740,656000
1579744,350000
1579746,350000
1579755,500000
1579756,0
1579765,838500
1579771,350000
1579774,428400
1579775,399500
1579781,350000
1579782,0
1579787,150000
1579788,350000
1579796,1474800
1579798,0
1579799,836600
1579804,0
1579805,0
1579808,320000
1579809,374500
1579811,350000
1579819,447700
1579820,0
1579834,300000
1579836,600000
1579847,346500
1579853,450000
1579855,660000
1579862,150000
1579878,0
1579887,395000
1579892,526000
1579899,150000
1579911,400000
1579919,350000
1579921,0
1579930,350000
1579938,0
1579942,100000
1579950,350000
1579963,424300
1579967,1250000
1579968,150000
1579974,350000
1579975,450000
1579986,360000
1579988,0
1579992,0
1579993,400000
1579998,389300
1580004,315000
1580007,258000
1580024,400000
1580028,1170700
1580035,406300
1580039,0
1580040,0
1580041,150000
1580048,350000
1580058,559900
1580060,800000
1580070,350000
1580072,0
1580077,450000
1580080,2000
1580083,567600
1580084,300000
1580085,350000
1580089,80000
1580090,728300
1580093,417500
1580098,0
1580100,150000
1580103,350000
1580112,355700
1580118,630800
1580119,449800
1580120,413300
1580123,450000
1580127,150000
1580128,350000
1580130,550000
1580135,745000
1580139,450000
1580143,366000
1580144,548900
1580146,0
1580149,180000
1580151,0
1580154,0
1580162,0
1580163,576000
1580171,0
1580177,0
1580183,1642000
1580185,325000
1580193,387600
1580199,997800
1580200,0
1580201,418500
1580209,679700
1580210,381000
1580225,598600
1580228,150000
1580233,385800
1580243,300000
1580251,0
1580252,350000
1580266,0
1580269,369000
1580276,350000
1580286,1195000
1580288,387000
1580292,345800
1580293,385300
1580296,150000
1580300,1661500
1580301,348100
1580303,1690800
1580307,525000
1580308,795700
1580318,1895700
1580320,0
1580325,350000
1580331,350000
1580333,400000
1580336,150000
1580337,350000
1580342,0
1580347,450000
1580348,0
1580353,387900
1580357,350000
1580359,378000
1580362,491300
1580374,432500
1580380,150000
1580381,350000
1580389,435500
1580393,422000
1580396,0
1580399,500000
1580407,380000
1580409,0
1580413,800000
1580417,350000
1580421,441000
1580423,569800
1580424,150000
1580426,420300
1580429,150000
1580439,0
1580446,650000
1580455,1087500
1580456,521000
1580466,82000
1580470,115000
1580474,350000
1580476,150000
1580479,1375000
1580481,150000
1580483,0
1580493,150000
1580496,700000
1580500,0
1580502,315000
1580504,413400
1580506,0
1580509,150000
1580510,350000
1580512,1165000
1580514,150000
1580524,140000
1580529,450000
1580531,350000
1580532,538500
1580537,650000
1580552,266400
1580553,294000
1580554,0
1580561,400000
1580563,76000
1580566,659000
1580571,350000
1580593,864000
1580595,450000
1580597,575000
1580598,0
1580603,455000
1580604,485000
1580605,800000
1580616,400000
1580618,0
1580628,813000
1580631,400000
1580632,0
1580643,533000
1580644,85000
1580648,930000
1580651,598600
1580657,0
1580660,400000
1580667,403500
1580675,600000
1580681,400000
1580687,0
1580698,399000
1580703,734000
1580709,350000
1580711,390500
1580715,936000
1580728,350000
1580743,792500
1580744,350000
1580755,383800
1580756,600000
1580758,350000
1580760,550000
1580767,350000
1580774,0
1580780,750000
1580782,0
1580785,600000
1580798,424300
1580806,440000
1580807,399500
1580811,350000
1580814,400000
1580815,554000
1580816,150000
1580818,389300
1580819,150000
1580822,350000
1580829,349700
1580836,400000
1580846,0
1580848,0
1580854,928800
1580858,500000
1580864,614500
1580865,996400
1580868,678000
1580871,525900
1580873,128000
1580876,487500
1580891,500000
1580892,814900
1580893,490000
1580894,395500
1580897,570000
1580898,450000
1580899,100000
1580906,417500
1580918,590000
1580927,395000
1580928,2227500
1580929,150000
1580931,650000
1580933,350000
1580946,833000
1580952,0
1580953,0
1580959,493900
1580960,350000
1580965,350000
1580969,350000
1580970,400000
1580984,350000
1580985,150000
1580993,391500
1580996,400000
1580998,0
1581001,517500
1581002,820000
1581006,419300
1581008,450000
1581014,429000
1581015,450000
1581021,215000
1581023,542500
1581024,350000
1581025,400000
1581026,415300
1581028,2249000
1581029,391500
1581034,840000
1581039,106000
1581040,400000
1581048,326500
1581055,350000
1581059,149000
1581062,435500
1581064,0
1581070,360300
1581073,650000
1581086,0
1581091,350000
1581097,318500
1581098,0
1581099,0
1581101,545800
1581102,391500
1581108,738300
1581121,0
1581132,656600
1581133,642500
1581143,165000
1581149,391500
1581151,600000
1581157,660000
1581160,590000
1581163,0
1581165,342000
1581172,424900
1581173,350000
1581177,1622500
1581178,550000
1581185,0
1581188,350000
1581199,397700
1581200,200000
1581202,350000
1581205,339600
1581208,0
1581210,350000
1581216,391500
1581217,774900
1581221,0
1581228,567500
1581233,526700
1581238,430800
1581245,407200
1581246,1742000
1581251,350000
1581253,0
1581255,391500
1581257,0
1581263,2222500
1581264,0
1581267,790000
1581278,0
1581281,667100
1581283,1041500
1581287,450000
1581292,594800
1581299,450000
1581300,0
1581305,0
1581314,403000
1581315,900000
1581317,0
1581319,550000
1581322,350000
1581326,424900
1581333,458000
1581342,482900
1581344,349300
1581354,399500
1581357,350000
1581359,418900
1581362,1073600
1581369,396000
1581373,425600
1581377,0
1581382,0
1581383,502000
1581389,150000
1581391,0
1581395,0
1581403,417500
1581411,200000
1581418,550000
1581426,485000
1581432,0
1581440,532400
1581445,0
1581446,450000
1581454,393300
1581455,625500
1581457,437000
1581467,718000
1581474,600000
1581479,521400
1581480,950000
1581484,0
1581488,474500
1581490,450000
1581492,574000
1581496,400000
1581499,545000
1581500,150000
1581505,450000
1581506,350000
1581508,0
1581510,427700
1581516,485000
1581517,350000
1581521,450000
1581523,560300
1581524,450000
1581526,0
1581528,490000
1581529,400000
1581530,450000
1581532,350000
1581535,638500
1581545,1019500
1581553,0
1581557,650000
1581559,350000
1581561,1240200
1581565,0
1581567,417500
1581579,150000
1581583,959300
1581586,408500
1581589,400000
1581592,350000
1581602,805000
1581604,578000
1581608,407600
1581616,350000
1581617,450000
1581622,510000
1581625,551500
1581628,450000
1581641,600000
1581643,415500
1581646,350000
1581672,280000
1581673,340000
1581681,407100
1581683,576300
1581685,350000
1581686,540000
1581696,0
1581697,150000
1581718,0
1581719,307500
1581720,530000
1581722,800000
1581728,389000
1581729,450000
1581737,337500
1581739,563100
1581740,743600
1581742,527000
1581746,417500
1581749,417500
1581753,1219500
1581756,350000
1581762,0
1581763,350000
1581768,150000
1581771,735000
1581779,646700
1581780,400000
1581783,300000
1581788,431000
1581789,444500
1581793,717500
1581811,443600
1581820,400000
1581826,915400
1581827,395500
1581834,399500
1581846,450000
1581853,0
1581856,350000
1581861,345800
1581865,0
1581866,312500
1581872,540000
1581875,567500
1581881,395000
1581882,600000
1581884,178000
1581891,0
1581903,400000
1581905,169000
1581907,150000
1581922,400000
1581924,685000
1581938,288400
1581940,866000
1581941,369000
1581947,350000
1581950,626100
1581951,400000
1581952,700000
1581960,350000
1581961,417000
1581966,322500
1581972,200000
1581976,0
1581980,490000
1581982,1287000
1581984,0
1581990,1015800
1582006,200000
1582011,285300
1582015,384600
1582025,350000
1582028,339200
1582033,0
1582036,300000
1582038,582600
1582039,797600
1582040,339500
1582046,150000
1582069,3178400
1582084,458000
1582089,682200
1582102,395800
1582104,530000
1582106,511500
1582118,424300
1582128,350000
1582135,446800
1582139,417500
1582144,500000
1582149,348300
1582150,1065800
1582164,0
1582166,603800
1582172,0
1582175,0
1582181,215300
1582182,400000
1582190,315000
1582198,444500
1582203,661300
1582211,250000
1582214,417500
1582218,0
1582221,409300
1582229,585100
1582232,0
1582233,550000
1582245,400000
1582255,450000
1582258,1144300
1582267,0
1582268,850400
1582278,542000
1582282,661300
1582292,237500
1582297,300000
1582303,318500
1582306,500000
1582309,1690000
1582321,705900
1582322,0
1582323,350000
1582327,545000
1582332,35700
1582353,349300
1582369,400000
1582374,800000
1582379,0
1582387,400000
1582395,0
1582403,450000
1582404,0
1582405,840000
1582406,400000
1582410,455800
1582414,350000
1582422,350000
1582428,1290000
1582449,500000
1582457,350000
1582470,511300
1582477,449700
1582489,0
1582492,600000
1582493,550000
1582494,1800000
1582499,446200
1582505,400000
1582510,400000
1582514,2000000
1582523,400000
1582524,500000
1582531,400000
1582534,4000000
1582537,1665000
1582552,400000
1582560,400000
1582563,550000
1582575,4000000
1582576,400000
1582584,0
1582590,550000
1582591,450000
1582601,599000
1582605,166100
1582608,506000
1582609,601300
1582631,400000
1582632,0
1582653,800000
1582660,0
1582662,445000
1582666,170000
1582672,2000000
1582675,930000
1582680,150000
1582685,162000
1582697,400000
1582706,422000
1582717,0
1582719,0
1582725,0
1582731,110000
1582734,0
1582737,2000000
1582738,400000
1582757,0
1582766,400000
1582779,575000
1582781,0
1582783,449100
1582792,140000
1582793,3996400
1582797,837500
1582812,4000000
1582813,448100
1582815,0
1582822,400000
1582829,4000000
1582832,568800
1582834,350000
1582837,0
1582853,0
1582869,559900
1582873,400000
1582875,360000
1582879,350000
1582893,556900
1582896,800000
1582897,500000
1582899,900000
1582908,434000
1582916,2000000
1582921,400000
1582922,0
1582924,305000
1582928,450000
1582944,0
1582950,400000
1582951,550000
1582953,315000
1582957,417500
1582960,350000
1582977,920700
1582988,450000
1582992,3142000
1582994,400000
1582995,284000
1582997,389000
1583000,350000
1583005,199000
1583009,500000
1583011,0
1583012,0
1583018,339800
1583019,400000
1583020,400000
1583037,432500
1583042,400000
1583046,350000
1583053,0
1583068,0
1583073,150000
1583098,630000
1583114,540000
1583124,350000
1583126,346500
1583131,0
1583132,0
1583134,636500
1583136,622600
1583149,650000
1583154,0
1583160,0
1583165,350000
1583170,400000
1583177,0
1583178,64000
1583180,703600
1583181,0
1583183,0
1583194,528800
1583208,400000
1583216,216000
1583220,155000
1583223,685000
1583252,500000
1583254,400000
1583256,450000
1583278,600000
1583284,830700
1583287,601700
1583292,487800
1583304,450000
1583310,0
1583317,380200
1583328,550000
1583336,400000
1583346,885500
1583349,600000
1583370,0
1583372,964800
1583385,0
1583393,875000
1583399,350000
1583404,477500
1583418,373000
1583423,850000
1583425,400000
1583433,469500
1583435,350000
1583448,0
1583460,450000
1583465,751000
1583472,450000
1583485,454000
1583489,550000
1583496,382600
1583497,350000
1583503,0
1583508,0
1583517,400000
1583523,200000
1583525,0
1583532,400000
1583535,350000
1583539,350000
1583542,0
1583548,450000
1583549,400000
1583556,0
1583561,150000
1583579,432500
1583588,377000
1583596,287000
1583604,350000
1583605,205600
1583608,355500
1583612,350000
1583617,0
1583623,400000
1583629,350000
1583634,0
1583641,325000
1583648,0
1583652,0
1583654,400000
1583658,600000
1583662,400000
1583665,432000
1583670,150000
1583672,400000
1583681,535000
1583685,373200
1583690,600000
1583694,449400
1583698,0
1583706,550000
1583713,0
1583722,400000
1583725,550000
1583728,350000
1583735,500000
1583758,400000
1583759,355500
1583760,1617000
1583767,0
1583772,690000
1583778,128600
1583788,0
1583789,338400
1583820,0
1583831,400000
1583845,350000
1583847,839800
1583857,225000
1583861,150000
1583864,400000
1583874,400000
1583876,550000
1583880,674000
1583881,0
1583893,399500
1583913,184000
1583922,3754900
1583927,400000
1583928,1295000
1583941,842600
1583955,350000
1583956,350000
1583966,300000
1583972,400000
1583994,400000
1584000,0
1584004,0
1584011,500000
1584018,694200
1584039,929200
1584040,0
1584045,150000
1584051,400000
1584060,3080700
1584062,0
1584066,550000
1584067,513200
1584086,0
1584090,400000
1584098,592500
1584102,0
1584105,108500
1584115,400000
1584120,600000
1584123,400000
1584126,374500
1584127,400000
1584128,625500
1584129,0
1584148,400000
1584156,450000
1584159,675000
1584170,0
1584179,1920000
1584182,0
1584187,480000
1584202,569000
1584203,450000
1584211,247000
1584234,350000
1584256,0
1584274,829000
1584300,389000
1584309,0
1584328,339500
1584333,725200
1584377,1149300
1584385,0
1584386,0
1584388,0
1584407,0
1584418,350000
1584420,390500
1584421,236900
1584426,0
1584431,0
1584459,450000
1584467,350000
1584478,402000
1584481,410900
1584486,417500
1584490,168500
1584495,643500
1584508,0
1584509,344900
1584515,0
1584517,350000
1584524,0
1584525,150000
1584528,350000
1584537,1113000
1584538,200000
1584545,350000
1584547,0
1584548,0
1584557,0
1584558,0
1584567,350000
1584569,2165000
1584570,600000
1584576,500000
1584597,450000
1584598,440000
1584600,0
1584601,350000
1584612,350000
1584616,401800
1584635,415000
1584639,450000
1584647,0
1584648,335500
1584650,0
1584665,1787000
1584677,150000
1584687,1694200
1584689,363300
1584697,521500
1584704,0
1584708,350000
1584710,0
1584713,150000
1584724,521000
1584732,587000
1584738,450000
1584741,850000
1584743,0
1584746,449000
1584750,258000
1584756,100000
1584762,0
1584765,1150000
1584771,0
1584773,350000
1584785,0
1584790,771500
1584793,147800
1584798,700000
1584804,1359200
1584806,315000
1584814,0
1584815,964100
1584821,350000
1584828,420800
1584843,370200
1584844,1247700
1584851,427000
1584854,350000
1584860,23200
1584864,417500
1584871,1403100
1584874,187500
1584876,350000
1584889,287000
1584893,450000
1584894,0
1584901,350000
1584904,350000
1584905,431000
1584912,690900
1584914,500000
1584915,1394200
1584916,528200
1584922,350000
1584924,535000
1584925,598200
1584945,3203800
1584950,381500
1584952,450000
1584953,0
1584954,0
1584961,315000
1584962,350000
1584964,0
1584967,0
1584974,350000
1584981,442700
1584983,424000
1584993,0
1585001,422000
1585004,318500
1585006,422000
1585011,333900
1585012,447200
1585013,474000
1585015,401600
1585019,645400
1585020,781000
1585048,465000
1585055,0
1585056,348000
1585060,0
1585063,1194500
1585076,505000
1585088,350000
1585100,620000
1585104,350000
1585112,350000
1585123,150000
1585125,59200
1585134,0
1585136,150000
1585145,400000
1585153,417500
1585167,150000
1585170,570000
1585175,0
1585178,500000
1585179,350000
1585185,350000
1585186,368500
1585194,569700
1585197,437800
1585203,0
1585204,484500
1585205,0
1585207,500000
1585212,452500
1585218,239000
1585222,360000
1585227,372400
1585230,0
1585236,350000
1585240,421100
1585244,433300
1585246,400000
1585247,417500
1585249,0
1585251,150000
1585252,350000
1585260,445000
1585262,0
1585267,521000
1585270,368400
1585274,0
1585275,476700
1585284,0
1585286,386000
1585287,400000
1585289,497500
1585290,0
1585291,663500
1585300,294000
1585304,206200
1585307,368200
1585311,510700
1585312,0
1585325,500000
1585327,0
1585328,550000
1585343,496100
1585347,0
1585349,435500
1585350,408600
1585351,200000
1585365,116000
1585370,0
1585374,0
1585375,1215000
1585386,366000
1585387,765100
1585388,440000
1585389,0
1585390,500000
1585391,350000
1585392,0
1585393,400000
1585404,147000
1585414,500000
1585426,819300
1585428,450000
1585433,0
1585442,0
1585446,350000
1585448,349800
1585457,900000
1585465,294000
1585468,350000
1585478,338200
1585494,0
1585496,413900
1585498,400000
1585501,140000
1585504,315000
1585506,350000
1585510,394000
1585526,763000
1585528,972100
1585531,150000
1585532,294000
1585534,450000
1585538,400000
1585540,531700
1585543,450500
1585544,350000
1585548,350000
1585552,110000
1585553,350000
1585558,531500
1585563,446800
1585570,408600
1585572,0
1585573,150000
1585576,350000
1585577,347500
1585584,450000
1585593,450000
1585595,377500
1585600,450000
1585603,0
1585606,350000
1585609,0
1585610,424300
1585616,450000
1585619,457100
1585620,587800
1585624,1009500
1585625,1289000
1585655,142100
1585664,294000
1585665,332500
1585666,499300
1585672,795600
1585679,350000
1585692,150000
1585693,400400
1585700,350000
1585710,0
1585716,0
1585721,350000
1585729,350000
1585732,0
1585735,550000
1585737,447200
1585748,0
1585749,661300
1585751,450000
1585757,350000
1585758,0
1585789,422000
1585791,350000
1585800,118000
1585802,403800
1585810,450000
1585815,345800
1585817,442300
1585819,337800
1585828,0
1585831,315000
1585834,450000
1585840,0
1585859,294000
1585863,711800
1585868,504500
1585874,0
1585880,555000
1585882,215800
1585886,421500
1585888,0
1585890,435500
1585891,0
1585892,444500
1585897,250000
1585914,0
1585918,300000
1585944,150000
1585949,777400
1585956,886300
1585958,350000
1585960,650000
1585972,450000
1585975,753000
1585982,0
1586000,150000
1586001,0
1586015,395000
1586017,600000
1586018,150000
1586025,294000
1586027,415000
1586029,1848500
1586035,383300
1586040,1117000
1586041,650000
1586042,416600
1586044,747000
1586051,150000
1586069,450000
1586078,404000
1586086,0
1586090,1243400
1586091,2357200
1586093,342300
1586103,0
1586113,0
1586116,315000
1586117,188000
1586119,642000
1586126,567000
1586127,433300
1586130,570500
1586133,0
1586135,0
1586137,500000
1586140,605000
1586141,350000
1586142,0
1586143,396000
1586150,297500
1586153,554000
1586156,0
1586157,411800
1586161,749000
1586166,398800
1586167,165700
1586172,139000
1586175,450000
1586177,515400
1586186,350000
1586190,294000
1586191,0
1586202,0
1586207,429200
1586216,403600
1586220,1305000
1586226,444500
1586228,398600
1586230,0
1586231,500000
1586234,400400
1586240,449000
1586244,422000
1586251,0
1586257,433300
1586258,0
1586262,387000
1586271,287500
1586274,545000
1586282,450000
1586289,500000
1586298,410800
1586300,350000
1586302,378200
1586311,439800
1586316,596500
1586321,250000
1586324,397300
1586335,450000
1586339,352000
1586346,442400
1586349,650000
1586352,431000
1586358,0
1586359,225000
1586366,294000
1586367,417500
1586370,1706000
1586372,0
1586375,139000
1586380,205000
1586409,0
1586428,355500
1586432,300000
1586433,755000
1586435,1593200
1586436,2506700
1586440,480000
1586444,420200
1586450,350000
1586453,315000
1586457,0
1586458,650000
1586459,250000
1586460,450000
1586461,350000
1586462,0
1586463,350000
1586467,0
1586480,469000
1586490,0
1586494,495900
1586499,245000
1586501,280400
1586506,1232800
1586516,400000
1586518,1831400
1586524,140000
1586538,0
1586539,360300
1586547,350000
1586551,350000
1586555,449000
1586559,495800
1586560,384200
1586561,150000
1586563,428800
1586567,0
1586577,150000
1586592,0
1586593,514000
1586599,0
1586606,426500
1586610,429000
1586618,397300
1586621,0
1586624,150000
1586627,0
1586628,665000
1586633,350000
1586634,350000
1586649,349900
1586651,670000
1586675,350000
1586676,450000
1586679,450000
1586684,0
1586689,0
1586694,729100
1586702,0
1586705,0
1586710,420100
1586713,150000
1586722,344800
1586723,350000
1586724,482000
1586726,1025500
1586731,400000
1586732,0
1586733,423800
1586751,1690000
1586758,0
1586764,499700
1586769,350000
1586775,417500
1586779,554500
1586781,1885000
1586787,0
1586788,363100
1586789,0
1586790,2071800
1586793,1748000
1586794,350000
1586805,200000
1586806,563000
1586820,223000
1586827,0
1586829,1330100
1586847,497200
1586848,1677600
1586850,350000
1586852,1191600
1586855,350000
1586856,322000
1586858,0
1586863,317200
1586865,350000
1586869,0
1586870,110000
1586871,259800
1586882,0
1586886,443600
1586893,450000
1586904,150000
1586908,1875800
1586910,0
1586912,150000
1586917,0
1586932,0
1586947,540700
1586959,347500
1586960,361500
1586961,407100
1586973,450000
1586978,293900
1586986,0
1586990,0
1586994,750000
1586996,0
1586998,426800
1587003,381900
1587008,1421100
1587009,423400
1587014,525600
1587015,200000
1587018,0
1587021,0
1587026,450000
1587028,350000
1587031,693000
1587040,0
1587047,700000
1587053,0
1587065,0
1587068,0
1587069,837500
1587079,0
1587085,444500
1587088,750000
1587089,150000
1587090,150000
1587092,0
1587093,534200
1587094,400000
1587097,400000
1587105,350000
1587116,0
1587117,420700
1587133,629700
1587136,0
1587146,280000
1587166,417500
1587167,0
1587169,1263500
1587171,350000
1587172,444500
1587176,800000
1587181,513500
1587189,389200
1587205,0
1587206,586000
1587208,298000
1587214,429200
1587226,294000
1587229,413900
1587232,0
1587237,0
1587238,350000
1587240,346500
1587243,670700
1587249,550000
1587275,0
1587284,450000
1587286,600000
1587291,391600
1587292,500000
1587293,941000
1587295,455000
1587297,24000
1587301,417000
1587309,300000
1587311,411500
1587316,611800
1587318,350000
1587320,450000
1587325,661300
1587330,1384800
1587336,150000
1587345,0
1587347,250000
1587353,350000
1587378,800000
1587381,350000
1587384,568500
1587386,746000
1587387,0
1587388,150000
1587391,401000
1587397,450000
1587401,1100000
1587403,0
1587404,150000
1587407,150000
1587414,500000
1587417,413900
1587418,150000
1587425,433300
1587426,150000
1587437,1403000
1587449,705000
1587465,563000
1587485,450000
1587487,404000
1587493,1059000
1587496,0
1587499,450000
1587504,450000
1587506,0
1587514,150000
1587521,391000
1587524,1531700
1587525,450000
1587527,516400
1587531,350000
1587532,0
1587537,0
1587539,0
1587546,332500
1587549,362500
1587551,446500
1587552,410500
1587556,303600
1587557,447000
1587558,350000
1587565,450000
1587578,0
1587580,600000
1587581,417500
1587583,346500
1587601,535500
1587603,350000
1587606,613000
1587608,2755500
1587617,504700
1587618,383300
1587627,450000
1587630,348100
1587646,190000
1587651,584000
1587655,1230600
1587659,350000
1587662,300000
1587664,923800
1587666,350000
1587668,350000
1587669,150000
1587671,909300
1587675,523800
1587676,8874400
1587682,500000
1587694,150000
1587698,600000
1587701,2288800
1587702,417500
1587710,0
1587713,698000
1587715,0
1587716,120000
1587727,500000
1587729,553000
1587732,0
1587748,532200
1587761,599000
1587765,210100
1587767,500000
1587774,0
1587777,450000
1587779,0
1587780,500000
1587783,428800
1587784,670000
1587787,415000
1587788,590000
1587795,150000
1587805,350000
1587806,167500
1587812,416600
1587814,350000
1587815,385000
1587817,408100
1587818,386000
1587819,500000
1587820,350000
1587827,417500
1587830,500000
1587831,2738600
1587837,350000
1587840,400000
1587849,0
1587854,350000
1587856,440000
1587857,350000
1587863,346200
1587870,0
1587871,441300
1587874,150000
1587876,0
1587877,416200
1587885,150000
1587886,350000
1587887,0
1587897,448000
1587898,900000
1587901,500000
1587902,0
1587903,350000
1587904,626800
1587907,300000
1587908,0
1587937,718000
1587948,450000
1587953,689300
1587968,622300
1587982,613100
1587986,315000
1587998,610300
1587999,105000
1588001,347400
1588004,558600
1588006,300000
1588007,0
1588009,450000
1588016,618900
1588028,601200
1588032,120000
1588033,550000
1588041,350000
1588043,594200
1588044,0
1588045,1006400
1588059,1084000
1588060,0
1588067,699600
1588069,706300
1588070,850000
1588071,408100
1588080,350000
1588081,594200
1588089,417500
1588090,397000
1588093,350000
1588094,570000
1588096,950000
1588097,692300
1588103,350000
1588111,596600
1588118,315000
1588119,0
1588122,1573900
1588125,570000
1588126,588000
1588132,315000
1588136,589600
1588137,553800
1588145,0
1588147,834500
1588149,572000
1588152,0
1588154,593600
1588159,350000
1588161,595000
1588162,855000
1588168,350000
1588169,593100
1588172,0
1588182,629500
1588184,150000
1588185,450000
1588186,120000
1588192,400400
1588193,0
1588204,150000
1588210,209700
1588211,459000
1588213,150000
1588215,0
1588217,840100
1588218,2059800
1588223,574400
1588224,297500
1588233,395000
1588234,140000
1588242,450000
1588252,600000
1588264,37800
1588270,140000
1588275,0
1588280,538000
1588282,450000
1588303,529100
1588313,300000
1588314,0
1588316,450000
1588321,0
1588324,868800
1588328,0
1588330,350000
1588332,345800
1588336,150000
1588348,350000
1588354,998000
1588356,0
1588373,400000
1588379,1539200
1588381,0
1588382,800000
1588387,750000
1588388,150000
1588402,434600
1588411,315000
1588412,850000
1588414,450000
1588415,150000
1588417,300000
1588419,576500
1588422,999600
1588424,530000
1588430,450000
1588434,364500
1588439,800000
1588441,350000
1588445,400000
1588450,1233200
1588453,600000
1588454,1107300
1588466,350000
1588468,345000
1588471,704000
1588472,518000
1588473,417500
1588474,120000
1588481,600000
1588485,723800
1588491,345200
1588492,542000
1588494,1891000
1588499,400000
1588502,450000
1588511,99500
1588517,150000
1588521,0
1588525,0
1588526,450000
1588534,150000
1588535,0
1588536,410800
1588541,150000
1588549,1029000
1588551,600000
1588556,403100
1588558,500000
1588565,350000
1588570,350000
1588572,247000
1588581,380400
1588584,350000
1588585,0
1588602,660200
1588609,0
1588611,350000
1588616,0
1588617,649000
1588624,0
1588628,150000
1588630,450000
1588639,150000
1588644,350000
1588646,0
1588651,0
1588657,0
1588663,150000
1588671,400000
1588672,388500
1588674,0
1588675,0
1588677,417500
1588681,750000
1588683,350000
1588691,450000
1588693,421100
1588694,400000
1588697,524000
1588700,1134500
1588701,450000
1588710,350000
1588723,6010000
1588726,346500
1588727,863200
1588728,699100
1588729,240000
1588736,592000
1588738,419800
1588744,450000
1588746,305000
1588747,897200
1588762,0
1588763,146900
1588766,350000
1588767,550000
1588770,600000
1588776,528500
1588795,381500
1588796,350000
1588797,800000
1588799,405200
1588803,706000
1588823,150000
1588833,417500
1588835,440000
1588843,450000
1588850,0
1588855,540500
1588863,940000
1588873,910000
1588878,393300
1588881,350000
1588884,0
1588887,6000000
1588888,820000
1588889,350000
1588893,150000
1588897,450000
1588900,1384300
1588908,400000
1588910,738500
1588911,450000
1588913,1404000
1588915,344800
1588916,821000
1588921,450000
1588926,0
1588929,304500
1588933,0
1588935,334800
1588939,532600
1588941,154600
1588949,561500
1588950,800000
1588960,1208300
1588966,535000
1588975,454000
1588977,0
1588980,532500
1588989,0
1588991,549300
1588999,450000
1589001,450000
1589005,398700
1589007,774300
1589012,700000
1589013,350000
1589014,350000
1589020,0
1589022,454000
1589037,542000
1589038,527000
1589051,0
1589053,447400
1589054,350000
1589058,0
1589060,450000
1589061,399100
1589069,350000
1589071,0
1589072,350000
1589074,528000
1589076,584000
1589077,112500
1589081,435500
1589084,0
1589085,0
1589089,0
1589094,420400
1589098,611300
1589106,446800
1589115,400000
1589120,500000
1589124,150000
1589129,201000
1589130,350000
1589138,400000
1589143,350000
1589146,980000
1589148,950000
1589153,0
1589158,350000
1589159,350000
1589160,0
1589161,450000
1589169,350000
1589180,371900
1589184,692200
1589185,0
1589190,380200
1589191,125000
1589192,430700
1589193,0
1589194,400000
1589201,350000
1589207,0
1589212,465000
1589218,399500
1589219,800000
1589222,529300
1589234,400000
1589235,350000
1589238,2609000
1589254,560000
1589257,306300
1589260,504500
1589262,408800
1589270,271300
1589272,750000
1589274,350000
1589284,395000
1589292,450000
1589298,334300
1589299,547300
1589303,350000
1589307,150000
1589309,1022000
1589312,0
1589319,419800
1589320,550000
1589340,350000
1589345,408500
1589348,538800
1589349,400000
1589352,130000
1589354,350000
1589362,450000
1589363,616800
1589364,380700
1589370,950000
1589372,736500
1589374,400000
1589378,39200
1589379,450000
1589382,311500
1589383,176900
1589385,0
1589387,409400
1589388,500000
1589401,3640000
1589406,381500
1589407,536000
1589408,0
1589412,667500
1589419,450000
1589421,346500
1589424,350000
1589425,400000
1589435,0
1589439,0
1589441,250000
1589443,540400
1589446,0
1589452,408600
1589453,650000
1589458,361500
1589459,761300
1589460,657200
1589465,150000
1589468,0
1589470,0
1589472,379100
1589482,0
1589483,0
1589486,697500
1589491,679300
1589499,0
1589507,759000
1589509,0
1589520,297500
1589523,150000
1589525,704600
1589527,650000
1589536,474500
1589537,350000
1589542,595000
1589547,402200
1589549,3340000
1589553,308000
1589567,0
1589579,550000
1589580,450000
1589582,342600
1589584,175000
1589588,0
1589589,447000
1589591,0
1589593,382400
1589599,0
1589615,150000
1589616,450000
1589617,150000
1589621,0
1589623,350000
1589628,450000
1589642,450000
1589643,150000
1589644,440000
1589648,480400
1589659,622000
1589661,587500
1589670,800000
1589675,0
1589676,537000
1589677,642000
1589688,417500
1589690,350000
1589698,93000
1589712,0
1589716,1013800
1589717,350000
1589720,0
1589721,349700
1589722,450000
1589725,332900
1589726,447000
1589736,374200
1589741,450000
1589742,500000
1589746,417500
1589747,0
1589750,533800
1589764,400000
1589767,330800
1589777,0
1589781,753400
1589783,486800
1589790,692000
1589793,350000
1589797,601600
1589799,428800
1589800,422900
1589804,350000
1589807,150000
1589814,150000
1589825,500000
1589826,377000
1589830,550000
1589832,0
1589834,418500
1589835,667800
1589837,355300
1589842,334500
1589844,883800
1589845,1692700
1589847,408500
1589851,363900
1589854,700000
1589858,358800
1589864,1341000
1589868,436300
1589881,500000
1589895,332500
1589900,150000
1589915,377100
1589916,336200
1589922,350000
1589925,942000
1589926,0
1589927,350000
1589929,0
1589931,483500
1589933,450000
1589937,840000
1589945,200000
1589946,386300
1589955,406300
1589956,382400
1589959,13600
1589961,1060200
1589966,1591500
1589968,1261500
1589971,500000
1589995,387900
1589996,600000
1589997,0
1590006,820000
1590007,511300
1590015,407000
1590017,371500
1590019,897000
1590021,341700
1590022,248000
1590023,120000
1590027,121000
1590029,600000
1590033,851000
1590034,500000
1590036,120000
1590038,519400
1590039,400000
1590040,687000
1590041,350000
1590043,0
1590052,971000
1590060,453300
1590061,374000
1590064,926500
1590073,928300
1590101,350000
1590102,3564300
1590124,350000
1590131,0
1590132,700000
1590139,0
1590146,570000
1590149,840000
1590150,753300
1590154,0
1590156,650000
1590165,100000
1590167,0
1590171,150000
1590178,350000
1590181,250000
1590184,480000
1590186,0
1590193,432500
1590197,564100
1590204,1045100
1590209,0
1590210,150000
1590211,0
1590225,390600
1590230,405000
1590236,332500
1590238,450000
1590239,0
1590243,620000
1590246,150000
1590247,0
1590250,1000000
1590253,0
1590255,0
1590264,500000
1590270,500000
1590275,450000
1590277,150000
1590278,350000
1590290,350000
1590291,638000
1590292,350000
1590293,300000
1590295,780000
1590301,350000
1590302,750000
1590304,2000000
1590307,150000
1590308,350000
1590310,350000
1590312,518000
1590320,1300000
1590321,365100
1590322,350000
1590326,0
1590329,0
1590331,628000
1590339,150000
1590343,350000
1590344,404000
1590348,474800
1590362,0
1590366,0
1590369,1140000
1590371,408000
1590373,350000
1590383,720000
1590384,416600
1590385,723000
1590397,715000
1590398,350000
1590402,474300
1590404,350000
1590406,530000
1590407,691800
1590408,0
1590410,150000
1590413,600000
1590414,0
1590418,450000
1590425,350000
1590431,143400
1590432,544200
1590435,145500
1590439,294000
1590441,350000
1590449,992000
1590451,393800
1590459,493800
1590460,374700
1590461,125000
1590462,350000
1590466,210000
1590468,140000
1590470,500000
1590476,350000
1590480,387700
1590482,518000
1590483,0
1590484,300000
1590490,400000
1590499,560500
1590502,424300
1590505,398600
1590506,0
1590508,0
1590521,350000
1590524,750000
1590528,0
1590531,0
1590535,0
1590537,450000
1590541,365100
1590547,0
1590549,350000
1590552,317800
1590553,564300
1590554,300000
1590562,150000
1590568,350000
1590570,150000
1590571,599700
1590573,350000
1590579,406300
1590581,560600
1590583,350000
1590584,500000
1590592,245000
1590601,650000
1590603,204600
1590610,522500
1590615,389600
1590639,582500
1590642,0
1590647,408500
1590648,300000
1590657,400000
1590659,0
1590671,0
1590673,0
1590683,350000
1590686,0
1590687,0
1590689,354600
1590697,410400
1590703,435500
1590707,408500
1590708,407200
1590712,395000
1590713,1215000
1590718,650000
1590719,0
1590728,0
1590729,500000
1590730,0
1590734,417500
1590737,518000
1590739,0
1590740,302500
1590741,250000
1590759,0
1590769,426100
1590771,578700
1590773,350000
1590782,585000
1590785,0
1590787,629200
1590797,400000
1590802,0
1590809,0
1590810,398600
1590818,450000
1590823,745000
1590824,738000
1590825,1427200
1590833,1200000
1590841,540500
1590852,157000
1590857,350000
1590866,886500
1590874,502000
1590880,175000
1590888,500000
1590889,800000
1590890,439600
1590893,450000
1590901,190000
1590907,0
1590908,343000
1590909,250000
1590912,479000
1590926,372500
1590928,596000
1590933,0
1590935,500000
1590936,518000
1590937,470000
1590941,400000
1590946,0
1590949,150000
1590968,550000
1590971,428400
1590972,400000
1590973,400000
1590978,150000
1590981,350000
1590993,963500
1590996,500000
1590998,474900
1591008,585000
1591009,455800
1591015,874800
1591032,0
1591040,340000
1591044,509800
1591051,496200
1591053,150000
1591055,422000
1591059,383600
1591060,500000
1591061,450000
1591066,475000
1591067,752500
1591071,430000
1591074,400000
1591083,1716700
1591084,192000
1591086,645000
1591099,450000
1591105,180000
1591113,150000
1591114,635700
1591116,400000
1591127,750000
1591128,232800
1591129,420000
1591136,410000
1591138,340200
1591139,800400
1591143,400000
1591149,400000
1591158,350000
1591160,448900
1591164,650000
1591167,727000
1591171,514500
1591192,0
1591194,0
1591195,650000
1591199,150000
1591201,666400
1591211,500000
1591213,455800
1591216,0
1591221,2853500
1591236,350000
1591238,0
1591245,664000
1591247,250000
1591248,450000
1591252,5850000
1591254,400000
1591263,400000
1591270,65000
1591273,546000
1591274,0
1591276,361400
1591280,500000
1591293,700000
1591296,400000
1591303,150000
1591304,0
1591315,450000
1591318,600000
1591322,700000
1591323,450000
1591329,600000
1591338,0
1591341,417500
1591352,550000
1591355,0
1591362,250000
1591366,650000
1591369,400000
1591379,686000
1591380,350000
1591381,400000
1591389,150000
1591391,400000
1591393,164000
1591395,400000
1591396,0
1591401,0
1591407,0
1591409,161000
1591417,400000
1591419,400000
1591420,504000
1591425,500000
1591430,378900
1591432,400000
1591441,152000
1591442,677000
1591443,400000
1591446,350000
1591448,350000
1591454,400000
1591457,150000
1591461,406300
1591464,545000
1591470,250000
1591475,904200
1591481,450000
1591496,400000
1591501,700000
1591504,400000
1591514,400000
1591522,150000
1591523,150000
1591527,150000
1591529,545000
1591533,0
1591535,150000
1591541,350000
1591543,550000
1591555,0
1591557,400000
1591558,500000
1591568,350000
1591572,400000
1591577,306500
1591581,400000
1591584,142200
1591588,400000
1591591,419800
1591597,400000
1591599,150000
1591603,427500
1591607,653000
1591616,410000
1591623,774900
1591628,500000
1591643,400000
1591655,350000
1591660,400000
1591672,990000
1591676,1190000
1591680,350000
1591697,0
1591702,150000
1591706,417100
1591711,450000
1591712,400000
1591718,500000
1591728,500000
1591733,995000
1591734,0
1591735,145000
1591737,400000
1591740,250000
1591747,2807500
1591749,150000
1591757,350000
1591760,400000
1591761,6987900
1591763,400000
1591770,250000
1591772,0
1591789,150000
1591796,350000
1591806,450000
1591808,400000
1591809,400000
1591810,0
1591812,400000
1591822,350000
1591825,700000
1591828,950000
1591836,450000
1591838,586300
1591857,810000
1591860,500000
1591862,700000
1591863,156000
1591867,400000
1591870,200000
1591871,400000
1591875,350000
1591880,0
1591884,150000
1591889,450000
1591891,521000
1591901,450000
1591906,350000
1591914,670000
1591921,300000
1591934,150000
1591954,150000
1591955,150000
1591960,0
1591961,309500
1591963,0
1591966,600000
1591997,486400
1591998,350000
1592000,1274000
1592003,400000
1592005,845000
1592007,150000
1592018,621500
1592019,213800
1592022,386000
1592025,400000
1592032,400000
1592034,400000
1592038,100000
1592041,400000
1592049,549200
1592051,550000
1592059,250000
1592061,600000
1592087,0
1592088,420000
1592095,650000
1592098,550000
1592118,150000
1592125,0
1592130,600000
1592143,450000
1592148,400000
1592149,400000
1592151,437800
1592157,0
1592158,0
1592163,736000
1592166,450000
1592172,550000
1592203,635000
1592204,556000
1592210,449700
1592234,404000
1592236,400000
1592242,400000
1592263,0
1592269,774000
1592272,400000
1592276,551000
1592283,553200
1592291,380000
1592292,0
1592296,0
1592307,431400
1592308,619200
1592310,0
1592314,794000
1592315,0
1592319,346500
1592320,400000
1592327,400000
1592330,0
1592332,504200
1592335,1542800
1592347,389700
1592351,0
1592355,400000
1592357,400000
1592360,0
1592369,300000
1592379,5798100
1592387,406000
1592401,150000
1592404,0
1592418,0
1592434,382900
1592442,0
1592448,474000
1592464,0
1592470,0
1592482,400000
1592491,400000
1592500,0
1592501,0
1592507,0
1592510,0
1592512,0
1592514,910000
1592515,400000
1592524,0
1592538,492000
1592539,400000
1592542,350000
1592559,400000
1592561,0
1592574,0
1592584,450000
1592599,400000
1592602,550000
1592603,350000
1592615,0
1592625,58800
1592642,0
1592655,633000
1592657,0
1592663,150000
1592676,950000
1592691,0
1592699,350000
1592707,150000
1592716,750000
1592729,175000
1592731,400000
1592741,400000
1592752,569800
1592753,0
1592754,550000
1592756,400000
1592758,578800
1592762,400000
1592785,500000
1592799,374000
1592802,0
1592804,833300
1592807,0
1592831,0
1592838,350000
1592851,550000
1592853,400000
1592876,534200
1592882,157500
1592884,150000
1592906,0
1592907,537900
1592926,0
1592929,0
1592954,121200
1592963,430000
1592967,431100
1592976,0
1592996,0
1593001,0
1593003,250000
1593007,396900
1593008,1957900
1593027,4385300
1593030,160000
1593042,350000
1593057,0
1593060,654900
1593063,250000
1593072,9153800
1593078,1050000
1593088,150000
1593092,0
1593093,350000
1593103,350000
1593106,405100
1593114,153000
1593115,640000
1593122,600000
1593123,1932400
1593133,426500
1593134,1021800
1593139,450000
1593140,315000
1593144,456500
1593145,450000
1593153,0
1593155,0
1593162,466200
1593169,170000
1593170,651100
1593174,1167500
1593176,654000
1593178,511300
1593179,0
1593182,404000
1593195,399000
1593206,315000
1593213,830200
1593214,0
1593217,349000
1593225,1735500
1593226,681200
1593230,450000
1593236,496000
1593239,0
1593245,150000
1593248,631300
1593259,599000
1593269,413900
1593272,128000
1593281,0
1593288,246000
1593294,450000
1593300,468100
1593301,0
1593309,372500
1593313,0
1593321,0
1593323,441000
1593325,415300
1593330,350000
1593335,315000
1593336,1471200
1593342,200000
1593345,450000
1593355,550000
1593367,130000
1593376,174000
1593377,690000
1593380,350000
1593385,0
1593387,535000
1593390,0
1593402,0
1593403,0
1593407,350000
1593408,750000
1593410,0
1593412,607000
1593416,350000
1593447,240000
1593454,0
1593474,418900
1593479,532900
1593485,417500
1593497,431000
1593498,431000
1593499,580000
1593505,450000
1593509,350000
1593515,600000
1593518,450000
1593526,502000
1593529,450000
1593531,350000
1593536,662000
1593538,350000
1593539,570000
1593541,1216500
1593547,0
1593560,707500
1593565,440900
1593580,350000
1593582,404000
1593589,645000
1593607,300000
1593610,0
1593617,55200
1593619,0
1593622,0
1593623,350000
1593633,1089500
1593634,0
1593638,350000
1593639,150000
1593642,444500
1593645,288800
1593648,0
1593649,322000
1593654,350000
1593660,890000
1593665,221000
1593668,399500
1593669,500000
1593671,0
1593674,350000
1593676,420000
1593685,590000
1593686,345800
1593690,315000
1593691,350000
1593693,276000
1593694,0
1593702,150000
1593705,0
1593706,0
1593714,448000
1593723,150000
1593728,1245800
1593729,55000
1593731,0
1593737,1281800
1593746,10151200
1593756,200000
1593760,150000
1593765,606700
1593788,979300
1593810,400000
1593812,461700
1593814,417500
1593816,350000
1593826,350000
1593828,0
1593829,440000
1593840,749400
1593841,727600
1593847,417500
1593854,300000
1593861,450000
1593866,550000
1593872,551400
1593874,0
1593882,582500
1593886,700000
1593888,418200
1593893,0
1593894,600000
1593895,725500
1593899,439000
1593909,350000
1593916,0
1593919,1359400
1593923,576900
1593925,392300
1593935,450000
1593937,404000
1593938,527200
1593940,430000
1593941,0
1593943,300000
1593954,399500
1593955,360000
1593959,391000
1593960,395000
1593962,509900
1593970,0
1593972,350000
1593976,350000
1593978,689000
1593979,400000
1593982,150000
1593985,0
1593987,242500
1593993,482500
1593995,549000
1594005,450000
1594008,439300
1594013,700000
1594020,500000
1594022,184000
1594033,500000
1594041,250000
1594043,0
1594046,268000
1594049,500000
1594052,450000
1594055,780500
1594063,600000
1594065,350000
1594068,350000
1594069,577600
1594071,723000
1594080,228000
1594087,519000
1594097,150000
1594101,294000
1594102,150000
1594120,722900
1594125,400000
1594128,190200
1594145,0
1594159,350000
1594160,343000
1594163,1109300
1594164,450000
1594167,600000
1594168,150000
1594170,620000
1594185,250000
1594190,296000
1594191,350000
1594195,600000
1594200,500000
1594210,571000
1594211,391300
1594217,750000
1594219,576300
1594230,450000
1594235,500000
1594249,981000
1594252,315000
1594253,845200
1594258,350000
1594260,1366500
1594262,222500
1594269,350000
1594270,650000
1594271,620000
1594276,0
1594284,2739000
1594289,731000
1594291,0
1594293,350000
1594295,332500
1594299,585000
1594300,350000
1594302,150000
1594305,0
1594323,417500
1594324,0
1594327,0
1594329,942200
1594336,392600
1594338,0
1594340,350000
1594344,465500
1594347,300000
1594358,433300
1594363,350000
1594374,350000
1594382,450000
1594388,318500
1594391,1040000
1594396,350000
1594416,350000
1594417,517500
1594421,0
1594423,0
1594430,450000
1594434,350000
1594439,322000
1594450,150000
1594453,450000
1594455,450000
1594456,1165000
1594457,0
1594458,0
1594464,650000
1594465,500000
1594466,611500
1594479,791200
1594481,500000
1594483,150000
1594497,500000
1594500,450000
1594501,431000
1594507,620800
1594508,350000
1594510,431800
1594511,450000
1594513,417500
1594515,596500
1594517,650000
1594521,549900
1594531,391500
1594532,294000
1594533,1378200
1594543,350000
1594549,250000
1594550,380500
1594556,311500
1594560,500000
1594582,130000
1594586,350000
1594591,0
1594603,1706600
1594605,122000
1594612,595000
1594617,845000
1594628,350000
1594629,130000
1594639,450000
1594648,0
1594650,0
1594674,534000
1594679,1115500
1594682,470000
1594689,0
1594690,772000
1594693,450000
1594696,0
1594698,350000
1594705,294000
1594712,150000
1594715,0
1594717,0
1594719,522400
1594720,0
1594721,640000
1594722,930000
1594724,440000
1594725,0
1594729,143400
1594731,150000
1594734,350000
1594736,650000
1594740,600000
1594743,250000
1594745,218000
1594747,0
1594750,450000
1594751,422000
1594753,150000
1594770,0
1594772,0
1594775,247000
1594780,450000
1594781,380000
1594784,250000
1594793,0
1594795,564700
1594796,0
1594800,395000
1594805,566800
1594808,700000
1594810,500000
1594813,450000
1594816,1326600
1594817,449300
1594820,1658300
1594831,405000
1594832,350000
1594835,350000
1594840,676100
1594841,0
1594843,400000
1594851,350000
1594855,0
1594857,350000
1594860,440000
1594870,350000
1594873,1050000
1594875,367500
1594879,515800
1594881,531500
1594885,612800
1594889,600000
1594896,500000
1594898,427400
1594909,150000
1594911,431000
1594915,605000
1594918,726000
1594925,250000
1594932,656000
1594933,450000
1594936,350000
1594944,350000
1594953,450000
1594959,250000
1594969,661300
1594974,150000
1594976,450000
1594977,0
1594982,417600
1594989,315000
1595001,0
1595006,443600
1595008,529100
1595009,580000
1595021,395200
1595026,377400
1595035,350000
1595038,450000
1595040,350000
1595041,150000
1595045,0
1595046,21000
1595049,735000
1595050,0
1595061,740000
1595063,450000
1595065,250000
1595068,400000
1595070,0
1595071,0
1595076,150000
1595082,624000
1595084,1086600
1595089,515800
1595090,337100
1595093,142000
1595097,0
1595099,650000
1595100,0
1595105,150000
1595113,400000
1595121,4632400
1595125,400000
1595127,450000
1595136,0
1595138,0
1595140,294000
1595146,450000
1595148,414000
1595154,381500
1595158,250000
1595166,404000
1595167,350000
1595170,350000
1595176,350000
1595177,408500
1595179,350000
1595183,685500
1595185,408500
1595187,530000
1595192,0
1595195,350000
1595197,150000
1595199,672500
1595201,150000
1595208,440000
1595210,150000
1595214,0
1595215,340000
1595217,0
1595233,996000
1595236,350000
1595241,600000
1595244,824200
1595252,565200
1595255,128500
1595267,531500
1595271,900000
1595273,0
1595290,2608900
1595291,0
1595293,250000
1595300,550000
1595302,0
1595312,658500
1595317,408500
1595321,0
1595322,428800
1595328,548800
1595329,750000
1595331,507500
1595343,817900
1595346,350000
1595350,454000
1595353,350000
1595355,615000
1595357,431900
1595362,475000
1595364,500000
1595372,412000
1595376,600000
1595388,261400
1595390,368700
1595392,0
1595394,0
1595395,0
1595396,379100
1595411,1286400
1595414,700000
1595415,350000
1595422,399500
1595426,913300
1595432,420200
1595437,523800
1595443,450000
1595448,140000
1595473,0
1595478,700000
1595479,650000
1595480,346500
1595488,428800
1595489,2040300
1595500,400000
1595503,1506000
1595507,743000
1595508,500000
1595509,700000
1595510,431000
1595519,404900
1595521,0
1595523,416500
1595525,0
1595528,417500
1595530,395000
1595538,2018000
1595542,0
1595548,544200
1595552,300000
1595553,350000
1595554,400400
1595557,414000
1595560,500000
1595566,419600
1595568,150000
1595573,643700
1595578,445000
1595582,404500
1595586,359300
1595599,209000
1595607,419300
1595609,610700
1595612,804200
1595614,400000
1595617,376000
1595620,801500
1595621,0
1595623,710000
1595624,145800
1595628,600000
1595629,613300
1595631,416800
1595640,136000
1595641,350000
1595646,0
1595651,850000
1595657,2000000
1595662,724100
1595673,150000
1595678,430100
1595679,0
1595682,433400
1595693,461200
1595700,428800
1595701,1143000
1595708,350000
1595711,440000
1595712,431000
1595714,500000
1595725,478000
1595729,150000
1595732,615000
1595734,331800
1595739,383000
1595763,0
1595764,450000
1595768,444500
1595772,400000
1595781,1050000
1595792,420000
1595793,0
1595815,250000
1595821,587000
1595825,590000
1595833,0
1595834,180000
1595837,550000
1595838,611200
1595839,450000
1595840,426500
1595850,0
1595858,665800
1595860,1191800
1595864,450000
1595874,576500
1595876,0
1595877,350000
1595887,0
1595894,2168000
1595898,350000
1595902,328300
1595903,0
1595917,372100
1595920,450000
1595921,557000
1595925,1048300
1595944,446400
1595945,708200
1595948,689600
1595952,433300
1595954,0
1595955,199500
1595958,499600
1595964,399500
1595970,395000
1595993,900000
1596001,0
1596004,350000
1596012,0
1596013,500000
1596016,388300
1596017,423800
1596025,726500
1596028,876500
1596037,0
1596042,579300
1596044,350000
1596048,552700
1596050,0
1596051,978300
1596055,0
1596056,0
1596059,416800
1596061,512500
1596064,567000
1596065,754300
1596069,0
1596071,450000
1596074,0
1596077,150000
1596078,500000
1596080,664100
1596081,200000
1596084,350000
1596087,150000
1596092,400000
1596100,1184800
1596109,450000
1596117,120000
1596118,594800
1596121,0
1596122,0
1596131,500000
1596132,350000
1596141,550000
1596148,450000
1596149,350000
1596156,200000
1596164,0
1596169,333500
1596185,225000
1596192,500000
1596201,0
1596214,399500
1596221,450000
1596222,350000
1596225,406300
1596226,0
1596228,680000
1596230,2122000
1596233,0
1596235,0
1596242,0
1596247,350000
1596248,470000
1596258,411200
1596265,657500
1596273,0
1596274,611200
1596275,0
1596276,693500
1596277,459100
1596281,389600
1596282,200000
1596289,500000
1596291,614700
1596303,0
1596304,417500
1596305,0
1596306,110000
1596318,1130000
1596319,320000
1596321,300300
1596323,852000
1596324,223000
1596338,449000
1596339,0
1596343,450000
1596344,0
1596345,1846400
1596368,425600
1596378,350000
1596383,0
1596392,650000
1596403,350000
1596405,0
1596406,554500
1596409,406000
1596410,850000
1596417,366800
1596419,1020400
1596424,386100
1596426,650000
1596428,408500
1596430,0
1596431,406300
1596432,378000
1596433,732500
1596445,7600000
1596452,450000
1596457,417500
1596458,1262500
1596472,377700
1596487,450000
1596500,450000
1596507,544000
1596515,0
1596524,450000
1596529,404500
1596538,0
1596546,301000
1596554,955000
1596556,600000
1596567,391500
1596568,363300
1596576,450000
1596577,1322200
1596582,0
1596591,0
1596592,150000
1596598,450000
1596601,2338800
1596602,0
1596606,0
1596616,450000
1596625,295400
1596632,350000
1596634,350000
1596637,566000
1596641,350000
1596665,670000
1596668,90000
1596669,0
1596679,0
1596681,437000
1596683,470300
1596689,319400
1596692,356500
1596697,82000
1596699,537300
1596700,0
1596702,350000
1596707,347500
1596713,450000
1596715,560900
1596723,340000
1596735,435500
1596748,448900
1596749,350000
1596753,350000
1596756,300000
1596760,450000
1596762,567500
1596776,0
1596785,350000
1596787,0
1596788,649900
1596792,223000
1596793,359300
1596803,150000
1596808,450000
1596824,450000
1596825,750500
1596826,150000
1596830,369500
1596834,350000
1596836,150000
1596837,380800
1596838,2400000
1596853,350000
1596857,0
1596859,0
1596860,450000
1596864,0
1596865,900000
1596866,350000
1596867,0
1596868,150000
1596876,0
1596880,450000
1596881,450000
1596888,590000
1596892,506400
1596908,450000
1596909,75000
1596913,0
1596914,419800
1596918,420000
1596920,748800
1596927,223000
1596929,650000
1596936,380500
1596939,428800
1596940,415300
1596946,600000
1596952,490000
1596956,350000
1596957,204000
1596958,590100
1596963,761200
1596973,0
1596974,0
1596977,350000
1596989,100000
1596991,611200
1596995,872400
1596997,668000
1597000,0
1597005,399100
1597011,0
1597012,705000
1597015,0
1597017,1262300
1597034,570500
1597038,630000
1597039,0
1597042,911200
1597052,600000
1597056,375800
1597059,6322800
1597068,515400
1597073,1150000
1597074,0
1597089,911200
1597098,450600
1597101,0
1597117,406800
1597126,431000
1597127,461200
1597130,400000
1597142,492000
1597144,150000
1597150,2754700
1597163,461200
1597169,562500
1597190,650000
1597191,413900
1597192,450000
1597204,699500
1597207,350000
1597209,515800
1597214,461200
1597221,500000
1597222,150000
1597229,711200
1597230,0
1597234,1100700
1597238,501800
1597241,427400
1597242,328600
1597243,150000
1597245,400000
1597252,505800
1597259,480000
1597262,400000
1597263,1449500
1597274,427300
1597277,0
1597278,534200
1597281,1097500
1597283,460000
1597287,350000
1597289,0
1597300,450000
1597312,350000
1597318,400000
1597322,3500000
1597323,717000
1597325,0
1597330,599900
1597341,0
1597344,350000
1597362,400000
1597365,450000
1597380,450000
1597396,450000
1597397,446100
1597400,1062700
1597404,461200
1597406,440000
1597408,0
1597410,150000
1597412,350000
1597419,450000
1597425,435600
1597430,406300
1597431,774000
1597433,490000
1597437,250000
1597439,992800
1597445,350000
1597447,417500
1597450,489500
1597452,1760000
1597454,400000
1597456,396400
1597460,1130800
1597465,400000
1597472,600000
1597473,0
1597475,450000
1597480,404000
1597486,350000
1597490,424300
1597491,350000
1597492,300000
1597494,840000
1597498,0
1597506,750000
1597524,500000
1597525,443400
1597530,450000
1597532,0
1597537,552500
1597538,591000
1597542,150000
1597544,1537900
1597551,449000
1597556,292000
1597571,395000
1597575,413900
1597576,528000
1597577,158500
1597579,563000
1597590,450000
1597599,464300
1597601,663500
1597609,466400
1597615,0
1597617,350000
1597624,0
1597626,0
1597627,150000
1597632,600000
1597636,350000
1597645,2272400
1597647,461200
1597655,350000
1597660,350000
1597666,417500
1597692,680000
1597693,250000
1597706,1155000
1597708,345800
1597709,1594400
1597712,500000
1597721,571700
1597722,444100
1597727,413000
1597733,0
1597734,350000
1597737,400000
1597739,0
1597742,0
1597747,1200000
1597749,49200
1597750,511300
1597753,0
1597754,450000
1597757,450000
1597771,509100
1597779,350000
1597783,347900
1597793,0
1597798,2000000
1597806,336000
1597810,450000
1597811,500000
1597813,952500
1597814,395000
1597824,500000
1597825,150000
1597829,354900
1597833,800000
1597834,353000
1597842,0
1597843,428800
1597846,0
1597855,150000
1597856,600000
1597857,0
1597862,168000
1597864,600000
1597866,320000
1597870,150000
1597872,500000
1597875,762500
1597877,150000
1597878,350000
1597881,372700
1597882,0
1597884,0
1597888,400000
1597889,455000
1597891,413000
1597923,450000
1597925,350000
1597930,500000
1597931,393800
1597932,0
1597939,350000
1597949,250000
1597953,0
1597968,5790000
1597971,678000
1597976,450000
1597980,0
1598001,444500
1598014,0
1598015,778000
1598020,384200
1598023,350000
1598025,450000
1598040,898500
1598057,386000
1598060,560800
1598061,0
1598068,1498100
1598082,385500
1598093,336600
1598094,100000
1598095,0
1598098,406300
1598099,414800
1598113,350000
1598117,545000
1598119,600000
1598125,0
1598129,1200000
1598134,567500
1598136,488000
1598146,150000
1598155,387500
1598169,450000
1598181,655200
1598185,650000
1598190,407600
1598196,0
1598202,350000
1598220,400000
1598222,350000
1598223,404800
1598224,418600
1598230,417500
1598232,444500
1598235,221000
1598237,0
1598250,388500
1598253,0
1598260,400000
1598264,300000
1598266,150000
1598276,549100
1598286,0
1598296,0
1598308,570000
1598309,768000
1598311,334400
1598316,350000
1598317,450000
1598338,312000
1598345,150000
1598355,500000
1598364,416800
1598365,0
1598367,68000
1598370,315000
1598371,980000
1598387,871300
1598395,400000
1598398,174000
1598404,378000
1598416,450000
1598423,350000
1598426,400000
1598427,300000
1598447,150000
1598450,649300
1598454,526600
1598462,428300
1598475,400000
1598482,0
1598490,306000
1598494,403200
1598495,350000
1598497,417500
1598524,965000
1598525,0
1598530,332500
1598534,417500
1598536,1523800
1598545,450000
1598574,1797700
1598577,419300
1598582,800000
1598583,584300
1598590,393000
1598592,451000
1598593,300300
1598597,0
1598598,0
1598621,200000
1598630,446500
1598634,364000
1598637,454500
1598639,0
1598644,527000
1598654,0
1598657,350000
1598660,600000
1598669,413000
1598682,332500
1598683,150000
1598689,1556500
1598710,763400
1598716,0
1598721,450000
1598724,2015000
1598726,350000
1598733,343000
1598740,150000
1598742,440000
1598747,425200
1598748,708500
1598750,300000
1598752,315000
1598781,420000
1598788,745500
1598789,0
1598797,682700
1598821,330400
1598830,269400
1598840,440000
1598841,150000
1598849,0
1598850,513500
1598859,579500
1598861,2362300
1598862,383800
1598869,1090900
1598873,500000
1598881,400400
1598906,339800
1598916,510000
1598921,350000
1598931,600000
1598935,0
1598940,825600
1598944,600000
1598947,350000
1598948,376300
1598951,241000
1598956,450000
1598958,401800
1598962,319000
1598974,400000
1598979,600000
1598981,395000
1598987,150000
1598992,500000
1599007,350000
1599009,350000
1599013,150000
1599014,650000
1599028,350000
1599040,400400
1599062,481800
1599063,431000
1599064,300000
1599065,0
1599081,400000
1599094,290000
1599100,929200
1599102,345800
1599111,315000
1599112,349000
1599119,0
1599128,427000
1599129,495100
1599133,443000
1599135,280000
1599137,592700
1599138,400000
1599140,0
1599145,350000
1599150,350000
1599154,0
1599166,150000
1599170,384500
1599173,0
1599174,150000
1599179,200000
1599197,375200
1599214,150000
1599221,0
1599223,0
1599228,550000
1599229,450000
1599230,450000
1599235,330000
1599236,0
1599241,570000
1599250,350000
1599260,350000
1599264,501200
1599265,595300
1599269,350000
1599273,400000
1599276,650000
1599282,399500
1599285,150000
1599286,350000
1599291,750000
1599312,150000
1599324,500000
1599326,500000
1599335,650000
1599336,695600
1599337,150000
1599344,366200
1599352,640000
1599353,437800
1599354,98000
1599358,0
1599362,410000
1599363,1100700
1599364,700000
1599375,350000
1599376,150000
1599381,450000
1599382,589000
1599391,407600
1599393,350000
1599394,350000
1599395,600000
1599401,419900
1599402,351500
1599407,285200
1599427,130000
1599429,150000
1599434,311500
1599441,1060000
1599444,150000
1599447,431000
1599448,150000
1599462,500000
1599465,590000
1599467,653500
1599469,350000
1599470,400000
1599472,350000
1599475,350000
1599476,600000
1599480,805400
1599495,518000
1599498,0
1599501,537500
1599504,400000
1599505,450000
1599511,0
1599546,686500
1599551,0
1599557,500000
1599562,699000
1599564,385800
1599566,450000
1599568,350000
1599569,369700
1599577,0
1599583,150000
1599589,450000
1599598,287000
1599602,0
1599604,0
1599613,497300
1599614,481800
1599621,550000
1599622,501500
1599627,0
1599630,150000
1599640,350000
1599642,0
1599648,500000
1599650,417500
1599652,350000
1599653,300000
1599654,929900
1599658,200000
1599664,0
1599665,640000
1599673,408000
1599678,340300
1599683,343000
1599687,375200
1599688,1332500
1599689,0
1599690,513500
1599696,0
1599702,568700
1599704,0
1599705,431000
1599714,450000
1599718,350000
1599721,350000
1599733,513500
1599736,350000
1599737,750000
1599739,397500
1599743,505000
1599750,133700
1599761,450000
1599762,350000
1599768,417500
1599769,407600
1599780,1350000
1599783,550000
1599790,0
1599792,500000
1599806,677500
1599808,481800
1599813,139000
1599816,277200
1599824,0
1599832,400000
1599836,130000
1599837,442300
1599838,450000
1599839,443000
1599845,350000
1599860,300000
1599862,400000
1599874,150000
1599877,200000
1599880,423500
1599882,0
1599886,215000
1599893,350000
1599902,150000
1599911,3080500
1599919,400000
1599929,591000
1599935,350000
1599955,558500
1599958,214500
1599962,450000
1599963,0
1599989,0
1599990,0
1599996,0
1600000,160000
1600003,150000
1600006,427000
1600007,425000
1600020,494000
1600025,77600
1600027,723600
1600041,529600
1600045,350000
1600065,0
1600070,350000
1600072,395500
1600075,1755800
1600081,529600
1600082,0
1600092,2337000
1600096,150000
1600099,417600
1600100,150000
1600105,2074900
1600115,400000
1600122,392500
1600127,567000
1600128,550000
1600144,355000
1600162,0
1600167,3180500
1600169,450000
1600182,450000
1600184,477500
1600195,400000
1600199,450000
1600207,513500
1600214,0
1600221,350000
1600224,492600
1600225,460800
1600229,650000
1600242,500000
1600243,250000
1600247,400000
1600253,130000
1600258,0
1600268,450000
1600279,519200
1600280,246800
1600281,500000
1600285,400000
1600293,500000
1600294,494200
1600296,450000
1600298,659900
1600303,389300
1600312,400000
1600329,558800
1600338,0
1600343,0
1600352,450000
1600359,400000
1600362,400000
1600363,150000
1600368,450000
1600391,540900
1600394,424000
1600396,395000
1600398,450000
1600402,307800
1600408,3163000
1600409,426300
1600411,660000
1600414,300000
1600435,220000
1600439,689200
1600453,311600
1600454,500000
1600456,352000
1600459,150000
1600463,400000
1600467,499000
1600483,0
1600487,1025900
1600493,267800
1600507,530000
1600511,350000
1600518,497100
1600528,585000
1600533,128000
1600534,0
1600548,150000
1600569,628500
1600570,400000
1600571,200000
1600580,280000
1600583,150000
1600592,350000
1600603,650000
1600605,400000
1600613,160000
1600624,150000
1600626,0
1600641,1258600
1600647,400000
1600648,422000
1600651,500000
1600661,0
1600671,400000
1600672,830000
1600677,332500
1600686,240000
1600692,400000
1600696,300000
1600704,1135000
1600711,400000
1600714,500000
1600718,450000
1600719,0
1600722,450000
1600735,500000
1600739,417500
1600741,250000
1600747,550000
1600755,500000
1600757,550000
1600763,495000
1600770,490000
1600773,400000
1600774,435500
1600779,1240000
1600785,500000
1600788,400000
1600803,400000
1600805,373200
1600813,452000
1600819,496600
1600827,400000
1600830,7340600
1600837,900000
1600841,150000
1600853,375000
1600856,500000
1600869,500000
1600877,400000
1600879,3920000
1600887,218800
1600891,1934500
1600894,847500
1600920,500000
1600921,250000
1600925,400000
1600932,104100
1600934,365000
1600941,450000
1600951,500000
1600971,650000
1600991,413000
1600992,500000
1600996,350000
1600998,400000
1601011,0
1601029,600000
1601041,381500
1601043,565100
1601056,400000
1601057,530000
1601061,420000
1601084,406100
1601085,400000
1601086,410900
1601089,350000
1601090,0
1601094,400000
1601108,952800
1601115,680000
1601122,0
1601125,0
1601126,619100
1601134,400000
1601139,14400
1601151,0
1601159,300000
1601168,450000
1601172,0
1601173,350000
1601179,404000
1601188,450000
1601201,608000
1601206,0
1601207,500000
1601211,455000
1601221,700000
1601236,550000
1601240,400000
1601249,424300
1601260,843700
1601261,550000
1601263,1297600
1601268,1081400
1601276,336600
1601280,150000
1601285,1085400
1601291,400000
1601312,300000
1601332,500000
1601343,350000
1601346,289800
1601350,400000
1601353,350000
1601361,850000
1601366,550000
1601373,670000
1601379,150000
1601385,400000
1601392,748800
1601411,420000
1601416,150000
1601428,23600
1601464,400000
1601472,350000
1601503,363000
1601505,450000
1601506,350000
1601562,800000
1601563,400000
1601564,379100
1601571,369300
1601588,350000
1601590,0
1601596,0
1601606,389600
1601607,720000
1601608,742000
1601610,150000
1601622,400000
1601623,400000
1601639,400000
1601649,0
1601654,150000
1601658,527000
1601663,400000
1601686,486000
1601697,947000
1601700,400000
1601705,0
1601713,509000
1601714,440000
1601718,0
1601722,400000
1601739,500000
1601744,295000
1601748,350000
1601753,500000
1601757,300000
1601758,911200
1601763,509000
1601768,727100
1601770,400000
1601777,828300
1601798,550000
1601799,400000
1601804,505000
1601806,400000
1601813,417500
1601816,410900
1601822,420200
1601837,417500
1601844,350000
1601847,550000
1601848,150000
1601852,709000
1601865,150000
1601915,400000
1601917,400000
1601926,346500
1601936,0
1601941,1700000
1601943,349300
1601948,423500
1601952,620000
1601961,450000
1601963,341000
1601969,400000
1601972,0
1601975,578500
1601990,1000000
1601993,684600
1602000,400000
1602010,550000
1602014,1452000
1602018,400000
1602029,550000
1602030,0
1602031,550000
1602041,324000
1602061,270800
1602066,839800
1602069,400000
1602076,512600
1602079,700000
1602102,400000
1602103,749600
1602113,400000
1602119,689700
1602130,500000
1602134,700000
1602150,0
1602171,350000
1602172,550000
1602177,428800
1602191,450000
1602194,400000
1602195,450000
1602213,369300
1602215,4720000
1602221,336400
1602252,400000
1602279,535700
1602282,400000
1602295,0
1602320,427400
1602344,550000
1602353,400000
1602371,0
1602377,350000
1602386,485000
1602392,505000
1602410,0
1602465,400000
1602473,400000
1602477,550000
1602487,250000
1602488,0
1602509,400000
1602511,0
1602524,444500
1602556,0
1602578,0
1602604,165100
1602624,752000
1602641,1194600
1602644,500000
1602647,380000
1602649,400000
1602676,720000
1602677,1832000
1602687,1090000
1602690,636500
1602693,500000
1602699,550000
1602706,500000
1602713,0
1602721,424300
1602728,400000
1602730,400000
1602734,0
1602739,150000
1602767,147600
1602779,400000
1602780,332500
1602782,350000
1602806,1564000
1602844,440000
1602848,878000
1602850,350000
1602868,1275600
1602893,350000
1602895,450000
1602899,577500
1602904,650000
1602906,444500
1602916,625000
1602938,441000
1602952,1116300
1602958,461200
1602960,763400
1602984,279000
1602996,128000
1603003,446500
1603006,717500
1603009,350000
1603034,450000
1603038,350000
1603045,830800
1603046,413000
1603057,500000
1603062,350000
1603064,350000
1603077,4403900
1603087,350000
1603120,350000
1603125,550000
1603128,461200
1603130,424300
1603139,850000
1603144,350000
1603146,857800
1603150,450000
1603156,83200
1603184,150000
1603188,542400
1603208,496600
1603218,646500
1603227,350000
1603233,699100
1603238,345800
1603241,375200
1603244,350000
1603245,0
1603256,803000
1603259,639900
1603267,424300
1603270,450000
1603273,600000
1603286,150000
1603287,407300
1603288,174000
1603293,332500
1603305,0
1603307,900000
1603336,542200
1603337,650000
1603339,350000
1603341,606700
1603343,254100
1603347,410800
1603348,150000
1603363,0
1603365,350000
1603373,3562700
1603376,500000
1603381,297500
1603387,315000
1603388,72000
1603391,150000
1603394,0
1603403,0
1603406,350000
1603413,250000
1603423,0
1603424,0
1603431,631500
1603433,0
1603436,350000
1603442,350000
1603444,1185000
1603448,581000
1603450,633600
1603453,405000
1603465,0
1603471,350000
1603473,421100
1603476,346500
1603485,380200
1603490,600000
1603494,300000
1603499,413000
1603532,519300
1603540,450000
1603579,350000
1603585,608200
1603597,420700
1603598,350000
1603599,242600
1603605,341800
1603610,348000
1603614,450000
1603617,238900
1603624,480000
1603635,800000
1603654,0
1603673,450000
1603675,0
1603679,391700
1603680,350000
1603681,416500
1603691,250000
1603695,0
1603701,418400
1603714,461200
1603715,0
1603720,461200
1603721,170000
1603722,590000
1603734,1796800
1603758,350000
1603777,427500
1603786,385000
1603791,306300
1603794,585000
1603809,1000000
1603814,408500
1603816,300300
1603822,399600
1603826,0
1603841,441000
1603842,603100
1603846,509000
1603847,450000
1603849,831500
1603852,137400
1603857,0
1603861,484000
1603862,300000
1603864,300300
1603875,0
1603879,350000
1603886,444500
1603897,386400
1603903,350000
1603906,350000
1603914,425200
1603918,1135400
1603920,350000
1603922,0
1603926,429000
1603927,1350000
1603948,350000
1603955,0
1603958,460500
1603968,200000
1603975,942500
1603978,450000
1603981,350000
1603982,355100
1603989,150000
1603991,0
1604001,530200
1604004,400000
1604005,0
1604028,986000
1604043,350000
1604051,350000
1604052,0
1604063,500000
1604064,860500
1604072,1637000
1604093,450000
1604100,550000
1604114,0
1604120,0
1604121,413900
1604123,421000
1604126,551400
1604137,339900
1604138,0
1604141,61600
1604160,0
1604161,350000
1604166,1050000
1604167,316300
1604178,558500
1604189,539000
1604229,73000
1604241,391000
1604243,450000
1604244,332500
1604246,448000
1604247,1338500
1604250,375200
1604252,663500
1604254,431000
1604258,150000
1604262,558500
1604267,0
1604268,947300
1604273,350000
1604286,686000
1604287,0
1604295,424300
1604302,0
1604311,350000
1604316,413000
1604325,426300
1604327,375400
1604337,350000
1604340,450000
1604341,750000
1604345,426500
1604348,376100
1604350,668000
1604356,135000
1604367,500000
1604369,0
1604371,526500
1604376,150000
1604379,350000
1604389,635000
1604400,0
1604401,0
1604409,324700
1604424,136500
1604429,750000
1604430,150000
1604432,0
1604433,429800
1604436,80000
1604438,494500
1604439,500000
1604444,559000
1604446,0
1604449,130000
1604455,416200
1604459,150000
1604461,409800
1604462,0
1604476,500000
1604500,350000
1604505,365000
1604511,749000
1604515,350000
1604528,550000
1604530,350000
1604532,0
1604554,230700
1604563,350000
1604568,461200
1604570,1356800
1604579,600000
1604588,424300
1604589,409500
1604596,0
1604599,382500
1604600,405000
1604603,400000
1604612,567500
1604616,135000
1604621,912500
1604622,350000
1604625,539000
1604628,0
1604631,699000
1604632,350000
1604640,700000
1604643,611200
1604651,311500
1604655,0
1604664,0
1604672,342300
1604674,1345000
1604677,0
1604683,0
1604687,150000
1604689,887300
1604694,1397100
1604695,0
1604696,523500
1604704,439800
1604705,350000
1604713,232500
1604723,0
1604726,688200
1604737,150000
1604743,659000
1604753,346500
1604754,350000
1604760,509000
1604764,423800
1604786,394600
1604791,446800
1604794,395000
1604803,547300
1604804,557600
1604806,412500
1604808,350000
1604813,0
1604814,750000
1604818,350000
1604831,150000
1604834,0
1604836,300000
1604856,424700
1604865,450000
1604876,540500
1604878,465000
1604904,450000
1604910,0
1604913,377500
1604920,350000
1604922,1423700
1604923,258000
1604929,400000
1604930,0
1604931,150000
1604934,350000
1604941,407200
1604950,150000
1604959,373500
1604961,413900
1604962,0
1604986,150000
1604988,633300
1604989,600000
1604991,350000
1604996,440700
1604998,526600
1605012,0
1605025,450000
1605030,1234200
1605036,350000
1605044,0
1605055,1070000
1605062,250000
1605064,0
1605069,150000
1605070,350000
1605080,402400
1605084,475000
1605088,567500
1605090,2013500
1605103,192400
1605107,350500
1605108,450000
1605121,0
1605128,0
1605129,150000
1605138,588200
1605147,623000
1605148,350000
1605159,350000
1605163,305200
1605175,406300
1605176,720700
1605180,0
1605183,350000
1605196,381200
1605197,650000
1605202,461200
1605203,799300
1605206,350000
1605220,150000
1605226,0
1605228,154000
1605232,1221600
1605234,417500
1605237,0
1605241,150000
1605249,345800
1605259,400000
1605261,486000
1605264,404000
1605266,702600
1605268,350000
1605276,150000
1605277,0
1605285,384800
1605286,40000
1605291,0
1605293,589500
1605295,410800
1605296,150000
1605316,400000
1605339,350000
1605348,292000
1605360,428800
1605364,412900
1605371,0
1605374,0
1605379,394600
1605381,500000
1605383,884100
1605390,350000
1605394,558500
1605396,0
1605405,0
1605406,358500
1605423,150000
1605425,532900
1605434,382500
1605438,461200
1605441,450000
1605445,350000
1605453,315000
1605455,450000
1605459,415800
1605464,448000
1605467,426500
1605469,395000
1605472,500000
1605473,400300
1605475,450000
1605478,500000
1605483,431000
1605484,400000
1605489,0
1605497,350000
1605506,750000
1605507,293700
1605513,250000
1605518,500000
1605520,450000
1605521,250000
1605532,150000
1605537,643400
1605539,290000
1605544,697500
1605547,0
1605557,0
1605558,350000
1605565,491800
1605576,545000
1605577,527400
1605582,1912500
1605594,450000
1605599,350000
1605600,150000
1605604,449100
1605605,1087500
1605613,142500
1605615,0
1605618,602500
1605620,0
1605626,135000
1605632,350000
1605635,330800
1605638,0
1605650,579200
1605651,385300
1605652,167500
1605655,0
1605662,0
1605670,905300
1605682,884700
1605687,500000
1605693,55000
1605695,350000
1605697,426000
1605702,500000
1605706,2535100
1605708,410800
1605714,350000
1605738,0
1605745,500000
1605748,406000
1605750,0
1605752,2037400
1605754,0
1605762,884000
1605767,500000
1605772,0
1605778,1143200
1605780,500000
1605783,600500
1605789,0
1605793,350000
1605803,0
1605804,1003400
1605828,280000
1605835,127000
1605837,2084300
1605852,56800
1605859,350000
1605863,450000
1605865,381000
1605872,500000
1605879,150000
1605886,450000
1605889,350000
1605890,0
1605891,413000
1605892,700000
1605896,509000
1605900,413000
1605911,600000
1605913,400000
1605917,150000
1605926,150000
1605929,150000
1605933,450000
1605936,0
1605937,450000
1605946,500000
1605947,2050600
1605951,2287700
1605962,450000
1605963,384400
1605966,350000
1605986,500000
1605987,139000
1605991,150000
1605999,5500000
1606001,611200
1606002,332500
1606008,441400
1606012,0
1606015,0
1606026,0
1606028,399500
1606032,0
1606052,225000
1606055,0
1606058,0
1606061,0
1606073,365300
1606074,1008000
1606078,350000
1606089,1013500
1606090,1363600
1606094,252000
1606096,130000
1606107,500000
1606110,889500
1606119,400400
1606120,500000
1606122,450000
1606126,343000
1606128,550000
1606129,400000
1606133,625100
1606141,289000
1606148,140000
1606152,1395400
1606153,500000
1606162,390600
1606176,612300
1606177,0
1606182,380700
1606192,0
1606193,552800
1606202,350000
1606211,350000
1606219,1272200
1606229,380200
1606231,514700
1606234,0
1606238,434000
1606252,0
1606265,350000
1606270,350000
1606274,450000
1606275,465300
1606282,110000
1606291,350000
1606307,420200
1606309,329000
1606313,404000
1606316,374000
1606319,462900
1606323,426800
1606330,595000
1606331,0
1606344,642000
1606346,0
1606358,350000
1606361,142000
1606364,197200
1606372,400000
1606373,1025000
1606381,588200
1606387,530900
1606389,350000
1606390,426500
1606392,482500
1606397,1458000
1606406,1408500
1606417,300000
1606420,800000
1606422,377200
1606429,577400
1606431,704300
1606432,464100
1606440,500000
1606441,375800
1606455,350000
1606459,0
1606464,0
1606473,500000
1606478,147000
1606481,150000
1606483,450000
1606486,0
1606493,150000
1606497,500000
1606503,400000
1606515,400000
1606531,300000
1606534,0
1606536,0
1606537,0
1606538,471500
1606539,508400
1606540,0
1606542,350000
1606547,269800
1606559,352300
1606561,350000
1606586,1308300
1606594,500000
1606603,3148100
1606614,400000
1606621,109400
1606622,339500
1606624,0
1606628,350000
1606631,0
1606637,500000
1606648,350000
1606649,0
1606653,436000
1606659,440900
1606662,257500
1606663,150000
1606680,0
1606702,0
1606705,450000
1606710,600000
1606717,0
1606719,344400
1606720,350000
1606723,650000
1606730,436000
1606737,700000
1606739,0
1606743,0
1606746,1050000
1606753,431000
1606755,600000
1606758,450000
1606763,531500
1606764,329000
1606774,0
1606788,604500
1606789,400000
1606793,440500
1606814,620000
1606816,1109900
1606817,260500
1606820,350000
1606822,336000
1606833,180000
1606835,382400
1606836,0
1606841,450000
1606843,504800
1606848,0
1606851,350000
1606852,382800
1606863,332500
1606871,427400
1606879,428800
1606881,449000
1606889,350000
1606901,0
1606903,433700
1606906,0
1606914,370000
1606918,742200
1606927,336000
1606929,424000
1606934,150000
1606947,0
1606965,517900
1606969,172500
1606977,525100
1606978,400000
1606986,0
1606988,0
1607002,0
1607008,425600
1607016,422400
1607026,350000
1607029,180000
1607031,687600
1607039,800000
1607048,206400
1607057,0
1607059,450000
1607060,795000
1607062,980000
1607064,450000
1607078,350000
1607079,1058300
1607082,423800
1607086,524300
1607103,875200
1607105,810000
1607111,333300
1607125,800000
1607128,650000
1607143,439500
1607154,150000
1607160,350000
1607162,450000
1607165,147000
1607179,150000
1607206,0
1607216,530000
1607221,528000
1607223,350000
1607226,505500
1607235,1435200
1607236,0
1607244,644900
1607248,395600
1607250,759700
1607253,345900
1607257,861400
1607258,659000
1607260,600000
1607261,379100
1607262,336000
1607266,744600
1607267,513500
1607269,350000
1607274,350000
1607284,450000
1607294,400000
1607295,0
1607298,354000
1607302,0
1607304,600000
1607313,345000
1607314,150000
1607316,400000
1607319,654500
1607327,731000
1607335,0
1607337,1978500
1607343,399500
1607345,450000
1607348,450000
1607352,421100
1607356,315000
1607361,716000
1607368,350000
1607378,295000
1607385,336300
1607389,0
1607401,351100
1607403,250000
1607412,117900
1607414,350000
1607425,650200
1607426,371000
1607430,660000
1607432,0
1607433,1761500
1607443,711600
1607448,625100
1607451,450000
1607453,0
1607456,414800
1607460,397500
1607465,200000
1607466,350000
1607467,450000
1607468,0
1607481,426500
1607494,350000
1607505,0
1607509,450000
1607516,603000
1607517,436000
1607524,494700
1607527,500000
1607537,450000
1607547,150000
1607550,150000
1607556,490000
1607566,1525100
1607574,881500
1607575,378000
1607579,657300
1607599,3200000
1607600,490000
1607602,470000
1607611,500000
1607621,657500
1607627,430200
1607628,350000
1607642,450000
1607645,797500
1607650,504500
1607654,185200
1607664,339500
1607675,494000
1607680,0
1607687,0
1607689,408500
1607692,541200
1607694,530000
1607700,0
1607708,183300
1607716,1248800
1607740,0
1607760,449500
1607769,528000
1607771,200000
1607789,0
1607795,0
1607809,647500
1607830,0
1607840,350000
1607843,408000
1607844,650000
1607856,300000
1607857,0
1607866,150000
1607870,424300
1607876,500000
1607882,0
1607883,422000
1607887,150000
1607889,400400
1607895,146200
1607900,500000
1607904,550000
1607916,600000
1607922,378000
1607924,150000
1607926,796200
1607930,0
1607933,450000
1607935,450000
1607938,100000
1607960,0
1607971,500000
1607975,0
1607984,0
1607990,0
1608008,0
1608020,350000
1608027,500000
1608028,350000
1608041,829800
1608046,0
1608047,350000
1608051,422900
1608075,400000
1608080,500000
1608090,287000
1608097,504500
1608099,794000
1608103,160000
1608122,0
1608124,422000
1608135,615000
1608140,479200
1608152,400000
1608155,432400
1608158,408500
1608168,530000
1608169,105000
1608179,405000
1608182,397300
1608203,350000
1608207,555000
1608209,555500
1608213,450000
1608218,300000
1608223,302500
1608227,400000
1608233,128000
1608234,324000
1608236,400000
1608237,150000
1608239,0
1608244,1422000
1608252,943600
1608269,721200
1608272,467600
1608278,940000
1608280,182000
1608285,251000
1608293,450000
1608303,0
1608306,356500
1608307,0
1608315,800000
1608319,0
1608320,650000
1608337,440000
1608356,218300
1608362,450000
1608364,450000
1608365,411500
1608367,400400
1608374,539500
1608376,400000
1608377,324000
1608380,150000
1608381,446500
1608389,410800
1608402,576000
1608403,0
1608406,150000
1608410,36000
1608415,670000
1608427,408500
1608430,280000
1608433,450000
1608435,350000
1608442,448100
1608444,825000
1608445,350000
1608447,450000
1608469,0
1608470,0
1608482,150000
1608486,505000
1608487,595000
1608489,522500
1608495,350000
1608505,779500
1608511,400000
1608522,409500
1608525,2326000
1608527,250000
1608528,0
1608533,405600
1608534,306400
1608536,252000
1608552,350000
1608556,150000
1608567,1015400
1608571,500000
1608572,175800
1608593,412500
1608597,407600
1608603,386100
1608604,641000
1608608,380600
1608621,0
1608634,1036000
1608643,500000
1608645,504500
1608656,350000
1608657,750000
1608679,400000
1608685,500000
1608696,0
1608697,350000
1608703,350000
1608705,800000
1608710,450000
1608723,0
1608725,331800
1608733,336000
1608738,441700
1608739,431000
1608745,809600
1608746,432400
1608749,882100
1608758,709000
1608761,0
1608769,0
1608776,700700
1608778,491600
1608785,47200
1608796,150000
1608799,950000
1608806,378000
1608819,416500
1608821,350000
1608833,685000
1608842,150000
1608848,732500
1608852,400000
1608861,791000
1608874,345000
1608877,0
1608881,417500
1608888,550000
1608892,400000
1608894,500000
1608904,858000
1608905,595500
1608919,0
1608921,750000
1608925,450000
1608946,450000
1608964,633000
1608970,600000
1608987,700000
1608991,286000
1608992,389200
1608993,154800
1609017,565000
1609025,500000
1609028,463000
1609037,441400
1609050,400000
1609056,417500
1609062,836400
1609071,0
1609077,550000
1609081,1900000
1609082,247000
1609089,2396000
1609100,440000
1609104,350000
1609108,0
1609118,465000
1609120,452500
1609140,150000
1609141,465000
1609155,5226000
1609161,400000
1609165,600000
1609166,0
1609180,974000
1609184,500000
1609199,670300
1609203,0
1609206,318300
1609209,1073000
1609210,443800
1609214,1277200
1609237,547300
1609239,600000
1609242,229000
1609259,800000
1609262,397700
1609265,450000
1609281,1767000
1609283,600000
1609292,425600
1609294,590000
1609297,1519300
1609301,500000
1609306,677000
1609314,0
1609323,755000
1609324,423800
1609325,227200
1609350,514000
1609364,0
1609368,480000
1609378,500000
1609382,440000
1609385,0
1609392,101800
1609403,995000
1609407,1680900
1609409,919300
1609415,350000
1609417,364400
1609419,417500
1609426,575500
1609430,482500
1609432,0
1609438,350000
1609451,781000
1609453,0
1609455,450000
1609456,80000
1609457,417100
1609470,400000
1609491,560800
1609499,350000
1609501,300000
1609502,650000
1609510,450000
1609516,0
1609518,1074700
1609524,384200
1609547,392800
1609552,450000
1609560,995000
1609571,173000
1609579,200000
1609583,507800
1609590,0
1609600,400000
1609601,218800
1609608,738500
1609614,350000
1609619,437800
1609628,750000
1609630,763500
1609632,640000
1609650,800000
1609652,0
1609655,350000
1609656,350000
1609659,337800
1609661,315000
1609675,506800
1609676,1196000
1609679,450000
1609681,601000
1609683,400000
1609685,652300
1609688,0
1609706,150000
1609714,150000
1609726,484300
1609735,697700
1609745,567800
1609754,1567200
1609759,350000
1609761,413000
1609764,500000
1609767,645500
1609768,0
1609769,1156400
1609771,350000
1609773,343000
1609777,487000
1609778,800000
1609780,800000
1609782,931400
1609786,500000
1609790,500000
1609805,500000
1609813,350000
1609824,0
1609838,232000
1609840,150000
1609846,150000
1609849,402500
1609858,546500
1609859,383900
1609860,859600
1609877,350000
1609882,513500
1609885,5537500
1609888,350000
1609890,600000
1609903,429000
1609904,350000
1609909,0
1609918,404000
1609928,0
1609944,0
1609949,449000
1609957,323500
1609958,858300
1609963,276000
1609979,500000
1609982,630000
1609988,660600
1609998,376000
1610004,354500
1610005,150000
1610010,450000
1610011,563000
1610013,636600
1610020,911200
1610025,800000
1610028,350000
1610045,193000
1610046,544000
1610049,500000
1610052,150000
1610060,603000
1610080,0
1610092,210000
1610097,468000
1610099,0
1610100,378000
1610108,500000
1610110,500000
1610111,150000
1610117,450000
1610121,350000
1610123,680400
1610128,400000
1610134,572300
1610140,350000
1610143,0
1610146,350000
1610149,1169000
1610150,389600
1610153,400000
1610161,0
1610162,545000
1610163,0
1610164,652500
1610167,650000
1610175,450000
1610177,350000
1610181,0
1610187,0
1610194,650000
1610202,414000
1610203,629500
1610206,435500
1610207,402200
1610215,1327500
1610221,350000
1610228,0
1610229,50400
1610239,500000
1610240,350000
1610246,0
1610251,978000
1610261,708000
1610266,549200
1610275,0
1610289,439500
1610293,500000
1610294,349300
1610295,0
1610296,600000
1610299,823000
1610300,450000
1610307,1259600
1610320,500000
1610321,600000
1610325,0
1610336,429700
1610342,300000
1610343,0
1610359,0
1610363,450000
1610367,447300
1610371,470000
1610379,550000
1610383,404000
1610385,350000
1610387,0
1610389,608500
1610390,130000
1610393,0
1610396,400000
1610398,500000
1610403,650000
1610418,428800
1610427,533700
1610434,417500
1610435,450000
1610441,0
1610447,444500
1610449,0
1610462,350000
1610467,600000
1610468,0
1610474,750000
1610493,371700
1610495,399000
1610497,600000
1610498,700000
1610501,1183100
1610514,150000
1610525,500000
1610526,350000
1610528,389000
1610529,134800
1610534,250000
1610535,0
1610536,350000
1610540,742000
1610542,150000
1610550,662000
1610558,0
1610570,500000
1610574,350000
1610577,2750000
1610584,325500
1610586,406000
1610592,1354000
1610600,550000
1610601,518000
1610604,350000
1610611,640000
1610613,386000
1610615,600000
1610616,350000
1610621,648800
1610626,0
1610632,0
1610634,1528400
1610636,434200
1610637,335500
1610640,490000
1610641,450000
1610644,278000
1610647,150000
1610648,401800
1610649,712000
1610656,93200
1610666,0
1610670,780000
1610681,250000
1610695,450000
1610697,418700
1610699,440000
1610722,977000
1610737,350000
1610748,600000
1610750,150000
1610765,150000
1610766,332000
1610774,399500
1610775,350000
1610780,509000
1610786,702400
1610787,356500
1610791,377200
1610799,1444300
1610800,267500
1610804,382200
1610807,0
1610816,500000
1610824,150000
1610840,500000
1610842,963500
1610853,450000
1610854,1123600
1610860,770000
1610866,375500
1610870,550000
1610872,217000
1610877,450000
1610882,615000
1610897,415000
1610898,550000
1610903,0
1610905,375500
1610907,380000
1610913,450000
1610914,700000
1610926,813300
1610936,300000
1610945,500000
1610948,1125600
1610949,0
1610958,0
1610971,500000
1610973,362000
1610975,350000
1610976,450000
1610979,650000
1610980,422000
1610987,350000
1610991,650000
1610996,424300
1611000,500000
1611003,450000
1611030,500000
1611041,650000
1611045,400000
1611069,790000
1611070,650000
1611085,500000
1611086,417500
1611092,500000
1611099,500000
1611100,650000
1611101,350000
1611109,150000
1611125,650000
1611132,500000
1611133,793000
1611135,417500
1611142,357000
1611146,159500
1611154,500000
1611158,411700
1611160,650000
1611173,500000
1611177,0
1611183,319100
1611194,350000
1611196,51000
1611211,400000
1611217,450000
1611220,428800
1611223,650000
1611228,0
1611229,134000
1611236,708000
1611242,500000
1611249,0
1611251,500000
1611252,150000
1611259,500000
1611261,350000
1611262,650000
1611265,500000
1611268,23100
1611271,150000
1611275,0
1611279,195000
1611282,409000
1611286,450000
1611292,1107200
1611302,433500
1611307,0
1611309,500000
1611311,554800
1611317,650000
1611336,500000
1611339,400700
1611344,0
1611352,350000
1611353,504500
1611360,0
1611364,450000
1611368,650000
1611371,298800
1611378,139000
1611382,450000
1611390,425000
1611400,650000
1611429,350000
1611430,650000
1611436,934000
1611444,0
1611448,0
1611452,450000
1611456,5800
1611461,350000
1611467,1009000
1611472,1125000
1611478,689700
1611479,399500
1611485,413000
1611488,350000
1611499,400000
1611510,800000
1611516,554600
1611518,0
1611519,600000
1611522,400000
1611524,408500
1611532,500000
1611535,428800
1611553,391600
1611554,500000
1611555,1309500
1611559,663000
1611573,600000
1611575,530000
1611583,450000
1611584,450000
1611591,355000
1611600,150000
1611611,0
1611615,350000
1611619,1081500
1611622,372500
1611623,628000
1611634,350000
1611635,850000
1611636,532900
1611640,616500
1611643,1494000
1611646,500000
1611652,350000
1611655,350000
1611658,0
1611668,550000
1611676,0
1611681,1164700
1611689,417500
1611696,0
1611701,500000
1611702,450000
1611712,0
1611715,0
1611728,378000
1611743,0
1611744,500000
1611759,650000
1611764,1960300
1611766,2893500
1611772,350000
1611785,620700
1611789,322000
1611800,426100
1611805,0
1611810,318000
1611813,300000
1611828,440000
1611845,600000
1611856,431700
1611866,690000
1611883,500000
1611885,785000
1611891,2609400
1611894,0
1611897,400000
1611906,450000
1611910,493400
1611913,0
1611915,350000
1611918,404000
1611921,0
1611923,395000
1611924,400000
1611930,0
1611931,450000
1611932,450000
1611935,150000
1611937,752900
1611948,361400
1611955,900000
1611956,0
1611958,680000
1611959,150000
1611972,408500
1611975,800000
1611984,387000
1611986,792700
1611988,400000
1611994,500000
1611998,300000
1612006,350000
1612008,407600
1612013,200000
1612017,500000
1612018,400000
1612021,550000
1612022,408500
1612026,417500
1612031,14000
1612047,0
1612048,150000
1612055,0
1612062,0
1612068,393200
1612069,1367500
1612079,401400
1612084,350000
1612088,400000
1612090,349500
1612094,430000
1612105,415300
1612106,424300
1612108,442000
1612118,150000
1612120,400000
1612138,0
1612141,0
1612149,0
1612152,500000
1612157,2037300
1612171,437800
1612179,500000
1612182,790500
1612186,510600
1612188,400000
1612194,0
1612204,445000
1612205,550000
1612207,812900
1612215,415000
1612225,445000
1612227,406300
1612237,500000
1612242,700000
1612245,410800
1612252,861800
1612257,555000
1612259,500000
1612265,150000
1612267,437800
1612269,0
1612274,450000
1612276,0
1612282,1070000
1612286,0
1612300,500000
1612305,150000
1612308,150000
1612323,712500
1612324,444500
1612325,0
1612329,450000
1612331,138000
1612342,0
1612348,637500
1612367,384500
1612368,857000
1612378,350000
1612384,535000
1612389,410800
1612391,0
1612395,609100
1612396,508500
1612405,650000
1612409,398600
1612413,300000
1612415,422200
1612417,431000
1612421,0
1612422,1165000
1612432,627000
1612435,393000
1612441,949000
1612447,149000
1612448,500000
1612449,350000
1612452,0
1612473,1730500
1612482,177000
1612487,574000
1612490,130000
1612494,0
1612504,400000
1612505,663500
1612506,583700
1612507,989500
1612508,450000
1612509,483000
1612511,536000
1612523,650000
1612525,475000
1612528,506800
1612530,150000
1612532,0
1612536,500000
1612541,794000
1612544,503500
1612545,450000
1612562,0
1612566,0
1612567,582500
1612578,0
1612579,567500
1612580,361100
1612586,600000
1612590,314500
1612595,350000
1612601,700000
1612607,660000
1612611,361000
1612612,410800
1612619,350000
1612623,800000
1612632,487600
1612634,499600
1612638,350000
1612655,475000
1612665,509500
1612666,0
1612678,204900
1612679,650000
1612686,0
1612702,197500
1612704,426000
1612705,500000
1612711,400000
1612713,490000
1612714,500000
1612723,916000
1612726,400000
1612735,249600
1612736,683200
1612746,0
1612750,150000
1612754,400000
1612757,639600
1612776,150000
1612778,450000
1612781,0
1612793,750000
1612798,470000
1612807,380200
1612808,0
1612814,0
1612819,0
1612820,574800
1612822,400000
1612828,999000
1612850,350000
1612857,200000
1612860,650000
1612869,0
1612870,1112600
1612872,242900
1612877,500000
1612878,0
1612883,0
1612889,500000
1612890,700000
1612894,500000
1612895,425000
1612902,135000
1612903,500000
1612912,550000
1612920,424000
1612931,550000
1612952,150000
1612959,0
1612966,600000
1612968,700000
1612970,450000
1612973,395000
1612985,350000
1612992,350000
1612996,150000
1612997,350000
1613003,500000
1613004,550000
1613010,500000
1613011,550000
1613024,575300
1613028,0
1613039,0
1613043,350000
1613054,300000
1613058,400000
1613063,967700
1613070,410000
1613071,580000
1613086,392500
1613094,504500
1613113,0
1613128,0
1613133,400000
1613134,500000
1613136,400000
1613137,0
1613144,564000
1613153,500000
1613164,500000
1613172,785500
1613173,652300
1613179,500000
1613185,749900
1613189,600000
1613191,500000
1613192,650000
1613214,150000
1613230,150000
1613231,431100
1613234,799500
1613237,0
1613238,500000
1613252,766800
1613262,0
1613263,500000
1613271,400000
1613272,500000
1613274,400000
1613282,382900
1613300,92000
1613307,550000
1613320,400000
1613322,552900
1613336,650000
1613381,400000
1613383,500000
1613385,368700
1613398,500000
1613403,500000
1613415,542000
1613417,832700
1613418,450000
1613420,0
1613426,650000
1613438,0
1613451,1512500
1613453,500000
1613473,500000
1613478,413000
1613479,425600
1613481,400000
1613484,1433000
1613488,350000
1613493,500000
1613495,400000
1613497,708400
1613501,0
1613504,450000
1613520,384200
1613522,1046500
1613528,400000
1613540,435500
1613543,500000
1613545,500000
1613555,500000
1613560,772300
1613573,699000
1613577,500000
1613581,0
1613582,500000
1613587,3741700
1613590,200000
1613591,0
1613595,1321500
1613601,615500
1613606,500000
1613610,400000
1613617,296000
1613618,400000
1613619,500000
1613626,170000
1613628,676500
1613630,322000
1613632,150000
1613635,0
1613636,350000
1613640,0
1613646,439600
1613647,400000
1613648,150000
1613650,200000
1613654,650000
1613657,500000
1613659,640000
1613663,400500
1613664,500000
1613665,400000
1613667,368200
1613673,450000
1613687,450000
1613692,409000
1613699,500000
1613702,500000
1613713,565000
1613729,0
1613739,550000
1613742,400000
1613746,0
1613759,0
1613766,400000
1613778,505200
1613779,1152400
1613781,500000
1613789,500000
1613794,400000
1613795,800000
1613809,1260100
1613829,350000
1613841,0
1613845,610000
1613855,0
1613857,0
1613859,400000
1613869,2351500
1613873,318500
1613889,150000
1613896,400000
1613905,546500
1613907,650000
1613908,400000
1613933,500000
1613941,550000
1613951,279000
1613956,400000
1613966,150000
1613969,175000
1613978,0
1613981,650000
1613983,650000
1614004,855600
1614009,350000
1614010,500000
1614013,0
1614018,500000
1614021,550000
1614023,400000
1614026,325000
1614027,330400
1614032,787000
1614043,150000
1614044,399600
1614046,550000
1614047,600000
1614053,250000
1614056,450900
1614057,444800
1614061,105000
1614062,880500
1614064,310100
1614082,813500
1614084,500000
1614088,761000
1614095,1065000
1614101,500000
1614107,350000
1614122,400000
1614139,0
1614151,400000
1614153,427000
1614162,756000
1614164,650000
1614166,400000
1614173,550000
1614174,0
1614187,585000
1614200,500000
1614208,1478400
1614220,646000
1614229,756800
1614244,500000
1614261,500000
1614274,800000
1614280,400000
1614292,413900
1614293,400000
1614302,150000
1614315,150000
1614327,571100
1614336,450000
1614348,0
1614350,0
1614356,400000
1614364,700000
1614367,2429000
1614369,0
1614370,561400
1614375,597500
1614382,250000
1614391,400000
1614398,0
1614399,0
1614402,0
1614408,450000
1614428,697200
1614430,350000
1614431,586000
1614435,650000
1614467,0
1614478,150000
1614481,0
1614484,0
1614495,250000
1614506,0
1614517,400000
1614520,140000
1614545,500000
1614578,0
1614580,400000
1614589,500000
1614591,330400
1614598,455000
1614608,818500
1614613,450000
1614625,591400
1614634,930000
1614639,150000
1614640,627000
1614656,400000
1614671,60000
1614685,150000
1614693,547500
1614701,823800
1614724,450000
1614726,0
1614730,500000
1614732,150000
1614745,0
1614750,0
1614751,350000
1614753,670000
1614765,170000
1614768,900000
1614769,400000
1614780,650000
1614785,0
1614790,0
1614793,250000
1614794,450000
1614795,597200
1614809,300000
1614811,400000
1614814,400000
1614815,700000
1614827,500000
1614830,200000
1614845,546000
1614850,650000
1614862,400000
1614871,200000
1614874,400000
1614881,400000
1614887,279100
1614901,947300
1614905,500000
1614908,0
1614925,813000
1614936,620000
1614943,600000
1614959,1154900
1614960,500000
1614991,570000
1614995,500000
1615005,799800
1615021,0
1615025,0
1615029,373100
1615030,500000
1615035,1684900
1615069,0
1615073,500000
1615099,400000
1615122,0
1615127,397300
1615128,0
1615130,650000
1615131,350000
1615139,0
1615146,426500
1615155,477700
1615171,0
1615179,715000
1615181,253900
1615192,400000
1615195,0
1615215,0
1615216,350000
1615228,650000
1615234,208200
1615237,0
1615240,700000
1615265,500000
1615278,855000
1615297,650000
1615303,1979500
1615309,332200
1615312,400000
1615324,650000
1615333,0
1615368,0
1615377,450000
1615383,350000
1615385,361000
1615445,0
1615473,150000
1615484,400000
1615495,500000
1615549,393600
1615574,150000
1615582,662000
1615589,200000
1615595,400000
1615620,1391500
1615628,373000
1615639,679100
1615649,540000
1615671,0
1615672,400000
1615705,500000
1615711,433500
1615712,400000
1615740,0
1615763,350000
1615764,638000
1615765,0
1615778,159500
1615791,0
1615806,0
1615834,400000
1615836,500000
1615851,400000
1615871,0
1615892,0
1615946,33000
1615953,500000
1615962,0
1615963,250000
1615965,389100
1615966,0
1615977,2335500
1616027,423500
1616044,0
1616062,779200
1616063,0
1616068,350000
1616073,650000
1616078,382500
1616079,550000
1616085,250000
1616086,350000
1616093,1600000
1616094,0
1616096,435500
1616131,23800
1616139,484200
1616149,444500
1616177,613900
1616190,253800
1616218,150000
1616241,185200
1616253,0
1616257,252000
1616275,335500
1616279,269800
1616282,426500
1616293,350000
1616298,576500
1616301,611800
1616308,253800
1616315,540000
1616317,500000
1616359,0
1616363,254000
1616372,658700
1616377,506800
1616386,350000
1616387,200000
1616390,606000
1616398,878000
1616428,450000
1616431,0
1616434,0
1616454,150000
1616469,0
1616472,451700
1616475,494000
1616476,0
1616482,185200
1616484,0
1616492,416300
1616495,391300
1616503,400000
1616511,804500
1616514,450000
1616520,0
1616521,500000
1616525,417500
1616526,350000
1616531,650600
1616542,0
1616543,350000
1616550,500000
1616554,620000
1616563,399500
1616576,501200
1616592,332500
1616598,150000
1616605,400000
1616616,515000
1616617,339500
1616639,0
1616642,437800
1616655,0
1616659,0
1616672,385300
1616677,554200
1616692,1600
1616702,350000
1616714,506600
1616719,267300
1616744,215000
1616745,450000
1616748,0
1616770,549000
1616772,400000
1616778,500000
1616806,550000
1616847,470000
1616852,0
1616857,288500
1616866,350000
1616879,711000
1616881,349000
1616886,527900
1616895,167000
1616909,250000
1616913,185200
1616935,734000
1616939,335500
1616940,350000
1616948,252000
1616958,500000
1616967,500000
1616970,450000
1616973,350000
1616976,500000
1616982,0
1616988,500000
1616993,878400
1616996,400000
1617010,150000
1617012,315000
1617014,300000
1617018,350000
1617024,492500
1617037,545000
1617044,509900
1617053,0
1617056,350000
1617062,600000
1617083,0
1617092,325500
1617096,570500
1617098,650000
1617107,582300
1617111,351000
1617120,372500
1617132,2677900
1617139,366200
1617140,403100
1617150,704000
1617157,1312400
1617161,500000
1617190,335500
1617192,0
1617207,690000
1617213,0
1617216,0
1617217,450000
1617223,500000
1617239,399300
1617241,350000
1617250,0
1617270,0
1617274,350000
1617284,225000
1617302,31900
1617310,762600
1617320,269800
1617330,100000
1617333,362300
1617334,520300
1617350,611800
1617356,72000
1617359,337300
1617366,500000
1617370,150000
1617372,200000
1617373,750000
1617374,820000
1617379,378000
1617381,450000
1617382,450000
1617388,362300
1617394,399100
1617401,150000
1617412,434200
1617416,350000
1617421,337300
1617426,406700
1617433,500000
1617437,450000
1617442,500000
1617458,3501600
1617460,399600
1617462,500000
1617483,200000
1617490,500000
1617496,335500
1617506,402700
1617524,404000
1617528,354600
1617541,531500
1617544,442000
1617570,0
1617576,620500
1617585,350000
1617593,377100
1617600,394800
1617602,42000
1617607,385700
1617627,300000
1617630,674500
1617639,434200
1617649,0
1617651,450000
1617667,550000
1617676,0
1617683,450000
1617688,339200
1617689,450000
1617695,450000
1617716,650000
1617717,294000
1617718,650000
1617721,956000
1617736,0
1617741,994800
1617745,400400
1617754,450000
1617765,500000
1617776,350000
1617777,343000
1617778,342500
1617784,0
1617786,0
1617788,350000
1617791,405100
1617793,150000
1617797,0
1617798,536000
1617801,350000
1617851,294000
1617856,500000
1617863,2166500
1617871,0
1617877,731000
1617891,250000
1617894,500000
1617895,349000
1617896,262400
1617900,994000
1617907,325000
1617916,500000
1617921,793300
1617926,498500
1617928,359800
1617929,183800
1617934,0
1617939,450000
1617945,395000
1617953,0
1617955,145500
1617957,2792200
1617958,650000
1617969,512800
1617997,0
1618000,650000
1618001,793000
1618006,391500
1618012,600000
1618014,395000
1618025,150000
1618033,417500
1618039,453000
1618042,531100
1618058,444600
1618060,884600
1618061,408600
1618066,2130000
1618068,391500
1618073,559000
1618074,366200
1618078,500000
1618090,294000
1618091,350000
1618100,150000
1618103,250000
1618111,449000
1618112,350000
1618113,391500
1618128,424200
1618136,350000
1618139,586500
1618140,422000
1618147,632300
1618152,350000
1618158,300100
1618169,0
1618177,150000
1618183,639500
1618184,350000
1618185,0
1618213,654500
1618214,595000
1618216,0
1618220,500000
1618233,1215000
1618242,0
1618244,500000
1618245,431000
1618252,1380500
1618264,500000
1618266,428800
1618267,693500
1618268,268000
1618271,550000
1618281,450000
1618287,680000
1618290,0
1618292,500000
1618303,158800
1618305,407600
1618309,608400
1618310,250000
1618318,650000
1618320,350000
1618321,659300
1618324,5595000
1618325,0
1618335,500000
1618341,350000
1618347,650000
1618352,5610000
1618355,350000
1618358,800000
1618360,450000
1618361,500000
1618365,396000
1618368,0
1618369,450000
1618372,391500
1618373,400000
1618374,6800000
1618375,415300
1618384,350000
1618393,0
1618394,350000
1618397,200000
1618401,350000
1618407,367900
1618408,480000
1618412,516400
1618418,650000
1618426,950000
1618431,450000
1618435,486500
1618439,400000
1618442,500000
1618443,368100
1618444,650000
1618446,350000
1618447,418100
1618455,0
1618458,338000
1618459,716800
1618462,450000
1618466,350000
1618468,1107900
1618471,350000
1618473,473500
1618479,500000
1618482,500000
1618488,1032800
1618493,500000
1618509,413000
1618512,400800
1618516,0
1618519,350000
1618522,435500
1618530,537800
1618536,650000
1618543,446000
1618557,500000
1618561,1100000
1618563,835000
1618567,350000
1618568,636000
1618571,368000
1618574,728000
1618575,0
1618580,500000
1618586,0
1618621,0
1618622,1033100
1618631,2643900
1618635,350000
1618636,614000
1618651,450000
1618652,967500
1618655,0
1618670,0
1618682,473900
1618687,581000
1618688,450000
1618701,150000
1618703,482200
1618705,130000
1618707,500000
1618711,600000
1618712,567500
1618719,374000
1618721,450000
1618724,435500
1618731,0
1618734,735000
1618736,480000
1618739,300000
1618750,600000
1618760,338000
1618765,0
1618767,0
1618773,0
1618775,294000
1618780,150000
1618781,866300
1618787,400000
1618794,2487900
1618800,450000
1618804,250000
1618812,434000
1618814,506800
1618818,950000
1618821,422100
1618822,431000
1618823,419800
1618827,120000
1618830,0
1618833,246900
1618847,559100
1618849,350000
1618854,350000
1618858,0
1618863,522100
1618868,150000
1618870,350000
1618873,650000
1618874,150000
1618875,0
1618877,350000
1618880,369000
1618881,500000
1618889,2475000
1618890,450000
1618891,350000
1618895,227700
1618902,450000
1618919,0
1618921,315000
1618927,770000
1618931,0
1618933,0
1618950,450000
1618956,0
1618958,0
1618959,754700
1618962,0
1618966,150000
1618967,0
1618969,0
1618981,400000
1618985,0
1618996,327300
1619001,0
1619003,500100
1619010,450000
1619016,305200
1619019,0
1619020,408500
1619022,350000
1619023,198000
1619027,377900
1619037,544000
1619040,558400
1619044,657000
1619048,0
1619049,294000
1619070,0
1619077,142000
1619080,0
1619085,150000
1619092,500000
1619095,506800
1619098,436500
1619107,150000
1619108,500000
1619125,150000
1619129,150000
1619130,0
1619140,350000
1619151,450000
1619155,0
1619166,350000
1619167,500000
1619169,0
1619176,719700
1619179,1035000
1619186,350000
1619194,570800
1619198,324800
1619218,325500
1619225,800000
1619227,500000
1619233,402200
1619236,350000
1619242,500000
1619244,648900
1619246,350000
1619249,730400
1619256,380200
1619257,450000
1619259,324100
1619274,912100
1619276,325500
1619277,650000
1619280,400000
1619286,150000
1619290,0
1619291,1068100
1619293,3729500
1619297,835000
1619298,800000
1619300,400000
1619301,500000
1619306,327300
1619309,285000
1619310,0
1619317,119000
1619322,350000
1619338,350000
1619344,44800
1619346,294000
1619355,335500
1619357,327600
1619365,0
1619370,0
1619371,650000
1619377,350000
1619382,350000
1619383,1060300
1619399,368200
1619406,1637600
1619415,500000
1619421,297800
1619434,0
1619475,417500
1619478,450000
1619482,1100000
1619489,515000
1619495,105000
1619499,250000
1619521,350000
1619531,545000
1619543,900000
1619552,350000
1619555,350000
1619558,504500
1619563,490000
1619571,650000
1619572,0
1619574,294000
1619581,200000
1619585,600000
1619587,500000
1619601,0
1619607,150000
1619616,350000
1619622,1041700
1619628,0
1619629,500000
1619631,700000
1619636,413000
1619657,435000
1619660,225000
1619661,625000
1619664,0
1619665,387000
1619670,550000
1619674,431000
1619678,442300
1619700,553500
1619702,0
1619718,721300
1619721,500000
1619725,818000
1619727,500000
1619735,481300
1619737,380500
1619742,500000
1619749,465000
1619753,500000
1619769,590900
1619776,504300
1619777,343900
1619780,350000
1619782,0
1619801,900800
1619806,350000
1619812,350000
1619823,500000
1619829,0
1619839,500000
1619842,550000
1619850,350000
1619851,250000
1619854,150000
1619858,584200
1619860,0
1619865,528500
1619872,500000
1619875,739800
1619876,382500
1619878,330400
1619889,443600
1619890,0
1619891,450000
1619894,924500
1619897,500000
1619909,350000
1619910,500000
1619912,322000
1619914,350000
1619916,0
1619918,444500
1619922,500000
1619925,395000
1619929,500000
1619932,463300
1619943,694400
1619958,500000
1619959,500000
1619970,150000
1619972,500000
1619977,4000
1619992,400000
1619998,0
1620003,0
1620006,450000
1620010,769000
1620016,649000
1620021,200000
1620035,350000
1620036,300000
1620037,140000
1620041,440000
1620043,350000
1620045,421300
1620050,0
1620054,400000
1620060,340400
1620080,0
1620094,310000
1620105,432800
1620116,424300
1620132,2153700
1620133,350000
1620143,393500
1620144,350000
1620145,820500
1620150,960000
1620163,434000
1620173,322000
1620176,951100
1620218,728400
1620220,539000
1620223,0
1620233,300000
1620257,12000
1620263,594000
1620265,0
1620273,0
1620284,415000
1620312,350000
1620314,350000
1620322,1250000
1620340,500000
1620365,635400
1620392,200000
1620398,150000
1620403,350000
1620416,513000
1620428,450000
1620431,670300
1620444,200000
1620446,0
1620460,403100
1620461,250000
1620474,500000
1620486,868000
1620511,724400
1620521,1104800
1620524,0
1620545,723800
1620553,1009000
1620554,500000
1620555,995000
1620561,21000
1620570,0
1620585,902800
1620592,500000
1620594,365900
1620633,200000
1620644,450000
1620652,407600
1620655,450000
1620660,0
1620661,700000
1620671,750000
1620678,0
1620689,315000
1620696,600000
1620704,700000
1620714,500000
1620731,487500
1620748,350000
1620756,386000
1620759,350000
1620770,730000
1620773,870000
1620777,0
1620779,500000
1620793,500000
1620798,0
1620806,450000
1620830,650000
1620834,350000
1620839,0
1620847,500000
1620849,784200
1620882,680000
1620884,150000
1620888,541400
1620889,350000
1620891,350000
1620895,437800
1620899,0
1620909,400000
1620917,350000
1620929,400000
1620931,586500
1620951,820300
1620964,0
1620994,450000
1621015,305200
1621022,0
1621042,372500
1621046,530000
1621060,700000
1621066,500000
1621071,250000
1621077,450000
1621088,315000
1621100,500000
1621101,0
1621102,0
1621109,413000
1621110,700000
1621121,446000
1621124,0
1621144,500000
1621147,150000
1621156,500000
1621165,450000
1621167,0
1621182,0
1621183,500000
1621185,490500
1621196,450000
1621208,423800
1621214,350000
1621231,850000
1621238,0
1621242,500000
1621245,0
1621246,1947500
1621251,422900
1621254,838000
1621258,450000
1621269,475000
1621274,1645400
1621281,434000
1621283,712700
1621288,440000
1621301,0
1621302,734000
1621303,315000
1621305,2670000
1621321,180000
1621325,100000
1621328,0
1621337,436000
1621343,0
1621374,1315000
1621375,150000
1621387,0
1621407,500000
1621408,271800
1621409,1305000
1621411,0
1621418,450000
1621420,500000
1621422,486500
1621436,350000
1621437,450000
1621456,0
1621457,0
1621459,576500
1621477,500000
1621483,0
1621488,890000
1621493,500000
1621497,443600
1621504,315000
1621511,500000
1621525,500000
1621537,2270600
1621540,432900
1621547,0
1621558,417500
1621559,200000
1621578,11000
1621581,414000
1621587,958800
1621590,350000
1621603,250000
1621608,825200
1621612,0
1621615,691400
1621637,306300
1621640,400400
1621641,150000
1621646,350000
1621660,876200
1621662,350500
1621672,0
1621673,200000
1621680,0
1621685,510600
1621689,350000
1621693,350000
1621695,1005900
1621696,443600
1621697,408500
1621708,872000
1621711,0
1621716,639500
1621718,350000
1621724,0
1621745,495400
1621751,531500
1621756,0
1621764,500000
1621765,350000
1621769,350000
1621779,300000
1621783,350000
1621790,530000
1621795,518000
1621797,450000
1621798,0
1621816,200000
1621817,391900
1621819,895500
1621828,405000
1621831,0
1621832,635700
1621833,0
1621846,200000
1621851,400000
1621852,500000
1621863,401500
1621867,150000
1621885,417500
1621888,479000
1621894,500000
1621913,0
1621916,553500
1621931,405000
1621940,483000
1621943,403100
1621950,399700
1621954,0
1621959,350000
1621964,500000
1621967,158000
1621974,0
1621976,700000
1621977,0
1621988,569800
1621993,0
1621994,350000
1621995,1040500
1621996,424300
1622002,311500
1622004,404500
1622005,449700
1622009,1093000
1622011,429600
1622012,556300
1622015,0
1622023,110000
1622027,150000
1622046,1551000
1622054,500000
1622058,0
1622062,431600
1622064,350000
1622066,399500
1622067,0
1622072,500000
1622073,180000
1622078,567500
1622081,354600
1622086,508500
1622087,0
1622098,1433000
1622104,700000
1622109,150000
1622116,450000
1622120,500000
1622121,608500
1622126,530800
1622130,350000
1622138,566500
1622146,350000
1622152,400000
1622153,880000
1622164,567600
1622170,438400
1622171,450000
1622173,150000
1622176,150000
1622180,500000
1622182,578400
1622190,417500
1622198,587800
1622199,350000
1622209,404000
1622210,1879900
1622240,350000
1622241,716500
1622248,450000
1622249,0
1622260,417500
1622262,0
1622263,371000
1622266,450000
1622272,500000
1622280,0
1622281,150000
1622290,650000
1622293,150000
1622296,400000
1622300,449600
1622301,0
1622311,350000
1622319,1424800
1622327,467000
1622331,557800
1622335,350000
1622351,0
1622366,443600
1622378,688900
1622390,700000
1622408,350000
1622414,350000
1622427,0
1622432,650000
1622434,0
1622444,850000
1622460,450000
1622483,0
1622506,0
1622507,494000
1622511,150000
1622517,397000
1622519,500000
1622529,777400
1622549,350000
1622550,450000
1622562,530400
1622565,494000
1622576,0
1622578,450000
1622597,0
1622610,450000
1622612,150000
1622627,150000
1622631,0
1622640,423800
1622643,0
1622644,0
1622649,437800
1622653,450000
1622657,500000
1622664,599500
1622666,342800
1622669,555600
1622686,877700
1622691,350000
1622708,544000
1622712,475700
1622719,395000
1622735,0
1622740,290000
1622748,0
1622749,449600
1622763,0
1622764,472000
1622767,450000
1622770,572800
1622772,400000
1622798,0
1622799,0
1622807,892000
1622812,0
1622817,280000
1622824,450000
1622826,500000
1622827,0
1622834,431000
1622840,0
1622849,500000
1622858,565000
1622871,650000
1622872,350000
1622886,0
1622888,715500
1622906,0
1622910,267600
1622923,347500
1622925,436000
1622931,450000
1622939,549400
1622943,500000
1622963,110000
1622974,404700
1622990,400000
1623011,550000
1623014,500000
1623020,838200
1623026,0
1623032,603100
1623050,150000
1623051,350000
1623054,150000
1623058,350000
1623059,395000
1623070,450000
1623075,350000
1623077,350000
1623096,417500
1623102,450000
1623107,0
1623112,0
1623115,884000
1623118,350000
1623120,446800
1623123,845000
1623124,423800
1623138,538000
1623143,511000
1623148,450000
1623157,794000
1623166,150000
1623183,1050000
1623186,638400
1623187,577100
1623203,350000
1623213,450000
1623217,0
1623219,371700
1623220,0
1623225,376800
1623235,550000
1623240,560700
1623241,148000
1623251,548600
1623260,350000
1623273,419300
1623274,0
1623294,1272200
1623302,590500
1623315,454000
1623317,350000
1623321,450000
1623323,417500
1623330,500000
1623331,350000
1623351,350000
1623368,449000
1623375,422100
1623377,0
1623388,350000
1623401,500000
1623426,421600
1623430,456300
1623438,350000
1623443,450000
1623475,0
1623476,723500
1623478,0
1623481,217000
1623485,1150000
1623488,399500
1623501,150000
1623508,122500
1623533,0
1623537,0
1623541,402300
1623551,440000
1623563,350000
1623586,410800
1623587,319800
1623591,0
1623598,1393000
1623602,150000
1623614,150000
1623615,1242000
1623639,395000
1623649,150000
1623657,350000
1623659,150000
1623666,350000
1623667,0
1623675,619500
1623677,150000
1623687,0
1623692,441000
1623709,0
1623713,150000
1623718,0
1623723,843300
1623725,0
1623729,700000
1623731,1027500
1623735,500000
1623739,0
1623747,150000
1623755,350000
1623759,700000
1623764,150000
1623767,536900
1623771,500000
1623784,921500
1623800,550000
1623802,390100
1623817,399800
1623818,150000
1623827,0
1623834,500000
1623837,703000
1623838,0
1623849,650000
1623850,225000
1623851,450000
1623855,0
1623861,400000
1623883,417500
1623885,900000
1623889,2268000
1623890,450000
1623892,400000
1623895,411800
1623910,500000
1623917,400000
1623926,400000
1623935,400000
1623936,550000
1623949,144000
1623950,181500
1623951,417500
1623956,400000
1623961,1126000
1623970,550000
1623971,624800
1623972,530200
1623977,402500
1623980,400000
1623982,0
1623987,0
1623988,0
1623993,442600
1623997,86400
1623998,324800
1624005,200000
1624013,400000
1624014,350000
1624016,409800
1624033,400000
1624036,0
1624038,0
1624048,69100
1624051,400000
1624053,400000
1624055,350000
1624058,550000
1624061,650600
1624064,320500
1624066,0
1624081,400000
1624084,1241800
1624086,150000
1624089,475300
1624096,413900
1624098,417500
1624103,685000
1624108,1004000
1624110,445000
1624132,600000
1624134,1374800
1624137,804000
1624153,395000
1624154,534400
1624162,930500
1624163,0
1624164,540600
1624175,462000
1624177,417500
1624178,515000
1624179,585200
1624182,0
1624185,378000
1624190,150000
1624194,350000
1624196,0
1624202,550000
1624206,450000
1624211,663200
1624219,350000
1624222,435500
1624227,558500
1624234,0
1624237,0
1624245,529700
1624247,350000
1624249,550000
1624253,725600
1624258,1707000
1624263,328200
1624267,0
1624268,713900
1624278,51500
1624283,550000
1624284,296000
1624296,1118700
1624301,1030000
1624302,0
1624313,20000
1624314,650000
1624315,1442800
1624317,603000
1624328,550000
1624332,202000
1624333,150000
1624337,449600
1624340,150000
1624356,0
1624363,400000
1624368,1016000
1624372,70000
1624374,818000
1624376,0
1624379,150000
1624387,0
1624391,69100
1624392,550000
1624393,450000
1624399,24500
1624401,650000
1624403,671700
1624416,550000
1624424,377900
1624435,800000
1624446,350000
1624447,150000
1624453,200000
1624462,442700
1624463,1147000
1624473,0
1624476,371000
1624480,550000
1624495,390100
1624496,389200
1624515,158000
1624519,1146600
1624532,500000
1624535,450000
1624537,400000
1624550,350000
1624561,350000
1624563,700000
1624568,0
1624580,0
1624584,150000
1624587,150000
1624596,500000
1624609,399500
1624614,400000
1624621,350000
1624623,550000
1624627,0
1624631,1077300
1624636,374500
1624640,450000
1624650,92500
1624654,550000
1624662,0
1624664,0
1624669,500000
1624686,450000
1624688,419800
1624694,0
1624696,650000
1624710,200000
1624719,350000
1624722,700000
1624726,272500
1624727,459400
1624737,500000
1624738,416600
1624740,900000
1624741,350000
1624742,550000
1624746,64100
1624757,383800
1624763,870000
1624777,408500
1624787,350000
1624790,522500
1624792,150000
1624797,350000
1624800,550000
1624803,0
1624816,884000
1624822,0
1624833,1149000
1624854,339200
1624855,550000
1624873,0
1624875,130000
1624887,440000
1624890,150000
1624893,69100
1624899,372200
1624903,473100
1624910,332500
1624914,448000
1624915,850000
1624916,305200
1624924,1603600
1624927,0
1624929,280000
1624934,0
1624944,0
1624961,300000
1624975,550000
1624980,150000
1624983,350000
1624986,375000
1624987,300000
1624992,138000
1624996,305200
1625010,426500
1625012,418400
1625016,0
1625018,483600
1625019,350000
1625021,389100
1625028,440000
1625036,567500
1625037,0
1625038,200000
1625044,400400
1625045,500000
1625058,0
1625066,489500
1625070,0
1625076,0
1625077,150000
1625092,790000
1625106,0
1625107,900000
1625108,315000
1625128,450000
1625137,0
1625142,2704600
1625154,1360000
1625159,0
1625161,300000
1625171,0
1625172,0
1625179,0
1625182,150000
1625192,550000
1625196,650000
1625203,350000
1625214,433700
1625215,400000
1625225,0
1625229,1054300
1625239,0
1625257,450000
1625259,330000
1625266,350000
1625269,200000
1625274,297500
1625283,378700
1625300,0
1625304,1006300
1625308,1081800
1625309,388800
1625313,305200
1625363,661700
1625365,350000
1625376,0
1625384,534600
1625397,1437300
1625402,380100
1625406,538000
1625409,0
1625419,150000
1625426,389200
1625428,146000
1625434,40000
1625438,0
1625442,458000
1625455,305200
1625462,325500
1625481,305200
1625487,450000
1625494,410800
1625498,547300
1625507,406300
1625520,682700
1625524,587800
1625527,0
1625536,600000
1625538,423800
1625539,126800
1625546,876500
1625548,305200
1625549,0
1625568,350000
1625589,0
1625590,1421700
1625602,445000
1625607,893500
1625616,775000
1625623,400000
1625631,0
1625641,400000
1625654,0
1625660,250000
1625664,400000
1625698,562000
1625699,522000
1625706,150000
1625713,0
1625728,400000
1625736,400000
1625747,0
1625754,1100000
1625760,463800
1625769,400000
1625772,150000
1625780,150000
1625781,400000
1625786,400000
1625787,340000
1625795,765000
1625813,550000
1625816,663500
1625837,0
1625844,1947300
1625853,642000
1625865,400000
1625872,581500
1625878,0
1625890,0
1625895,400000
1625902,487800
1625919,400000
1625933,400000
1625943,621000
1625946,0
1625950,400000
1625964,400000
1625972,700000
1625975,503000
1625977,150000
1625986,868100
1625987,305200
1625988,450000
1625990,350000
1625997,315000
1626014,688100
1626025,150000
1626033,1724800
1626034,600000
1626046,717000
1626048,0
1626053,1000000
1626056,0
1626065,382400
1626067,150000
1626077,420000
1626081,574700
1626082,500000
1626084,521000
1626089,0
1626093,0
1626103,339500
1626106,400000
1626111,473600
1626131,400000
1626133,0
1626134,0
1626136,350000
1626137,589000
1626140,542000
1626154,0
1626156,650000
1626157,584300
1626164,545000
1626167,0
1626170,614000
1626172,419300
1626174,400000
1626182,840000
1626192,326000
1626193,400000
1626199,506700
1626203,400000
1626212,0
1626213,350000
1626222,0
1626239,150000
1626246,150000
1626251,417500
1626258,8043600
1626263,565000
1626265,524000
1626269,2895900
1626271,550000
1626276,500000
1626282,568000
1626289,450000
1626294,400000
1626295,413900
1626297,460500
1626298,437500
1626302,0
1626318,30400
1626320,400000
1626328,398600
1626331,424300
1626341,0
1626342,0
1626354,0
1626355,150000
1626358,550000
1626372,448900
1626373,400000
1626374,350000
1626380,352500
1626382,705500
1626386,584000
1626394,400000
1626407,555000
1626408,0
1626413,0
1626414,417500
1626425,262400
1626432,3041000
1626445,1300000
1626449,400000
1626460,400000
1626466,400000
1626469,400000
1626481,563500
1626503,0
1626510,413000
1626514,150000
1626515,250000
1626521,400000
1626533,624000
1626536,523000
1626539,0
1626544,16000
1626546,0
1626547,0
1626558,653200
1626561,342200
1626563,55800
1626574,455000
1626580,0
1626601,495300
1626608,416500
1626612,400000
1626622,200000
1626628,450000
1626631,400000
1626633,350000
1626652,840500
1626664,0
1626667,331600
1626671,700000
1626697,690000
1626710,780000
1626731,0
1626743,494000
1626749,550000
1626754,350000
1626764,650000
1626778,1072900
1626789,400000
1626792,450000
1626812,150000
1626813,344800
1626814,400000
1626828,350000
1626832,424700
1626841,0
1626854,637700
1626860,428400
1626862,550000
1626864,600000
1626867,1410000
1626872,400000
1626902,400000
1626909,550000
1626915,315000
1626923,0
1626928,580000
1626933,550000
1626951,550000
1626989,400000
1626998,0
1627001,150000
1627004,400000
1627007,400000
1627024,400000
1627025,400000
1627029,200000
1627037,1717400
1627050,400000
1627062,1033000
1627063,400000
1627067,275600
1627069,318500
1627076,1005000
1627078,928000
1627084,595900
1627106,400000
1627116,577600
1627120,400000
1627121,504000
1627124,524500
1627128,526000
1627143,511600
1627184,428800
1627196,1000000
1627197,0
1627200,29400
1627203,0
1627214,153000
1627236,400000
1627240,150000
1627250,400000
1627251,96500
1627253,69100
1627261,400000
1627311,64100
1627330,550000
1627337,215000
1627341,562500
1627348,400000
1627365,400000
1627366,69100
1627384,0
1627391,456900
1627392,400000
1627413,474000
1627431,357500
1627441,441000
1627457,225000
1627473,600000
1627479,0
1627491,550000
1627492,0
1627501,450000
1627510,96500
1627517,650000
1627520,0
1627521,224000
1627525,250000
1627537,400000
1627548,881000
1627577,1178500
1627623,0
1627647,250000
1627664,138800
1627675,550000
1627690,0
1627693,150000
1627700,570000
1627703,400000
1627722,400000
1627726,833000
1627730,300000
1627743,400000
1627759,627500
1627771,492400
1627779,400000
1627802,788800
1627819,0
1627833,1228900
1627838,550000
1627851,0
1627854,400000
1627865,760800
1627867,400000
1627880,450000
1627891,400000
1627893,400000
1627911,400000
1627951,1119500
1627952,412300
1627957,400000
1627965,400000
1627978,575000
1627979,400000
1628024,504000
1628026,570300
1628033,149800
1628037,150000
1628039,250000
1628053,285000
1628065,0
1628075,350000
1628077,396000
1628103,447700
1628106,630600
1628143,250000
1628152,350000
1628154,422000
1628188,350000
1628193,395100
1628195,450000
1628196,350000
1628201,740000
1628206,0
1628208,0
1628213,481200
1628227,350000
1628234,425000
1628235,688400
1628241,374000
1628244,713500
1628246,0
1628247,0
1628258,426900
1628263,0
1628264,0
1628277,590000
1628290,150000
1628300,150000
1628302,157400
1628309,754400
1628311,426500
1628328,405000
1628335,614000
1628340,0
1628342,567500
1628372,1807500
1628382,450000
1628393,294000
1628407,494300
1628411,350000
1628417,426500
1628449,348300
1628457,55200
1628461,312000
1628482,450000
1628495,450000
1628513,500000
1628518,0
1628522,903500
1628524,450000
1628539,350000
1628546,735300
1628557,1044000
1628560,350000
1628565,434200
1628566,420200
1628573,350000
1628577,346000
1628585,1082500
1628590,0
1628601,294000
1628602,0
1628604,450000
1628614,0
1628632,350000
1628641,417500
1628647,450000
1628665,350000
1628668,0
1628691,350000
1628706,294000
1628721,165600
1628728,429500
1628734,352500
1628736,350000
1628740,633500
1628753,395000
1628761,202900
1628762,0
1628766,548600
1628772,350000
1628774,395000
1628778,850000
1628795,630600
1628802,869800
1628803,0
1628808,0
1628810,90000
1628817,1008000
1628820,0
1628821,541600
1628839,294000
1628846,336800
1628851,450000
1628873,472400
1628875,350000
1628888,350000
1628890,1310900
1628893,437500
1628917,350000
1628925,726500
1628935,0
1628939,301000
1628943,450000
1628948,0
1628950,350000
1628965,350000
1628976,1771400
1628987,150000
1628993,350000
1628995,450000
1629000,835200
1629002,369500
1629004,699400
1629012,350000
1629019,346500
1629021,0
1629023,300000
1629026,0
1629054,315000
1629062,350000
1629069,150000
1629084,294000
1629088,350000
1629092,559400
1629114,0
1629123,517500
1629130,544500
1629139,605600
1629148,0
1629151,472500
1629171,400000
1629176,0
1629178,294000
1629181,500000
1629184,1746400
1629188,450000
1629189,364100
1629203,200200
1629205,350000
1629213,350000
1629217,541400
1629218,512800
1629221,150000
1629223,644500
1629224,0
1629227,300000
1629237,497000
1629238,950000
1629245,609000
1629247,377000
1629254,430600
1629258,335000
1629259,422000
1629262,1981800
1629264,400000
1629275,350000
1629276,0
1629284,0
1629292,417500
1629299,100000
1629315,400000
1629317,400000
1629322,0
1629323,250000
1629341,650000
1629343,800000
1629349,0
1629362,350000
1629367,150000
1629370,150000
1629373,1099000
1629377,400000
1629378,0
1629383,271000
1629397,150000
1629401,200000
1629402,0
1629405,0
1629409,850000
1629417,450000
1629419,361900
1629421,0
1629423,613700
1629438,350000
1629441,1464000
1629442,399500
1629445,200000
1629457,350000
1629459,350000
1629464,618600
1629486,0
1629489,350000
1629490,550000
1629497,663500
1629500,500000
1629505,0
1629506,150000
1629514,350000
1629515,350000
1629519,692800
1629523,380000
1629525,0
1629530,350000
1629531,1347100
1629534,949000
1629536,740000
1629538,417500
1629543,375500
1629544,1155000
1629549,0
1629552,440900
1629561,700000
1629569,403500
1629571,450000
1629592,150000
1629595,460000
1629609,410800
1629611,1250000
1629616,163000
1629618,420000
1629620,803700
1629627,0
1629628,567500
1629631,0
1629634,0
1629637,549000
1629638,0
1629648,184000
1629650,450000
1629653,0
1629654,0
1629660,650000
1629666,150000
1629668,0
1629675,350000
1629679,350000
1629688,521000
1629691,500000
1629692,672800
1629698,600000
1629701,0
1629706,0
1629709,361900
1629710,407600
1629723,224000
1629724,400000
1629731,1687000
1629733,350000
1629737,549000
1629740,1149500
1629741,0
1629743,900000
1629745,0
1629746,1000000
1629752,0
1629754,350000
1629759,320000
1629772,0
1629779,0
1629780,300000
1629782,350000
1629783,0
1629784,315000
1629785,450000
1629789,400000
1629794,0
1629795,727400
1629800,0
1629808,933400
1629818,545000
1629826,0
1629842,287000
1629844,0
1629854,0
1629855,1351400
1629858,350000
1629870,400000
1629872,400000
1629881,431000
1629883,402800
1629884,350000
1629898,380000
1629904,0
1629909,840000
1629927,563900
1629936,150000
1629949,600000
1629951,0
1629953,330800
1629961,625000
1629962,670000
1629964,0
1629965,956800
1629967,578100
1629969,250000
1629974,150000
1629978,108000
1629982,0
1629983,744800
1629984,0
1629988,550000
1629991,1004000
1629996,376000
1629998,396400
1629999,408500
1630002,881900
1630004,118000
1630007,650000
1630011,250000
1630027,600000
1630035,0
1630036,515500
1630039,0
1630044,350000
1630056,160000
1630058,600000
1630060,681500
1630065,400000
1630078,0
1630084,315000
1630085,150000
1630096,0
1630098,350000
1630113,0
1630114,853700
1630116,0
1630122,553100
1630125,0
1630132,450000
1630135,0
1630136,350000
1630140,1629500
1630145,0
1630150,424900
1630151,350000
1630153,0
1630155,749700
1630177,350000
1630188,1054000
1630209,583500
1630211,350000
1630215,0
1630217,514500
1630225,315000
1630250,717500
1630253,406000
1630260,484400
1630284,2000000
1630294,279500
1630295,425600
1630296,450000
1630299,429000
1630309,800000
1630311,372300
1630329,250000
1630336,200000
1630343,150000
1630344,0
1630357,449000
1630372,550000
1630387,315000
1630391,819500
1630393,555000
1630398,350000
1630402,509000
1630418,350000
1630438,0
1630439,395000
1630447,450000
1630450,349300
1630454,450000
1630463,355500
1630482,0
1630484,1153600
1630487,0
1630489,0
1630494,0
1630496,350000
1630500,340600
1630519,250000
1630526,663500
1630527,739700
1630534,342700
1630536,1059600
1630539,675900
1630547,150000
1630560,513000
1630562,524000
1630563,40000
1630569,510500
1630574,428800
1630576,349300
1630586,540000
1630600,150000
1630602,350000
1630612,450000
1630636,520000
1630645,150000
1630647,329000
1630654,500000
1630657,412900
1630661,539600
1630674,349300
1630680,650000
1630681,450000
1630687,400400
1630694,464800
1630703,349300
1630721,250000
1630729,349300
1630735,332500
1630753,290500
1630754,600000
1630758,757500
1630768,417500
1630781,323400
1630785,0
1630809,325500
1630814,767500
1630838,2502800
1630849,0
1630853,408500
1630878,69100
1630883,500000
1630891,150000
1630897,445500
1630937,417500
1630939,110000
1630951,140000
1630965,428400
1630968,453000
1630977,335300
1630983,290500
1630984,0
1630992,315000
1630995,150000
1631002,374400
1631003,0
1631006,362500
1631007,431000
1631009,409900
1631011,408500
1631014,750000
1631016,350000
1631029,350000
1631040,0
1631049,908100
1631052,390500
1631056,0
1631057,250000
1631060,927000
1631063,170000
1631067,150000
1631072,1064800
1631079,555000
1631082,733000
1631085,537100
1631095,417500
1631103,382400
1631106,404000
1631119,0
1631121,350000
1631122,0
1631136,4325000
1631147,0
1631150,853700
1631160,500000
1631164,300000
1631172,140000
1631173,700200
1631185,0
1631187,0
1631193,200000
1631203,350000
1631209,150000
1631210,422000
1631213,1317400
1631219,435500
1631222,0
1631231,693000
1631237,110000
1631242,150000
1631248,300000
1631251,0
1631253,582100
1631262,375000
1631268,170000
1631274,649000
1631281,520000
1631291,372500
1631292,336500
1631295,350000
1631297,0
1631298,517800
1631304,449000
1631328,0
1631329,404500
1631342,350000
1631344,250000
1631350,720700
1631352,140000
1631361,650000
1631375,490000
1631377,245000
1631380,556500
1631389,350000
1631392,0
1631395,350000
1631409,0
1631420,431000
1631424,456000
1631428,677900
1631445,0
1631450,500000
1631451,528200
1631456,1120700
1631460,420700
1631465,406500
1631469,160000
1631471,500000
1631479,300000
1631483,417200
1631487,825000
1631491,853700
1631498,350000
1631501,350000
1631504,500000
1631509,110000
1631511,549500
1631512,366200
1631519,500000
1631523,568800
1631537,800000
1631543,0
1631548,350000
1631552,500000
1631567,0
1631568,500000
1631573,861800
1631581,400000
1631583,574300
1631592,311500
1631603,1033300
1631605,650000
1631606,350000
1631607,0
1631612,400000
1631614,903800
1631621,325000
1631628,0
1631630,450000
1631634,400000
1631639,0
1631644,887000
1631645,400000
1631656,576500
1631663,350000
1631669,590000
1631674,350000
1631677,450000
1631690,400000
1631693,545000
1631704,0
1631711,350000
1631715,315000
1631724,400000
1631735,150000
1631744,500000
1631746,93600
1631755,598600
1631761,650000
1631777,500000
1631778,0
1631782,150000
1631789,408600
1631790,585800
1631792,300000
1631795,332500
1631814,350000
1631819,150000
1631822,0
1631838,0
1631839,300000
1631856,435000
1631864,450000
1631868,450000
1631877,315000
1631880,0
1631882,0
1631883,349300
1631884,150000
1631889,0
1631898,350000
1631921,450000
1631923,450000
1631931,946000
1631932,0
1631934,150000
1631942,0
1631943,1861200
1631947,736800
1631954,702200
1631955,332500
1631957,315000
1631958,0
1631962,150000
1631970,458100
1631971,475000
1631974,704100
1631979,500000
1631985,200000
1631989,150000
1631993,150000
1632033,150000
1632038,0
1632047,349300
1632053,600000
1632055,400000
1632066,785000
1632068,350000
1632069,330800
1632090,0
1632095,0
1632100,390000
1632102,681500
1632108,150000
1632113,528000
1632120,0
1632122,624900
1632123,597200
1632127,435000
1632134,800000
1632135,546100
1632145,150000
1632150,2590000
1632152,460000
1632177,500000
1632178,450000
1632183,750000
1632184,1122500
1632185,0
1632186,790000
1632189,437400
1632195,450000
1632196,150000
1632200,0
1632212,790000
1632219,0
1632227,0
1632239,350000
1632240,500000
1632243,450000
1632246,350000
1632259,0
1632266,391900
1632268,450000
1632288,350000
1632293,1524800
1632297,900000
1632298,384000
1632309,800000
1632311,540000
1632314,535000
1632317,567500
1632329,250000
1632331,600000
1632332,1240500
1632340,150000
1632342,85000
1632348,0
1632355,150000
1632356,391900
1632369,506000
1632371,146000
1632375,0
1632376,225000
1632384,0
1632386,0
1632392,1007500
1632399,599000
1632402,434000
1632409,840000
1632412,545000
1632413,150000
1632416,0
1632418,0
1632431,349300
1632432,439900
1632440,0
1632444,424300
1632448,400000
1632452,635000
1632456,350000
1632463,300000
1632468,450000
1632477,0
1632481,0
1632482,413000
1632494,1562000
1632497,200000
1632504,150000
1632508,349300
1632509,531500
1632513,0
1632537,624900
1632538,200000
1632540,528000
1632545,350000
1632546,417500
1632547,573100
1632550,300000
1632560,150000
1632569,417500
1632577,350000
1632578,624800
1632583,350000
1632584,438700
1632594,349300
1632597,740000
1632599,0
1632601,1008400
1632605,976500
1632612,349300
1632613,350400
1632617,0
1632622,350000
1632628,0
1632629,326200
1632631,655100
1632632,150000
1632646,0
1632648,0
1632649,349300
1632650,592000
1632656,0
1632670,717500
1632672,350000
1632675,0
1632676,150000
1632682,350000
1632687,500000
1632689,340600
1632696,349300
1632724,349300
1632741,150000
1632744,500000
1632758,150000
1632763,350000
1632768,450000
1632781,600000
1632782,650000
1632785,0
1632786,750000
1632799,735000
1632811,0
1632812,1095100
1632813,423800
1632824,600000
1632828,0
1632831,170000
1632839,550000
1632860,550000
1632863,150000
1632888,0
1632893,450000
1632903,150000
1632906,449400
1632907,585500
1632914,447200
1632953,970100
1632958,681500
1632959,440000
1632971,597200
1632975,600000
1632976,150000
1632980,681500
1632983,404000
1632987,422000
1632991,1450000
1633003,350000
1633008,477500
1633009,440000
1633010,360500
1633021,1073500
1633026,0
1633029,400000
1633034,663500
1633039,682300
1633040,32400
1633041,350000
1633046,618000
1633049,729100
1633052,300000
1633056,350000
1633060,350000
1633063,486400
1633072,595600
1633075,350000
1633096,445000
1633108,0
1633118,802200
1633121,600000
1633129,350000
1633153,450000
1633167,388000
1633172,775200
1633184,150000
1633185,800000
1633201,0
1633202,534500
1633205,0
1633211,0
1633225,328700
1633233,399500
1633237,513500
1633242,531500
1633251,346200
1633252,252000
1633255,600000
1633261,350000
1633263,663500
1633274,600000
1633283,385400
1633289,250000
1633293,0
1633306,555000
1633309,276400
1633315,1427500
1633317,350000
1633318,340600
1633321,450000
1633323,863000
1633335,349300
1633346,350000
1633354,477500
1633355,400000
1633357,349300
1633367,405000
1633370,0
1633371,590000
1633372,480000
1633373,350000
1633378,82300
1633380,810800
1633383,0
1633393,0
1633402,600000
1633408,513500
1633417,450000
1633420,600000
1633421,1036500
1633423,200000
1633430,527000
1633431,300000
1633437,450000
1633438,1300800
1633439,568700
1633447,315000
1633451,415000
1633458,429100
1633462,0
1633464,289900
1633465,115000
1633468,346500
1633469,2077900
1633473,1778400
1633476,350000
1633480,600000
1633484,913500
1633502,150000
1633508,0
1633519,550000
1633520,0
1633528,932500
1633532,396400
1633539,443200
1633540,0
1633541,581000
1633543,0
1633544,82300
1633546,475000
1633548,390100
1633553,477500
1633557,409200
1633563,0
1633564,359900
1633566,355100
1633571,200000
1633573,650000
1633592,2803400
1633595,315000
1633598,513500
1633599,240000
1633605,585500
1633609,700000
1633612,612000
1633621,600000
1633637,477500
1633640,579200
1633644,417500
1633651,350000
1633659,500000
1633674,515800
1633683,0
1633689,400000
1633693,477500
1633695,350000
1633697,427000
1633698,350000
1633700,0
1633704,60000
1633707,359900
1633732,350000
1633739,541000
1633742,450000
1633758,350000
1633759,351500
1633771,332500
1633785,1300000
1633786,500000
1633787,704000
1633788,4569100
1633794,413900
1633795,361000
1633798,0
1633806,775000
1633814,450000
1633816,359900
1633817,518500
1633823,450000
1633825,0
1633826,532500
1633841,330900
1633860,150000
1633862,0
1633863,350000
1633870,316800
1633871,883300
1633873,540000
1633882,135000
1633883,539600
1633884,640000
1633886,452900
1633889,0
1633892,0
1633893,5122500
1633911,0
1633914,350000
1633924,585000
1633930,867700
1633931,954800
1633937,654500
1633942,350000
1633945,150000
1633947,150000
1633948,350000
1633962,611200
1633963,450000
1633969,111800
1633972,600000
1633983,0
1633984,1056300
1633985,350000
1633996,378900
1633999,0
1634006,0
1634014,447200
1634020,350000
1634033,350000
1634040,550000
1634043,395000
1634046,200000
1634047,1186500
1634051,500000
1634063,316600
1634077,500000
1634082,731400
1634084,544000
1634085,2000000
1634087,0
1634099,150000
1634102,805800
1634115,2054000
1634130,435500
1634134,0
1634139,584100
1634140,1182800
1634142,387400
1634144,435500
1634145,629600
1634146,150000
1634147,0
1634157,450000
1634164,0
1634167,150000
1634169,125000
1634170,1647200
1634178,650000
1634180,644600
1634187,422100
1634190,299800
1634197,400000
1634201,0
1634203,779500
1634209,150000
1634213,350000
1634215,413500
1634217,242000
1634222,439600
1634229,614000
1634235,450000
1634243,300000
1634244,417500
1634249,150000
1634252,720000
1634256,3101800
1634267,435500
1634270,650000
1634275,420000
1634290,500000
1634291,150000
1634295,350000
1634296,0
1634301,350000
1634305,1137300
1634309,220000
1634313,0
1634314,0
1634318,350000
1634323,681500
1634326,413000
1634328,600000
1634329,0
1634330,966500
1634349,625000
1634355,404000
1634357,150000
1634358,449600
1634359,350000
1634362,300000
1634363,231700
1634370,317000
1634372,450000
1634374,375500
1634383,450000
1634384,450000
1634391,318500
1634393,350000
1634396,663500
1634399,0
1634415,1192000
1634418,0
1634420,810400
1634425,150000
1634427,500000
1634442,150000
1634444,350000
1634455,677000
1634474,350000
1634487,650000
1634489,1209900
1634491,474900
1634492,600000
1634494,889300
1634502,3667000
1634510,450000
1634518,150000
1634519,0
1634522,417500
1634523,150000
1634526,600000
1634531,150000
1634539,500000
1634541,845000
1634550,450000
1634551,649000
1634552,625000
1634557,650000
1634564,750000
1634565,0
1634566,300000
1634569,435000
1634571,594500
1634577,2103700
1634591,150000
1634595,315000
1634605,731000
1634614,475000
1634617,400000
1634624,0
1634625,430000
1634627,513500
1634629,411600
1634640,575600
1634646,1477600
1634651,495000
1634652,578000
1634658,350000
1634660,150000
1634664,350000
1634669,800000
1634676,1807500
1634684,910000
1634692,450000
1634696,775000
1634699,3600
1634702,150000
1634704,400000
1634705,400000
1634709,950000
1634714,435000
1634717,956800
1634718,431000
1634720,417500
1634721,791300
1634726,350000
1634734,1244900
1634736,420800
1634744,400900
1634745,0
1634750,150000
1634753,752800
1634754,350000
1634755,150000
1634758,365000
1634764,403600
1634766,356500
1634771,250000
1634777,249800
1634786,0
1634787,400000
1634795,350000
1634803,288000
1634807,1322700
1634810,500000
1634813,150000
1634816,540000
1634817,750500
1634820,957300
1634823,300000
1634834,500000
1634835,350000
1634840,0
1634842,0
1634845,750000
1634846,509900
1634847,775000
1634849,450000
1634852,449600
1634860,350000
1634865,450000
1634866,600000
1634876,350000
1634880,447200
1634881,150000
1634885,437800
1634893,664000
1634898,450000
1634899,500000
1634900,370000
1634905,349600
1634906,1231000
1634909,214800
1634912,350000
1634924,500000
1634926,1050000
1634927,0
1634934,398000
1634939,750000
1634954,435000
1634955,900000
1634960,0
1634969,362900
1634977,0
1634982,400000
1634983,391400
1634984,550000
1634988,500000
1634992,538800
1634995,1050000
1634999,359900
1635000,514000
1635004,738000
1635008,447200
1635010,556300
1635011,911600
1635016,450000
1635017,728800
1635020,600000
1635026,614000
1635029,852400
1635031,522500
1635033,584600
1635036,628200
1635043,500000
1635046,350000
1635047,450000
1635048,758000
1635054,0
1635056,350000
1635057,150000
1635062,302800
1635067,0
1635068,513500
1635070,599600
1635074,474900
1635078,150000
1635080,632900
1635085,0
1635086,555800
1635087,346500
1635092,0
1635095,350000
1635102,0
1635106,150000
1635107,0
1635109,1238700
1635114,120000
1635115,681500
1635118,330000
1635133,0
1635138,4800000
1635145,699000
1635148,300000
1635149,585500
1635153,664000
1635158,527000
1635161,591500
1635165,0
1635167,680000
1635169,0
1635171,0
1635174,569800
1635176,527000
1635180,775000
1635183,659900
1635186,429000
1635187,1096000
1635193,3963400
1635194,0
1635202,475000
1635204,150000
1635213,330800
1635214,0
1635217,0
1635219,437800
1635220,450000
1635223,150000
1635230,426500
1635232,350000
1635233,0
1635236,319000
1635238,150000
1635248,150000
1635270,423800
1635274,771200
1635275,522500
1635276,350000
1635277,545000
1635279,567500
1635280,397500
1635281,131500
1635282,350000
1635284,511000
1635290,349300
1635291,775000
1635294,509900
1635296,421600
1635305,500000
1635316,585800
1635318,350000
1635321,500000
1635333,500000
1635337,400000
1635339,349300
1635341,205400
1635344,399800
1635347,450000
1635348,150000
1635352,625000
1635357,350000
1635358,450000
1635374,417500
1635375,350000
1635382,349300
1635388,662800
1635391,0
1635397,350000
1635399,408600
1635400,349300
1635414,369000
1635416,150000
1635422,0
1635425,349300
1635427,597200
1635432,450000
1635433,556300
1635434,400000
1635439,0
1635442,339200
1635444,400000
1635449,717500
1635456,350000
1635459,120000
1635466,620100
1635470,0
1635471,659900
1635477,450000
1635482,0
1635486,775000
1635487,0
1635491,600000
1635496,300000
1635502,0
1635507,550000
1635509,464000
1635528,350000
1635533,349300
1635546,150000
1635551,350000
1635554,440000
1635555,417500
1635557,341300
1635560,350000
1635564,450000
1635568,717500
1635569,550000
1635572,538400
1635577,918500
1635579,519600
1635584,349300
1635586,350000
1635590,450000
1635593,519800
1635594,249500
1635596,485000
1635609,436000
1635613,300000
1635614,563900
1635619,435000
1635622,450000
1635623,513500
1635625,410900
1635628,349300
1635630,300000
1635632,0
1635636,0
1635640,349300
1635642,934000
1635644,0
1635650,453000
1635651,527000
1635652,349300
1635656,381500
1635662,329000
1635667,565000
1635671,315000
1635675,349300
1635678,346500
1635685,315000
1635686,669300
1635687,210000
1635689,851000
1635695,349300
1635703,0
1635709,150000
1635717,1467000
1635731,418500
1635733,401000
1635738,0
1635739,496500
1635741,500000
1635744,477500
1635751,100000
1635757,494400
1635758,400000
1635759,863500
1635760,550000
1635762,150000
1635766,350000
1635769,884900
1635770,408500
1635771,0
1635773,530000
1635784,0
1635787,676500
1635790,500000
1635797,883800
1635798,652300
1635799,0
1635801,437300
1635807,359900
1635810,453500
1635811,526000
1635813,349300
1635819,0
1635825,550000
1635832,405000
1635838,346500
1635839,150000
1635841,0
1635842,909900
1635843,346500
1635859,450000
1635862,346500
1635867,400000
1635868,1464600
1635880,150800
1635881,346500
1635882,500000
1635883,567500
1635887,0
1635895,513500
1635896,1616500
1635899,650000
1635900,346500
1635903,1196000
1635911,346500
1635912,431000
1635920,500000
1635930,813500
1635932,0
1635933,150000
1635935,774300
1635936,0
1635940,900000
1635945,346500
1635957,500000
1635959,322000
1635960,150000
1635964,420000
1635972,375000
1635973,360000
1635974,346500
1635975,400000
1635981,824900
1635983,667000
1635985,350000
1635990,0
1635991,509800
1635994,870000
1635996,429700
1635998,346500
1636001,576500
1636010,450000
1636015,845000
1636016,0
1636019,376000
1636022,346500
1636026,336000
1636027,347600
1636031,350000
1636037,346500
1636038,400000
1636041,656800
1636047,350000
1636050,575000
1636051,0
1636054,346500
1636058,550000
1636061,703600
1636069,346500
1636074,450000
1636075,400000
1636081,422000
1636082,350000
1636083,150000
1636087,350000
1636088,500000
1636089,365400
1636092,398600
1636093,335000
1636097,150000
1636104,0
1636109,443600
1636111,507300
1636114,346500
1636115,417500
1636119,400000
1636121,0
1636125,450000
1636129,346500
1636130,150000
1636134,150000
1636139,401600
1636145,150000
1636149,603600
1636151,346500
1636153,0
1636154,400000
1636161,344000
1636168,346500
1636169,1053000
1636171,349300
1636173,0
1636176,346500
1636184,531000
1636193,365000
1636194,660500
1636195,899000
1636198,0
1636202,500000
1636203,450000
1636204,1120300
1636209,449600
1636215,994000
1636216,535000
1636218,500000
1636231,527000
1636233,550000
1636238,885000
1636239,550000
1636241,488000
1636242,350000
1636244,350000
1636246,491400
1636254,0
1636256,259500
1636258,0
1636270,389600
1636278,600000
1636280,0
1636300,1976500
1636303,570000
1636308,0
1636316,350000
1636320,0
1636327,1150000
1636330,200000
1636338,450000
1636340,370400
1636345,550000
1636367,0
1636374,513500
1636377,449600
1636382,400000
1636385,750000
1636386,150000
1636389,175000
1636390,500000
1636400,1121000
1636402,500000
1636404,400000
1636415,150000
1636416,678000
1636418,150000
1636424,0
1636425,750000
1636431,600000
1636437,400000
1636444,0
1636450,450000
1636454,400000
1636457,550000
1636468,1142500
1636469,696900
1636487,650000
1636491,135000
1636502,444000
1636503,500000
1636505,350000
1636506,850000
1636518,150000
1636521,400000
1636522,400000
1636525,0
1636530,0
1636532,980000
1636539,500000
1636543,1003000
1636561,400000
1636577,400000
1636582,400000
1636587,150000
1636588,600000
1636593,717500
1636594,0
1636601,628000
1636605,0
1636624,0
1636626,450000
1636636,509900
1636641,468000
1636647,546000
1636650,700000
1636668,146000
1636670,0
1636686,450000
1636688,900000
1636702,700000
1636705,550000
1636707,150000
1636714,400000
1636718,950000
1636719,450000
1636720,400000
1636724,150000
1636725,150000
1636726,700600
1636750,2949200
1636753,550000
1636758,0
1636794,597000
1636796,400000
1636798,550000
1636800,249500
1636805,400000
1636819,450000
1636820,550000
1636826,0
1636827,0
1636830,449400
1636831,550000
1636832,682000
1636844,550000
1636856,400000
1636857,350000
1636861,550000
1636864,550000
1636865,650000
1636866,550000
1636868,738700
1636869,850000
1636873,450000
1636879,130000
1636890,690000
1636898,0
1636907,0
1636914,0
1636919,150000
1636928,0
1636929,301000
1636940,0
1636948,504600
1636952,850000
1636953,0
1636956,0
1636963,650000
1636968,0
1636970,550000
1636979,0
1636984,550000
1636986,400000
1636994,496000
1636995,120000
1637002,567900
1637005,550000
1637007,1168000
1637012,400000
1637017,400000
1637039,700000
1637040,455000
1637048,350000
1637052,530200
1637064,0
1637065,1092500
1637066,151600
1637069,703000
1637071,249500
1637076,0
1637080,150000
1637083,400000
1637085,446800
1637088,400000
1637093,489100
1637094,0
1637096,449600
1637108,550000
1637113,550000
1637132,150000
1637133,850000
1637134,300000
1637146,856000
1637154,150000
1637155,1527700
1637157,500000
1637185,550000
1637186,0
1637193,0
1637199,350000
1637200,1374600
1637201,400000
1637203,400000
1637204,550000
1637210,585000
1637213,400000
1637219,0
1637228,400000
1637233,550000
1637238,506500
1637246,550000
1637250,550000
1637253,950000
1637258,550000
1637278,700000
1637284,0
1637291,550400
1637296,458500
1637297,250000
1637298,0
1637319,0
1637349,600000
1637358,572000
1637364,292000
1637374,449600
1637381,464000
1637389,550000
1637396,473100
1637403,400000
1637413,250000
1637439,0
1637447,350000
1637450,300000
1637451,0
1637452,650000
1637453,450000
1637454,150000
1637459,192500
1637466,400000
1637470,400000
1637472,200000
1637476,477500
1637488,447200
1637490,550000
1637495,160000
1637498,550000
1637501,400000
1637505,550000
1637511,550000
1637533,700000
1637535,0
1637537,400000
1637541,814900
1637544,420000
1637558,287000
1637563,250000
1637565,577000
1637576,550000
1637580,200000
1637584,0
1637586,550000
1637599,150000
1637603,400000
1637611,0
1637613,0
1637620,684000
1637629,150000
1637632,0
1637645,550000
1637655,400000
1637659,400000
1637662,350000
1637675,700000
1637683,0
1637686,423500
1637691,393500
1637692,400000
1637705,600000
1637707,396000
1637711,0
1637742,0
1637750,552000
1637755,500000
1637761,450000
1637771,250000
1637780,618700
1637787,347900
1637801,433500
1637807,400000
1637831,150000
1637859,350000
1637861,492000
1637865,586600
1637866,700000
1637874,685000
1637890,400000
1637894,268000
1637901,285000
1637914,150000
1637917,0
1637921,466500
1637925,600000
1637933,0
1637934,625000
1637937,550000
1637940,450000
1637954,352300
1637957,450000
1637959,762700
1637962,0
1637964,649700
1637975,659900
1637976,970000
1637995,0
1638016,780000
1638021,700000
1638023,300000
1638024,650000
1638027,315000
1638053,150000
1638057,1100000
1638079,1342700
1638085,0
1638088,695400
1638094,431000
1638096,907500
1638100,511000
1638104,150000
1638116,2125300
1638120,0
1638133,350000
1638145,400000
1638146,298500
1638150,500000
1638157,0
1638158,775000
1638166,350000
1638191,1245000
1638210,150000
1638212,220000
1638213,1344000
1638224,1679700
1638233,350000
1638236,2282700
1638240,405500
1638248,535300
1638268,150000
1638308,500000
1638313,400000
1638322,438000
1638333,1444500
1638338,347000
1638339,1613800
1638344,404000
1638356,450000
1638357,450000
1638359,250000
1638361,520000
1638377,350000
1638379,397000
1638387,925000
1638392,0
1638401,358300
1638406,614000
1638414,200000
1638419,350000
1638426,346500
1638435,250000
1638471,684400
1638495,746000
1638531,450000
1638548,150000
1638554,556300
1638567,350000
1638571,0
1638575,500000
1638583,350000
1638585,0
1638591,0
1638598,450000
1638603,150000
1638613,16000
1638626,1369600
1638637,0
1638651,250000
1638666,2841000
1638676,0
1638695,143000
1638714,1903800
1638724,967100
1638725,0
1638732,378900
1638747,150000
1638759,4630200
1638764,633500
1638768,708000
1638772,500000
1638780,330000
1638781,715000
1638785,923500
1638788,1971700
1638789,339500
1638793,300000
1638798,230000
1638805,833100
1638810,350000
1638815,1512500
1638816,1027000
1638822,600000
1638823,0
1638824,0
1638830,450000
1638853,554100
1638855,1346000
1638860,2805400
1638868,382900
1638874,400000
1638875,916400
1638880,600000
1638884,585800
1638893,0
1638904,0
1638912,1620000
1638915,458800
1638917,47500
1638923,350000
1638930,650000
1638936,421100
1638938,504800
1638960,660000
1638962,450000
1638968,950700
1638979,698300
1638981,711900
1638984,0
1638989,0
1638993,150000
1638995,359000
1639014,149000
1639018,567500
1639021,376800
1639029,0
1639067,150000
1639074,300000
1639076,435500
1639083,0
1639094,349300
1639097,250000
1639102,150000
1639103,742300
1639107,0
1639125,0
1639128,3491500
1639136,600000
1639146,200000
1639147,298000
1639153,450000
1639155,350000
1639159,600000
1639165,750000
1639174,0
1639179,328500
1639182,597200
1639185,0
1639192,0
1639193,740000
1639196,597200
1639198,733500
1639199,600000
1639200,391000
1639210,136600
1639235,357900
1639241,269000
1639250,769900
1639255,2178600
1639263,585800
1639267,39600
1639268,0
1639284,567500
1639287,428800
1639292,350000
1639301,0
1639320,2050000
1639325,407300
1639329,150000
1639340,790100
1639351,407600
1639357,578800
1639358,0
1639359,450000
1639366,0
1639367,0
1639368,0
1639369,450000
1639372,350000
1639380,1280100
1639394,574300
1639395,731500
1639399,0
1639400,637500
1639401,0
1639403,450000
1639404,150000
1639407,447200
1639417,350000
1639422,450000
1639427,0
1639430,283700
1639432,350000
1639435,350000
1639439,399500
1639443,125000
1639444,422000
1639449,450000
1639470,337300
1639473,0
1639476,484300
1639478,447200
1639481,250000
1639483,679200
1639492,6779800
1639502,190000
1639503,420500
1639505,465000
1639506,599000
1639512,342000
1639514,447200
1639522,283500
1639533,400000
1639537,735700
1639544,0
1639553,350000
1639555,150000
1639559,325900
1639562,625000
1639563,350000
1639566,399500
1639577,334300
1639593,450000
1639596,357000
1639597,400000
1639598,190000
1639600,334600
1639607,350000
1639608,406300
1639613,416600
1639622,382500
1639624,334600
1639627,337300
1639629,150000
1639633,450000
1639634,500000
1639637,247000
1639643,324100
1639644,150000
1639645,500000
1639647,302800
1639653,985500
1639655,0
1639666,350000
1639670,477500
1639673,350000
1639681,331800
1639683,607500
1639687,650000
1639689,250000
1639698,500000
1639700,330800
1639704,0
1639705,1176400
1639706,155900
1639711,747200
1639733,0
1639738,0
1639743,294000
1639745,0
1639750,1798500
1639754,400000
1639758,600000
1639763,554000
1639769,853300
1639771,594000
1639772,396400
1639774,435500
1639775,150000
1639777,350000
1639782,375800
1639801,565300
1639802,350000
1639811,450000
1639812,560800
1639813,269200
1639818,331800
1639824,0
1639826,150000
1639830,324100
1639831,402700
1639833,416800
1639851,347200
1639862,0
1639863,334600
1639865,447200
1639874,350000
1639885,337400
1639892,450000
1639899,240000
1639902,350000
1639903,9512200
1639908,324100
1639911,515800
1639934,334600
1639940,0
1639943,324100
1639949,391300
1639950,611500
1639954,900000
1639960,0
1639963,324800
1639975,0
1639976,350000
1639977,349300
1639981,0
1639983,417500
1639987,390100
1639989,0
1639990,609000
1639998,1600000
1640001,585500
1640005,716000
1640010,380200
1640018,350000
1640028,447700
1640034,0
1640039,1756600
1640041,717000
1640043,650000
1640044,396000
1640045,450000
1640047,0
1640051,500000
1640058,539800
1640063,0
1640072,294000
1640074,509000
1640076,350000
1640077,725000
1640080,488300
1640084,347500
1640094,574700
1640097,431000
1640103,187500
1640104,0
1640109,0
1640114,350000
1640120,380200
1640135,350000
1640143,1739200
1640151,400000
1640152,735100
1640154,350000
1640165,294000
1640169,150000
1640172,740000
1640181,731000
1640182,404000
1640184,422000
1640196,695100
1640199,450000
1640205,0
1640211,420000
1640221,567500
1640225,400000
1640232,118000
1640234,624900
1640235,561300
1640242,400000
1640244,448000
1640249,435500
1640256,450000
1640260,0
1640261,587200
1640272,560000
1640273,688000
1640287,435000
1640293,400400
1640297,580000
1640298,350000
1640300,150000
1640310,512800
1640320,500000
1640322,46500
1640329,659900
1640335,294000
1640336,350000
1640339,535000
1640351,509900
1640357,150000
1640361,346500
1640367,390100
1640369,971300
1640376,375500
1640384,409900
1640389,150000
1640390,0
1640393,500000
1640394,107400
1640397,388300
1640402,375400
1640414,0
1640420,870000
1640423,813500
1640426,528500
1640427,399800
1640428,518000
1640429,500000
1640436,423400
1640441,350000
1640448,774800
1640456,0
1640473,500000
1640474,509900
1640475,397300
1640477,349300
1640484,350000
1640486,350000
1640488,0
1640489,350000
1640490,496700
1640492,720000
1640496,1130000
1640505,294000
1640506,1037400
1640510,0
1640514,417500
1640516,1341200
1640520,578300
1640522,431000
1640523,350000
1640531,350000
1640536,349300
1640551,350000
1640565,482800
1640569,200000
1640572,467400
1640578,545000
1640579,150000
1640581,896300
1640583,958500
1640584,0
1640587,350000
1640588,315000
1640589,0
1640597,119500
1640600,500000
1640601,174000
1640602,150000
1640608,350000
1640614,294000
1640633,350000
1640636,432800
1640643,599300
1640647,668300
1640648,350000
1640661,130000
1640665,659000
1640666,431000
1640667,350000
1640668,400000
1640669,315700
1640675,150000
1640676,350000
1640678,150000
1640679,0
1640689,412600
1640695,0
1640697,0
1640704,462400
1640709,431000
1640717,0
1640719,297500
1640725,583300
1640727,302500
1640733,1336000
1640736,310500
1640737,569800
1640755,0
1640759,450000
1640774,0
1640776,0
1640781,565500
1640788,0
1640795,584000
1640797,357000
1640803,0
1640804,365000
1640805,150000
1640816,649500
1640817,391300
1640833,420000
1640835,659900
1640839,519800
1640840,391500
1640845,509000
1640848,350000
1640859,957800
1640869,874000
1640872,420000
1640878,294000
1640880,0
1640881,649700
1640890,412600
1640894,332500
1640908,150000
1640910,0
1640915,654500
1640918,396400
1640924,100000
1640932,513500
1640935,438000
1640936,350000
1640937,386000
1640946,140000
1640953,588000
1640960,507300
1640964,531500
1640965,0
1640970,0
1640973,150000
1640974,0
1640975,919300
1640980,500000
1640985,0
1640987,447200
1640989,349300
1640993,350000
1640995,262200
1641001,175000
1641004,789500
1641009,0
1641011,500000
1641012,358800
1641014,150000
1641023,530000
1641029,0
1641034,0
1641036,0
1641046,570200
1641055,500000
1641059,575600
1641060,0
1641063,389300
1641064,166500
1641067,485000
1641068,294000
1641073,600000
1641077,384000
1641080,0
1641086,350000
1641092,380200
1641095,3093900
1641096,717900
1641097,569500
1641101,294000
1641104,350000
1641106,349300
1641107,350000
1641117,413000
1641119,513500
1641120,450000
1641121,527000
1641126,350000
1641131,150000
1641132,450000
1641135,0
1641138,932000
1641139,0
1641142,0
1641143,350000
1641144,509900
1641148,452000
1641149,509800
1641150,133000
1641152,0
1641156,659000
1641157,0
1641164,426500
1641182,387500
1641193,519600
1641199,450000
1641200,0
1641205,387500
1641207,400400
1641210,450000
1641221,350000
1641222,350000
1641225,597200
1641230,417500
1641232,346500
1641233,0
1641235,400900
1641238,0
1641241,531500
1641246,500000
1641249,150000
1641253,337300
1641254,400600
1641258,0
1641260,150000
1641261,0
1641262,500000
1641266,408500
1641267,150000
1641270,544000
1641280,530100
1641287,500000
1641289,426600
1641290,350000
1641303,450000
1641304,847500
1641325,134000
1641331,650000
1641335,0
1641339,350000
1641344,450000
1641352,150000
1641354,500000
1641356,3863500
1641360,150000
1641361,0
1641364,500000
1641365,449600
1641370,210000
1641377,4150000
1641378,0
1641380,0
1641385,346500
1641389,450000
1641392,0
1641393,350000
1641394,385400
1641399,441300
1641400,850000
1641409,567500
1641415,1859300
1641418,350000
1641421,849300
1641424,447200
1641435,450000
1641440,310000
1641448,1119400
1641450,597200
1641452,350000
1641457,138200
1641458,337300
1641459,717500
1641464,263800
1641465,396900
1641468,500000
1641476,663500
1641479,569000
1641484,0
1641488,620000
1641491,480800
1641492,350000
1641499,412400
1641502,551700
1641503,1400000
1641508,150000
1641510,450000
1641519,103000
1641521,535000
1641525,519900
1641532,300000
1641534,0
1641535,450000
1641536,726500
1641539,186400
1641540,417500
1641541,450000
1641543,449000
1641547,200000
1641548,408500
1641551,257800
1641562,413900
1641563,646000
1641565,527000
1641571,590000
1641587,263800
1641588,657000
1641591,954000
1641604,0
1641614,0
1641616,0
1641617,509000
1641620,400000
1641622,380800
1641630,400000
1641631,0
1641636,0
1641644,433300
1641661,513500
1641667,150000
1641668,447200
1641669,450000
1641671,450000
1641676,422000
1641679,444800
1641682,509900
1641685,104900
1641692,613500
1641693,150000
1641700,0
1641704,710800
1641708,450000
1641709,645400
1641710,500000
1641713,300000
1641733,0
1641734,0
1641742,349300
1641744,0
1641749,150000
1641752,334800
1641756,559400
1641757,525300
1641762,597200
1641765,490000
1641768,409400
1641769,150000
1641774,315000
1641779,1024300
1641797,1163300
1641804,500000
1641809,100000
1641810,1499800
1641813,509000
1641820,470000
1641821,350000
1641822,500000
1641823,0
1641830,600000
1641831,237000
1641838,450000
1641840,508600
1641842,303400
1641843,652000
1641846,849900
1641849,350000
1641856,150000
1641866,450000
1641872,349300
1641873,600000
1641876,150000
1641881,150000
1641886,523400
1641888,1763500
1641890,0
1641893,1259000
1641894,294500
1641896,294000
1641898,369300
1641905,150000
1641906,0
1641907,420000
1641908,302500
1641910,35000
1641916,509900
1641919,852000
1641922,150000
1641927,526200
1641934,350000
1641936,0
1641939,399500
1641946,339500
1641960,500000
1641961,480000
1641966,0
1641970,463300
1641971,280000
1641979,919600
1641981,376600
1641986,450000
1641988,504500
1641989,150000
1641992,450000
1641993,0
1641999,447300
1642000,150000
1642001,449600
1642002,672500
1642006,500000
1642009,500000
1642016,447000
1642019,416800
1642020,426500
1642023,0
1642027,407200
1642029,447200
1642037,317700
1642043,350000
1642047,350000
1642055,449400
1642058,678000
1642060,450000
1642068,1036000
1642069,200000
1642070,474900
1642072,350000
1642074,875000
1642077,0
1642078,400000
1642085,500000
1642086,150000
1642094,546000
1642095,373000
1642108,350000
1642110,0
1642111,0
1642113,372100
1642116,350000
1642118,0
1642122,424300
1642123,540000
1642128,372100
1642129,150000
1642130,449600
1642137,489000
1642141,314300
1642142,537800
1642147,310000
1642164,200000
1642167,0
1642179,500000
1642185,1270000
1642186,0
1642188,400000
1642201,450000
1642203,0
1642206,150000
1642212,476600
1642214,1538300
1642222,52800
1642226,500000
1642227,338100
1642231,401100
1642244,350000
1642251,250000
1642253,150000
1642255,1285900
1642257,200000
1642265,256400
1642271,0
1642280,280000
1642283,0
1642293,1118000
1642294,350000
1642298,500000
1642299,0
1642301,481300
1642311,350000
1642315,395100
1642335,450000
1642337,549500
1642338,150000
1642342,650000
1642344,17500
1642355,350000
1642359,424300
1642383,100000
1642384,546200
1642388,387000
1642397,519500
1642404,0
1642417,350000
1642421,420200
1642422,350000
1642424,0
1642425,518000
1642426,700000
1642437,570000
1642439,463300
1642445,338800
1642447,401300
1642450,578300
1642458,449500
1642469,976900
1642470,150000
1642488,201000
1642492,300000
1642495,400000
1642507,0
1642508,400000
1642509,532000
1642511,0
1642523,1185000
1642526,375500
1642541,413000
1642564,240000
1642568,0
1642570,838500
1642572,840000
1642575,334000
1642576,400000
1642606,775000
1642618,2186900
1642627,150000
1642634,1033900
1642639,0
1642643,1397000
1642650,350000
1642653,0
1642654,126400
1642657,426500
1642660,150000
1642686,714300
1642691,350000
1642692,150000
1642697,500000
1642698,417500
1642706,1024000
1642711,396900
1642713,465000
1642734,642500
1642735,136400
1642738,0
1642739,710500
1642741,424300
1642745,0
1642758,391000
1642763,400000
1642766,0
1642767,350000
1642769,1206200
1642771,0
1642772,777700
1642783,437300
1642798,631900
1642808,500000
1642809,398000
1642817,750000
1642821,350000
1642828,0
1642839,0
1642842,410800
1642849,0
1642850,500000
1642854,0
1642855,0
1642858,545900
1642862,0
1642869,1344000
1642882,413500
1642888,500000
1642891,545000
1642893,450000
1642898,503400
1642901,400000
1642906,1780000
1642912,0
1642916,500000
1642918,0
1642926,813100
1642928,0
1642930,400000
1642935,638500
1642942,449000
1642945,1171200
1642955,0
1642956,1192000
1642958,517500
1642959,1453000
1642962,0
1642963,400000
1642964,0
1642979,10321000
1642987,400000
1642988,574300
1642991,450000
1642995,480000
1642997,650000
1642998,400000
1643000,450000
1643001,0
1643005,0
1643009,0
1643010,650000
1643012,1187500
1643015,400000
1643025,240000
1643028,399800
1643029,0
1643031,1995000
1643034,595000
1643041,400000
1643048,389600
1643054,350000
1643061,0
1643075,319600
1643080,0
1643087,567200
1643094,150000
1643097,450000
1643101,0
1643109,557300
1643114,500000
1643128,411600
1643130,500000
1643134,474800
1643136,1002300
1643138,450000
1643152,0
1643157,334000
1643159,147500
1643160,350000
1643171,1289800
1643173,215600
1643175,500000
1643176,1876900
1643185,591000
1643186,417500
1643188,450000
1643195,750000
1643202,518000
1643212,0
1643216,247500
1643223,550000
1643233,431500
1643239,350000
1643240,150000
1643256,500000
1643259,422000
1643264,0
1643266,0
1643269,413000
1643272,0
1643277,150000
1643279,140000
1643288,536500
1643307,350000
1643313,1423100
1643315,600000
1643319,350000
1643335,280000
1643340,409900
1643347,470000
1643349,350000
1643355,478000
1643359,939100
1643364,400000
1643387,0
1643412,339200
1643420,450000
1643422,350000
1643424,167500
1643436,450000
1643441,350000
1643446,347900
1643465,350000
1643467,350000
1643469,0
1643471,928000
1643474,250000
1643477,0
1643482,585000
1643489,300000
1643492,533200
1643502,350000
1643509,311200
1643517,150000
1643531,150000
1643538,212000
1643539,350000
1643548,397700
1643552,0
1643561,1074000
1643564,838200
1643568,0
1643569,0
1643587,617400
1643595,0
1643599,700000
1643606,0
1643632,350000
1643640,470000
1643642,350000
1643649,1661400
1643655,450000
1643656,400000
1643667,428300
1643668,0
1643710,450000
1643712,350000
1643716,0
1643727,450000
1643732,190000
1643736,150000
1643741,450000
1643746,339200
1643753,450000
1643758,514000
1643759,475300
1643766,0
1643777,360000
1643787,1177800
1643788,0
1643805,0
1643810,350000
1643816,346500
1643817,828500
1643839,485100
1643842,150000
1643852,500000
1643860,350000
1643884,0
1643887,0
1643890,400000
1643896,118000
1643906,285000
1643910,512500
1643911,0
1643922,0
1643927,150000
1643928,350000
1643959,582000
1643975,500000
1643979,0
1643983,347000
1643987,3771200
1644020,868800
1644029,509900
1644035,0
1644044,0
1644045,417500
1644049,405400
1644050,390100
1644055,0
1644057,0
1644060,150000
1644061,613000
1644065,14420000
1644068,0
1644076,413000
1644085,500000
1644103,587400
1644106,395000
1644107,435500
1644108,398600
1644114,0
1644115,0
1644116,0
1644117,350000
1644119,415300
1644120,619000
1644126,350000
1644128,150000
1644133,606500
1644144,0
1644147,417100
1644153,286800
1644154,558500
1644157,294000
1644160,546500
1644172,0
1644174,590000
1644176,450000
1644180,350000
1644185,550000
1644188,450000
1644198,450000
1644203,0
1644205,0
1644218,0
1644233,350000
1644243,581000
1644252,350000
1644258,794400
1644259,150000
1644263,0
1644264,0
1644265,417500
1644268,350000
1644300,350000
1644301,538800
1644322,444500
1644345,400000
1644347,0
1644361,399500
1644362,0
1644364,585500
1644375,350000
1644392,450000
1644395,150000
1644397,140000
1644400,538800
1644401,400000
1644412,907500
1644414,0
1644436,831500
1644444,260000
1644445,1919200
1644450,90000
1644457,1669700
1644458,420000
1644471,0
1644475,347500
1644479,150000
1644492,393500
1644494,700000
1644498,510000
1644515,24000
1644516,0
1644524,362700
1644541,0
1644542,371300
1644547,0
1644552,882200
1644553,440500
1644554,547400
1644557,150000
1644558,0
1644567,422000
1644574,404000
1644580,446800
1644586,450000
1644592,156800
1644593,190000
1644600,0
1644603,404000
1644613,180000
1644617,120000
1644620,297500
1644621,150000
1644624,0
1644627,350000
1644630,362100
1644634,350000
1644635,386100
1644639,400000
1644646,350000
1644653,545000
1644656,0
1644658,350000
1644663,0
1644676,538800
1644681,0
1644684,339200
1644689,1050000
1644691,820800
1644701,440000
1644712,194500
1644718,250000
1644720,0
1644737,730000
1644751,350000
1644758,449000
1644759,373800
1644765,400000
1644801,450000
1644803,174700
1644806,0
1644810,350000
1644811,8146000
1644814,445000
1644818,350000
1644824,478300
1644826,252600
1644827,903500
1644828,1043500
1644829,0
1644835,0
1644836,328000
1644837,953300
1644840,300000
1644844,656800
1644846,961200
1644847,456000
1644868,388200
1644874,1054600
1644879,375500
1644887,0
1644896,0
1644897,593500
1644901,659900
1644906,150000
1644909,200000
1644919,0
1644921,401300
1644925,0
1644926,150000
1644935,1534500
1644936,360400
1644942,287000
1644947,836500
1644949,525000
1644956,0
1644963,431000
1644971,0
1644972,420000
1644973,150000
1644982,1082500
1644992,500000
1645001,399500
1645002,0
1645019,0
1645022,0
1645023,417500
1645029,350000
1645037,209800
1645039,374800
1645041,940500
1645049,894000
1645054,0
1645060,404000
1645064,1152000
1645069,450000
1645087,1128600
1645091,493400
1645109,400000
1645110,150000
1645111,0
1645120,0
1645150,350000
1645152,150000
1645155,350000
1645158,740000
1645161,0
1645163,0
1645165,100700
1645166,383300
1645171,414000
1645188,0
1645195,400000
1645203,450000
1645205,750000
1645207,1042300
1645223,500000
1645227,508500
1645228,0
1645233,395000
1645247,900000
1645251,0
1645252,400000
1645262,373800
1645265,956000
1645268,525000
1645269,465000
1645287,400000
1645298,150000
1645309,0
1645314,520000
1645326,444500
1645329,746200
1645331,0
1645349,811400
1645354,836000
1645360,267000
1645363,739500
1645364,54200
1645367,1032400
1645375,496200
1645380,450000
1645394,0
1645396,1792900
1645400,0
1645403,0
1645406,150000
1645411,395000
1645417,0
1645420,600000
1645421,350000
1645425,413000
1645431,350000
1645433,627000
1645440,0
1645443,0
1645444,0
1645445,711800
1645448,0
1645459,450000
1645476,600000
1645479,391500
1645484,0
1645489,150000
1645493,639500
1645497,470000
1645500,65400
1645501,435500
1645504,550000
1645507,413100
1645509,573500
1645515,542000
1645524,350000
1645526,0
1645532,167700
1645542,450000
1645543,0
1645545,290000
1645547,441000
1645548,350000
1645555,350000
1645557,450000
1645570,642500
1645582,0
1645586,450000
1645590,0
1645591,249000
1645592,2007300
1645597,0
1645598,0
1645607,750000
1645608,400000
1645618,440000
1645633,514000
1645636,0
1645645,514000
1645655,863400
1645656,359200
1645670,0
1645671,373800
1645673,450000
1645675,670000
1645685,750000
1645689,0
1645735,739500
1645738,0
1645739,0
1645744,350000
1645747,750500
1645752,350000
1645766,450000
1645767,570000
1645776,405400
1645779,422000
1645782,0
1645794,0
1645807,674400
1645815,400000
1645823,0
1645835,864000
1645842,0
1645845,150000
1645852,775400
1645854,0
1645879,104500
1645882,424300
1645889,500000
1645891,500000
1645897,255000
1645906,0
1645909,379500
1645919,0
1645922,150000
1645928,0
1645931,300000
1645942,512500
1645946,405000
1645947,250000
1645961,720000
1645964,449000
1645975,145800
1645984,449000
1645989,2000000
1645992,510500
1645998,400000
1646004,345000
1646006,0
1646010,405000
1646018,0
1646035,530000
1646038,484400
1646042,438500
1646044,318700
1646054,1056100
1646060,1110000
1646068,723100
1646069,350000
1646081,0
1646095,250000
1646123,36000
1646131,550000
1646132,448000
1646140,515800
1646147,200000
1646150,2563500
1646153,726100
1646157,500000
1646161,550000
1646162,598000
1646170,150000
1646173,250000
1646175,684000
1646177,550000
1646182,450000
1646183,0
1646185,300000
1646192,160000
1646211,546400
1646212,350000
1646216,352500
1646218,530000
1646232,500000
1646234,634300
1646236,345000
1646246,618000
1646251,400000
1646253,450000
1646259,600000
1646264,0
1646277,650000
1646288,0
1646289,323800
1646292,150000
1646295,0
1646297,0
1646317,599600
1646321,202500
1646331,150000
1646332,965500
1646333,600000
1646335,78700
1646354,0
1646356,921000
1646368,263800
1646372,280000
1646377,441000
1646385,0
1646387,120000
1646396,565000
1646403,300000
1646404,0
1646414,1281300
1646425,143500
1646426,321500
1646429,425000
1646430,0
1646443,262500
1646445,0
1646447,567000
1646454,0
1646458,480000
1646466,350000
1646468,357100
1646473,0
1646475,535000
1646478,400000
1646480,350000
1646489,924800
1646490,456000
1646494,400000
1646497,939500
1646501,90000
1646503,450000
1646527,404000
1646533,750000
1646534,500000
1646541,692000
1646557,643100
1646578,140100
1646582,450000
1646589,0
1646592,459000
1646605,0
1646610,400000
1646619,547000
1646624,0
1646649,0
1646653,659900
1646656,400000
1646677,0
1646686,288000
1646693,647500
1646700,728400
1646716,800000
1646717,0
1646719,343000
1646722,145000
1646739,350000
1646742,100000
1646743,364000
1646751,698000
1646757,390500
1646758,450000
1646759,211000
1646761,350000
1646764,100000
1646769,0
1646775,0
1646793,350000
1646794,273000
1646797,441000
1646808,342000
1646862,540000
1646863,350000
1646865,0
1646870,400000
1646876,550000
1646877,0
1646891,637400
1646895,250000
1646897,1382000
1646898,400000
1646899,250000
1646916,425000
1646923,496800
1646926,550000
1646927,1103400
1646939,400000
1646942,0
1646943,661400
1646950,450000
1646956,0
1646958,375000
1646966,483000
1646975,1253400
1646981,350000
1646985,200000
1647001,150000
1647003,150000
1647009,579000
1647028,389600
1647029,0
1647032,150000
1647045,0
1647055,210000
1647058,650000
1647064,802100
1647070,0
1647072,450000
1647079,400000
1647080,614000
1647083,350000
1647099,400000
1647103,150000
1647106,0
1647109,300000
1647111,0
1647118,438000
1647123,450000
1647128,400000
1647134,0
1647136,0
1647139,350000
1647144,972000
1647153,0
1647159,300000
1647160,689000
1647166,9800
1647168,225000
1647174,594000
1647182,476800
1647194,446900
1647198,0
1647207,0
1647210,550000
1647213,550000
1647216,400000
1647222,150000
1647224,828300
1647227,0
1647229,400000
1647231,372000
1647232,848900
1647234,439600
1647238,373200
1647240,0
1647254,0
1647258,413000
1647260,777000
1647270,2473100
1647271,515500
1647293,445000
1647301,400000
1647303,400000
1647323,542000
1647326,150000
1647353,400000
1647354,387000
1647362,750000
1647366,499800
1647383,150000
1647389,500000
1647403,400000
1647404,0
1647409,528600
1647412,500000
1647413,500000
1647416,450000
1647423,400000
1647425,400000
1647432,320000
1647459,0
1647462,0
1647471,400000
1647478,400000
1647480,400000
1647483,450000
1647493,287500
1647496,400000
1647498,0
1647500,400000
1647509,400000
1647510,773900
1647512,0
1647517,440000
1647519,400000
1647520,150000
1647523,400000
1647535,300000
1647536,658000
1647538,0
1647539,450000
1647545,400000
1647546,400000
1647548,1300000
1647552,400000
1647559,400000
1647568,400000
1647576,400000
1647578,400000
1647580,105000
1647584,150000
1647588,0
1647593,892300
1647596,0
1647599,0
1647607,891000
1647628,400000
1647645,409000
1647653,400000
1647674,350000
1647700,0
1647715,600000
1647719,400000
1647722,517000
1647728,400000
1647731,520000
1647738,700000
1647739,250000
1647743,700000
1647745,400000
1647746,400000
1647747,950000
1647752,690000
1647763,405000
1647764,430000
1647773,558000
1647788,0
1647799,919500
1647803,1192000
1647810,150000
1647823,300000
1647832,174000
1647838,400000
1647842,0
1647855,1148300
1647856,450000
1647861,489600
1647871,0
1647894,662500
1647914,1815000
1647926,0
1647958,0
1647969,600000
1647976,823400
1648007,450000
1648017,394900
1648028,400000
1648056,200000
1648073,405000
1648079,0
1648080,56500
1648087,400000
1648088,150000
1648094,400000
1648106,0
1648108,400000
1648131,807400
1648137,0
1648151,0
1648156,400000
1648176,800000
1648178,225000
1648204,685000
1648230,400000
1648232,400000
1648284,400000
1648298,296000
1648311,450000
1648336,150000
1648345,0
1648363,88200
1648369,400000
1648379,1253400
1648381,0
1648386,343400
1648390,150000
1648391,450000
1648399,687000
1648401,576200
1648423,994000
1648436,464000
1648455,400000
1648458,400000
1648470,400000
1648472,400000
1648481,0
1648482,400000
1648490,541500
1648496,350000
1648501,813000
1648504,550000
1648508,0
1648511,97500
1648513,546000
1648517,550000
1648532,0
1648535,150000
1648542,400000
1648546,547300
1648547,700000
1648555,395000
1648557,0
1648566,430500
1648571,0
1648574,350000
1648577,1896400
1648600,250000
1648602,350000
1648603,1032000
1648620,450000
1648625,1418800
1648628,69000
1648635,330000
1648652,350000
1648655,400000
1648667,4687400
1648674,169100
1648687,0
1648701,1319300
1648706,400000
1648720,0
1648724,450000
1648743,250000
1648747,150000
1648753,600000
1648775,135000
1648782,500000
1648792,386400
1648800,405600
1648811,0
1648816,600000
1648821,400000
1648851,450000
1648860,874000
1648889,400000
1648917,118500
1648950,550000
1648952,550000
1648958,0
1648965,500000
1648971,400000
1648990,350000
1648991,700000
1649018,599200
1649026,400000
1649033,0
1649038,399000
1649046,0
1649061,695400
1649062,0
1649075,0
1649088,350000
1649094,532000
1649097,0
1649099,450000
1649113,400000
1649115,249000
1649130,193600
1649141,400000
1649158,1306000
1649163,41500
1649164,150000
1649174,500000
1649176,650000
1649182,0
1649187,767500
1649199,40200
1649212,395800
1649217,318500
1649218,0
1649238,0
1649252,40200
1649269,0
1649280,350000
1649318,350000
1649319,350000
1649325,0
1649338,0
1649341,400000
1649355,0
1649356,587000
1649380,400000
1649387,0
1649392,900000
1649422,0
1649429,2086800
1649472,450000
1649475,0
1649478,1661000
1649484,720500
1649486,0
1649495,0
1649506,377500
1649508,650000
1649531,150000
1649537,0
1649550,59000
1649557,0
1649569,450000
1649570,150000
1649573,450000
1649579,31200
1649584,350000
1649592,212000
1649610,0
1649625,390500
1649631,350000
1649633,0
1649638,354200
1649642,0
1649646,650000
1649650,350000
1649659,350000
1649664,0
1649665,1720000
1649674,350000
1649675,447200
1649676,350000
1649679,442300
1649700,0
1649704,350000
1649705,198000
1649707,350000
1649709,390000
1649716,514000
1649728,650000
1649734,0
1649739,347500
1649744,616400
1649748,426000
1649755,350000
1649757,600000
1649764,350000
1649778,0
1649783,407600
1649784,150000
1649786,1122400
1649789,556500
1649798,413000
1649799,389900
1649819,350000
1649827,0
1649832,350000
1649833,350700
1649838,350000
1649845,0
1649856,431000
1649860,315000
1649869,339200
1649870,0
1649876,500000
1649878,580000
1649883,450000
1649890,398000
1649895,400000
1649914,350000
1649920,450000
1649930,0
1649955,350000
1649960,400000
1649966,350000
1649973,315000
1649985,0
1650002,650000
1650012,0
1650029,395000
1650036,150000
1650047,765500
1650057,0
1650070,540400
1650076,426500
1650078,600000
1650081,294000
1650090,350000
1650091,73500
1650095,784600
1650106,0
1650137,350000
1650138,150000
1650143,520300
1650149,474000
1650157,424300
1650159,4676500
1650164,524400
1650165,450000
1650173,145500
1650179,1172500
1650181,0
1650187,294000
1650192,417500
1650199,644200
1650213,433300
1650225,350000
1650230,0
1650232,350000
1650242,407700
1650253,375000
1650266,250000
1650272,1410500
1650284,449000
1650304,300000
1650306,0
1650317,350000
1650322,350000
1650324,119400
1650331,350000
1650333,558500
1650359,0
1650361,450000
1650364,379500
1650375,2040000
1650376,432500
1650380,350000
1650385,306500
1650387,434600
1650394,554000
1650397,0
1650400,2045000
1650402,350000
1650403,150000
1650410,393600
1650420,409500
1650426,294000
1650429,0
1650433,200000
1650447,0
1650462,0
1650464,1051400
1650468,647800
1650469,427500
1650474,379500
1650482,528700
1650502,0
1650515,375500
1650518,750000
1650530,0
1650542,250000
1650549,150000
1650552,413900
1650556,454600
1650562,350000
1650563,150000
1650566,654700
1650575,313800
1650579,400000
1650585,686000
1650606,429200
1650614,1059000
1650622,819000
1650625,945100
1650628,636000
1650630,0
1650636,852400
1650639,374800
1650645,1801000
1650650,520000
1650652,415000
1650659,494000
1650677,425000
1650681,350000
1650684,300000
1650687,350000
1650688,378000
1650693,8000
1650697,450000
1650701,550000
1650702,318800
1650703,150000
1650720,350000
1650723,400000
1650732,150000
1650748,0
1650774,350000
1650778,450000
1650779,0
1650782,450000
1650785,533600
1650786,650000
1650787,0
1650788,0
1650794,400400
1650798,162300
1650800,7583000
1650804,1016800
1650807,699500
1650808,498000
1650816,500000
1650817,0
1650818,350000
1650822,0
1650826,594400
1650830,0
1650831,350000
1650834,250000
1650837,1531900
1650845,0
1650854,350000
1650862,450000
1650870,469200
1650873,400000
1650876,425600
1650882,0
1650889,707000
1650894,350000
1650897,350000
1650899,0
1650903,150000
1650904,0
1650906,0
1650910,0
1650911,846000
1650913,858300
1650924,0
1650931,350000
1650932,400000
1650940,510000
1650943,294000
1650945,614000
1650949,838900
1650953,527000
1650956,450000
1650966,449000
1650968,395500
1650974,0
1650981,0
1650999,150000
1651013,0
1651019,498000
1651026,450000
1651034,294000
1651039,0
1651043,417500
1651046,450000
1651057,150000
1651067,0
1651068,150000
1651080,1053300
1651092,575600
1651095,740000
1651104,448000
1651109,150000
1651112,444500
1651120,150000
1651127,967100
1651129,413900
1651132,350000
1651135,0
1651140,600000
1651142,0
1651148,0
1651159,805300
1651164,380400
1651176,350000
1651187,5200000
1651196,400000
1651200,250000
1651206,415000
1651216,350000
1651221,417500
1651222,390500
1651225,406000
1651233,355500
1651234,0
1651243,350000
1651253,0
1651256,432500
1651257,350000
1651272,450000
1651281,395000
1651286,150000
1651287,1379500
1651289,450000
1651290,600000
1651293,580400
1651295,0
1651314,0
1651316,612500
1651317,417500
1651318,326800
1651322,413000
1651328,378000
1651332,0
1651337,528000
1651338,0
1651344,19200
1651353,440000
1651356,493600
1651363,450000
1651370,0
1651371,0
1651377,0
1651380,632500
1651385,1960500
1651395,513600
1651396,0
1651398,812000
1651407,444500
1651411,449400
1651415,0
1651434,760500
1651436,200000
1651438,0
1651440,1730000
1651448,250000
1651464,0
1651465,634500
1651478,547500
1651479,0
1651494,0
1651499,0
1651502,417500
1651515,350000
1651520,200000
1651525,448200
1651534,350000
1651537,431000
1651540,400000
1651543,0
1651546,350000
1651547,0
1651554,550000
1651558,300000
1651560,0
1651561,457500
1651562,350000
1651563,0
1651568,450000
1651571,1810000
1651572,0
1651579,2400000
1651597,0
1651608,350000
1651610,0
1651612,500000
1651614,639500
1651623,550000
1651652,450000
1651653,150000
1651657,0
1651661,550000
1651668,407600
1651670,390500
1651673,3278000
1651677,677500
1651678,0
1651683,449000
1651686,400000
1651695,350000
1651713,0
1651717,1541800
1651731,392800
1651759,1511700
1651763,550000
1651765,0
1651767,370000
1651769,294000
1651777,0
1651781,150000
1651782,0
1651788,522000
1651794,0
1651800,150000
1651803,350000
1651804,155300
1651806,628100
1651808,150000
1651820,350000
1651824,350000
1651830,0
1651834,476600
1651842,747800
1651851,792000
1651860,350000
1651869,353000
1651875,350000
1651878,0
1651882,0
1651884,0
1651889,220000
1651901,420500
1651905,1097000
1651907,450000
1651908,0
1651912,350000
1651913,436000
1651915,300000
1651916,0
1651927,434300
1651934,0
1651937,350000
1651939,0
1651950,0
1651957,436000
1651959,0
1651960,662000
1651962,600000
1651965,616400
1651966,2900000
1651971,350000
1651972,0
1651974,128000
1651976,584000
1651979,0
1651988,360000
1651995,150000
1652001,532300
1652012,0
1652023,350000
1652028,760000
1652037,0
1652048,927000
1652053,0
1652056,375800
1652058,250000
1652060,350000
1652061,450000
1652064,0
1652071,382300
1652082,150000
1652087,200000
1652089,0
1652090,417500
1652096,549200
1652100,145500
1652103,0
1652104,956000
1652118,377000
1652126,926000
1652130,396000
1652133,396400
1652135,589700
1652140,315000
1652149,350000
1652154,277500
1652158,640000
1652168,0
1652173,700000
1652187,418400
1652189,1798000
1652196,445000
1652198,497600
1652200,431000
1652201,0
1652224,2874500
1652232,408000
1652238,450000
1652246,150000
1652247,24500
1652248,325400
1652252,0
1652276,0
1652277,586000
1652281,450000
1652282,350000
1652283,450000
1652304,350000
1652306,362100
1652313,450000
1652316,84500
1652318,0
1652325,109200
1652355,0
1652363,454000
1652376,326900
1652377,380200
1652379,450000
1652391,0
1652394,326900
1652405,680600
1652411,0
1652416,326900
1652418,0
1652429,395300
1652430,660100
1652434,325000
1652435,455000
1652437,0
1652443,325900
1652444,450000
1652445,325000
1652449,1005500
1652462,407600
1652464,402700
1652468,330800
1652469,12900000
1652487,0
1652488,450000
1652495,327600
1652501,458000
1652502,300000
1652504,504500
1652513,325500
1652533,415000
1652534,250000
1652535,0
1652540,200000
1652544,332200
1652549,417500
1652565,0
1652567,336000
1652578,650000
1652591,0
1652593,0
1652601,500000
1652602,448000
1652603,378900
1652614,350000
1652616,955100
1652618,500000
1652619,1050400
1652621,593100
1652623,450000
1652624,521000
1652626,739000
1652629,644500
1652632,397700
1652640,406000
1652647,400000
1652648,335000
1652652,362100
1652655,291500
1652656,0
1652665,200000
1652667,1612000
1652669,350000
1652671,294000
1652683,600000
1652688,656800
1652690,315000
1652695,600000
1652708,404000
1652711,558800
1652712,0
1652722,1487700
1652732,100000
1652749,150000
1652752,450000
1652754,294000
1652755,350000
1652774,150000
1652784,242300
1652792,500000
1652795,412500
1652798,350000
1652799,600500
1652805,426500
1652810,0
1652813,362100
1652820,150000
1652826,150000
1652839,500000
1652846,0
1652848,1100000
1652853,1291800
1652858,450000
1652866,380200
1652867,450000
1652873,390100
1652874,500000
1652875,501700
1652877,350000
1652885,350000
1652886,700000
1652888,350000
1652891,294000
1652909,339200
1652923,1000000
1652926,417500
1652928,550000
1652929,315000
1652941,400000
1652952,450000
1652953,435200
1652959,639500
1652960,550000
1652965,436800
1652966,431000
1652968,361800
1652973,150000
1652982,400000
1652985,350000
1652986,400000
1652988,0
1652989,150000
1652990,377900
1652991,150000
1652994,128900
1652995,11700
1652996,350000
1652998,426500
1653002,0
1653004,150000
1653011,550000
1653019,0
1653020,350000
1653028,550000
1653032,332500
1653033,500000
1653037,350000
1653044,315000
1653045,2303400
1653049,0
1653052,566600
1653054,0
1653066,550000
1653077,1000000
1653082,0
1653090,70000
1653101,442300
1653102,0
1653106,350000
1653108,0
1653114,450000
1653117,145500
1653120,500000
1653122,408100
1653123,150000
1653132,382900
1653133,500000
1653137,3328000
1653138,70000
1653142,429000
1653150,0
1653157,550000
1653160,500000
1653166,277500
1653172,800000
1653182,422500
1653185,350000
1653186,0
1653187,450000
1653188,517800
1653189,564500
1653191,415700
1653196,950000
1653197,448600
1653198,0
1653199,550000
1653200,0
1653204,500000
1653205,496800
1653206,350000
1653214,350000
1653222,600500
1653229,499500
1653236,70000
1653237,450000
1653241,450000
1653246,750000
1653249,0
1653258,134000
1653259,675000
1653265,500000
1653267,450000
1653271,392100
1653272,450000
1653274,150000
1653284,500000
1653286,515000
1653302,377500
1653303,350000
1653307,0
1653310,789500
1653311,500000
1653312,424300
1653313,0
1653315,481200
1653317,680000
1653331,541500
1653332,536700
1653340,0
1653344,140000
1653351,527000
1653353,0
1653365,0
1653368,350000
1653370,351000
1653375,350000
1653376,394600
1653379,650000
1653383,444500
1653385,944100
1653390,0
1653399,400000
1653401,2018900
1653411,350000
1653422,200000
1653426,0
1653428,585000
1653432,500000
1653439,0
1653443,0
1653448,150000
1653450,350000
1653462,740900
1653475,1006800
1653476,550000
1653481,650000
1653482,0
1653502,500000
1653511,350000
1653522,363500
1653523,440000
1653526,750000
1653535,550000
1653538,350000
1653540,0
1653544,0
1653546,522500
1653550,405000
1653556,450000
1653558,0
1653561,2228400
1653562,308000
1653571,339500
1653572,500000
1653575,0
1653576,600000
1653592,0
1653598,405000
1653602,0
1653610,250000
1653615,350000
1653619,500000
1653622,0
1653640,250000
1653643,373200
1653655,752700
1653657,744000
1653662,450000
1653664,0
1653671,1275400
1653674,350000
1653697,400000
1653700,350000
1653710,405000
1653716,675000
1653720,432500
1653726,417500
1653742,588000
1653748,500000
1653773,435500
1653774,120000
1653778,450000
1653779,385900
1653780,650000
1653792,1514400
1653805,0
1653807,350000
1653809,382900
1653810,337600
1653815,450000
1653821,355900
1653845,0
1653846,0
1653849,0
1653854,417500
1653861,393000
1653868,1146700
1653872,405000
1653881,0
1653885,780000
1653892,448000
1653893,116700
1653897,0
1653904,440500
1653907,448000
1653916,600000
1653917,0
1653921,0
1653925,350000
1653931,500000
1653932,0
1653936,825300
1653945,426900
1653951,489500
1653952,120000
1653954,0
1653960,350000
1653962,0
1653963,500000
1653964,350000
1653969,422000
1653982,450000
1653987,350000
1653990,599000
1654001,350000
1654002,150000
1654003,150000
1654005,704000
1654019,724300
1654023,339500
1654033,410000
1654042,417500
1654046,385000
1654071,800000
1654083,882000
1654095,639500
1654117,150000
1654119,350000
1654127,485500
1654130,0
1654133,860000
1654135,0
1654137,394300
1654147,350000
1654148,440000
1654153,350000
1654160,397400
1654163,0
1654173,332500
1654189,0
1654193,142000
1654217,500000
1654226,300000
1654230,735000
1654231,150000
1654235,300000
1654247,431000
1654251,150000
1654253,808500
1654259,481500
1654261,0
1654262,502500
1654263,310200
1654264,394300
1654268,400000
1654295,447200
1654299,310000
1654302,450000
1654304,350000
1654310,350000
1654314,860000
1654316,150000
1654326,0
1654330,332300
1654339,400000
1654342,450000
1654350,350000
1654353,0
1654363,1547200
1654366,441000
1654368,417100
1654369,340200
1654379,326900
1654382,450000
1654384,350000
1654395,326900
1654403,330400
1654405,0
1654406,0
1654427,800000
1654432,350000
1654451,1385000
1654455,346900
1654457,0
1654462,567500
1654463,150000
1654481,326900
1654482,888000
1654488,608500
1654495,497000
1654496,326900
1654506,150000
1654513,570600
1654518,427300
1654526,0
1654529,894000
1654531,150000
1654536,326900
1654538,0
1654546,450000
1654547,439600
1654553,698500
1654563,343000
1654573,450000
1654586,336000
1654588,500000
1654593,335300
1654612,567500
1654621,448000
1654623,400000
1654627,403000
1654628,350000
1654635,51000
1654642,0
1654646,567500
1654661,300600
1654671,1152500
1654673,450000
1654678,550000
1654679,433700
1654687,0
1654690,450000
1654713,260000
1654720,150000
1654727,499500
1654731,650000
1654752,0
1654753,350000
1654754,628600
1654757,686300
1654761,500000
1654772,500000
1654775,0
1654780,450000
1654782,1463500
1654786,350000
1654788,502100
1654790,0
1654794,824300
1654812,350000
1654816,6530900
1654836,417100
1654846,434000
1654848,418000
1654856,705000
1654860,0
1654865,450000
1654873,417600
1654882,209000
1654888,0
1654893,700000
1654894,350000
1654903,560100
1654927,509000
1654928,0
1654929,871900
1654930,620200
1654932,350000
1654933,350000
1654956,550000
1654959,252000
1654961,527800
1654973,570000
1654976,1454000
1654980,0
1654986,0
1654987,1067000
1654994,639500
1654997,100500
1655000,0
1655009,700000
1655013,600000
1655023,150000
1655028,369700
1655029,400000
1655032,417500
1655041,410900
1655043,417500
1655048,360000
1655049,850000
1655060,1000000
1655068,648500
1655075,420000
1655078,332500
1655079,600000
1655087,350000
1655090,389200
1655092,450000
1655093,1250000
1655104,441000
1655113,581900
1655121,1189000
1655122,0
1655126,450000
1655136,315000
1655137,550000
1655142,0
1655145,395000
1655156,450000
1655157,350000
1655161,895000
1655167,0
1655170,444500
1655176,872900
1655189,450000
1655205,350000
1655214,350000
1655216,431000
1655218,450000
1655231,364200
1655233,414000
1655236,435500
1655245,0
1655248,350000
1655256,163600
1655258,356300
1655264,647100
1655271,200000
1655288,547300
1655293,350000
1655294,500000
1655300,315000
1655301,162000
1655306,450000
1655313,482300
1655317,350000
1655318,1907500
1655322,0
1655328,0
1655329,0
1655333,150000
1655334,434000
1655337,350000
1655341,450000
1655349,150000
1655373,502900
1655380,400000
1655388,230600
1655401,450000
1655402,450000
1655409,450000
1655412,0
1655428,0
1655433,450000
1655466,433300
1655470,428800
1655476,400000
1655481,350000
1655484,0
1655494,545000
1655500,142000
1655515,722000
1655521,0
1655527,434200
1655537,350000
1655551,210000
1655552,335000
1655562,450000
1655573,0
1655576,1799200
1655578,616500
1655579,487900
1655581,350000
1655582,1105000
1655583,450000
1655585,610000
1655590,700800
1655610,0
1655613,595000
1655614,450000
1655615,618000
1655620,0
1655621,639500
1655622,513400
1655623,400000
1655632,390500
1655647,408500
1655653,650000
1655655,2454500
1655657,808500
1655658,450000
1655661,417500
1655668,350000
1655673,650000
1655684,393000
1655687,337500
1655688,339200
1655703,1178400
1655708,700000
1655711,664000
1655718,350000
1655722,483100
1655732,0
1655733,350000
1655737,0
1655738,426500
1655753,428300
1655756,400000
1655766,450000
1655774,0
1655776,0
1655784,150000
1655811,858900
1655819,704000
1655821,450000
1655826,350000
1655830,600100
1655833,564000
1655834,648700
1655837,476000
1655852,450000
1655862,350000
1655869,450000
1655877,747000
1655880,924800
1655889,450000
1655900,450000
1655903,435000
1655907,0
1655910,0
1655914,350000
1655925,368900
1655931,0
1655940,350000
1655942,450000
1655946,0
1655948,410800
1655952,680500
1655966,405800
1655975,0
1655978,650000
1655981,350000
1655989,800000
1655999,140000
1656003,178000
1656004,740000
1656009,0
1656016,339200
1656021,0
1656030,420000
1656034,624500
1656051,350000
1656052,0
1656062,435600
1656066,409400
1656068,0
1656073,200100
1656075,435500
1656079,577500
1656080,150000
1656084,417500
1656092,150000
1656099,749400
1656109,420200
1656115,350000
1656122,408500
1656131,350000
1656146,1135900
1656150,280000
1656183,434000
1656185,490000
1656192,0
1656193,1275100
1656201,1081500
1656204,550000
1656209,400000
1656214,382400
1656215,1340000
1656225,570500
1656231,1349500
1656234,385700
1656237,456600
1656250,350000
1656253,450000
1656254,1573800
1656263,350000
1656272,414600
1656286,973200
1656290,350000
1656293,570000
1656294,450000
1656295,1450000
1656297,300000
1656308,150000
1656310,0
1656312,389500
1656315,400000
1656317,440000
1656331,460000
1656340,565200
1656347,1292000
1656356,480000
1656358,178000
1656362,350000
1656373,1417000
1656389,445200
1656403,350000
1656404,150000
1656408,387000
1656422,428500
1656428,0
1656429,558400
1656437,350000
1656438,0
1656445,0
1656449,450000
1656464,0
1656470,249800
1656487,440000
1656495,339200
1656497,517500
1656506,419500
1656515,531700
1656522,350000
1656528,700000
1656531,0
1656535,332500
1656548,380200
1656556,0
1656562,297500
1656577,450000
1656594,600000
1656602,807400
1656611,350000
1656614,450000
1656618,0
1656623,0
1656631,798600
1656634,350000
1656640,1050000
1656646,350000
1656648,350000
1656661,800000
1656665,639800
1656667,469000
1656678,66000
1656682,489200
1656697,350000
1656702,450000
1656721,0
1656725,350000
1656726,450000
1656731,0
1656732,517500
1656748,703000
1656749,150000
1656756,0
1656758,700000
1656759,337000
1656764,350000
1656773,150000
1656787,850000
1656789,0
1656799,0
1656801,350000
1656806,350000
1656810,0
1656815,417500
1656816,548000
1656826,350000
1656840,1650000
1656843,250000
1656847,0
1656848,410200
1656855,0
1656858,0
1656863,0
1656867,460000
1656878,167200
1656879,300000
1656897,700000
1656898,0
1656901,400000
1656907,285000
1656909,430100
1656922,147500
1656925,773100
1656927,360500
1656930,772100
1656936,680000
1656937,1081000
1656956,0
1656967,0
1656972,3611700
1656999,350000
1657000,389600
1657003,441000
1657004,449000
1657005,546500
1657007,459200
1657019,839200
1657020,0
1657030,350000
1657035,611600
1657048,700000
1657050,0
1657053,600000
1657058,1454800
1657070,400000
1657075,150000
1657078,424300
1657083,350000
1657084,350000
1657086,1240000
1657090,0
1657095,575100
1657100,482500
1657102,401800
1657103,450000
1657104,565000
1657119,600000
1657126,438200
1657128,350000
1657132,450000
1657135,400000
1657137,0
1657138,528100
1657139,450000
1657140,500800
1657145,150000
1657147,350000
1657148,292500
1657151,550000
1657163,0
1657166,218000
1657171,438200
1657181,549000
1657194,400000
1657205,350000
1657216,1744600
1657223,350000
1657226,150000
1657227,440000
1657228,0
1657229,0
1657237,550000
1657241,0
1657260,651000
1657261,0
1657282,377600
1657287,1037000
1657288,426900
1657302,401800
1657306,487000
1657312,0
1657322,0
1657325,394000
1657333,94500
1657342,500000
1657347,150000
1657362,0
1657370,450000
1657394,350000
1657395,775000
1657404,0
1657409,0
1657412,545800
1657413,682500
1657428,350000
1657435,2250300
1657441,0
1657445,234500
1657450,407600
1657452,590000
1657453,400000
1657467,350000
1657472,350000
1657476,725000
1657487,350000
1657488,350000
1657489,526500
1657492,431000
1657494,350000
1657495,450000
1657497,789000
1657498,350000
1657501,320000
1657507,150000
1657513,0
1657514,0
1657518,544600
1657520,0
1657521,566000
1657522,520700
1657531,600000
1657532,350000
1657552,61100
1657554,400000
1657558,0
1657564,699500
1657565,225000
1657573,539200
1657585,350000
1657587,180000
1657615,700000
1657618,0
1657619,794000
1657620,531300
1657621,0
1657623,0
1657633,0
1657640,325500
1657648,150000
1657649,450000
1657654,350000
1657656,414000
1657657,1423500
1657663,150000
1657665,0
1657670,350000
1657675,0
1657681,1200000
1657685,650000
1657690,395000
1657691,600000
1657694,400000
1657695,350000
1657708,399500
1657710,350000
1657711,550000
1657712,779000
1657730,0
1657733,0
1657737,699700
1657738,450000
1657739,400000
1657742,350000
1657750,500000
1657758,0
1657760,200000
1657765,600000
1657768,270000
1657777,0
1657784,550000
1657787,426500
1657788,1080000
1657800,800000
1657801,391500
1657808,556300
1657810,800000
1657816,900000
1657824,260000
1657838,412500
1657844,1207300
1657850,0
1657854,740000
1657856,4108000
1657862,460100
1657867,350000
1657870,292100
1657872,610000
1657877,0
1657880,2034000
1657884,400000
1657889,200000
1657892,0
1657895,500000
1657896,0
1657900,417500
1657902,0
1657906,350000
1657912,0
1657919,0
1657921,150000
1657929,350000
1657931,600000
1657934,539300
1657942,567500
1657943,532500
1657944,509000
1657945,413000
1657947,700000
1657959,0
1657966,0
1657972,400000
1657977,450000
1657981,0
1657982,150000
1657988,489500
1657992,0
1658000,422000
1658002,0
1658003,450000
1658006,425500
1658011,150000
1658012,560000
1658013,802000
1658014,448000
1658018,830000
1658020,0
1658021,0
1658023,150000
1658026,400000
1658031,751800
1658043,535700
1658052,449000
1658055,0
1658059,500000
1658063,500000
1658070,148000
1658073,413900
1658083,828000
1658087,0
1658094,863200
1658097,770000
1658098,0
1658105,0
1658117,354600
1658120,0
1658121,393200
1658125,2410000
1658128,482000
1658132,350000
1658134,556200
1658136,0
1658140,400000
1658143,400000
1658144,420000
1658145,386000
1658146,776000
1658172,85000
1658176,0
1658179,0
1658182,700000
1658185,707500
1658189,450000
1658212,150000
1658214,350000
1658220,424000
1658227,247000
1658242,381100
1658244,598000
1658253,400000
1658261,0
1658262,400000
1658266,655800
1658267,200000
1658268,389200
1658272,450000
1658273,272500
1658294,400000
1658301,700000
1658304,400000
1658305,1050000
1658310,0
1658318,450000
1658320,550000
1658324,941400
1658332,1184200
1658333,400000
1658334,0
1658341,150000
1658343,0
1658347,0
1658356,719000
1658368,725000
1658370,400000
1658372,697300
1658374,150000
1658376,0
1658377,1599200
1658384,545500
1658388,600000
1658389,413900
1658392,400000
1658397,350000
1658403,0
1658407,450000
1658412,0
1658413,549000
1658422,358500
1658446,0
1658474,150000
1658479,600400
1658480,400000
1658482,450000
1658487,450000
1658490,517300
1658492,135000
1658494,0
1658497,600000
1658501,350000
1658507,530000
1658508,450000
1658512,0
1658525,425000
1658533,250000
1658536,0
1658551,400000
1658579,962300
1658586,760000
1658588,720000
1658601,562500
1658605,62300
1658611,450000
1658629,400000
1658646,742800
1658669,0
1658681,0
1658688,0
1658698,350000
1658704,400000
1658709,400000
1658713,400000
1658734,350000
1658742,661000
1658756,0
1658761,0
1658768,417000
1658780,892000
1658784,150000
1658787,450000
1658794,450000
1658809,180000
1658810,0
1658812,400000
1658821,3486800
1658840,350000
1658863,818400
1658876,0
1658880,400000
1658883,0
1658889,0
1658892,150000
1658893,0
1658904,543600
1658915,400000
1658918,150000
1658925,350000
1658926,450000
1658942,0
1658955,1072000
1658958,500000
1658964,450000
1658966,490000
1658974,554500
1658977,350000
1658980,0
1659005,481600
1659009,0
1659010,1050000
1659015,0
1659018,289500
1659033,350000
1659041,700000
1659045,794500
1659053,0
1659077,0
1659079,550000
1659087,303500
1659099,0
1659112,430000
1659114,450000
1659121,0
1659127,500000
1659132,400000
1659136,353300
1659140,0
1659142,175000
1659157,800000
1659160,0
1659191,350000
1659192,400000
1659201,450000
1659207,450000
1659230,276000
1659233,700000
1659244,233000
1659261,0
1659274,0
1659289,0
1659320,350000
1659325,0
1659335,600000
1659342,400000
1659371,520000
1659374,980000
1659393,400400
1659404,480000
1659417,150000
1659421,400000
1659422,350000
1659424,400000
1659434,501500
1659435,300000
1659442,438400
1659446,500100
1659456,0
1659461,2452700
1659469,200000
1659472,0
1659479,0
1659482,78000
1659500,450000
1659514,0
1659519,0
1659521,450000
1659530,760000
1659532,400000
1659540,0
1659542,400000
1659561,250000
1659582,350000
1659586,400000
1659587,500000
1659588,11000
1659591,400000
1659594,456300
1659600,300000
1659606,400000
1659615,150000
1659623,656000
1659625,450000
1659633,0
1659643,400000
1659657,686500
1659660,418100
1659669,1100000
1659675,169000
1659692,700000
1659697,1028500
1659699,449400
1659708,0
1659712,970000
1659722,0
1659724,805000
1659732,400000
1659735,661300
1659738,150000
1659744,0
1659755,728000
1659763,112200
1659766,0
1659770,400000
1659775,400000
1659782,1398000
1659788,81600
1659800,400000
1659805,350000
1659809,350000
1659817,69900
1659818,0
1659821,450000
1659837,0
1659844,2140900
1659851,110800
1659862,0
1659864,454000
1659865,350000
1659868,775000
1659869,560000
1659884,1238800
1659885,400000
1659888,250000
1659915,400000
1659968,401300
1659982,1287300
1659987,0
1659989,700000
1659991,0
1659996,467500
1660010,750000
1660022,0
1660025,0
1660027,558800
1660033,350000
1660084,400000
1660106,400000
1660110,400000
1660117,0
1660140,0
1660141,0
1660179,0
1660182,350000
1660185,0
1660188,0
1660193,0
1660195,788000
1660201,0
1660202,450000
1660207,0
1660218,400000
1660234,450000
1660235,552900
1660240,75000
1660257,510000
1660275,150000
1660276,400000
1660281,428800
1660293,9094800
1660322,400000
1660323,400000
1660338,840000
1660362,0
1660364,830000
1660424,6916000
1660425,0
1660433,700000
1660448,400000
1660449,400000
1660455,425600
1660491,1578800
1660494,0
1660498,0
1660508,0
1660518,0
1660525,427000
1660541,399500
1660557,0
1660565,0
1660579,0
1660580,439600
1660586,0
1660599,0
1660624,906500
1660629,250000
1660635,450000
1660694,0
1660716,0
1660728,170400
1660730,0
1660788,0
1660823,600000
1660825,150000
1660826,350000
1660838,150000
1660847,665000
1660854,413000
1660859,0
1660866,500000
1660868,24000
1660890,600000
1660894,310500
1660901,150000
1660904,69900
1660905,387000
1660916,450000
1660929,567500
1660931,435500
1660935,500000
1660936,550000
1660940,517500
1660941,0
1660943,450000
1660945,500000
1660946,550000
1660956,481000
1660962,0
1660970,481000
1660973,350000
1660975,0
1660977,450000
1660980,508900
1660984,508900
1660985,350000
1660986,671000
1660993,395000
1660996,996400
1661009,508900
1661017,517500
1661023,398600
1661029,600000
1661030,350000
1661034,940000
1661044,0
1661045,508900
1661058,0
1661059,508900
1661064,450000
1661068,1076400
1661069,1660500
1661075,0
1661076,0
1661079,356500
1661085,954000
1661092,484500
1661097,550000
1661108,0
1661124,395900
1661134,600000
1661138,404000
1661142,360000
1661160,587900
1661172,1919700
1661175,700000
1661192,787200
1661201,350000
1661202,350000
1661204,344800
1661229,755400
1661251,272900
1661264,489500
1661272,558500
1661273,375600
1661287,350000
1661289,427000
1661298,0
1661310,400000
1661312,1919700
1661318,500000
1661327,448100
1661340,0
1661352,450000
1661356,650000
1661370,435500
1661376,350000
1661388,450000
1661392,0
1661393,524500
1661397,3830000
1661400,431000
1661406,500000
1661407,350000
1661431,400000
1661442,435000
1661458,332500
1661460,620000
1661462,0
1661475,0
1661480,450000
1661481,7041300
1661491,1025000
1661496,0
1661515,1500000
1661519,250000
1661529,344000
1661540,450000
1661543,350000
1661547,475500
1661551,567500
1661563,420000
1661566,600000
1661568,700000
1661570,350000
1661571,397300
1661579,350000
1661582,585500
1661595,0
1661599,398700
1661600,294000
1661601,433300
1661604,665000
1661607,0
1661621,400000
1661631,350000
1661653,1944500
1661665,848400
1661676,0
1661677,315000
1661679,554000
1661707,350000
1661716,559900
1661724,415000
1661729,540500
1661734,414000
1661738,0
1661773,400000
1661780,488000
1661786,800000
1661797,1211800
1661799,300000
1661816,420000
1661818,150000
1661832,450000
1661833,0
1661834,420300
1661844,200000
1661847,0
1661855,810000
1661867,350000
1661878,450000
1661879,0
1661885,0
1661892,350000
1661894,0
1661896,339200
1661907,502600
1661916,322200
1661919,440000
1661925,385600
1661929,350000
1661933,0
1661939,350000
1661946,1237000
1661950,0
1661951,294000
1661959,350000
1661960,450000
1661964,500000
1661967,450000
1661974,1995000
1661978,450000
1661995,1890000
1662017,712300
1662019,2000000
1662028,350000
1662029,643500
1662032,350000
1662037,2041100
1662041,0
1662048,348300
1662054,0
1662070,350000
1662071,500000
1662072,700000
1662079,0
1662083,700000
1662091,950000
1662093,0
1662095,315000
1662100,0
1662108,350000
1662117,700000
1662118,400000
1662128,350000
1662129,0
1662130,350000
1662143,150000
1662154,250000
1662156,2263200
1662165,0
1662180,500000
1662188,450000
1662196,350000
1662205,200000
1662209,350000
1662213,413000
1662216,0
1662233,965300
1662239,428400
1662243,350000
1662250,250000
1662253,350000
1662271,0
1662272,350000
1662293,413900
1662300,0
1662306,350000
1662308,631300
1662314,350000
1662315,350000
1662321,1196000
1662329,450000
1662334,150000
1662337,350000
1662348,450000
1662349,0
1662368,0
1662369,350000
1662375,2481500
1662377,514600
1662386,340000
1662402,449000
1662408,0
1662425,350200
1662432,450000
1662434,680500
1662438,350000
1662441,397300
1662448,896800
1662450,500000
1662455,250000
1662456,150000
1662479,350000
1662482,500000
1662489,150000
1662493,399500
1662498,512500
1662506,600000
1662507,350000
1662511,506200
1662521,450000
1662531,700000
1662540,350000
1662542,350000
1662548,1074500
1662559,546400
1662561,350000
1662566,350000
1662567,571900
1662573,2460800
1662576,0
1662577,0
1662578,250000
1662580,1196400
1662590,241400
1662597,763000
1662604,0
1662609,0
1662614,350000
1662621,417500
1662644,450000
1662646,500000
1662655,450000
1662657,450000
1662671,450000
1662672,709000
1662675,250000
1662676,364000
1662684,0
1662690,428400
1662707,572000
1662725,540500
1662733,450000
1662735,500000
1662741,434000
1662743,435900
1662745,350000
1662747,350000
1662748,350000
1662749,600000
1662754,500000
1662762,350000
1662763,906400
1662764,650000
1662768,150000
1662769,400000
1662778,450000
1662787,350000
1662796,350000
1662799,567500
1662807,0
1662811,0
1662814,0
1662817,450000
1662828,0
1662830,350000
1662851,0
1662853,465000
1662856,0
1662871,413100
1662876,738000
1662877,350000
1662885,441000
1662894,824500
1662895,0
1662896,450000
1662907,150000
1662922,450000
1662923,549000
1662927,0
1662933,350000
1662941,449400
1662942,565400
1662945,450000
1662955,150000
1662967,649100
1662968,0
1662973,408100
1662978,0
1662984,0
1662988,350000
1662991,669300
1662999,500000
1663004,350000
1663007,689000
1663010,635000
1663011,800000
1663030,0
1663051,450000
1663058,700000
1663060,1400000
1663063,0
1663067,450000
1663078,495800
1663081,450000
1663111,700000
1663117,434000
1663119,350000
1663122,427000
1663127,428400
1663130,290000
1663138,400000
1663145,858000
1663152,644000
1663158,507100
1663160,513000
1663161,350000
1663167,750000
1663168,350000
1663194,135000
1663231,350000
1663235,450000
1663250,1437500
1663251,0
1663260,439600
1663261,500000
1663270,350000
1663274,350000
1663292,635900
1663298,734000
1663299,1045000
1663301,450000
1663309,0
1663318,650000
1663330,0
1663334,500000
1663345,350000
1663349,408100
1663353,450000
1663356,500000
1663360,0
1663361,250000
1663381,500000
1663387,0
1663390,814100
1663394,0
1663406,400000
1663414,438900
1663422,1000000
1663424,600000
1663429,1585000
1663434,0
1663437,0
1663440,350000
1663447,350000
1663454,400000
1663457,423500
1663460,450000
1663478,500000
1663479,587900
1663505,350000
1663509,570000
1663511,851100
1663521,0
1663524,0
1663529,500000
1663543,850400
1663548,500000
1663550,1022400
1663551,400000
1663560,1020000
1663562,450000
1663586,150000
1663589,650000
1663598,465400
1663601,0
1663603,150000
1663604,1000000
1663608,450000
1663630,381000
1663648,350000
1663656,0
1663662,0
1663671,250000
1663684,579100
1663686,552500
1663694,450000
1663699,1092000
1663707,514000
1663710,458400
1663713,380000
1663722,850000
1663730,441000
1663733,944000
1663736,0
1663740,350000
1663741,0
1663748,450000
1663752,0
1663766,350000
1663769,450000
1663773,500000
1663779,0
1663820,524500
1663831,350000
1663832,0
1663856,292500
1663857,450000
1663862,433300
1663864,350000
1663865,530000
1663866,450600
1663874,450000
1663879,450000
1663880,490000
1663894,315000
1663900,600000
1663904,500000
1663905,1200000
1663908,0
1663909,0
1663923,1080500
1663943,500000
1663944,250000
1663947,840500
1663955,438900
1663956,610300
1663959,915800
1663960,350000
1663977,485000
1663978,1587100
1663980,500000
1663981,450000
1663983,0
1663989,0
1663990,0
1663991,650000
1663998,450000
1664000,130000
1664001,500000
1664004,0
1664008,350000
1664009,500000
1664025,388600
1664026,450000
1664040,350000
1664045,802500
1664050,500000
1664054,350000
1664061,450000
1664062,417000
1664071,0
1664073,630000
1664075,350000
1664081,150000
1664082,405000
1664083,260000
1664086,450000
1664088,450000
1664093,500000
1664096,460800
1664097,450000
1664103,434000
1664106,1069000
1664116,1042000
1664121,946000
1664123,450000
1664124,150000
1664126,715000
1664135,450000
1664150,350000
1664152,406300
1664164,500000
1664166,400000
1664170,520000
1664179,600000
1664185,908900
1664188,654500
1664189,441000
1664194,650000
1664198,150000
1664201,0
1664217,955000
1664225,300000
1664229,150000
1664232,868400
1664233,388500
1664253,0
1664265,0
1664268,450000
1664270,326000
1664275,450000
1664293,1123500
1664322,412900
1664353,500000
1664357,539500
1664360,1123700
1664361,650000
1664363,976900
1664364,350000
1664369,0
1664371,350000
1664378,350000
1664382,1082800
1664392,1312000
1664394,427000
1664397,350000
1664425,569300
1664427,350000
1664428,310000
1664429,350000
1664439,500000
1664442,542000
1664450,569600
1664451,350000
1664461,450000
1664476,0
1664485,350000
1664490,504000
1664516,136900
1664527,904700
1664556,567500
1664579,350000
1664586,315000
1664587,410000
1664590,711600
1664603,463200
1664611,216000
1664620,0
1664621,500000
1664628,0
1664629,1130000
1664645,630000
1664648,760000
1664651,350000
1664653,344100
1664669,347600
1664675,350000
1664680,350000
1664687,330400
1664688,600000
1664694,300000
1664702,450000
1664710,326900
1664712,450000
1664715,294000
1664716,150000
1664717,620000
1664720,700000
1664727,250000
1664732,326900
1664749,96500
1664755,0
1664758,450000
1664759,0
1664775,450900
1664779,437500
1664797,350000
1664804,411600
1664805,350000
1664807,0
1664810,150000
1664811,500000
1664813,350000
1664823,698400
1664828,428400
1664829,450000
1664830,964000
1664841,350000
1664851,450000
1664856,450000
1664863,420000
1664870,0
1664872,0
1664884,0
1664900,150000
1664907,354200
1664921,538000
1664924,2760500
1664927,799700
1664931,285000
1664934,742900
1664940,450000
1664955,350000
1664978,438200
1664989,450000
1665002,420000
1665007,400000
1665008,670000
1665012,0
1665021,0
1665025,0
1665037,750000
1665050,0
1665057,450000
1665060,0
1665063,790000
1665065,260000
1665082,0
1665086,444500
1665088,542000
1665100,350000
1665104,693500
1665105,590000
1665138,350000
1665139,3145400
1665148,450000
1665151,700000
1665153,350000
1665161,250000
1665162,350000
1665181,450000
1665186,450000
1665187,8620000
1665189,448000
1665191,500000
1665195,500000
1665206,450000
1665207,0
1665214,59400
1665215,400000
1665216,725000
1665224,650000
1665225,400000
1665226,420000
1665242,500000
1665258,450000
1665289,569800
1665290,450000
1665297,450000
1665334,790000
1665337,450000
1665344,750000
1665352,1150700
1665367,438000
1665377,500000
1665381,450000
1665388,6200
1665399,650000
1665412,0
1665430,850000
1665432,0
1665446,692000
1665469,150000
1665480,0
1665491,594600
1665492,450000
1665495,350000
1665497,200000
1665500,450000
1665505,0
1665508,375600
1665509,500000
1665510,0
1665515,0
1665516,773600
1665527,450000
1665534,700000
1665540,350000
1665542,491400
1665569,850000
1665570,530000
1665581,3395400
1665598,613000
1665601,0
1665613,350000
1665622,434000
1665624,1081500
1665625,140000
1665626,350000
1665628,350000
1665630,488600
1665637,450000
1665651,0
1665657,350000
1665658,350000
1665665,475400
1665672,511000
1665679,300000
1665683,650000
1665690,1123500
1665706,0
1665708,777600
1665711,1422500
1665736,450000
1665749,350000
1665771,0
1665794,889500
1665795,450000
1665796,650000
1665807,450000
1665809,500000
1665824,350000
1665830,144000
1665833,640000
1665838,350000
1665848,421400
1665851,0
1665852,450000
1665853,1160800
1665856,350000
1665858,450000
1665863,0
1665879,450000
1665885,0
1665890,500000
1665893,738600
1665903,844000
1665907,650000
1665908,502000
1665915,486400
1665920,287500
1665949,700000
1665951,1024000
1665954,450000
1665955,400000
1665963,350000
1665964,0
1665966,0
1665969,1075000
1665971,0
1665978,450000
1665988,400000
1666000,416500
1666004,600000
1666006,570000
1666011,420000
1666014,0
1666020,350000
1666031,1225000
1666036,350000
1666049,450000
1666053,450000
1666061,0
1666088,1463800
1666092,150000
1666097,0
1666098,0
1666101,0
1666109,345000
1666120,500000
1666126,700000
1666139,400000
1666140,900000
1666146,150000
1666148,0
1666152,765800
1666161,350000
1666163,338300
1666180,875000
1666197,0
1666199,450000
1666211,450000
1666227,1360000
1666236,0
1666240,450000
1666245,350000
1666251,450000
1666264,379500
1666278,770000
1666280,428400
1666282,110000
1666288,450000
1666289,474800
1666292,0
1666295,2126700
1666298,450000
1666301,780000
1666303,799000
1666308,450000
1666311,450000
1666313,700000
1666314,500000
1666316,0
1666320,700000
1666324,350000
1666340,3160000
1666352,413000
1666354,497500
1666356,622000
1666361,350000
1666368,439600
1666371,448000
1666375,120000
1666378,1171200
1666393,434000
1666395,0
1666410,500000
1666412,700000
1666413,450000
1666421,0
1666426,200000
1666435,423500
1666444,0
1666449,1579000
1666460,150000
1666461,998400
1666477,500000
1666478,0
1666479,350000
1666489,490000
1666490,150000
1666497,436100
1666503,650000
1666519,350000
1666524,0
1666529,0
1666531,450000
1666545,0
1666550,450000
1666556,267000
1666568,649000
1666577,580800
1666586,137500
1666592,450000
1666616,500000
1666626,450000
1666630,933600
1666632,350000
1666638,0
1666639,439600
1666645,500000
1666646,450000
1666656,150000
1666663,644000
1666691,570700
1666695,799000
1666699,441000
1666701,350000
1666709,150000
1666711,1784000
1666712,400000
1666716,634000
1666717,350000
1666729,350000
1666730,0
1666738,450000
1666749,374500
1666750,350000
1666751,720000
1666752,1387000
1666756,450000
1666759,469800
1666760,423500
1666765,350000
1666772,0
1666790,150000
1666792,0
1666795,150000
1666803,620000
1666804,450000
1666808,0
1666812,350000
1666817,700000
1666818,0
1666821,0
1666829,694100
1666845,330100
1666848,427600
1666850,10948000
1666851,0
1666856,650000
1666858,925000
1666868,350000
1666872,493400
1666887,447900
1666892,0
1666923,450000
1666927,663500
1666933,500000
1666938,350000
1666944,400000
1666946,140000
1666955,0
1666982,450000
1666987,658400
1666992,450000
1667012,150000
1667017,750000
1667018,385200
1667020,350000
1667029,0
1667034,400000
1667047,842400
1667062,350000
1667063,450000
1667068,350000
1667075,890000
1667077,350000
1667078,806500
1667081,873500
1667085,1042500
1667102,350000
1667110,680000
1667120,701100
1667128,120000
1667133,0
1667134,350000
1667138,350000
1667139,7490000
1667140,3222700
1667141,350000
1667151,434000
1667156,700000
1667158,632500
1667164,450000
1667173,450000
1667180,450000
1667181,350000
1667189,462000
1667194,683800
1667200,350000
1667205,350000
1667207,350000
1667211,0
1667220,0
1667225,1200000
1667230,0
1667231,350000
1667247,450000
1667248,420000
1667249,0
1667270,0
1667272,0
1667277,590000
1667284,500000
1667287,350000
1667296,500000
1667308,396000
1667313,500000
1667322,500000
1667324,350000
1667332,0
1667336,441000
1667342,500000
1667344,350000
1667345,543600
1667355,350000
1667357,500000
1667358,400000
1667359,450000
1667370,500000
1667371,350000
1667373,350000
1667376,450000
1667378,500000
1667380,350000
1667381,0
1667385,850000
1667389,600000
1667394,150000
1667405,350000
1667406,500000
1667409,700000
1667411,480200
1667413,450000
1667418,560800
1667421,500000
1667426,0
1667433,489100
1667436,500000
1667440,0
1667442,657500
1667450,530000
1667456,500000
1667460,700000
1667471,750000
1667474,775000
1667475,486900
1667476,500000
1667482,563000
1667483,521000
1667484,554300
1667487,0
1667488,150000
1667491,96500
1667505,450000
1667506,96500
1667509,1100800
1667510,648000
1667511,0
1667526,428400
1667535,515000
1667539,600000
1667540,469500
1667541,728800
1667542,554000
1667549,0
1667552,758300
1667558,400000
1667568,350000
1667572,0
1667577,436100
1667587,425600
1667593,450000
1667594,0
1667596,350000
1667597,486000
1667607,250000
1667612,535800
1667622,550000
1667630,600000
1667633,640400
1667641,1284900
1667642,150000
1667653,0
1667659,715600
1667662,350000
1667664,500000
1667669,700000
1667675,760000
1667676,400000
1667679,650000
1667686,315000
1667690,0
1667691,465000
1667693,664000
1667696,500000
1667708,350000
1667712,1851000
1667713,509000
1667724,590000
1667726,650000
1667741,447900
1667743,500000
1667744,350000
1667762,350000
1667766,463900
1667774,350000
1667776,450000
1667778,804000
1667781,350000
1667783,690000
1667784,567500
1667787,0
1667802,1072300
1667807,705400
1667812,150000
1667814,549500
1667818,450000
1667829,484500
1667831,150100
1667833,500000
1667834,0
1667835,700000
1667837,600000
1667842,0
1667846,727000
1667852,500000
1667854,1790600
1667856,150000
1667867,434000
1667871,0
1667876,532700
1667884,434100
1667889,533300
1667891,447900
1667894,350000
1667898,350000
1667902,0
1667908,433300
1667910,0
1667912,600000
1667913,900000
1667919,500400
1667921,340400
1667927,556000
1667938,555000
1667943,490000
1667949,500000
1667954,350000
1667956,600000
1667959,450000
1667960,1202900
1667965,350000
1667966,450000
1667969,200000
1667982,150000
1667984,400000
1668005,580000
1668015,579300
1668019,600000
1668020,665800
1668021,416500
1668022,0
1668030,350000
1668034,500000
1668049,480000
1668057,450000
1668058,514000
1668059,350000
1668069,746800
1668071,453500
1668073,0
1668079,350000
1668081,450000
1668085,350000
1668090,450000
1668093,500000
1668095,562300
1668105,450000
1668106,700000
1668114,0
1668115,350000
1668125,350000
1668127,500000
1668128,465300
1668129,150000
1668140,102500
1668146,500000
1668151,450000
1668157,912200
1668161,350000
1668163,450000
1668164,0
1668167,421400
1668169,518100
1668170,1493300
1668205,500000
1668212,454000
1668215,538000
1668216,0
1668219,350000
1668220,500000
1668221,300000
1668225,0
1668232,467500
1668237,350000
1668243,2602600
1668244,417500
1668249,350000
1668254,433300
1668255,1112000
1668260,0
1668265,400000
1668270,918000
1668278,350000
1668287,450000
1668291,450000
1668293,423000
1668296,449400
1668307,450000
1668310,450000
1668315,472500
1668316,600000
1668320,1253300
1668324,750000
1668337,650000
1668347,537200
1668352,0
1668366,150000
1668381,150000
1668392,650000
1668394,0
1668397,500000
1668405,450000
1668413,781800
1668415,0
1668416,581900
1668418,429800
1668424,655500
1668434,350000
1668441,400000
1668450,663500
1668463,0
1668494,590000
1668495,567500
1668506,450000
1668508,627000
1668509,500000
1668511,446600
1668512,505000
1668513,250000
1668519,505000
1668522,150000
1668525,450000
1668526,432600
1668533,809000
1668542,350000
1668543,454500
1668544,7361800
1668546,650000
1668554,584000
1668557,350000
1668560,500000
1668562,433300
1668565,229000
1668571,300000
1668576,0
1668579,750000
1668582,542000
1668583,450000
1668584,120000
1668589,505200
1668592,567500
1668603,449400
1668605,1003500
1668611,693000
1668614,545300
1668616,600000
1668620,424300
1668622,3670800
1668629,740000
1668632,450000
1668635,460500
1668643,841000
1668644,630000
1668658,450000
1668663,424200
1668672,125000
1668680,450000
1668682,500000
1668683,350000
1668686,700000
1668687,450000
1668700,510700
1668702,350000
1668705,650000
1668707,500000
1668714,620000
1668717,650000
1668722,530200
1668723,570200
1668724,300000
1668731,0
1668740,678000
1668743,447300
1668744,550000
1668753,429000
1668759,1236000
1668765,427100
1668768,475000
1668771,350000
1668772,610300
1668776,150000
1668790,350000
1668791,350000
1668792,200000
1668799,958300
1668811,596800
1668818,500000
1668822,400000
1668824,399000
1668831,350000
1668837,0
1668838,350000
1668843,350000
1668847,678000
1668853,0
1668854,0
1668856,448000
1668858,500000
1668859,450000
1668869,487600
1668872,945000
1668877,474000
1668878,0
1668882,0
1668884,200000
1668891,535000
1668900,500000
1668904,800000
1668910,500000
1668913,600000
1668916,600000
1668917,971000
1668922,517500
1668929,445000
1668930,197000
1668933,515000
1668939,440000
1668940,494800
1668945,493600
1668951,550000
1668953,620000
1668957,627000
1668959,500000
1668964,250000
1668975,0
1668978,562300
1668979,500000
1668985,167200
1668989,441000
1668991,130000
1668993,650000
1668995,500000
1668997,600000
1669000,726500
1669001,350000
1669007,698000
1669008,1181900
1669009,620000
1669015,450000
1669020,500000
1669033,356700
1669040,750000
1669046,441700
1669051,500000
1669052,1323000
1669057,0
1669060,576300
1669064,434000
1669070,852900
1669073,465000
1669081,0
1669082,450000
1669084,600000
1669089,450000
1669097,964000
1669100,860000
1669107,0
1669110,0
1669112,631000
1669117,600000
1669123,427000
1669126,668000
1669129,581000
1669132,0
1669141,655100
1669144,454100
1669150,595000
1669154,2362200
1669162,396900
1669164,350000
1669175,668000
1669176,614000
1669177,450000
1669178,17500
1669181,28000
1669185,350000
1669188,870000
1669191,512800
1669197,450000
1669206,0
1669210,555800
1669211,299000
1669212,450000
1669214,416500
1669215,450000
1669216,218300
1669219,0
1669222,450000
1669223,450000
1669230,459000
1669233,570000
1669234,570000
1669238,350000
1669240,560800
1669242,0
1669252,497500
1669253,687400
1669262,130600
1669265,446500
1669270,350000
1669274,450000
1669275,488300
1669279,671500
1669282,379200
1669287,765000
1669290,441000
1669295,400000
1669300,434000
1669315,600000
1669317,1200000
1669321,492300
1669322,406000
1669324,0
1669325,500000
1669326,0
1669330,581100
1669338,150000
1669357,450000
1669369,496000
1669372,428400
1669373,150000
1669375,0
1669377,0
1669378,567500
1669379,250000
1669387,450000
1669388,499800
1669401,247200
1669403,450000
1669408,350000
1669413,1028300
1669415,0
1669416,521600
1669418,678000
1669423,658000
1669426,500000
1669440,650000
1669441,630000
1669446,97500
1669450,485000
1669455,3334800
1669460,450000
1669467,418600
1669468,0
1669474,800000
1669478,909000
1669482,0
1669485,0
1669491,433000
1669492,603400
1669498,434000
1669499,2347800
1669502,650000
1669509,0
1669511,508800
1669514,660000
1669518,450000
1669519,450000
1669528,450000
1669531,0
1669535,150000
1669536,0
1669542,500000
1669546,450000
1669557,0
1669560,530000
1669575,562500
1669577,600000
1669579,450000
1669580,0
1669589,563500
1669590,350000
1669592,595000
1669614,133400
1669616,350000
1669617,594500
1669625,800000
1669626,500000
1669633,450000
1669639,670000
1669641,560800
1669646,319600
1669653,485000
1669654,0
1669655,450000
1669656,67000
1669662,0
1669663,413000
1669664,715900
1669665,450000
1669670,1040000
1669671,0
1669674,0
1669675,744600
1669694,600000
1669696,0
1669703,852500
1669708,350000
1669710,465500
1669712,350000
1669718,968000
1669727,1537400
1669730,1120000
1669732,0
1669738,0
1669742,500000
1669743,350000
1669749,450000
1669755,590000
1669757,500000
1669759,400000
1669762,413000
1669768,484500
1669775,1078100
1669787,712000
1669795,450000
1669797,449500
1669798,500000
1669799,686600
1669802,150000
1669810,360000
1669813,450000
1669817,841600
1669818,500000
1669823,520000
1669828,450000
1669835,537000
1669837,209400
1669840,350000
1669841,0
1669842,822300
1669844,0
1669849,400000
1669854,450000
1669860,450000
1669862,350000
1669863,0
1669866,0
1669869,450000
1669870,571000
1669875,600000
1669878,350000
1669885,0
1669887,1038000
1669890,300000
1669892,500000
1669898,350000
1669900,350000
1669901,825400
1669903,650000
1669906,450000
1669909,450000
1669918,445000
1669921,498500
1669923,0
1669925,515000
1669927,0
1669935,350000
1669937,0
1669938,533000
1669947,500000
1669948,3875000
1669970,415000
1669974,450000
1669977,1760500
1669981,232000
1669989,472500
1669990,425600
1670003,583300
1670004,0
1670030,1167400
1670032,450000
1670040,516000
1670059,500000
1670062,427000
1670065,1897500
1670066,578800
1670072,428400
1670088,1049600
1670097,0
1670105,619200
1670106,446600
1670111,850000
1670112,670500
1670119,350000
1670123,0
1670124,0
1670136,587200
1670140,1095000
1670144,452700
1670153,700000
1670159,545000
1670160,656000
1670167,0
1670170,512500
1670172,350000
1670173,0
1670196,0
1670201,1150000
1670207,0
1670209,650000
1670212,450000
1670227,719800
1670231,594500
1670235,520500
1670238,300000
1670240,567500
1670249,500000
1670252,750000
1670254,865500
1670255,350000
1670258,500000
1670259,492700
1670273,439600
1670274,500000
1670280,461800
1670284,150000
1670288,350000
1670289,483300
1670295,0
1670307,650000
1670313,450000
1670317,573400
1670322,1032400
1670326,486900
1670327,350000
1670329,500000
1670344,448000
1670345,350000
1670360,455000
1670365,544100
1670373,399300
1670377,536000
1670380,570000
1670383,448000
1670384,2336500
1670386,350000
1670390,450000
1670391,654900
1670394,0
1670395,688500
1670396,744100
1670398,700000
1670403,118500
1670404,439600
1670406,450000
1670410,425600
1670414,350000
1670418,600000
1670422,545500
1670423,1713000
1670426,448000
1670427,5589500
1670431,560800
1670435,500000
1670437,350000
1670441,487600
1670443,0
1670447,2372800
1670454,650000
1670455,400000
1670469,570000
1670470,350000
1670472,523000
1670474,450000
1670475,350000
1670476,450000
1670479,448000
1670496,350000
1670499,350000
1670500,944100
1670501,454200
1670503,600000
1670506,118500
1670519,450000
1670523,500000
1670534,425600
1670536,73200
1670538,0
1670539,0
1670541,1160800
1670545,0
1670550,450000
1670557,621400
1670564,590000
1670579,487600
1670580,4183500
1670584,424000
1670586,350000
1670594,1723600
1670595,181500
1670600,500000
1670602,705000
1670603,450000
1670604,0
1670607,663500
1670608,465000
1670609,0
1670611,400000
1670625,516000
1670630,713000
1670632,990000
1670638,450000
1670642,448000
1670644,600000
1670647,650000
1670649,150000
1670656,449400
1670666,150000
1670670,572000
1670677,350000
1670681,150000
1670686,350000
1670689,584200
1670690,0
1670691,350000
1670692,475000
1670694,330000
1670707,429500
1670709,322500
1670718,0
1670725,358000
1670730,800000
1670738,650000
1670739,0
1670744,538200
1670746,553500
1670748,450000
1670752,540000
1670757,0
1670784,1823800
1670797,696700
1670804,531500
1670809,500000
1670818,0
1670821,500000
1670824,1000000
1670826,0
1670829,2530400
1670834,0
1670836,1243300
1670837,566600
1670843,500000
1670848,500000
1670860,1655000
1670863,450000
1670866,425600
1670869,587500
1670873,351500
1670876,350000
1670890,354500
1670897,0
1670900,640000
1670902,4049300
1670904,445000
1670906,400000
1670910,480000
1670915,350000
1670918,500000
1670921,700000
1670926,650000
1670927,680000
1670929,266800
1670931,450000
1670932,150000
1670935,499000
1670937,0
1670940,186400
1670941,561000
1670943,152500
1670949,450000
1670950,0
1670957,353700
1670961,500000
1670963,450000
1670966,450000
1670967,614100
1670969,400000
1670980,350000
1670981,0
1670985,500000
1670986,500000
1670996,450000
1670999,775000
1671007,500000
1671009,0
1671018,400000
1671023,450000
1671026,500000
1671032,450000
1671037,500000
1671039,0
1671042,0
1671044,0
1671050,500000
1671054,350000
1671062,450000
1671064,439800
1671066,564500
1671071,350000
1671072,803000
1671082,350000
1671084,450000
1671088,1250000
1671098,447300
1671102,600000
1671110,500000
1671112,420000
1671124,546900
1671125,800000
1671130,0
1671131,563000
1671132,150000
1671133,440000
1671137,500000
1671138,450000
1671146,350000
1671150,500000
1671155,450000
1671156,500000
1671169,216000
1671171,750000
1671175,500000
1671187,663500
1671191,0
1671193,521000
1671201,549300
1671206,534300
1671210,663500
1671211,350000
1671213,450000
1671226,0
1671231,663500
1671238,500000
1671240,350000
1671242,730200
1671243,816100
1671254,68500
1671260,184000
1671266,450000
1671267,3559100
1671270,567500
1671271,500000
1671272,500000
1671274,0
1671276,450000
1671278,450000
1671281,649500
1671290,430500
1671292,0
1671294,447000
1671295,250000
1671301,300000
1671308,350000
1671310,485000
1671314,350000
1671316,528300
1671322,500000
1671324,6329500
1671326,0
1671329,649000
1671331,650000
1671336,117500
1671338,450000
1671341,494800
1671349,0
1671352,475000
1671353,150000
1671365,0
1671366,700000
1671375,590000
1671376,4772700
1671377,0
1671378,459300
1671387,480000
1671406,644500
1671408,450000
1671412,0
1671414,450000
1671416,450000
1671419,0
1671429,480000
1671430,649500
1671432,150000
1671435,630000
1671437,1400000
1671444,828000
1671455,530200
1671472,740000
1671482,350000
1671487,350000
1671489,350000
1671491,945000
1671496,500000
1671500,0
1671514,150000
1671537,659500
1671538,649000
1671554,700000
1671559,0
1671560,0
1671574,745200
1671575,955000
1671579,0
1671594,456000
1671605,840000
1671611,0
1671613,400000
1671614,0
1671616,1418500
1671619,500000
1671620,0
1671623,450000
1671646,545500
1671651,750000
1671653,448000
1671669,450000
1671673,448000
1671677,450000
1671687,1180600
1671694,581100
1671709,400000
1671718,0
1671720,0
1671730,620800
1671740,0
1671744,450000
1671757,350000
1671760,448100
1671762,510500
1671765,0
1671767,546500
1671768,420000
1671777,450000
1671779,598100
1671783,300000
1671785,450000
1671786,720000
1671787,697600
1671792,500000
1671796,0
1671797,581000
1671803,900600
1671805,350000
1671814,500000
1671818,1048000
1671825,831800
1671830,284000
1671836,0
1671838,395500
1671847,425000
1671853,930000
1671858,450000
1671866,425600
1671871,814000
1671873,400000
1671877,450000
1671883,545000
1671893,720000
1671894,400000
1671896,1064000
1671901,0
1671910,0
1671912,350000
1671913,668000
1671916,400000
1671917,650000
1671928,0
1671933,500000
1671958,500000
1671961,762100
1671970,400000
1671971,0
1671975,431500
1671976,0
1671978,771200
1671985,968000
1671992,415800
1672006,150000
1672007,0
1672010,700000
1672027,535500
1672033,0
1672046,447900
1672056,450000
1672061,0
1672063,500000
1672064,512500
1672069,564100
1672083,412300
1672085,500000
1672086,400000
1672088,450000
1672089,600000
1672091,450000
1672099,0
1672108,563000
1672113,567500
1672122,1205000
1672125,500000
1672127,400000
1672129,482500
1672138,57000
1672144,0
1672148,400000
1672152,0
1672159,0
1672161,701000
1672163,350000
1672172,411600
1672178,400000
1672183,400000
1672185,400000
1672188,400000
1672191,1096200
1672194,495000
1672204,0
1672216,700000
1672222,1837000
1672223,560500
1672227,3313600
1672228,200000
1672229,250000
1672230,85800
1672235,500000
1672236,400000
1672238,400000
1672250,590000
1672253,400000
1672256,1680000
1672258,434000
1672262,450000
1672267,1170500
1672270,350000
1672288,590000
1672289,750000
1672295,400000
1672311,1290500
1672317,0
1672322,590000
1672325,400000
1672327,970000
1672332,400000
1672344,590000
1672349,350000
1672359,400000
1672369,150000
1672371,400000
1672374,0
1672383,0
1672384,500000
1672386,400000
1672400,485000
1672401,400000
1672403,586400
1672404,0
1672405,629100
1672409,400000
1672415,500000
1672418,706500
1672439,0
1672441,454500
1672443,150000
1672445,400000
1672446,450000
1672448,668000
1672449,574300
1672451,550000
1672453,400000
1672455,350000
1672456,525000
1672462,472000
1672464,556000
1672474,805900
1672478,400000
1672480,500000
1672481,2809900
1672485,600000
1672487,500000
1672491,732800
1672495,500000
1672499,1637500
1672500,694000
1672501,480000
1672509,0
1672512,850000
1672518,650000
1672520,0
1672525,613000
1672526,500000
1672533,1738600
1672534,550000
1672540,400000
1672544,550000
1672545,280000
1672546,412300
1672550,500000
1672560,500000
1672566,715000
1672571,0
1672572,649000
1672578,150000
1672583,954800
1672591,400000
1672596,500000
1672611,1000000
1672612,500000
1672614,150000
1672618,740000
1672623,538200
1672624,350000
1672625,150000
1672630,499500
1672631,500000
1672639,499000
1672646,400000
1672649,500000
1672650,466500
1672654,490000
1672676,776500
1672691,0
1672697,700000
1672702,484200
1672708,286000
1672711,1245300
1672712,0
1672715,400000
1672716,0
1672719,350000
1672721,519000
1672726,425000
1672735,400000
1672748,563000
1672752,549500
1672759,400000
1672764,581900
1672765,0
1672773,644000
1672778,400000
1672783,542500
1672784,400000
1672795,400000
1672797,400000
1672804,400000
1672818,493800
1672823,817600
1672824,172000
1672826,550000
1672827,400000
1672828,0
1672831,784000
1672834,400000
1672837,350000
1672843,450000
1672850,350000
1672858,10400
1672860,1522500
1672861,672500
1672865,0
1672868,534500
1672869,700000
1672872,639900
1672881,500000
1672884,600000
1672891,0
1672905,400000
1672909,710000
1672915,2109300
1672918,494500
1672919,400000
1672921,0
1672926,0
1672929,450000
1672930,467500
1672932,400000
1672936,400000
1672942,230100
1672946,400000
1672957,497700
1672958,0
1672974,450000
1672977,582000
1672986,0
1672989,485100
1672992,500000
1672994,450000
1672998,450000
1673001,400000
1673007,650000
1673014,0
1673045,0
1673055,1033000
1673056,492000
1673058,500000
1673073,450000
1673074,500000
1673076,350000
1673082,0
1673083,0
1673090,500000
1673107,650000
1673108,292000
1673116,450000
1673117,500000
1673131,400000
1673141,1205000
1673142,0
1673145,850000
1673152,818000
1673153,400000
1673159,1200000
1673161,400000
1673171,2257500
1673174,500000
1673194,0
1673206,225000
1673207,680000
1673220,1149000
1673241,482300
1673243,450000
1673246,0
1673248,150000
1673259,717000
1673273,350000
1673275,180000
1673284,753700
1673286,500000
1673287,700000
1673289,600000
1673290,542000
1673296,450000
1673298,749900
1673306,1071000
1673311,350000
1673333,400000
1673356,0
1673362,156000
1673365,350000
1673370,400000
1673373,0
1673386,0
1673396,537000
1673404,400000
1673406,400000
1673419,692500
1673421,400000
1673429,450000
1673437,425000
1673439,550000
1673443,450000
1673471,350000
1673485,539900
1673491,590000
1673502,400000
1673513,350000
1673537,1068000
1673550,600000
1673557,699000
1673563,420800
1673566,500000
1673570,665300
1673572,450000
1673584,448000
1673592,0
1673612,450000
1673616,650000
1673622,0
1673625,400000
1673628,450000
1673629,328000
1673635,500000
1673639,0
1673640,400000
1673643,557000
1673645,413000
1673649,350000
1673650,0
1673655,900000
1673663,525000
1673674,450000
1673683,421300
1673687,1020000
1673718,140000
1673725,525000
1673728,420000
1673731,350000
1673734,432000
1673735,450000
1673736,590000
1673739,175000
1673747,498500
1673749,450000
1673754,500000
1673763,500000
1673764,810600
1673774,662000
1673778,59400
1673784,800000
1673800,799500
1673801,0
1673806,467500
1673833,350000
1673837,350000
1673839,400000
1673842,450000
1673848,921400
1673851,482500
1673863,400000
1673893,400000
1673903,957100
1673905,0
1673909,0
1673924,150000
1673939,400000
1673950,781000
1673959,400000
1673961,500000
1673965,0
1673971,5473000
1673982,684000
1673983,449500
1673985,400000
1674000,717800
1674006,700000
1674007,418500
1674011,0
1674014,411600
1674019,400000
1674020,400000
1674026,500000
1674030,659000
1674032,1140000
1674055,150000
1674065,200000
1674069,147000
1674072,700000
1674077,700000
1674079,0
1674083,650000
1674087,450000
1674095,700000
1674096,974400
1674117,250000
1674121,472500
1674128,500000
1674132,0
1674143,689900
1674149,0
1674151,716900
1674165,0
1674169,450000
1674171,550000
1674173,0
1674182,0
1674189,250000
1674192,399100
1674193,400000
1674194,550000
1674205,450000
1674211,550400
1674221,1890900
1674228,140000
1674233,400000
1674239,600000
1674243,4806000
1674244,300000
1674245,400000
1674266,1039100
1674284,2681000
1674290,350000
1674292,0
1674299,400000
1674304,0
1674311,518000
1674313,226000
1674320,0
1674322,400000
1674323,350000
1674328,550000
1674332,454500
1674336,400000
1674344,542000
1674346,250000
1674347,0
1674356,817300
1674362,470300
1674366,150000
1674370,400000
1674381,469000
1674384,1341500
1674391,417000
1674393,552500
1674394,982200
1674397,350000
1674416,1662000
1674418,1013900
1674420,150000
1674422,450000
1674426,0
1674431,0
1674436,3693800
1674452,600000
1674459,782100
1674466,350000
1674480,600000
1674482,350000
1674487,414300
1674488,0
1674506,400000
1674508,0
1674517,0
1674520,3018600
1674531,450000
1674541,544500
1674563,0
1674567,500000
1674585,0
1674603,574000
1674613,0
1674620,200000
1674645,627400
1674648,1422500
1674657,479200
1674665,400000
1674683,350000
1674684,745000
1674690,1005400
1674696,1250000
1674711,659500
1674715,1542500
1674720,0
1674721,450000
1674734,350000
1674765,450000
1674792,0
1674804,500000
1674829,450000
1674912,720000
1674919,500000
1674923,375400
1674928,350000
1674933,2168000
1674944,566700
1674966,1520000
1674967,0
1674977,1320600
1674983,968000
1674986,0
1674992,283500
1674999,500000
1675007,350000
1675010,120000
1675029,0
1675033,150000
1675039,619500
1675059,717500
1675067,150000
1675069,450000
1675073,707000
1675074,416700
1675076,350000
1675081,518600
1675103,424800
1675104,688000
1675106,530300
1675108,594000
1675132,0
1675141,695000
1675144,0
1675160,432600
1675162,750000
1675186,0
1675187,400000
1675188,118800
1675189,296600
1675193,447900
1675196,0
1675225,454000
1675233,0
1675241,0
1675247,906500
1675249,21000
1675251,628000
1675264,150000
1675269,437500
1675270,485000
1675276,350000
1675278,350000
1675280,350000
1675283,0
1675285,150000
1675300,350000
1675301,350000
1675303,560000
1675307,434000
1675313,454000
1675317,0
1675324,150000
1675334,574200
1675358,574700
1675363,0
1675365,500000
1675369,594500
1675370,0
1675372,600000
1675391,845000
1675393,550900
1675402,420000
1675404,516000
1675415,4081900
1675421,779600
1675422,567000
1675431,450000
1675439,150000
1675440,0
1675447,928600
1675448,700000
1675468,854600
1675487,0
1675497,529800
1675501,554000
1675507,525000
1675508,702500
1675512,450000
1675515,650000
1675520,350000
1675523,350000
1675524,0
1675527,450000
1675531,427000
1675541,450000
1675542,0
1675543,300000
1675544,200000
1675547,25000
1675551,325100
1675552,350000
1675562,450000
1675565,800000
1675569,200000
1675572,0
1675576,898000
1675579,579500
1675580,0
1675587,500000
1675589,579500
1675592,2553600
1675593,543600
1675605,489800
1675609,437600
1675615,674500
1675619,439600
1675621,500000
1675623,650000
1675631,956000
1675634,1058800
1675637,0
1675642,12020000
1675643,650000
1675655,450000
1675663,599400
1675674,505100
1675676,350000
1675678,546400
1675685,450000
1675686,1910700
1675687,710300
1675689,450000
1675698,791000
1675703,350000
1675711,350000
1675720,0
1675723,165000
1675725,832000
1675726,790500
1675731,800000
1675735,968300
1675740,691000
1675744,0
1675753,616600
1675756,836000
1675757,600000
1675762,700000
1675763,350000
1675770,823000
1675775,450000
1675778,650000
1675786,600000
1675787,350000
1675790,350000
1675798,725000
1675809,600000
1675813,444500
1675822,277400
1675827,0
1675842,120000
1675852,101500
1675854,448000
1675865,150000
1675870,530000
1675872,250000
1675881,416500
1675882,718500
1675885,500000
1675892,0
1675897,150000
1675900,538200
1675905,150000
1675909,350000
1675927,500000
1675933,468700
1675935,600000
1675938,0
1675940,500000
1675942,447000
1675945,350000
1675946,150000
1675948,500000
1675952,764000
1675959,591000
1675960,500000
1675962,500000
1675970,450000
1675971,0
1675972,350000
1675974,615000
1675977,96500
1675978,693500
1675985,450000
1675986,3594200
1675993,150000
1675994,0
1676001,431500
1676008,468000
1676014,250000
1676023,450000
1676024,450000
1676029,450000
1676030,600000
1676031,0
1676033,634000
1676056,450900
1676061,350000
1676062,600000
1676069,350000
1676076,800000
1676077,495000
1676084,450000
1676100,500000
1676116,645500
1676118,2164300
1676128,0
1676152,300000
1676155,472500
1676157,801600
1676164,350000
1676169,3662900
1676175,450000
1676177,650000
1676178,350000
1676180,0
1676182,2875300
1676187,500000
1676191,535000
1676192,1210600
1676195,475000
1676200,692000
1676202,450000
1676223,850000
1676227,508900
1676228,650000
1676230,0
1676234,0
1676237,700000
1676238,800000
1676244,1250000
1676248,425000
1676249,481000
1676252,0
1676253,600000
1676255,250000
1676257,650000
1676259,876400
1676262,508900
1676267,450000
1676268,590900
1676280,517500
1676282,276800
1676284,450000
1676288,498000
1676293,513000
1676303,0
1676310,0
1676314,450000
1676317,447000
1676318,750000
1676325,500000
1676329,500000
1676336,0
1676340,450000
1676351,900000
1676357,581400
1676360,680000
1676361,600000
1676365,208000
1676390,300000
1676392,350000
1676396,450000
1676398,490000
1676401,450000
1676404,500000
1676405,350000
1676417,0
1676418,257800
1676430,542000
1676435,0
1676443,548600
1676448,0
1676454,500000
1676457,1899600
1676460,0
1676464,0
1676465,1446300
1676466,150000
1676467,450000
1676471,350000
1676475,450000
1676487,450000
1676488,450000
1676494,500000
1676496,547600
1676503,350000
1676504,606000
1676505,490000
1676507,598300
1676512,350000
1676513,250000
1676515,800000
1676520,500000
1676521,0
1676523,547500
1676524,1960900
1676527,350000
1676528,450000
1676529,567500
1676531,600000
1676547,819000
1676550,350000
1676553,450000
1676555,857400
1676557,350000
1676561,700000
1676575,491500
1676576,4605000
1676582,590000
1676610,340500
1676613,512500
1676618,594000
1676624,0
1676626,671000
1676629,399000
1676631,407800
1676638,0
1676657,750000
1676687,350000
1676695,0
1676702,0
1676703,350000
1676708,1000000
1676722,538500
1676726,696400
1676732,500000
1676736,744500
1676739,5086000
1676743,450000
1676752,1339900
1676760,491500
1676768,512500
1676769,700000
1676770,0
1676781,350000
1676788,120000
1676794,1005000
1676798,150000
1676799,472500
1676804,350000
1676809,350000
1676812,0
1676813,450000
1676814,150000
1676819,0
1676821,0
1676822,350000
1676824,550000
1676829,730000
1676833,350000
1676839,420000
1676840,0
1676844,450000
1676845,819000
1676849,0
1676851,713000
1676855,646200
1676859,457500
1676869,350000
1676872,0
1676881,450000
1676884,650000
1676888,460000
1676892,700000
1676895,420000
1676902,0
1676907,399000
1676912,194700
1676921,474500
1676931,1686500
1676934,500000
1676936,673000
1676962,843700
1676963,450000
1676964,429000
1676965,514800
1676967,150000
1676982,350000
1676995,0
1676997,542500
1677005,500000
1677006,302600
1677007,350000
1677008,116500
1677017,2194500
1677018,350000
1677019,500000
1677023,450000
1677031,1123400
1677042,547300
1677048,542000
1677052,350000
1677053,750000
1677060,0
1677068,2542900
1677070,2827400
1677076,575600
1677078,450000
1677082,597600
1677085,2945000
1677088,150000
1677091,556000
1677099,450000
1677101,441000
1677103,450000
1677109,0
1677111,520000
1677119,840000
1677124,730000
1677127,0
1677128,350000
1677139,400000
1677142,890000
1677150,0
1677156,0
1677170,0
1677171,399000
1677172,1837600
1677176,144000
1677182,0
1677183,350000
1677185,130000
1677189,450000
1677192,120000
1677196,1726000
1677197,350000
1677199,0
1677200,793400
1677201,0
1677202,520000
1677204,1019000
1677208,450000
1677213,0
1677221,799000
1677223,879800
1677226,435000
1677231,600000
1677232,1070000
1677236,670000
1677239,350000
1677241,0
1677242,450000
1677248,450000
1677249,5006500
1677251,0
1677255,150000
1677256,0
1677260,520000
1677264,90000
1677267,245700
1677269,450000
1677274,700000
1677275,350000
1677279,428400
1677281,5361800
1677291,600000
1677292,500000
1677297,500000
1677298,549100
1677299,735100
1677302,315900
1677304,400000
1677308,20000
1677314,500000
1677317,1111800
1677325,699000
1677333,420000
1677336,650000
1677340,150000
1677343,521000
1677344,499000
1677349,595000
1677350,600000
1677353,600000
1677356,563900
1677365,300000
1677369,782100
1677378,1344000
1677382,450000
1677390,745000
1677393,150000
1677407,0
1677408,765000
1677414,553500
1677416,1106000
1677418,500000
1677419,723000
1677421,0
1677422,450000
1677424,0
1677433,350000
1677437,678000
1677439,350000
1677440,350000
1677442,150000
1677446,350000
1677451,0
1677453,450000
1677455,350000
1677458,678000
1677463,0
1677466,0
1677477,450000
1677481,716500
1677482,350000
1677484,0
1677496,767500
1677501,400000
1677512,472500
1677519,592800
1677520,500000
1677521,865300
1677530,450000
1677539,600000
1677541,450000
1677545,450000
1677552,350000
1677558,700000
1677559,150000
1677560,1050000
1677563,350000
1677568,350000
1677570,448000
1677571,350000
1677573,450000
1677576,425600
1677579,0
1677582,0
1677586,350000
1677595,2273200
1677598,450000
1677600,465000
1677601,288000
1677602,350000
1677606,350000
1677610,500000
1677612,150000
1677617,450000
1677626,350000
1677630,450000
1677631,936900
1677639,550000
1677645,350000
1677650,614500
1677653,437600
1677656,450000
1677659,0
1677661,675000
1677666,350000
1677669,0
1677670,434000
1677671,561100
1677683,537800
1677688,2266600
1677693,1587500
1677696,809500
1677697,150000
1677701,485000
1677708,600000
1677710,150000
1677713,450000
1677715,350000
1677717,500000
1677718,781000
1677721,150000
1677722,590000
1677724,0
1677725,350000
1677733,500000
1677738,420000
1677740,374000
1677746,450000
1677747,680000
1677749,1954500
1677750,590000
1677753,350000
1677755,708500
1677756,0
1677757,350000
1677758,612800
1677760,0
1677763,590000
1677765,420000
1677767,350000
1677772,450000
1677775,485500
1677784,450000
1677785,450000
1677786,563200
1677795,0
1677803,591000
1677811,700000
1677815,350000
1677820,569300
1677824,150000
1677828,667500
1677829,350000
1677837,500000
1677843,0
1677847,350000
1677850,450000
1677853,0
1677857,521900
1677858,650000
1677869,584200
1677876,350000
1677887,595900
1677900,400900
1677906,500000
1677909,420000
1677910,229500
1677911,870400
1677912,0
1677922,444200
1677924,731000
1677927,500000
1677938,150000
1677939,150000
1677941,495000
1677948,0
1677953,475000
1677956,450000
1677958,550000
1677959,150000
1677961,0
1677965,800000
1677970,500000
1677976,450000
1677978,350000
1677979,0
1677981,1193000
1677983,0
1677986,450000
1677989,600000
1677998,0
1678000,350000
1678013,700000
1678014,0
1678021,1000000
1678025,257800
1678026,1782400
1678027,0
1678037,292300
1678039,450000
1678041,0
1678047,563000
1678050,581000
1678063,350000
1678066,680500
1678067,0
1678070,0
1678075,0
1678085,350000
1678088,0
1678089,750000
1678094,450000
1678110,410000
1678113,750000
1678114,490000
1678116,400000
1678129,960000
1678139,737000
1678140,161600
1678148,850000
1678166,150000
1678177,400000
1678182,0
1678183,0
1678185,708500
1678197,150000
1678221,150000
1678223,350000
1678230,343200
1678234,350000
1678241,300000
1678245,567500
1678249,350000
1678250,767400
1678255,0
1678265,0
1678267,350000
1678272,450000
1678285,650000
1678292,750000
1678294,1353200
1678296,885000
1678304,350000
1678312,350000
1678328,0
1678346,757300
1678351,868500
1678355,150000
1678357,0
1678369,667500
1678385,150000
1678392,0
1678396,650000
1678401,441000
1678405,521000
1678411,0
1678413,350000
1678427,350000
1678428,500000
1678429,911000
1678430,644600
1678431,0
1678433,441000
1678442,394800
1678443,1500000
1678444,300000
1678446,1736600
1678448,350000
1678450,475000
1678451,450000
1678452,350000
1678454,0
1678459,350000
1678467,662500
1678470,850000
1678473,350000
1678476,0
1678483,350000
1678492,1068000
1678495,350000
1678500,350000
1678505,350000
1678510,450000
1678512,150000
1678516,536000
1678518,173700
1678522,0
1678533,450000
1678535,500000
1678539,500000
1678548,815400
1678550,585000
1678556,350000
1678563,109000
1678566,557600
1678573,150000
1678574,822500
1678575,432000
1678576,120000
1678578,0
1678584,850000
1678586,350000
1678587,0
1678591,152500
1678592,401100
1678596,450000
1678597,18900
1678599,1227600
1678602,439600
1678609,822500
1678610,770000
1678616,1175000
1678621,490000
1678623,600000
1678632,510500
1678644,350000
1678646,0
1678649,550000
1678650,450000
1678653,0
1678655,962500
1678656,450000
1678657,620000
1678666,473300
1678668,1262500
1678670,150000
1678678,441700
1678681,350000
1678686,445900
1678687,150000
1678697,744500
1678703,150000
1678710,505500
1678711,150000
1678715,800000
1678719,350000
1678720,440000
1678725,200000
1678726,0
1678739,450000
1678746,450000
1678748,300000
1678749,500000
1678750,1264600
1678751,565300
1678754,450000
1678757,450000
1678761,0
1678769,1370000
1678780,755600
1678781,350000
1678785,150000
1678787,450000
1678789,333000
1678792,450000
1678794,0
1678796,988400
1678801,0
1678802,886100
1678819,600000
1678825,909400
1678833,800000
1678834,450000
1678835,500000
1678845,552500
1678849,450000
1678853,396900
1678857,1100000
1678867,643500
1678874,606500
1678893,742500
1678902,0
1678910,345000
1678916,500000
1678927,434000
1678933,700000
1678935,0
1678944,0
1678960,434000
1678967,250000
1678972,500000
1678974,0
1678976,800000
1678987,441000
1678993,467500
1678997,120000
1679000,500000
1679003,773000
1679006,0
1679011,0
1679012,0
1679015,529500
1679017,350000
1679021,450000
1679032,50000
1679038,450000
1679043,545400
1679050,450000
1679051,450000
1679055,530000
1679058,350000
1679063,450000
1679067,0
1679087,0
1679088,0
1679092,450000
1679093,0
1679097,725800
1679100,650000
1679107,350000
1679115,450000
1679118,239900
1679122,350000
1679131,440000
1679133,0
1679140,181500
1679143,700000
1679146,461500
1679151,650000
1679153,450000
1679154,350000
1679162,700000
1679176,0
1679178,0
1679179,497300
1679187,450000
1679192,350000
1679198,0
1679206,557600
1679207,396900
1679217,0
1679221,450000
1679232,434000
1679236,350000
1679239,760000
1679240,220000
1679251,350000
1679253,494000
1679254,425000
1679261,2879000
1679269,400000
1679270,500000
1679271,0
1679272,449400
1679278,449400
1679283,650100
1679296,577400
1679301,0
1679302,0
1679315,450000
1679317,0
1679325,600000
1679334,450000
1679336,450000
1679345,0
1679350,1046100
1679353,500000
1679355,441000
1679360,685000
1679361,0
1679367,400000
1679374,445000
1679378,350000
1679383,441000
1679386,0
1679387,450000
1679391,704000
1679394,700000
1679401,0
1679408,495000
1679416,600000
1679418,150000
1679419,700000
1679420,1445000
1679432,1251400
1679435,441000
1679438,450000
1679444,0
1679448,0
1679452,350000
1679463,450000
1679476,625000
1679478,550000
1679486,659000
1679488,500000
1679493,1264200
1679497,550000
1679501,0
1679506,0
1679510,1470000
1679512,674900
1679513,0
1679518,472500
1679522,908000
1679524,350000
1679537,460000
1679543,150000
1679545,500000
1679557,0
1679586,450000
1679587,3306800
1679592,148000
1679600,600000
1679610,840000
1679616,1270000
1679623,500000
1679625,350000
1679642,0
1679649,487500
1679657,350000
1679661,0
1679662,0
1679663,450000
1679666,441000
1679675,250000
1679677,0
1679687,220000
1679690,0
1679691,531500
1679695,350000
1679703,350000
1679706,480000
1679714,474100
1679715,666200
1679716,450000
1679726,0
1679733,232000
1679737,150000
1679741,630100
1679744,350000
1679745,1796000
1679754,449400
1679760,675900
1679765,700000
1679775,514000
1679776,434700
1679783,0
1679788,578800
1679801,0
1679804,417000
1679806,0
1679813,115100
1679822,0
1679823,400000
1679828,450000
1679831,450000
1679832,450000
1679835,332000
1679841,450000
1679844,759500
1679848,350000
1679853,400000
1679854,500000
1679861,0
1679864,400000
1679865,544500
1679876,350000
1679877,450000
1679881,0
1679882,500000
1679885,390000
1679886,1437000
1679895,350000
1679899,0
1679901,350000
1679902,1208700
1679904,0
1679909,562000
1679912,0
1679913,448000
1679919,1114000
1679923,549500
1679929,521000
1679931,600000
1679933,350000
1679934,350000
1679941,350000
1679950,434000
1679951,178500
1679952,600000
1679954,630000
1679960,507600
1679973,531600
1679979,860500
1679983,578000
1679985,521000
1679987,0
1679996,2000000
1680011,449400
1680012,350000
1680014,450000
1680021,0
1680026,450000
1680034,1271600
1680044,0
1680047,350000
1680053,450000
1680056,450000
1680057,517300
1680066,530000
1680069,545000
1680074,600000
1680076,420000
1680081,350000
1680087,540400
1680090,350000
1680097,579200
1680104,452500
1680106,427000
1680120,1114900
1680123,0
1680146,565000
1680148,450000
1680152,150000
1680155,350000
1680158,482600
1680169,250000
1680176,150000
1680180,763000
1680182,150000
1680183,967000
1680192,450000
1680196,495000
1680203,450000
1680218,480000
1680223,650000
1680230,472500
1680241,665500
1680244,984500
1680247,350000
1680265,350000
1680268,1999300
1680273,150000
1680275,0
1680282,500000
1680284,500000
1680290,350000
1680292,500000
1680295,650000
1680304,485000
1680322,152400
1680323,443800
1680327,441000
1680333,450000
1680350,450000
1680351,934500
1680359,64700
1680360,750000
1680365,500000
1680367,500000
1680368,350000
1680370,150000
1680374,600000
1680384,450000
1680388,650000
1680390,300000
1680391,650000
1680395,620000
1680401,550000
1680402,350000
1680404,0
1680406,0
1680414,650000
1680420,350000
1680422,542500
1680426,600000
1680430,0
1680436,0
1680439,325000
1680440,298000
1680443,350000
1680458,450000
1680466,576300
1680468,450000
1680474,400000
1680476,0
1680484,468000
1680498,450000
1680506,0
1680517,474900
1680518,454000
1680519,450000
1680523,350000
1680524,147000
1680526,350000
1680530,350000
1680535,372000
1680537,450000
1680540,520000
1680543,500000
1680548,350000
1680550,0
1680563,400000
1680565,500000
1680580,0
1680582,754800
1680593,450000
1680595,167800
1680600,0
1680604,0
1680617,600000
1680618,450000
1680620,0
1680621,0
1680622,306500
1680627,700000
1680629,150000
1680633,450000
1680635,500000
1680636,500000
1680638,400000
1680651,519600
1680652,760200
1680654,619000
1680664,515000
1680668,0
1680680,748000
1680682,686000
1680684,515400
1680686,500000
1680691,550000
1680697,600000
1680701,200000
1680702,800000
1680706,463900
1680709,0
1680716,0
1680717,710000
1680718,900000
1680721,465000
1680724,500000
1680728,656000
1680729,500000
1680732,448000
1680740,500000
1680743,424200
1680749,715300
1680753,700000
1680754,563000
1680759,465000
1680762,600000
1680764,350000
1680766,0
1680767,350000
1680770,0
1680775,957100
1680782,0
1680791,0
1680793,0
1680800,0
1680803,350000
1680804,1910000
1680806,350000
1680808,450000
1680810,450000
1680814,659000
1680821,450000
1680828,748000
1680839,663500
1680842,5723500
1680845,309600
1680847,427000
1680860,450000
1680863,588200
1680865,661600
1680873,5697100
1680876,517500
1680877,350000
1680891,572000
1680898,450000
1680907,450000
1680922,459200
1680938,479600
1680954,350000
1680955,350000
1680963,441000
1680966,463900
1680974,530000
1680975,0
1680979,450000
1680986,450000
1680992,450000
1680995,558100
1680999,700000
1681002,427000
1681006,350000
1681007,422800
1681008,840200
1681010,350000
1681019,650000
1681020,556000
1681024,350000
1681027,350000
1681034,615000
1681040,350000
1681048,189000
1681051,450000
1681058,4920000
1681061,402900
1681066,479100
1681067,415000
1681080,425000
1681082,0
1681084,450000
1681085,0
1681088,0
1681091,560000
1681094,780000
1681101,300000
1681108,411600
1681112,142000
1681113,498500
1681115,0
1681117,0
1681119,450000
1681121,350000
1681125,500000
1681134,450000
1681137,694100
1681138,0
1681141,0
1681146,400000
1681147,500000
1681148,650000
1681151,606100
1681155,108000
1681156,325000
1681161,1250000
1681170,500000
1681175,587000
1681176,150000
1681186,500000
1681196,590000
1681198,350000
1681205,0
1681207,450000
1681220,350000
1681221,350000
1681231,150000
1681232,0
1681235,650000
1681240,315000
1681242,450000
1681244,664200
1681251,450000
1681255,415000
1681280,599400
1681282,0
1681293,0
1681295,77000
1681298,565300
1681305,450000
1681307,521000
1681309,350000
1681321,479600
1681336,350000
1681338,826000
1681344,440300
1681360,0
1681374,0
1681378,540000
1681380,450000
1681384,0
1681385,554000
1681387,947900
1681388,720000
1681395,0
1681399,420000
1681400,500000
1681404,800000
1681406,1056300
1681409,891100
1681418,514000
1681421,450000
1681423,472600
1681425,450000
1681432,350000
1681449,479600
1681454,350000
1681468,778000
1681488,450000
1681492,231500
1681502,350000
1681504,671400
1681505,482600
1681516,600000
1681518,350000
1681523,416500
1681525,632500
1681530,500000
1681542,450000
1681543,350000
1681552,350000
1681553,630000
1681556,578800
1681567,450000
1681570,464500
1681572,598100
1681596,0
1681601,440000
1681606,350000
1681613,350000
1681617,663500
1681635,400000
1681639,450000
1681643,500000
1681648,450000
1681662,427000
1681664,0
1681666,1228700
1681667,275000
1681675,450000
1681676,0
1681689,0
1681696,528000
1681701,350000
1681708,670000
1681723,1150000
1681733,0
1681735,704000
1681741,530000
1681748,500000
1681753,419300
1681757,270600
1681758,1200000
1681762,0
1681764,450000
1681768,400000
1681770,128000
1681782,0
1681788,700000
1681790,450000
1681813,740000
1681815,890000
1681823,750000
1681825,588000
1681834,740000
1681837,400000
1681849,650000
1681854,539100
1681855,0
1681874,350000
1681887,450000
1681888,550000
1681905,209700
1681912,0
1681918,434000
1681922,350000
1681923,600000
1681934,500000
1681939,1069000
1681943,1200000
1681948,450000
1681951,0
1681955,300000
1681959,0
1681963,350000
1681968,450000
1681970,1872500
1681971,150000
1681973,441000
1681982,0
1681983,1078300
1681987,950000
1681989,150000
1681992,450000
1682003,440000
1682005,500000
1682011,603100
1682012,1127000
1682017,0
1682018,0
1682021,0
1682022,0
1682024,350000
1682025,600000
1682034,491800
1682035,800000
1682037,530200
1682042,350000
1682043,490000
1682044,663500
1682045,150000
1682052,1774800
1682054,500000
1682055,0
1682060,808500
1682062,450000
1682065,594500
1682070,0
1682082,330000
1682087,450000
1682091,890000
1682092,657000
1682105,350000
1682107,557500
1682108,450000
1682110,350000
1682120,450000
1682137,150000
1682144,450000
1682151,815300
1682156,450000
1682158,0
1682161,804000
1682162,400000
1682165,350000
1682166,700000
1682175,150000
1682184,1500000
1682186,0
1682187,350000
1682213,450000
1682214,0
1682221,0
1682224,496000
1682225,350000
1682227,527000
1682230,405300
1682233,0
1682235,350000
1682236,150100
1682238,0
1682239,417000
1682244,530000
1682251,450000
1682253,450000
1682255,350000
1682261,350000
1682265,434000
1682266,625000
1682269,0
1682270,611300
1682272,589000
1682279,0
1682282,470000
1682283,562300
1682288,350000
1682289,1014000
1682293,652500
1682295,565500
1682303,200000
1682311,0
1682314,441000
1682319,1425000
1682320,350000
1682321,350000
1682323,350000
1682327,200000
1682332,492500
1682334,0
1682343,350000
1682344,750000
1682347,528600
1682352,350000
1682353,450000
1682363,426100
1682369,544000
1682379,750000
1682381,0
1682384,700000
1682395,350000
1682398,964000
1682406,620000
1682407,450000
1682409,350000
1682416,0
1682417,150000
1682422,911100
1682425,1299900
1682430,150000
1682435,550000
1682444,450000
1682455,500000
1682457,556500
1682458,800000
1682461,500000
1682465,144000
1682470,457200
1682473,450000
1682474,500000
1682476,600000
1682478,350000
1682486,0
1682490,450000
1682492,516000
1682495,450000
1682496,150000
1682509,693400
1682510,450000
1682519,350000
1682522,500000
1682527,310000
1682531,500000
1682532,607500
1682535,426000
1682541,0
1682545,500000
1682557,0
1682558,441000
1682560,1150000
1682562,490000
1682572,400000
1682578,530000
1682581,0
1682587,0
1682589,150000
1682598,350000
1682602,600000
1682604,400000
1682605,0
1682608,400000
1682620,350000
1682635,438500
1682643,450000
1682646,881300
1682650,200000
1682651,0
1682654,350000
1682657,350000
1682659,500000
1682664,485600
1682675,350000
1682676,450000
1682683,289600
1682693,0
1682694,350000
1682696,450000
1682699,470000
1682700,350000
1682704,691900
1682713,400000
1682717,410000
1682722,450000
1682724,450000
1682727,0
1682730,545000
1682734,350000
1682735,450000
1682736,350000
1682739,800000
1682743,150000
1682747,0
1682754,350000
1682757,1387800
1682758,500000
1682759,1239800
1682763,450000
1682764,350000
1682776,450000
1682782,747000
1682783,0
1682784,542800
1682786,600000
1682791,400000
1682796,350000
1682797,608600
1682800,527000
1682805,150000
1682806,450000
1682809,0
1682812,500000
1682817,500000
1682821,500000
1682825,450000
1682826,500000
1682831,272500
1682832,350000
1682833,350000
1682840,500000
1682845,2310700
1682853,0
1682863,994000
1682864,821000
1682866,350000
1682870,143100
1682871,130000
1682872,400000
1682876,761400
1682880,630000
1682881,858500
1682882,243400
1682885,531500
1682893,150000
1682896,350000
1682897,0
1682899,0
1682906,448000
1682920,600000
1682921,0
1682925,600000
1682927,450000
1682936,4354200
1682938,350000
1682948,350000
1682953,350000
1682959,285000
1682964,150000
1682966,940000
1682967,450000
1682970,0
1682972,450000
1682982,120000
1682984,444000
1682989,992400
1683002,141400
1683003,1227500
1683011,450000
1683012,659000
1683020,450000
1683021,175000
1683022,550000
1683039,450000
1683040,485000
1683048,200000
1683057,800000
1683062,427000
1683064,500000
1683072,0
1683078,370000
1683079,550000
1683092,824500
1683097,0
1683101,350000
1683107,549500
1683108,400000
1683109,1530000
1683112,0
1683114,1160500
1683118,0
1683121,0
1683127,1980000
1683131,200000
1683134,150000
1683136,250000
1683138,400000
1683140,0
1683144,450000
1683147,530200
1683152,500000
1683161,737500
1683162,718000
1683164,0
1683166,150000
1683167,350000
1683168,474000
1683188,448000
1683195,0
1683214,945000
1683223,0
1683227,350000
1683230,350000
1683231,450000
1683233,744800
1683237,558500
1683238,420000
1683242,500000
1683243,491600
1683248,350000
1683252,500000
1683256,350000
1683263,587800
1683266,0
1683268,0
1683271,0
1683273,671000
1683278,498500
1683279,1112500
1683280,0
1683284,1124800
1683290,700000
1683292,0
1683297,450000
1683311,850000
1683312,0
1683313,150000
1683325,1083000
1683326,350000
1683331,1517300
1683333,495000
1683340,150000
1683341,450000
1683343,500000
1683344,0
1683345,350000
1683347,600000
1683350,350000
1683354,0
1683363,450000
1683366,667500
1683376,400000
1683383,450000
1683384,600000
1683386,0
1683387,350000
1683388,177400
1683391,150000
1683404,0
1683413,706500
1683415,0
1683421,350000
1683435,425600
1683456,500000
1683458,590000
1683460,542400
1683468,659000
1683470,350000
1683471,0
1683472,857100
1683473,750000
1683479,550400
1683485,0
1683487,819000
1683490,600000
1683496,180000
1683497,498500
1683498,0
1683508,450000
1683511,450000
1683516,510500
1683520,0
1683521,0
1683522,750000
1683525,150000
1683532,815000
1683538,39200
1683541,591000
1683545,427000
1683548,515000
1683550,700000
1683561,545000
1683565,434000
1683569,0
1683573,437500
1683579,567500
1683583,300000
1683592,450000
1683596,0
1683597,150000
1683600,880000
1683601,1210000
1683602,0
1683608,532800
1683620,300000
1683621,450000
1683631,570000
1683641,350000
1683651,482500
1683655,450000
1683658,600000
1683664,400000
1683667,600000
1683670,0
1683672,450000
1683675,350000
1683676,434000
1683684,700000
1683690,700000
1683693,428400
1683694,400000
1683697,385000
1683698,150000
1683702,0
1683706,667900
1683708,819000
1683710,73000
1683717,392000
1683718,0
1683720,0
1683724,450000
1683727,624000
1683728,400000
1683733,650000
1683738,350000
1683743,0
1683745,510500
1683749,500000
1683760,396000
1683762,409500
1683764,1890000
1683780,202500
1683783,350000
1683787,1265300
1683801,350000
1683802,0
1683805,448700
1683808,576500
1683811,0
1683813,350000
1683816,0
1683818,704000
1683819,545000
1683836,0
1683842,434000
1683843,150000
1683847,0
1683854,350000
1683858,700000
1683865,400000
1683871,1128400
1683874,350000
1683876,0
1683878,0
1683880,1395500
1683884,650000
1683885,450000
1683889,350000
1683893,350000
1683902,0
1683915,350000
1683917,700000
1683920,534000
1683921,152500
1683929,0
1683930,350000
1683936,627000
1683937,400000
1683943,500000
1683950,425000
1683956,0
1683957,0
1683958,450000
1683963,545000
1683982,550000
1683984,600000
1683991,450000
1683992,474000
1684000,350000
1684006,697600
1684012,411600
1684013,560000
1684023,350000
1684025,597500
1684026,700000
1684029,0
1684031,652800
1684032,0
1684035,144000
1684040,427000
1684043,890000
1684047,400000
1684056,684300
1684060,450000
1684065,514000
1684066,591500
1684067,250000
1684068,400000
1684071,350000
1684079,350000
1684096,150000
1684099,350000
1684101,498800
1684102,350000
1684103,1197500
1684107,526000
1684111,753000
1684112,0
1684115,814100
1684116,400000
1684127,150000
1684128,650000
1684134,434000
1684135,514000
1684136,600000
1684137,650000
1684138,0
1684140,661000
1684144,629000
1684147,500000
1684160,350000
1684164,562500
1684167,0
1684171,534400
1684172,0
1684173,450000
1684178,350000
1684180,450000
1684184,947500
1684187,151000
1684188,0
1684189,425000
1684190,350000
1684199,0
1684201,0
1684204,450000
1684207,650000
1684212,0
1684219,500000
1684223,120000
1684229,420000
1684232,663100
1684235,530000
1684238,450000
1684239,450000
1684240,528000
1684251,350000
1684253,450000
1684256,400000
1684257,838200
1684264,0
1684268,441700
1684272,350000
1684285,420000
1684286,700000
1684287,450000
1684288,122000
1684299,392000
1684302,1101700
1684305,300000
1684309,743200
1684312,500000
1684320,308700
1684328,646500
1684331,645000
1684342,500000
1684350,500000
1684351,420000
1684353,350000
1684359,450000
1684370,210000
1684372,450000
1684377,350000
1684378,500000
1684390,350000
1684401,0
1684406,496000
1684409,400000
1684411,725000
1684415,1267000
1684416,0
1684417,590800
1684418,578400
1684420,521000
1684426,750000
1684430,567500
1684433,819000
1684436,448000
1684439,600000
1684443,24000
1684451,350000
1684459,400000
1684460,400000
1684465,400000
1684468,450000
1684476,350000
1684484,550000
1684495,0
1684500,487100
1684513,0
1684514,350000
1684515,150000
1684519,400000
1684520,450000
1684521,450000
1684525,537400
1684531,350000
1684533,500000
1684536,670000
1684546,627000
1684565,700000
1684566,150000
1684570,209000
1684578,0
1684581,1218000
1684586,484500
1684601,385000
1684605,0
1684612,350000
1684626,400000
1684648,743200
1684652,0
1684656,750000
1684663,500000
1684668,600000
1684669,708900
1684677,500000
1684690,5600
1684695,300000
1684698,0
1684706,350000
1684707,0
1684711,0
1684720,522500
1684726,539900
1684736,2503000
1684738,690000
1684740,0
1684746,0
1684749,556500
1684750,350000
1684751,475000
1684761,884600
1684762,550000
1684771,450000
1684777,750000
1684780,554000
1684782,400000
1684787,200000
1684801,150000
1684804,743200
1684806,500000
1684807,0
1684814,400000
1684818,600000
1684819,400000
1684830,517600
1684831,150000
1684837,1205300
1684847,727100
1684851,120000
1684852,400000
1684853,580000
1684859,550000
1684864,262500
1684865,150000
1684867,600000
1684872,0
1684879,827000
1684880,150000
1684886,400000
1684889,400000
1684893,743800
1684894,450000
1684898,350000
1684918,1258700
1684931,1150000
1684933,404000
1684936,742000
1684941,672500
1684947,0
1684948,0
1684951,492600
1684959,699000
1684961,592800
1684970,650000
1684980,0
1684993,400000
1685008,654400
1685009,450000
1685010,0
1685015,0
1685018,0
1685019,400000
1685033,350000
1685039,400000
1685044,596200
1685045,576600
1685046,650000
1685050,448000
1685053,630000
1685055,200000
1685071,550000
1685074,350000
1685083,49000
1685088,593400
1685089,400000
1685095,486200
1685104,0
1685107,550000
1685114,0
1685115,596100
1685132,150000
1685137,2766000
1685151,592000
1685159,350000
1685166,1351900
1685172,500000
1685184,500000
1685188,600000
1685191,507600
1685199,0
1685200,940000
1685206,400000
1685208,350000
1685211,500000
1685214,150000
1685216,600000
1685233,400000
1685234,312500
1685237,600000
1685239,360400
1685241,103000
1685243,550000
1685254,400000
1685255,500000
1685256,794500
1685259,650000
1685263,350000
1685270,350000
1685274,600000
1685276,400000
1685291,600000
1685297,400000
1685303,450000
1685306,722000
1685307,871600
1685316,8100100
1685318,500000
1685324,450000
1685325,400000
1685328,600000
1685344,600000
1685354,650000
1685356,650000
1685357,472300
1685359,868500
1685366,762700
1685369,450000
1685371,605700
1685374,2233000
1685379,0
1685380,590000
1685381,400000
1685382,541000
1685385,150000
1685391,500000
1685393,400000
1685409,528500
1685413,490000
1685418,400000
1685426,400000
1685427,2769500
1685429,0
1685438,400000
1685442,2841700
1685448,650000
1685451,150000
1685457,450000
1685460,191300
1685462,340000
1685480,450000
1685484,450000
1685489,450000
1685504,400000
1685511,550000
1685512,700000
1685529,411600
1685535,618000
1685536,150000
1685538,0
1685539,530000
1685542,521000
1685553,600000
1685569,550000
1685588,500000
1685595,400000
1685599,520500
1685618,3113700
1685621,450000
1685622,567500
1685626,400000
1685627,650000
1685629,0
1685660,0
1685670,550000
1685675,500000
1685677,650000
1685680,737500
1685688,950000
1685715,1453800
1685728,510000
1685748,0
1685750,2553000
1685751,0
1685753,350000
1685756,450000
1685770,550000
1685771,450000
1685776,850000
1685777,400000
1685796,250000
1685799,350000
1685807,550000
1685819,300000
1685832,0
1685842,600000
1685843,550000
1685847,773300
1685855,0
1685867,450000
1685887,0
1685908,567500
1685909,749500
1685917,549500
1685923,975000
1685925,0
1685933,664300
1685934,500000
1685941,485100
1685950,0
1685959,409200
1685965,0
1685971,600000
1685973,400000
1685979,350000
1685990,932100
1685992,350000
1685997,634500
1685999,0
1686014,450000
1686016,948400
1686048,439600
1686056,350000
1686060,350000
1686065,0
1686066,350000
1686073,400000
1686075,587500
1686081,450000
1686082,449500
1686090,400000
1686094,113000
1686108,714000
1686109,591000
1686120,886500
1686127,0
1686131,416700
1686136,400000
1686149,600000
1686169,400000
1686170,450000
1686182,546900
1686184,492000
1686206,0
1686210,400000
1686229,661600
1686233,0
1686234,0
1686250,400000
1686255,0
1686256,400000
1686263,400000
1686274,400000
1686275,0
1686276,150000
1686277,450000
1686287,447300
1686289,550000
1686290,400000
1686295,0
1686316,1245800
1686321,297600
1686328,0
1686330,0
1686336,789600
1686341,300000
1686349,370900
1686353,468700
1686363,550000
1686366,0
1686380,800000
1686393,700000
1686395,400000
1686397,400000
1686401,150000
1686424,397500
1686432,0
1686436,0
1686448,350000
1686451,0
1686460,450000
1686475,1007500
1686478,400000
1686486,726500
1686511,550000
1686518,150000
1686523,798600
1686527,549000
1686530,0
1686537,400000
1686544,400000
1686553,724200
1686556,570200
1686569,350000
1686571,590000
1686572,0
1686578,450000
1686579,590000
1686587,1969000
1686588,1125200
1686593,400000
1686610,479900
1686615,500000
1686630,250000
1686638,150000
1686652,0
1686653,828000
1686682,1303100
1686683,590000
1686687,565000
1686688,550000
1686699,0
1686702,450000
1686705,680000
1686708,400000
1686710,0
1686711,427000
1686712,839600
1686716,1058500
1686724,590000
1686727,450000
1686735,0
1686741,400000
1686742,831300
1686752,450000
1686753,250000
1686756,0
1686769,400000
1686771,0
1686775,450000
1686780,450000
1686789,400000
1686790,143000
1686793,550000
1686795,400000
1686812,350000
1686825,756400
1686827,200000
1686851,393400
1686853,1040000
1686855,526000
1686891,400000
1686901,400000
1686902,550000
1686909,0
1686922,350000
1686925,450000
1686944,0
1686947,0
1686966,700000
1686979,350000
1686982,0
1686985,400000
1686989,600000
1686990,455000
1686993,826700
1686994,650000
1687003,498000
1687037,425600
1687049,0
1687056,400000
1687072,573200
1687093,400000
1687110,477500
1687118,0
1687126,450000
1687145,790000
1687149,400000
1687152,700000
1687153,0
1687158,400000
1687163,0
1687166,0
1687178,585000
1687183,400000
1687201,250000
1687203,144000
1687206,0
1687216,0
1687218,546900
1687223,500000
1687225,400000
1687233,400000
1687234,0
1687237,702000
1687245,400000
1687274,0
1687285,0
1687293,645800
1687300,0
1687307,477000
1687310,400000
1687311,602000
1687345,0
1687346,0
1687368,0
1687395,934800
1687406,1045000
1687410,0
1687413,0
1687416,635400
1687423,1757500
1687426,500000
1687480,444000
1687489,450000
1687503,725000
1687504,200000
1687510,1523800
1687533,0
1687547,807000
1687557,480000
1687559,738000
1687572,0
1687577,350000
1687582,478900
1687586,350000
1687599,350000
1687609,478000
1687639,800000
1687653,0
1687666,450000
1687673,989100
1687679,649800
1687698,450000
1687706,450000
1687711,444500
1687715,350000
1687717,676000
1687719,0
1687720,671000
1687722,450000
1687725,850000
1687728,500000
1687737,0
1687739,604500
1687744,650000
1687746,436000
1687751,0
1687752,720000
1687762,450000
1687765,450000
1687766,0
1687767,0
1687774,130000
1687781,350000
1687784,551000
1687805,0
1687825,3839000
1687826,450000
1687829,450000
1687837,1358400
1687840,434000
1687846,1055000
1687857,0
1687866,0
1687868,350000
1687869,0
1687873,350000
1687875,712700
1687878,0
1687892,476000
1687893,300000
1687908,0
1687912,425600
1687913,450000
1687923,457500
1687931,724000
1687935,350000
1687942,613600
1687943,2098400
1687947,957600
1687949,0
1687956,350000
1687958,448000
1687959,450000
1687964,0
1687965,350000
1687968,562000
1687973,0
1687975,450000
1687980,500000
1687988,750000
1687991,0
1687995,434000
1687997,514000
1687998,450000
1688009,0
1688010,530000
1688016,0
1688024,821100
1688030,0
1688034,0
1688038,550000
1688048,663000
1688049,5600
1688057,427000
1688069,0
1688074,650000
1688087,150000
1688092,0
1688097,350000
1688098,1164500
1688099,560800
1688104,350000
1688109,449400
1688116,428400
1688120,619000
1688123,556000
1688139,160000
1688148,581000
1688149,450000
1688158,450000
1688165,428400
1688178,450000
1688181,500000
1688187,350000
1688191,588800
1688198,450000
1688210,514000
1688214,853700
1688217,490000
1688223,450000
1688236,0
1688243,450000
1688244,450000
1688247,1310000
1688248,425600
1688253,250000
1688255,1029900
1688262,600000
1688265,450000
1688271,450000
1688275,244600
1688290,350000
1688296,350000
1688299,450000
1688300,450000
1688313,0
1688315,605000
1688316,521000
1688329,0
1688330,450000
1688335,150000
1688336,2330500
1688338,350000
1688341,733400
1688349,0
1688350,150000
1688351,584000
1688357,0
1688362,1018600
1688370,450000
1688372,350000
1688374,0
1688383,1050000
1688385,600000
1688386,450000
1688387,0
1688390,350000
1688391,450000
1688395,450000
1688397,910000
1688400,420000
1688412,36000
1688420,928000
1688421,0
1688427,0
1688431,350000
1688439,450000
1688445,590000
1688446,444500
1688454,664000
1688456,450000
1688460,682400
1688461,411600
1688470,450000
1688475,538200
1688483,350000
1688487,450000
1688491,450000
1688493,450000
1688496,450000
1688499,420000
1688500,179200
1688505,350000
1688508,560000
1688510,0
1688511,0
1688512,2029500
1688515,250000
1688516,0
1688525,450000
1688532,450000
1688535,350000
1688543,0
1688551,1390000
1688556,777500
1688563,0
1688571,350000
1688586,471700
1688600,575600
1688601,350000
1688616,0
1688622,0
1688626,0
1688632,0
1688635,0
1688637,450000
1688642,0
1688648,1083000
1688654,595200
1688656,554000
1688663,594500
1688675,520200
1688679,508300
1688690,714000
1688699,577500
1688706,420000
1688711,650000
1688712,0
1688726,594500
1688736,0
1688738,350000
1688741,428400
1688754,500000
1688755,144000
1688764,350000
1688765,350000
1688769,455000
1688777,250000
1688780,0
1688782,450000
1688786,686000
1688800,809900
1688803,500000
1688814,111600
1688824,0
1688825,574300
1688830,0
1688849,0
1688850,565200
1688851,350000
1688853,700000
1688856,350000
1688858,737500
1688860,900000
1688861,881500
1688872,445000
1688873,450000
1688876,400000
1688877,514000
1688879,519200
1688891,1151000
1688893,450000
1688895,444500
1688908,360000
1688909,0
1688915,700000
1688922,350000
1688931,350000
1688936,432600
1688938,150000
1688941,660500
1688945,450000
1688948,500000
1688951,448000
1688952,480000
1688953,0
1688973,450000
1688976,2277000
1688988,764500
1688992,0
1688995,420000
1689008,436000
1689011,130000
1689012,510500
1689019,400000
1689029,708000
1689031,500000
1689039,378700
1689045,150000
1689049,746400
1689051,650000
1689055,696500
1689066,450000
1689073,598000
1689079,850000
1689085,350000
1689093,150000
1689095,0
1689096,0
1689098,819800
1689107,350000
1689113,425600
1689121,350000
1689133,500000
1689135,812500
1689137,450000
1689140,1169200
1689141,700000
1689148,450000
1689151,400000
1689157,695500
1689158,441000
1689166,350000
1689178,590000
1689184,2046300
1689190,304200
1689194,350000
1689195,350000
1689200,450000
1689203,100000
1689207,450000
1689211,700000
1689223,552800
1689229,600000
1689236,500000
1689239,0
1689244,450000
1689245,450000
1689248,350000
1689253,350000
1689256,434000
1689258,450000
1689259,587500
1689263,390000
1689276,400000
1689277,450000
1689279,0
1689283,600000
1689286,0
1689294,0
1689310,425700
1689315,490000
1689319,0
1689325,133500
1689327,0
1689328,590000
1689332,901100
1689333,622600
1689339,0
1689343,350000
1689358,1155000
1689372,450000
1689374,428400
1689375,0
1689377,733400
1689379,500000
1689389,673300
1689397,150000
1689419,1155000
1689420,350000
1689425,495000
1689438,0
1689448,450000
1689451,0
1689453,434000
1689457,540000
1689465,600000
1689468,850000
1689472,0
1689476,450000
1689478,150000
1689479,495000
1689488,350000
1689494,884000
1689499,750000
1689509,250000
1689517,420000
1689520,750000
1689522,450000
1689536,115400
1689540,350000
1689542,430000
1689543,434000
1689547,0
1689548,0
1689555,443800
1689556,1212000
1689560,594000
1689561,0
1689564,300000
1689569,350000
1689582,450000
1689591,0
1689599,300000
1689600,0
1689604,428400
1689615,500000
1689619,528000
1689622,500000
1689628,90000
1689630,448000
1689636,439600
1689637,528000
1689642,686000
1689643,670000
1689646,522500
1689649,450000
1689665,500000
1689669,350000
1689677,802100
1689689,667500
1689695,4139400
1689699,450000
1689700,450000
1689703,350000
1689706,0
1689714,531500
1689718,450000
1689719,686000
1689722,500000
1689731,427000
1689734,500000
1689741,573300
1689745,800000
1689754,450000
1689755,805000
1689765,930000
1689773,1200000
1689789,0
1689792,380800
1689794,450000
1689810,350000
1689813,350000
1689819,0
1689823,924800
1689825,590000
1689828,168600
1689832,366400
1689837,482500
1689840,650000
1689841,450000
1689846,350000
1689853,386000
1689869,250000
1689871,150000
1689872,554500
1689875,0
1689877,269000
1689880,365000
1689883,0
1689884,350000
1689909,70400
1689914,0
1689916,0
1689918,0
1689922,0
1689931,1614800
1689933,581000
1689934,450000
1689937,436600
1689938,1430000
1689948,575200
1689952,450000
1689954,350000
1689956,598500
1689960,0
1689968,480800
1689973,663000
1689976,350000
1689980,723600
1689988,350000
1689992,905000
1689994,450000
1689995,689000
1690011,500000
1690027,4083700
1690034,521000
1690035,572500
1690036,625900
1690051,450000
1690059,0
1690062,400000
1690093,427000
1690094,410900
1690099,450000
1690101,485000
1690107,450000
1690109,0
1690117,0
1690120,350000
1690129,570200
1690134,0
1690135,600000
1690136,150000
1690155,630400
1690157,0
1690160,2335500
1690165,150000
1690170,450000
1690172,1123500
1690177,411600
1690192,130000
1690202,150000
1690203,0
1690204,150000
1690206,1009500
1690209,0
1690216,350000
1690226,535000
1690227,150000
1690228,526500
1690229,429500
1690232,150000
1690239,637500
1690242,1132900
1690243,500000
1690253,0
1690255,600000
1690263,350000
1690264,374000
1690267,350000
1690270,0
1690271,428400
1690272,500000
1690274,0
1690275,0
1690277,100000
1690280,350000
1690284,570000
1690287,500000
1690288,413000
1690291,250000
1690294,611500
1690299,600000
1690319,585000
1690325,1068400
1690331,850000
1690337,450000
1690338,450000
1690348,600000
1690353,500000
1690356,450000
1690370,150000
1690379,851600
1690385,350000
1690394,450000
1690395,479000
1690403,700000
1690407,500000
1690413,450000
1690414,500000
1690425,398000
1690437,150000
1690439,150000
1690444,1214800
1690453,416500
1690468,940000
1690475,737800
1690476,4879400
1690482,350000
1690488,744600
1690491,450000
1690506,971000
1690510,350000
1690531,850000
1690536,780000
1690542,850000
1690549,1680000
1690553,0
1690557,0
1690559,608500
1690568,549900
1690577,76000
1690589,500000
1690600,377500
1690601,699000
1690604,450000
1690608,900000
1690620,450000
1690621,0
1690625,434000
1690628,560100
1690631,814000
1690634,0
1690637,650000
1690642,450000
1690643,0
1690645,249300
1690646,1500000
1690654,700000
1690662,300000
1690669,350000
1690673,350000
1690674,350000
1690677,500000
1690680,0
1690688,650000
1690695,450000
1690705,700000
1690709,350000
1690722,450000
1690723,600000
1690724,510800
1690727,450000
1690729,566000
1690733,0
1690744,350000
1690748,495000
1690751,627000
1690756,0
1690762,434000
1690770,580000
1690775,574000
1690776,0
1690778,775000
1690780,500000
1690781,0
1690782,904300
1690785,450000
1690786,500000
1690799,1048500
1690801,600000
1690807,697600
1690811,0
1690819,538800
1690822,450000
1690826,478900
1690831,505500
1690834,450000
1690849,400000
1690852,520000
1690859,0
1690860,450000
1690871,735500
1690872,495000
1690875,600000
1690878,420000
1690881,350000
1690883,0
1690886,750000
1690894,748000
1690905,150000
1690906,372000
1690909,0
1690910,450000
1690913,599400
1690922,450000
1690940,450000
1690941,133500
1690949,350000
1690950,730000
1690966,450000
1690967,405000
1690981,436000
1690982,986000
1690986,850000
1690987,823000
1690988,350000
1690990,448000
1690991,350000
1690994,450000
1690996,533500
1690997,520000
1691003,445000
1691004,482500
1691008,450000
1691011,600000
1691025,1237300
1691035,445000
1691037,350000
1691039,562500
1691054,590000
1691057,897300
1691058,950000
1691065,0
1691066,350000
1691069,538200
1691073,445000
1691085,350000
1691089,633800
1691102,150000
1691103,546400
1691120,973500
1691124,632000
1691132,1125000
1691154,551300
1691159,500000
1691165,569700
1691167,450000
1691178,9600
1691183,500000
1691191,600000
1691192,538000
1691200,450000
1691204,450000
1691205,0
1691210,800000
1691218,350000
1691222,1155000
1691223,617900
1691227,1024800
1691228,0
1691235,350000
1691239,450000
1691241,500000
1691248,950700
1691260,0
1691265,1878100
1691269,1155000
1691271,507500
1691276,460000
1691279,600000
1691282,350000
1691286,500000
1691294,450000
1691297,450000
1691309,0
1691314,427000
1691316,450000
1691322,563000
1691323,119000
1691326,255000
1691331,441000
1691337,350000
1691338,120000
1691341,600500
1691342,655000
1691351,712500
1691352,150000
1691356,500000
1691362,500000
1691374,350000
1691376,0
1691377,0
1691378,450000
1691379,350000
1691381,0
1691384,548600
1691391,656000
1691393,456500
1691401,534000
1691408,450000
1691409,495000
1691411,500000
1691414,650000
1691415,500000
1691416,350000
1691420,500000
1691430,500000
1691438,521000
1691442,0
1691448,425600
1691449,434000
1691453,450000
1691455,809100
1691462,0
1691466,549800
1691467,415000
1691468,669800
1691476,555000
1691484,575500
1691491,350000
1691492,309600
1691500,415000
1691502,330000
1691508,545000
1691509,550000
1691511,500000
1691512,500000
1691521,0
1691522,450000
1691524,0
1691528,450000
1691529,0
1691530,200000
1691532,710000
1691539,400000
1691547,827500
1691550,0
1691552,350000
1691553,437500
1691564,450000
1691566,615000
1691573,300000
1691581,0
1691584,500000
1691586,350000
1691588,0
1691589,350000
1691596,449400
1691600,350000
1691601,700000
1691604,150000
1691609,450000
1691613,565300
1691624,450400
1691625,440000
1691635,530200
1691640,450000
1691648,500000
1691658,137500
1691663,350000
1691669,450000
1691673,800000
1691675,548600
1691676,671000
1691680,450000
1691686,350000
1691688,0
1691690,700000
1691692,562600
1691694,777800
1691697,500000
1691705,650000
1691708,140000
1691713,350000
1691714,485000
1691724,500000
1691725,500000
1691733,584000
1691736,0
1691740,592300
1691744,560700
1691749,350000
1691751,500000
1691752,650000
1691753,351900
1691755,584000
1691758,441000
1691760,717500
1691767,0
1691770,560800
1691772,500000
1691776,650000
1691779,692000
1691783,350000
1691786,350000
1691790,673000
1691792,450000
1691793,503500
1691795,275000
1691798,350000
1691803,150000
1691804,500000
1691811,450000
1691818,450000
1691821,563000
1691824,500000
1691833,784000
1691837,650000
1691841,580000
1691847,0
1691851,487500
1691856,300000
1691858,0
1691861,924300
1691872,500000
1691874,4741500
1691876,2000000
1691877,1200000
1691883,350000
1691889,0
1691893,400000
1691899,567500
1691923,440000
1691924,618300
1691928,443200
1691932,1035000
1691938,542500
1691947,350000
1691959,448000
1691970,0
1691976,450000
1691978,450000
1691985,750000
1691986,350000
1692001,350000
1692002,360000
1692003,515000
1692005,650000
1692012,584000
1692015,350000
1692018,575000
1692021,450000
1692033,895900
1692039,600000
1692045,0
1692047,1080000
1692048,470000
1692050,1350800
1692053,150000
1692083,605500
1692084,700000
1692089,0
1692096,178200
1692100,584000
1692109,457600
1692118,450000
1692128,140000
1692129,586000
1692139,0
1692143,350000
1692147,0
1692151,427100
1692152,800000
1692156,142400
1692164,748200
1692166,383600
1692168,75000
1692183,350000
1692184,450000
1692190,500000
1692192,2850000
1692194,1004100
1692206,350000
1692209,424400
1692210,0
1692215,198200
1692221,440300
1692227,450000
1692242,0
1692243,150000
1692246,907500
1692250,642000
1692259,600000
1692266,400000
1692271,729500
1692273,770000
1692275,0
1692276,508000
1692277,875000
1692278,550200
1692285,500000
1692289,422100
1692291,0
1692298,483500
1692300,0
1692308,0
1692310,450000
1692314,250000
1692319,600000
1692320,530200
1692323,488000
1692324,350000
1692329,450000
1692334,700000
1692340,400000
1692343,350000
1692344,350000
1692345,450000
1692350,450000
1692353,450000
1692357,562000
1692361,350000
1692364,300000
1692366,150000
1692367,350000
1692371,557500
1692382,547300
1692385,750700
1692389,0
1692395,444500
1692403,1155000
1692404,500000
1692407,742300
1692417,150000
1692423,827000
1692425,487800
1692434,215600
1692435,450000
1692442,444500
1692445,0
1692446,659000
1692458,150000
1692459,0
1692467,663500
1692468,454500
1692480,420000
1692492,428400
1692498,659000
1692499,427500
1692503,450000
1692520,428400
1692526,600000
1692527,659000
1692542,150000
1692543,897500
1692544,450000
1692545,514000
1692547,500000
1692560,500000
1692567,637500
1692578,567500
1692587,800000
1692592,450000
1692594,659000
1692596,650000
1692598,150000
1692600,659000
1692601,711500
1692604,900000
1692605,566000
1692606,584000
1692610,659000
1692611,0
1692615,350000
1692623,913000
1692634,850000
1692636,500000
1692638,0
1692640,659000
1692647,112000
1692651,482500
1692654,350000
1692659,472500
1692662,659000
1692667,0
1692671,501700
1692678,663500
1692685,0
1692694,0
1692697,663500
1692704,750000
1692705,0
1692708,0
1692709,350000
1692710,0
1692715,4542200
1692720,400000
1692722,0
1692724,600000
1692725,541500
1692726,450000
1692728,450000
1692730,0
1692735,708500
1692745,1000000
1692747,450000
1692749,0
1692751,325000
1692753,350000
1692754,450000
1692758,450000
1692764,449400
1692766,753400
1692768,800000
1692772,0
1692774,467500
1692779,1690800
1692783,504000
1692785,550000
1692786,812000
1692787,936500
1692791,634000
1692804,1832900
1692805,400000
1692810,634000
1692821,619800
1692822,275300
1692830,0
1692837,0
1692841,672800
1692843,512500
1692850,400000
1692851,700000
1692858,500000
1692860,450000
1692865,610600
1692868,475000
1692874,567500
1692880,1099000
1692885,0
1692890,0
1692893,0
1692896,450000
1692900,0
1692907,700000
1692911,472500
1692923,689400
1692927,600000
1692930,350000
1692934,500000
1692945,450000
1692952,507000
1692953,546900
1692956,500000
1692967,770000
1692972,450000
1692978,0
1692980,448700
1692982,500000
1692985,0
1692987,350000
1692989,700000
1692995,450000
1693000,480000
1693002,0
1693003,450000
1693004,0
1693010,413000
1693018,420000
1693024,235000
1693025,0
1693032,0
1693034,576500
1693036,600000
1693043,0
1693052,600000
1693057,400000
1693059,4790900
1693061,450000
1693062,600000
1693065,1338900
1693073,450000
1693079,450000
1693080,350000
1693092,700000
1693100,0
1693103,494800
1693105,500000
1693107,350000
1693110,518600
1693114,260900
1693119,900000
1693131,428400
1693132,330000
1693137,1134700
1693138,713000
1693139,0
1693149,494000
1693165,0
1693168,450000
1693173,0
1693177,450000
1693179,0
1693182,1400000
1693184,542000
1693192,330000
1693200,396000
1693204,450000
1693206,0
1693207,0
1693211,619900
1693212,450000
1693217,434000
1693219,5248900
1693220,437500
1693224,600000
1693225,449400
1693227,0
1693233,450000
1693258,350000
1693260,1600
1693261,350000
1693271,0
1693274,592500
1693279,450000
1693283,150000
1693284,1600
1693294,800000
1693297,500000
1693303,517500
1693305,1225000
1693306,589000
1693309,0
1693318,350000
1693320,475000
1693331,700000
1693332,213000
1693337,1600
1693338,430500
1693343,749800
1693346,650000
1693347,0
1693351,434000
1693352,1690500
1693357,350000
1693364,0
1693370,413000
1693375,475000
1693377,438500
1693380,659000
1693396,580000
1693400,0
1693405,2019900
1693406,1600
1693415,150000
1693418,538200
1693426,80000
1693428,450000
1693434,437500
1693438,850000
1693444,692000
1693447,450000
1693449,1600
1693454,350000
1693462,150000
1693463,650000
1693473,0
1693481,300000
1693482,150000
1693489,0
1693493,350000
1693494,72000
1693495,800
1693502,500000
1693504,0
1693506,401100
1693510,600000
1693521,350000
1693525,350000
1693530,400000
1693535,700000
1693540,489600
1693547,150000
1693558,500000
1693565,400000
1693568,0
1693582,1214500
1693584,1430600
1693593,467500
1693594,900000
1693601,150000
1693603,700000
1693605,317800
1693608,350000
1693609,450000
1693620,150000
1693626,1320500
1693635,150000
1693637,584000
1693644,450000
1693650,350000
1693651,350000
1693652,375000
1693668,4745700
1693669,420000
1693671,584000
1693680,350000
1693681,1049000
1693691,0
1693692,2826600
1693693,750000
1693694,809000
1693696,0
1693700,450000
1693705,155000
1693714,207000
1693715,450000
1693720,350000
1693735,0
1693745,450000
1693755,441000
1693759,150000
1693764,0
1693765,700000
1693767,901500
1693769,1035400
1693780,150000
1693786,1238900
1693795,1000000
1693802,150000
1693803,600000
1693806,622500
1693809,434000
1693813,0
1693814,495000
1693815,350000
1693819,145000
1693821,433500
1693833,670000
1693834,599600
1693851,149000
1693855,500000
1693870,450000
1693885,601500
1693890,4248200
1693895,1970000
1693899,0
1693903,120000
1693911,350000
1693912,0
1693931,450000
1693932,600000
1693939,512800
1693946,514000
1693955,434000
1693957,450000
1693965,881900
1693968,350000
1693976,504800
1693977,500000
1693978,434000
1693989,450000
1693996,450000
1694000,441000
1694001,1582500
1694006,3370300
1694030,150000
1694031,0
1694036,0
1694045,500000
1694050,450000
1694055,510000
1694064,0
1694079,448000
1694083,517500
1694084,1326000
1694093,350000
1694106,550000
1694107,700000
1694122,700000
1694131,713000
1694132,741000
1694136,0
1694138,4149500
1694139,150000
1694141,899100
1694154,450000
1694159,538200
1694168,150000
1694170,565000
1694173,350000
1694182,450000
1694188,823400
1694195,640000
1694198,650000
1694200,450000
1694201,710000
1694203,519800
1694213,500000
1694222,0
1694223,284000
1694225,150000
1694233,475000
1694240,645500
1694245,350000
1694255,777000
1694260,400000
1694269,538200
1694275,1074800
1694277,450000
1694283,758000
1694289,450000
1694300,485000
1694301,840000
1694304,0
1694313,591000
1694316,700000
1694329,578200
1694332,584000
1694345,350000
1694348,350000
1694350,450000
1694360,450000
1694361,300000
1694368,350000
1694378,0
1694383,448000
1694384,700000
1694389,450000
1694390,0
1694392,450000
1694400,589600
1694403,450000
1694406,0
1694414,2309600
1694423,545500
1694434,0
1694437,503400
1694451,450000
1694453,900000
1694464,450000
1694465,490000
1694466,350000
1694475,450000
1694486,500000
1694491,301500
1694506,594200
1694512,350000
1694517,300000
1694519,400000
1694522,0
1694525,1200000
1694527,980000
1694535,439600
1694537,700000
1694540,430500
1694546,0
1694547,700000
1694548,500000
1694550,450000
1694554,3036000
1694559,600000
1694563,719900
1694572,500000
1694574,350000
1694575,450000
1694599,400000
1694600,450000
1694604,510500
1694607,400000
1694616,0
1694618,521000
1694629,778400
1694641,450000
1694645,1326600
1694650,415000
1694655,350000
1694675,450000
1694680,0
1694684,526300
1694685,411600
1694691,350000
1694698,212500
1694700,1476700
1694705,6040700
1694713,0
1694714,659000
1694716,150000
1694719,400000
1694733,1150000
1694755,0
1694761,0
1694769,150000
1694771,865600
1694772,0
1694774,653000
1694776,500000
1694780,850000
1694782,0
1694784,0
1694792,450000
1694796,600000
1694797,552200
1694803,450000
1694824,600000
1694832,150000
1694834,392000
1694835,1385000
1694843,450000
1694848,475000
1694849,350000
1694855,800000
1694861,350000
1694869,350000
1694870,600000
1694876,350000
1694901,350000
1694902,900000
1694903,426000
1694912,0
1694921,700000
1694922,350000
1694927,401100
1694929,400000
1694940,0
1694948,712500
1694950,700000
1694951,0
1694954,450000
1694955,600000
1694971,650000
1694973,265000
1694975,200300
1694983,891700
1694987,0
1694991,642000
1694998,538200
1695005,845000
1695006,484000
1695015,527800
1695016,1200000
1695024,500000
1695030,0
1695038,150000
1695039,112000
1695040,0
1695044,150000
1695047,659000
1695048,790000
1695053,350000
1695057,0
1695059,581000
1695070,0
1695074,450000
1695081,450000
1695093,0
1695095,500000
1695096,625600
1695099,2358000
1695109,0
1695113,650000
1695120,350000
1695122,150000
1695129,1139500
1695130,500000
1695139,448000
1695143,659000
1695146,0
1695154,659000
1695165,0
1695167,659000
1695170,361800
1695173,554000
1695183,0
1695188,350000
1695193,594000
1695197,663500
1695198,520000
1695205,448000
1695217,889600
1695224,150000
1695230,545000
1695237,350000
1695241,350000
1695246,450000
1695249,450000
1695252,663500
1695255,441000
1695256,400000
1695259,539600
1695260,450000
1695263,450000
1695270,140000
1695281,350000
1695291,685000
1695304,450000
1695307,310600
1695309,350000
1695310,123000
1695313,0
1695316,150000
1695317,659000
1695319,500000
1695334,565900
1695339,400000
1695340,350000
1695350,659000
1695354,546900
1695355,350000
1695357,0
1695361,0
1695366,0
1695372,659000
1695374,350000
1695376,0
1695380,700000
1695390,0
1695391,0
1695396,450000
1695397,350000
1695405,275000
1695407,350000
1695410,659000
1695414,351000
1695415,150000
1695416,512600
1695418,450000
1695422,350000
1695423,1047200
1695425,0
1695426,1028200
1695428,450000
1695429,450000
1695432,350000
1695434,400000
1695435,800000
1695436,350000
1695440,663500
1695444,547000
1695446,500000
1695448,526500
1695450,946500
1695455,350000
1695458,350000
1695460,500000
1695471,250000
1695481,598000
1695484,663500
1695485,0
1695492,750000
1695506,528500
1695510,850000
1695520,750000
1695521,450000
1695529,1440000
1695533,0
1695537,663500
1695542,150000
1695545,150000
1695546,0
1695550,427000
1695554,520800
1695557,0
1695569,664000
1695579,422900
1695584,450000
1695588,697500
1695593,2841000
1695595,350000
1695609,0
1695616,627000
1695618,957000
1695629,0
1695630,467500
1695634,0
1695646,0
1695652,500000
1695655,0
1695656,441000
1695657,558500
1695661,449400
1695663,350000
1695667,439400
1695668,1112000
1695681,680000
1695690,450000
1695691,448000
1695692,0
1695693,250000
1695694,150000
1695701,692000
1695708,0
1695709,631000
1695710,500000
1695719,450000
1695722,350000
1695723,350000
1695725,511500
1695742,569000
1695748,434900
1695750,488400
1695762,542000
1695765,604000
1695769,405000
1695772,0
1695776,655000
1695780,866500
1695781,584700
1695782,679000
1695790,200000
1695796,450000
1695805,450000
1695807,450000
1695810,567500
1695812,741000
1695817,450000
1695826,500000
1695844,500000
1695850,1295000
1695853,450000
1695862,750000
1695865,0
1695873,450000
1695874,350000
1695878,500000
1695887,350000
1695889,350000
1695899,500000
1695903,392000
1695910,269500
1695913,945500
1695930,400000
1695935,600000
1695937,0
1695940,746100
1695943,411600
1695945,450000
1695949,0
1695954,350000
1695963,420100
1695973,494500
1695977,450000
1695982,700000
1695995,150000
1695998,750000
1696002,0
1696014,0
1696017,450000
1696018,450000
1696021,715300
1696029,400000
1696035,450000
1696040,0
1696051,700000
1696052,400000
1696058,450000
1696064,0
1696066,0
1696072,600000
1696073,795500
1696078,440000
1696080,955100
1696082,90000
1696088,441000
1696091,400000
1696094,396900
1696097,150000
1696107,711500
1696109,552100
1696112,0
1696114,350000
1696119,450000
1696121,782000
1696124,478000
1696128,554000
1696130,850000
1696133,477200
1696135,500000
1696136,561000
1696139,190000
1696144,500000
1696149,1873500
1696151,0
1696154,797600
1696155,350000
1696163,396900
1696164,450000
1696169,1092500
1696179,627000
1696195,535000
1696210,700000
1696213,438900
1696215,309600
1696227,700000
1696236,450000
1696237,0
1696239,858500
1696240,579500
1696251,400000
1696257,150000
1696259,850000
1696261,396900
1696263,350000
1696271,1046300
1696274,592500
1696275,885000
1696277,2650000
1696282,450000
1696284,0
1696285,87200
1696289,450000
1696297,0
1696306,750000
1696320,535000
1696321,555000
1696324,450000
1696325,0
1696343,150000
1696346,600000
1696347,87200
1696362,396900
1696363,450000
1696367,350000
1696370,857500
1696372,283100
1696375,245200
1696379,300000
1696385,450000
1696387,634100
1696411,0
1696423,550000
1696425,450000
1696437,450000
1696441,150000
1696444,694000
1696447,350000
1696455,400000
1696463,650000
1696470,600000
1696472,350000
1696480,0
1696485,367400
1696487,529000
1696488,400000
1696491,1169000
1696498,450000
1696500,1200000
1696501,0
1696508,350000
1696510,400000
1696513,450000
1696523,500000
1696528,450000
1696533,150000
1696543,450000
1696556,0
1696563,350000
1696569,409600
1696577,500000
1696579,0
1696599,670000
1696604,1699000
1696607,1049500
1696609,350000
1696616,821000
1696620,150000
1696623,960000
1696631,450000
1696633,1438000
1696649,0
1696654,381500
1696655,525000
1696656,425000
1696657,500000
1696660,420000
1696663,3903500
1696675,700000
1696679,1043900
1696685,600000
1696691,150000
1696692,0
1696693,0
1696708,350000
1696716,600000
1696719,350000
1696729,150000
1696732,310000
1696733,500000
1696735,373700
1696747,450000
1696748,0
1696758,500000
1696759,600000
1696760,550000
1696767,316000
1696773,700000
1696774,448000
1696778,412300
1696779,680000
1696784,150000
1696788,373700
1696791,0
1696805,450000
1696810,144000
1696816,400000
1696819,0
1696820,0
1696822,87200
1696826,1460000
1696829,400000
1696830,600000
1696831,454000
1696832,450000
1696836,500000
1696838,350000
1696839,439600
1696842,0
1696843,400000
1696847,428400
1696854,450000
1696856,87200
1696862,142000
1696863,695000
1696865,450000
1696891,150000
1696908,1500
1696909,296000
1696910,450000
1696912,578000
1696928,500000
1696944,1579800
1696949,648700
1696957,350000
1696967,1500
1696974,144000
1696977,495000
1696980,271500
1696981,0
1696989,950000
1696994,450000
1696995,500000
1696996,0
1697000,150000
1697001,87200
1697003,1100000
1697007,0
1697010,550000
1697011,600000
1697013,0
1697021,350000
1697025,350000
1697026,450000
1697032,677000
1697034,405900
1697038,150000
1697042,0
1697047,120000
1697056,700000
1697062,530000
1697071,319000
1697075,850000
1697084,1489200
1697086,150000
1697103,663500
1697109,87200
1697110,744000
1697117,778000
1697119,450000
1697124,663500
1697139,550000
1697140,350000
1697146,150000
1697147,663500
1697148,150000
1697150,87200
1697151,300000
1697152,700000
1697153,260000
1697158,430500
1697161,350000
1697170,490000
1697171,1173000
1697175,0
1697176,659000
1697184,450000
1697188,0
1697191,0
1697195,350000
1697201,659000
1697208,0
1697219,500000
1697226,528000
1697231,578800
1697232,545500
1697250,3467000
1697255,215600
1697266,0
1697269,400000
1697271,0
1697274,450000
1697275,0
1697278,450000
1697280,472500
1697284,0
1697293,915000
1697294,800000
1697299,450000
1697300,551100
1697303,0
1697304,400000
1697305,0
1697309,695500
1697310,450000
1697312,150000
1697322,498000
1697334,500000
1697339,150000
1697340,514000
1697344,1082000
1697351,0
1697352,539700
1697357,450000
1697363,144000
1697374,512300
1697375,450000
1697377,10414700
1697379,150000
1697384,400000
1697386,350000
1697391,400000
1697403,694800
1697404,77000
1697412,630000
1697416,209300
1697417,350000
1697431,400000
1697433,477200
1697434,3377600
1697439,450000
1697443,450000
1697445,405000
1697447,450000
1697448,350000
1697449,516000
1697455,225000
1697465,0
1697468,0
1697473,0
1697477,550000
1697485,0
1697486,2459900
1697501,0
1697510,578900
1697513,350000
1697517,496000
1697520,1024700
1697522,650000
1697529,520000
1697530,514500
1697532,152500
1697539,358000
1697560,0
1697567,700000
1697568,405000
1697572,504000
1697573,494000
1697581,500000
1697598,0
1697608,750000
1697620,600000
1697621,400000
1697633,600000
1697641,567500
1697648,550000
1697649,150000
1697660,422100
1697661,500000
1697662,450000
1697663,450000
1697673,472500
1697678,2000000
1697680,556300
1697682,630000
1697685,400000
1697688,300000
1697689,452000
1697697,578000
1697702,623500
1697706,0
1697727,590000
1697730,554000
1697738,550000
1697746,350000
1697751,0
1697760,130000
1697764,400000
1697780,440000
1697786,150000
1697788,450000
1697789,546000
1697791,663500
1697794,400000
1697797,450000
1697801,0
1697806,4000
1697810,700000
1697815,150000
1697816,400000
1697833,150000
1697835,472500
1697836,663500
1697848,0
1697852,150000
1697853,590000
1697855,500000
1697859,550000
1697867,0
1697869,0
1697885,850000
1697895,550000
1697901,422000
1697904,0
1697917,523000
1697919,150000
1697920,420000
1697928,0
1697940,450000
1697943,400000
1697960,400000
1697970,150000
1697975,0
1697976,0
1697997,550000
1697998,577400
1698001,0
1698002,450000
1698015,0
1698025,350000
1698028,900000
1698031,500000
1698037,400000
1698040,0
1698049,468900
1698061,567500
1698067,150000
1698076,0
1698080,0
1698081,400000
1698082,448000
1698085,500000
1698090,450000
1698093,400000
1698096,130000
1698097,659000
1698110,300000
1698125,550000
1698126,566200
1698129,0
1698131,0
1698133,659000
1698134,400000
1698141,0
1698153,1761900
1698163,659000
1698169,450000
1698187,663500
1698195,0
1698202,783500
1698217,850000
1698220,0
1698226,600000
1698228,843000
1698239,780000
1698242,650000
1698252,0
1698253,450000
1698267,472500
1698273,400000
1698278,150000
1698301,550000
1698303,150000
1698315,0
1698316,490000
1698319,750000
1698323,1307500
1698331,0
1698346,150000
1698350,200000
1698361,400000
1698362,700000
1698366,689500
1698368,450000
1698369,0
1698377,400000
1698380,526600
1698395,426300
1698396,508900
1698399,350000
1698401,664500
1698402,100000
1698409,0
1698410,500000
1698422,150000
1698424,547500
1698430,0
1698431,0
1698440,0
1698448,793400
1698454,706300
1698467,650000
1698476,500000
1698479,350000
1698481,674900
1698482,0
1698488,150000
1698492,480000
1698539,700000
1698542,0
1698545,512500
1698555,400000
1698556,472500
1698577,478500
1698594,500000
1698597,657700
1698601,3962000
1698608,950000
1698615,130000
1698617,150000
1698623,426500
1698632,689200
1698634,170100
1698638,600000
1698655,318000
1698663,0
1698664,461600
1698666,527500
1698668,400000
1698691,1177000
1698705,400000
1698727,150000
1698732,400000
1698745,0
1698746,600000
1698747,500000
1698748,808300
1698759,500000
1698765,400000
1698770,350000
1698780,650000
1698802,495000
1698805,0
1698806,150000
1698807,450000
1698812,300000
1698814,535000
1698820,400000
1698830,400000
1698836,150000
1698843,3297500
1698845,1390000
1698869,350000
1698880,750200
1698882,0
1698889,350000
1698919,700000
1698936,600000
1698953,1471200
1698955,500000
1698957,0
1698969,396900
1698974,550000
1698977,350000
1698993,350000
1699010,0
1699012,350000
1699019,0
1699024,450000
1699025,0
1699031,400000
1699049,489600
1699067,490000
1699068,140000
1699073,350000
1699076,504000
1699078,450000
1699085,350000
1699087,150000
1699097,536600
1699110,1715300
1699118,350000
1699119,500000
1699124,0
1699126,0
1699139,650900
1699140,699500
1699158,350000
1699160,483500
1699165,350000
1699167,350000
1699177,0
1699192,400000
1699201,132000
1699203,530000
1699209,737500
1699214,0
1699220,450000
1699227,531500
1699229,550000
1699237,350000
1699246,0
1699259,500000
1699261,500000
1699263,400000
1699265,0
1699266,572000
1699279,809000
1699294,550000
1699308,2039400
1699318,1573000
1699320,0
1699321,500000
1699323,426000
1699331,400000
1699338,350000
1699341,550000
1699355,0
1699378,0
1699386,550000
1699392,460000
1699396,400000
1699398,450000
1699404,410000
1699414,0
1699418,400000
1699422,150000
1699447,350000
1699451,400000
1699453,450000
1699484,450000
1699487,400000
1699493,350000
1699496,350000
1699517,400000
1699544,535200
1699547,400000
1699551,390000
1699570,500000
1699577,400000
1699582,1039700
1699589,450000
1699611,558000
1699622,1194000
1699631,400000
1699659,471600
1699672,350000
1699683,400000
1699698,495000
1699712,0
1699715,550000
1699748,1395900
1699751,350000
1699779,1657000
1699824,350000
1699847,400000
1699883,250000
1699886,400000
1699888,400000
1699891,0
1699899,400000
1699914,820000
1699921,2262500
1699951,577000
1699955,350000
1699960,500000
1699975,350000
1699987,0
1699999,0
1700006,863100
1700009,550000
1700011,400000
1700012,400000
1700021,1425000
1700042,700000
1700045,150000
1700046,0
1700055,400000
1700056,473900
1700057,0
1700076,0
1700081,0
1700103,500000
1700118,150000
1700126,400000
1700127,611000
1700129,750600
1700140,0
1700143,534000
1700150,350000
1700155,1139000
1700156,150000
1700158,200000
1700159,350000
1700167,150000
1700174,493000
1700176,150000
1700180,500000
1700185,434000
1700186,150000
1700188,0
1700204,0
1700214,400000
1700221,350000
1700259,1148600
1700264,550000
1700265,0
1700277,0
1700279,350000
1700281,722000
1700294,600000
1700305,600000
1700325,0
1700331,150000
1700345,300000
1700348,886000
1700355,350000
1700358,450000
1700360,510500
1700367,450000
1700373,640000
1700377,0
1700388,450000
1700401,654000
1700402,144000
1700403,0
1700433,1520700
1700439,448000
1700442,200000
1700444,506000
1700451,467500
1700455,0
1700458,775000
1700460,350000
1700469,492700
1700481,350000
1700487,443800
1700501,438200
1700504,550000
1700509,300000
1700511,0
1700512,0
1700516,450000
1700517,350000
1700519,119000
1700521,450000
1700526,450000
1700549,500000
1700550,439600
1700560,450000
1700562,450000
1700574,600000
1700584,682800
1700585,0
1700587,500000
1700596,450000
1700604,350000
1700607,500000
1700609,0
1700612,0
1700615,0
1700617,600000
1700619,0
1700620,0
1700623,487000
1700625,472500
1700628,1232000
1700638,600000
1700643,350000
1700651,0
1700652,850000
1700661,480000
1700665,225000
1700671,450000
1700680,544600
1700681,350000
1700686,0
1700688,150000
1700689,0
1700692,553100
1700704,0
1700709,500000
1700710,925000
1700711,1019700
1700712,500000
1700714,1303200
1700715,749000
1700716,428400
1700718,280000
1700722,610000
1700724,350000
1700733,350000
1700735,1035000
1700738,485000
1700744,150000
1700749,0
1700752,741200
1700758,350000
1700759,0
1700766,450000
1700771,507000
1700773,600000
1700797,0
1700800,692100
1700801,250000
1700809,450000
1700812,0
1700813,496500
1700815,450000
1700817,350000
1700824,997500
1700825,150000
1700827,350000
1700833,0
1700836,450000
1700846,0
1700857,600000
1700860,1279900
1700864,200000
1700868,150000
1700876,602500
1700878,0
1700881,574200
1700883,772000
1700892,1038400
1700893,350000
1700897,2397500
1700903,423500
1700904,450000
1700905,3366200
1700917,570100
1700929,0
1700932,650000
1700942,187500
1700945,113500
1700952,150000
1700954,200000
1700961,528000
1700962,448000
1700980,0
1700986,150000
1700988,350000
1700989,150000
1700990,0
1700991,0
1701002,500000
1701004,0
1701035,350000
1701048,400000
1701054,150000
1701067,150000
1701068,450000
1701075,500000
1701077,150000
1701081,450000
1701086,514000
1701090,350000
1701101,886000
1701103,450000
1701105,364500
1701107,0
1701110,0
1701111,450000
1701113,250000
1701117,350000
1701121,444500
1701129,500000
1701154,852300
1701156,400000
1701158,439600
1701162,450000
1701164,700000
1701171,350000
1701179,150000
1701181,448000
1701182,350000
1701186,537800
1701188,0
1701190,514000
1701193,500000
1701196,260000
1701200,185600
1701201,450000
1701206,514000
1701207,150000
1701209,420000
1701216,0
1701221,0
1701226,650000
1701235,448000
1701239,500000
1701242,318600
1701246,592100
1701252,450000
1701257,350000
1701263,450000
1701269,240000
1701275,350000
1701279,350000
1701282,350000
1701286,706000
1701289,150000
1701297,0
1701298,350000
1701305,350000
1701310,450000
1701312,0
1701319,450000
1701324,384800
1701331,889000
1701335,450000
1701336,500000
1701337,0
1701339,12600
1701341,350000
1701350,450000
1701351,450000
1701352,0
1701359,436500
1701360,350000
1701363,350000
1701373,450000
1701381,285500
1701389,750000
1701393,473000
1701395,429100
1701401,422100
1701405,350000
1701408,827400
1701412,1250000
1701414,473000
1701420,350000
1701421,0
1701429,739600
1701430,450000
1701443,179000
1701455,1324000
1701462,350000
1701465,0
1701470,350000
1701478,588600
1701484,639000
1701491,350000
1701493,598000
1701495,400000
1701501,504000
1701503,150000
1701513,450000
1701514,448400
1701519,0
1701527,420100
1701528,350000
1701533,458200
1701540,1305000
1701541,427000
1701546,0
1701547,350000
1701551,250000
1701553,450000
1701569,0
1701575,875000
1701581,322500
1701600,350000
1701602,400000
1701603,500000
1701617,350000
1701633,450000
1701634,350000
1701645,433000
1701649,459000
1701661,447300
1701665,0
1701701,0
1701703,250000
1701707,434000
1701709,664000
1701710,0
1701711,0
1701718,350000
1701720,0
1701731,386900
1701735,790000
1701736,150000
1701740,450000
1701745,0
1701754,0
1701756,438900
1701759,450000
1701763,651200
1701765,350000
1701768,450000
1701770,0
1701781,350000
1701784,0
1701785,842000
1701791,350000
1701804,649000
1701806,448000
1701808,2009000
1701819,350000
1701821,0
1701826,594500
1701833,506000
1701837,450000
1701847,450000
1701858,350000
1701859,475900
1701862,0
1701873,0
1701874,300000
1701875,0
1701878,2218800
1701880,436800
1701883,330000
1701884,0
1701887,250000
1701896,504600
1701907,282200
1701908,350000
1701918,450000
1701926,450000
1701933,450000
1701935,1193000
1701936,327000
1701940,20000
1701963,0
1701968,900000
1701970,0
1701979,0
1701988,1435000
1701991,350000
1701995,350000
1701996,492000
1702003,450000
1702013,478400
1702018,420000
1702019,441000
1702022,0
1702028,350000
1702032,350000
1702035,400000
1702047,0
1702049,0
1702053,450000
1702060,350000
1702063,0
1702065,430500
1702070,450000
1702077,119000
1702078,150000
1702079,277500
1702092,0
1702096,450000
1702097,150000
1702099,0
1702101,450000
1702104,559600
1702110,350000
1702114,350000
1702115,0
1702119,0
1702121,542000
1702123,450000
1702126,215200
1702135,0
1702147,718000
1702152,0
1702153,350000
1702155,517500
1702162,450000
1702170,282000
1702171,450000
1702173,350000
1702175,0
1702178,1162500
1702182,350000
1702184,570000
1702185,0
1702190,150000
1702191,836800
1702193,350000
1702200,450000
1702208,150000
1702212,0
1702220,500000
1702229,450000
1702235,350000
1702237,260000
1702239,167100
1702249,434000
1702250,0
1702267,0
1702280,2200700
1702285,0
1702288,0
1702289,0
1702292,0
1702300,150000
1702305,437500
1702306,0
1702309,350000
1702313,350000
1702317,0
1702325,1176900
1702328,150000
1702330,783000
1702331,345100
1702333,434000
1702335,600000
1702337,0
1702347,150000
1702353,450000
1702355,813400
1702357,450000
1702358,536300
1702373,0
1702375,0
1702380,514000
1702390,128900
1702393,648000
1702395,150000
1702401,521000
1702407,450000
1702411,350000
1702431,450000
1702432,450000
1702436,0
1702438,520100
1702440,292800
1702441,350000
1702446,450000
1702453,350000
1702461,150000
1702466,0
1702473,450000
1702474,448900
1702475,573400
1702476,405000
1702484,150000
1702492,0
1702497,600000
1702498,441000
1702503,150000
1702507,150000
1702508,350000
1702515,459000
1702517,1590000
1702520,450000
1702522,0
1702530,350000
1702534,600000
1702536,450000
1702540,38000
1702541,425000
1702545,0
1702553,490000
1702557,1836800
1702560,971300
1702561,479400
1702562,500000
1702564,600000
1702572,450000
1702574,427000
1702584,950000
1702585,450000
1702586,1091500
1702592,396900
1702594,400000
1702596,0
1702599,350000
1702601,200000
1702604,119000
1702605,135000
1702609,450000
1702611,414800
1702623,350000
1702630,350000
1702636,550000
1702639,0
1702640,120000
1702644,450000
1702650,0
1702652,150000
1702660,0
1702664,150000
1702670,0
1702674,0
1702682,150000
1702685,2050000
1702699,420000
1702704,450000
1702705,350000
1702706,500000
1702710,450000
1702714,448000
1702717,450000
1702723,150000
1702728,350000
1702730,0
1702732,0
1702740,0
1702748,450000
1702749,350000
1702755,150000
1702771,381900
1702774,200000
1702782,450000
1702786,0
1702790,350000
1702791,590000
1702797,150000
1702800,715000
1702803,604000
1702806,350000
1702811,350000
1702812,0
1702818,350000
1702822,450000
1702824,434000
1702825,22800000
1702828,848500
1702830,450000
1702831,450000
1702833,0
1702834,400000
1702854,0
1702858,150000
1702860,550000
1702867,450000
1702874,350000
1702886,450000
1702887,650000
1702888,689000
1702890,0
1702891,510500
1702892,514000
1702899,650000
1702907,510500
1702914,150000
1702929,148000
1702930,540000
1702942,434000
1702943,450000
1702949,350000
1702951,150000
1702967,0
1702971,0
1702983,329000
1702991,250000
1702999,350000
1703001,350000
1703004,400000
1703006,388600
1703010,0
1703018,500000
1703024,500000
1703032,329000
1703035,835500
1703037,600000
1703039,0
1703041,700000
1703045,450000
1703050,687000
1703051,0
1703052,912600
1703057,0
1703066,150000
1703071,140000
1703073,500000
1703082,130000
1703085,250000
1703088,350000
1703089,0
1703094,120000
1703103,350000
1703104,350000
1703113,555300
1703115,450000
1703117,549000
1703122,450000
1703124,0
1703126,3531500
1703142,620000
1703145,643500
1703151,0
1703152,0
1703154,441000
1703156,350000
1703163,507000
1703175,0
1703177,740000
1703184,119000
1703187,441000
1703193,150000
1703195,450000
1703196,350000
1703206,500000
1703210,3667000
1703211,450000
1703212,1872000
1703215,750000
1703216,300000
1703224,1261800
1703225,450000
1703230,0
1703231,150000
1703232,450000
1703236,250900
1703238,647500
1703239,675000
1703243,1865000
1703247,350000
1703248,350000
1703253,2995000
1703259,250000
1703263,760000
1703269,748000
1703275,0
1703279,350000
1703281,800000
1703285,150000
1703286,400000
1703289,450000
1703294,510700
1703296,1200000
1703307,400000
1703308,400000
1703312,680000
1703314,425000
1703316,1098000
1703322,400000
1703325,200000
1703326,450000
1703327,0
1703343,573500
1703344,0
1703345,400000
1703347,150000
1703348,4002700
1703359,150000
1703375,350000
1703376,450000
1703382,400000
1703383,0
1703392,0
1703395,450000
1703401,435400
1703407,350000
1703408,350000
1703413,150000
1703425,613000
1703426,150000
1703428,421000
1703429,0
1703430,450000
1703435,0
1703436,350000
1703438,300000
1703441,200000
1703443,350000
1703444,0
1703450,697300
1703456,4109300
1703466,500000
1703467,150000
1703468,450000
1703470,530000
1703473,0
1703474,150000
1703488,450000
1703492,150000
1703496,0
1703502,476600
1703503,1139000
1703509,350000
1703513,0
1703515,293100
1703518,450000
1703523,0
1703530,750000
1703531,950400
1703532,690000
1703533,500000
1703534,1225000
1703535,350000
1703541,600900
1703542,950000
1703543,150000
1703551,0
1703556,150000
1703560,450000
1703564,444500
1703565,450000
1703568,1041900
1703576,800000
1703579,0
1703580,0
1703582,690500
1703585,400000
1703594,300000
1703595,0
1703599,0
1703603,0
1703608,450000
1703616,150000
1703617,685000
1703630,450000
1703632,59900
1703634,150000
1703640,433300
1703642,550000
1703646,125000
1703647,603100
1703653,460000
1703663,150000
1703666,150000
1703676,350000
1703682,0
1703684,650000
1703685,150000
1703687,140000
1703692,0
1703694,150000
1703696,779400
1703698,699000
1703699,480000
1703701,0
1703702,383600
1703706,924800
1703708,441000
1703713,600000
1703715,450000
1703735,696500
1703742,140000
1703747,0
1703748,350000
1703762,420000
1703763,450000
1703780,0
1703782,450000
1703783,884000
1703789,550000
1703793,800000
1703794,550000
1703801,769900
1703802,450000
1703819,0
1703820,989100
1703821,571000
1703827,596400
1703828,1622500
1703829,871500
1703832,367400
1703834,350000
1703836,450000
1703843,421400
1703844,543600
1703846,405400
1703847,441700
1703849,450000
1703852,400000
1703854,950000
1703856,450000
1703857,383400
1703859,0
1703862,593600
1703863,350000
1703864,521000
1703865,400000
1703872,175000
1703876,719300
1703879,350000
1703881,0
1703883,666000
1703891,851000
1703892,200000
1703900,0
1703903,473800
1703907,0
1703914,0
1703915,853200
1703928,0
1703931,420000
1703933,661000
1703942,0
1703943,130000
1703947,9800
1703949,100000
1703952,0
1703954,0
1703959,522400
1703963,450000
1703965,0
1703967,761500
1703975,250000
1703980,0
1703985,618500
1703986,0
1703987,441000
1703989,0
1703994,441000
1703995,0
1703999,450000
1704003,450000
1704004,441000
1704007,465000
1704009,1044800
1704010,467900
1704011,0
1704014,710000
1704015,439600
1704021,350000
1704022,794000
1704024,900000
1704032,150000
1704036,500000
1704046,298600
1704057,594500
1704064,150000
1704072,0
1704074,0
1704076,1308700
1704086,394900
1704093,350000
1704095,450000
1704096,350000
1704097,521000
1704099,300000
1704101,420000
1704102,333000
1704103,350000
1704109,600000
1704110,450000
1704112,450000
1704116,594700
1704119,0
1704123,600000
1704125,0
1704126,416500
1704131,585000
1704138,549800
1704150,558100
1704151,350000
1704152,450000
1704153,0
1704155,400000
1704156,200000
1704157,129100
1704170,1494700
1704171,150000
1704176,437500
1704187,450000
1704188,492700
1704189,0
1704195,450000
1704199,0
1704208,450000
1704209,450000
1704217,551500
1704218,0
1704219,350000
1704226,350000
1704233,400400
1704236,350000
1704255,576900
1704260,350000
1704262,461000
1704265,850000
1704268,0
1704269,650000
1704276,350000
1704278,434000
1704283,300000
1704284,350000
1704287,757400
1704297,0
1704300,750000
1704301,0
1704304,350000
1704306,677000
1704323,450000
1704328,450000
1704332,350000
1704333,250000
1704341,0
1704342,802700
1704343,350000
1704346,450000
1704348,450000
1704354,441000
1704355,600000
1704356,428400
1704360,1137500
1704381,0
1704385,350000
1704387,434000
1704391,150000
1704408,450000
1704409,600000
1704415,350000
1704416,250000
1704419,350000
1704420,700000
1704423,960900
1704427,566000
1704430,550000
1704436,350000
1704438,350000
1704439,450000
1704440,420000
1704441,202700
1704442,450000
1704448,0
1704450,520000
1704459,400000
1704464,850900
1704466,0
1704470,288000
1704479,350000
1704482,129100
1704485,526300
1704499,0
1704511,428400
1704516,556000
1704517,304200
1704545,350000
1704546,450000
1704547,500000
1704548,450000
1704556,0
1704565,350000
1704568,441000
1704570,350000
1704572,350000
1704582,441000
1704586,33600
1704588,0
1704590,0
1704591,441000
1704596,525200
1704598,450000
1704602,600000
1704603,150000
1704614,350000
1704618,960000
1704628,350000
1704629,150000
1704634,0
1704635,450000
1704651,350000
1704656,426000
1704660,350000
1704666,1533300
1704677,752400
1704683,510000
1704696,363100
1704711,0
1704717,450000
1704721,400000
1704725,0
1704727,500000
1704728,350000
1704729,0
1704732,642000
1704736,350000
1704742,370000
1704744,350000
1704748,507000
1704755,100000
1704756,350000
1704758,350000
1704764,140000
1704767,450000
1704769,628000
1704770,450000
1704772,0
1704773,600000
1704782,126400
1704785,350000
1704790,0
1704791,0
1704812,108900
1704814,573500
1704818,461200
1704824,556000
1704827,400000
1704831,0
1704840,561000
1704841,519600
1704846,350000
1704850,441000
1704855,830000
1704860,0
1704864,450000
1704865,1461600
1704867,0
1704869,1138900
1704876,122200
1704877,1500000
1704889,0
1704892,0
1704901,350000
1704909,0
1704915,764000
1704918,350000
1704921,450000
1704924,1567500
1704930,350000
1704935,450000
1704937,450000
1704938,86200
1704941,399000
1704942,0
1704946,150000
1704951,450000
1704958,0
1704976,428400
1704977,0
1704992,500000
1704997,514000
1705000,350000
1705001,150000
1705013,434000
1705020,350000
1705036,409500
1705043,427000
1705053,427000
1705060,450000
1705062,976000
1705064,687600
1705078,750000
1705079,350000
1705087,350000
1705090,0
1705092,200000
1705100,1913200
1705101,350000
1705103,0
1705108,540000
1705109,943700
1705129,420000
1705131,450000
1705132,350000
1705134,0
1705137,521000
1705138,1636900
1705148,577000
1705149,500000
1705153,450000
1705155,0
1705158,450000
1705161,250000
1705165,468500
1705171,0
1705178,530000
1705181,400000
1705204,595900
1705234,350000
1705246,160000
1705269,885000
1705276,554500
1705283,450000
1705291,450000
1705295,742000
1705297,694000
1705300,100000
1705304,700000
1705308,0
1705319,0
1705322,150000
1705331,601500
1705338,150000
1705345,605100
1705366,38500
1705369,305000
1705370,122200
1705376,570000
1705385,350000
1705386,450000
1705387,350000
1705388,174000
1705392,660500
1705400,0
1705401,350000
1705404,180000
1705406,219900
1705408,306000
1705409,0
1705411,0
1705441,663000
1705449,0
1705455,133100
1705461,350000
1705478,750000
1705482,422900
1705489,350000
1705490,450000
1705497,500000
1705499,1250000
1705503,0
1705510,400000
1705538,0
1705539,876300
1705543,448000
1705544,350000
1705557,334000
1705559,0
1705561,450000
1705564,350000
1705575,0
1705582,450000
1705587,350000
1705593,350000
1705595,670000
1705596,434000
1705600,427000
1705614,250000
1705621,500000
1705634,1044100
1705635,0
1705661,441000
1705662,0
1705666,0
1705672,0
1705676,450000
1705680,350000
1705688,416500
1705692,0
1705699,324000
1705704,150000
1705706,495000
1705708,664000
1705722,890000
1705726,450000
1705729,399100
1705734,500000
1705741,677500
1705742,0
1705746,450000
1705766,0
1705769,434000
1705771,900000
1705778,0
1705779,600000
1705782,0
1705791,268300
1705793,549500
1705795,350000
1705809,228000
1705811,350000
1705816,219700
1705821,350000
1705825,450000
1705826,710000
1705827,0
1705829,150000
1705832,800000
1705846,420000
1705847,0
1705848,805000
1705860,350000
1705870,0
1705873,0
1705875,250000
1705882,1114000
1705885,521000
1705887,350000
1705892,0
1705895,635000
1705898,350000
1705904,350000
1705906,639000
1705922,0
1705928,396900
1705930,0
1705932,150000
1705933,350000
1705941,0
1705945,350000
1705950,450000
1705966,1078000
1705967,2038000
1705971,749400
1705972,0
1705973,700900
1705979,439600
1705981,150000
1705990,0
1705992,0
1705997,563000
1705999,450000
1706003,750000
1706006,450000
1706017,540000
1706018,450000
1706019,450000
1706023,0
1706033,350000
1706034,500000
1706035,1241000
1706042,450000
1706044,450000
1706046,450000
1706047,450000
1706048,2250000
1706049,556300
1706054,400000
1706058,518600
1706060,0
1706076,862900
1706085,101000
1706091,498000
1706093,550000
1706100,0
1706107,0
1706111,350000
1706112,545500
1706130,226000
1706131,137500
1706138,300000
1706141,0
1706142,377000
1706143,150000
1706147,676600
1706149,135000
1706153,450000
1706161,350000
1706171,400000
1706172,350000
1706173,150000
1706182,250000
1706183,360000
1706187,0
1706192,450000
1706202,350000
1706206,350000
1706209,450000
1706210,350000
1706211,927900
1706212,350000
1706214,779600
1706215,0
1706216,0
1706235,427000
1706236,0
1706247,350000
1706251,573500
1706252,0
1706254,423500
1706258,450000
1706259,406000
1706264,0
1706268,600000
1706269,350000
1706272,350000
1706273,250000
1706275,688600
1706284,0
1706289,600000
1706297,500000
1706298,450000
1706304,395000
1706307,448000
1706308,350000
1706320,306700
1706322,600000
1706323,450000
1706330,263700
1706337,2989000
1706341,2113200
1706346,800000
1706347,350000
1706355,350000
1706357,1091500
1706360,400000
1706361,434000
1706370,350000
1706372,350000
1706383,0
1706396,597000
1706400,0
1706401,0
1706403,693000
1706406,70000
1706415,0
1706420,0
1706423,400000
1706431,150000
1706437,350000
1706439,520600
1706440,350000
1706449,586800
1706451,0
1706454,0
1706470,852000
1706471,0
1706475,198700
1706476,0
1706477,494100
1706481,0
1706489,0
1706491,450000
1706492,846000
1706500,150000
1706501,1021000
1706513,514000
1706525,657100
1706526,450000
1706527,350000
1706548,959500
1706549,833100
1706551,450000
1706555,419600
1706558,0
1706562,0
1706570,0
1706573,0
1706593,200000
1706594,635600
1706598,429500
1706600,140000
1706601,0
1706604,350000
1706609,400000
1706619,0
1706624,0
1706636,400000
1706638,350000
1706642,0
1706650,420000
1706652,350000
1706661,0
1706667,431900
1706670,81700
1706680,450000
1706684,434000
1706690,450000
1706694,150000
1706701,245000
1706702,150000
1706707,450000
1706717,450000
1706724,500000
1706725,0
1706726,350000
1706727,123400
1706729,350000
1706733,600000
1706740,0
1706742,427000
1706754,523500
1706755,350000
1706756,350000
1706757,450000
1706759,350000
1706763,0
1706768,671000
1706775,565700
1706779,806500
1706783,1853500
1706784,660500
1706785,863900
1706786,450000
1706789,0
1706795,350000
1706796,350000
1706797,450000
1706806,350000
1706817,500000
1706818,150000
1706819,150000
1706822,0
1706828,350000
1706829,814000
1706843,0
1706845,270000
1706847,1166500
1706856,400000
1706857,0
1706860,400000
1706864,350000
1706866,431200
1706876,450000
1706879,3515500
1706880,140000
1706881,2010000
1706884,542000
1706886,450000
1706887,510000
1706889,450000
1706892,0
1706901,500000
1706916,510500
1706917,0
1706918,656800
1706920,526600
1706934,1319300
1706962,600000
1706963,0
1706969,350000
1706973,350000
1706976,375500
1706977,0
1706979,665000
1706983,441000
1706989,600000
1706994,254900
1707004,865200
1707010,350000
1707014,3030400
1707025,450000
1707031,450000
1707032,862100
1707038,792000
1707039,650000
1707041,410000
1707050,450000
1707051,494000
1707054,450000
1707060,450000
1707075,3613600
1707077,0
1707078,450000
1707087,450000
1707093,429200
1707098,455000
1707102,600000
1707107,150000
1707109,1323000
1707111,450000
1707113,350000
1707119,350000
1707120,498000
1707124,600000
1707125,1646900
1707129,940000
1707130,696000
1707136,350000
1707137,350000
1707139,450000
1707141,950000
1707143,0
1707145,640500
1707147,575000
1707149,198500
1707161,657000
1707165,350000
1707167,450000
1707171,239500
1707172,350000
1707174,450000
1707177,5419000
1707180,0
1707184,1100000
1707185,0
1707194,0
1707199,650000
1707200,450000
1707201,717000
1707204,333000
1707216,450000
1707223,664000
1707224,432500
1707232,350000
1707236,0
1707243,450000
1707249,400000
1707253,750000
1707273,0
1707277,416500
1707287,250000
1707295,325000
1707296,0
1707300,597000
1707301,775000
1707303,423500
1707307,434700
1707312,300000
1707313,0
1707324,441000
1707325,0
1707326,350000
1707328,1221300
1707329,350000
1707331,0
1707336,500000
1707342,130000
1707343,0
1707347,490000
1707360,350000
1707362,450000
1707363,0
1707379,148700
1707381,850000
1707388,150000
1707391,520500
1707394,448000
1707406,350000
1707412,150000
1707415,961600
1707421,524900
1707424,0
1707425,600000
1707431,0
1707433,579000
1707453,877000
1707455,3415900
1707456,521000
1707463,400000
1707464,484800
1707468,558000
1707471,500000
1707477,124000
1707479,300000
1707484,420000
1707485,500000
1707494,449600
1707497,450000
1707502,530000
1707504,0
1707506,0
1707509,350000
1707512,0
1707514,450000
1707523,500000
1707528,250000
1707534,849100
1707550,150000
1707559,350000
1707564,150000
1707569,136000
1707574,880000
1707576,300000
1707577,3285000
1707585,435000
1707592,450000
1707595,326000
1707598,0
1707605,150000
1707614,430500
1707617,420100
1707634,0
1707635,0
1707645,400000
1707653,0
1707669,440300
1707683,570000
1707686,800000
1707689,700000
1707693,439600
1707697,0
1707701,250000
1707704,414000
1707706,350000
1707709,450000
1707715,0
1707717,340000
1707718,1150000
1707721,117000
1707731,150000
1707732,417900
1707739,800000
1707741,600000
1707750,434000
1707757,548000
1707758,450000
1707760,797500
1707766,0
1707768,550000
1707777,448000
1707779,2469600
1707797,350000
1707800,350000
1707801,100000
1707806,400000
1707840,2014000
1707842,340000
1707843,450000
1707853,900000
1707858,400000
1707860,0
1707862,450000
1707866,600000
1707872,400000
1707877,250000
1707880,450000
1707882,1024800
1707887,372000
1707892,500000
1707896,350000
1707901,450000
1707910,1563000
1707914,835400
1707923,483600
1707928,421000
1707933,1045000
1707936,400000
1707944,350000
1707946,0
1707947,2020000
1707950,400000
1707955,870500
1707957,150000
1707968,720000
1707984,350000
1707992,350000
1707993,500000
1707994,700000
1707996,650000
1708000,120000
1708002,650000
1708004,250000
1708007,350000
1708011,474500
1708017,4894800
1708024,985300
1708025,552500
1708028,0
1708041,447000
1708043,450000
1708049,458600
1708050,450000
1708051,350000
1708065,150000
1708075,145000
1708077,441000
1708084,0
1708092,0
1708096,400000
1708101,400000
1708103,394100
1708109,505000
1708133,700000
1708136,350000
1708140,0
1708146,400000
1708155,500000
1708156,400000
1708162,550000
1708168,800000
1708171,961900
1708175,422400
1708181,450000
1708182,300000
1708186,0
1708196,411600
1708200,499800
1708201,800000
1708208,150000
1708214,0
1708215,480000
1708223,350000
1708227,499000
1708228,438000
1708230,700000
1708234,400000
1708235,0
1708240,400000
1708246,400000
1708248,700000
1708249,350000
1708258,400000
1708260,150000
1708261,545900
1708263,0
1708268,350000
1708271,0
1708297,550000
1708299,400000
1708301,400000
1708308,1250000
1708310,0
1708311,500000
1708316,400000
1708319,500000
1708327,0
1708330,1533100
1708337,0
1708339,0
1708348,441000
1708351,427000
1708360,450000
1708376,0
1708378,780200
1708383,350000
1708389,150000
1708391,0
1708395,1467000
1708397,450000
1708398,450000
1708401,300000
1708402,450000
1708412,550000
1708413,660000
1708414,434000
1708415,476000
1708418,350000
1708424,350000
1708425,550000
1708435,450000
1708451,350000
1708464,350000
1708465,400000
1708473,1320000
1708487,0
1708492,350000
1708497,0
1708498,700000
1708499,559800
1708505,550000
1708506,700000
1708507,350000
1708519,350000
1708520,450000
1708522,500000
1708523,150000
1708524,450000
1708529,150000
1708537,0
1708543,350000
1708545,411600
1708549,0
1708559,250000
1708566,350000
1708571,300000
1708575,350000
1708583,150000
1708587,562200
1708613,400000
1708624,350000
1708628,350000
1708631,0
1708651,350000
1708664,400000
1708669,544000
1708673,497700
1708674,483000
1708679,0
1708681,0
1708687,170000
1708690,400000
1708697,642500
1708704,935000
1708705,736900
1708713,0
1708715,448000
1708718,0
1708720,1650000
1708730,624500
1708734,600000
1708737,450000
1708739,350000
1708746,0
1708750,400000
1708754,450000
1708767,0
1708768,352000
1708769,350000
1708774,878700
1708782,717000
1708783,420000
1708786,0
1708805,435000
1708809,0
1708810,150000
1708818,496200
1708827,700000
1708829,700000
1708843,0
1708844,550000
1708863,650000
1708868,400000
1708870,258800
1708896,450000
1708901,425600
1708903,520000
1708909,0
1708915,650000
1708930,955500
1708932,450000
1708936,0
1708946,441000
1708947,598000
1708956,719600
1708970,400000
1708971,0
1708974,800000
1708975,450000
1708987,406000
1708996,478500
1709001,600000
1709003,0
1709006,0
1709008,1100000
1709010,500000
1709024,450000
1709027,400000
1709031,0
1709034,72000
1709037,250000
1709040,150000
1709042,400000
1709043,250000
1709050,860000
1709052,0
1709063,0
1709067,600000
1709074,350000
1709080,875100
1709081,400000
1709085,400000
1709086,0
1709099,0
1709100,150000
1709106,0
1709108,760000
1709124,450000
1709126,600000
1709133,400000
1709135,2038000
1709144,450000
1709150,0
1709154,1650000
1709158,20000
1709168,844000
1709173,585500
1709176,0
1709178,400000
1709185,55300
1709191,700000
1709200,400000
1709206,640000
1709212,450000
1709214,400000
1709220,150000
1709231,450000
1709239,350000
1709250,644000
1709252,850000
1709255,400000
1709263,0
1709268,600000
1709269,462000
1709276,400000
1709278,150000
1709284,0
1709288,0
1709289,450000
1709290,1286300
1709301,150000
1709305,475000
1709312,0
1709317,0
1709327,0
1709333,400000
1709370,850000
1709378,700000
1709379,140000
1709386,521000
1709389,450000
1709391,618000
1709397,612100
1709402,820700
1709414,400000
1709416,550000
1709422,400000
1709430,400000
1709431,126400
1709433,450000
1709436,0
1709461,0
1709478,400000
1709483,350000
1709499,480000
1709500,550000
1709502,809100
1709547,294000
1709552,400000
1709561,780000
1709567,150000
1709579,0
1709586,0
1709601,624000
1709613,450000
1709614,1763200
1709632,400000
1709640,2794000
1709665,0
1709667,550000
1709668,0
1709669,0
1709678,0
1709686,350000
1709690,0
1709696,450000
1709698,0
1709707,0
1709726,400000
1709727,507000
1709735,450000
1709742,0
1709750,150000
1709753,1800000
1709754,400000
1709762,450000
1709767,784800
1709782,350000
1709788,450000
1709795,600000
1709805,0
1709807,900000
1709809,525000
1709813,450000
1709825,450000
1709826,905400
1709839,450000
1709842,420000
1709849,558000
1709851,0
1709854,450000
1709856,831900
1709858,703000
1709864,0
1709866,600000
1709873,445900
1709874,350000
1709875,0
1709882,945800
1709885,450000
1709891,0
1709893,500000
1709897,350000
1709902,0
1709906,351000
1709941,0
1709946,450000
1709962,542000
1709963,400000
1709983,0
1709986,350000
1709988,180000
1709989,0
1710006,450000
1710011,250000
1710013,471000
1710014,450000
1710019,501600
1710023,510000
1710037,625000
1710046,450000
1710067,530000
1710075,450000
1710077,450000
1710078,636600
1710083,500000
1710084,400000
1710088,516900
1710090,0
1710098,500000
1710100,400000
1710103,450000
1710112,750000
1710118,600000
1710119,449400
1710122,350000
1710123,900000
1710133,0
1710136,450000
1710145,0
1710153,3328400
1710156,0
1710160,382500
1710163,350000
1710169,0
1710171,628000
1710174,350000
1710178,0
1710195,945400
1710198,0
1710201,0
1710204,450000
1710207,516800
1710212,640000
1710215,0
1710219,608000
1710226,247500
1710237,350000
1710252,180000
1710255,614500
1710258,293200
1710269,521000
1710273,1650000
1710274,350000
1710281,449400
1710294,0
1710296,620000
1710298,487600
1710301,1106000
1710303,350000
1710311,0
1710312,336000
1710325,2552500
1710329,0
1710330,733300
1710332,0
1710336,732600
1710337,450000
1710339,450000
1710340,350000
1710342,350000
1710350,434000
1710352,350000
1710356,420000
1710362,348000
1710372,450000
1710373,500000
1710385,164700
1710391,350000
1710394,350000
1710395,0
1710397,350000
1710399,450000
1710410,72000
1710418,350000
1710423,490000
1710436,413000
1710438,350000
1710441,900000
1710445,0
1710447,350000
1710459,350000
1710460,0
1710465,400000
1710466,350000
1710470,500000
1710471,180000
1710475,450000
1710476,438900
1710482,350000
1710485,946800
1710488,450000
1710495,450000
1710498,0
1710499,0
1710505,450000
1710509,0
1710514,400000
1710521,450000
1710530,422800
1710531,350000
1710534,450000
1710536,350000
1710546,140000
1710548,490000
1710554,0
1710555,320000
1710575,399000
1710583,874300
1710591,0
1710593,0
1710598,687700
1710604,350000
1710606,576600
1710620,1185000
1710622,150000
1710624,0
1710637,411600
1710645,350000
1710649,148700
1710650,0
1710651,400000
1710652,778800
1710659,450000
1710661,450000
1710663,450000
1710667,350000
1710685,700000
1710687,563000
1710693,520000
1710694,0
1710695,450000
1710707,0
1710713,150000
1710720,350000
1710721,350000
1710722,350000
1710723,350000
1710727,0
1710729,350000
1710731,0
1710736,350000
1710744,209000
1710750,0
1710758,550000
1710759,492700
1710762,350000
1710769,786000
1710773,350000
1710781,350000
1710783,350000
1710787,441100
1710788,450000
1710797,383600
1710799,667600
1710803,0
1710804,400000
1710809,450000
1710827,700000
1710834,814000
1710837,371000
1710838,0
1710844,0
1710845,350000
1710851,350000
1710852,0
1710855,600000
1710856,287000
1710859,0
1710861,450000
1710864,340000
1710868,1200000
1710869,280000
1710871,0
1710872,1044500
1710873,502400
1710877,664000
1710880,0
1710882,1211600
1710888,350000
1710897,686300
1710898,150000
1710904,450000
1710909,1528700
1710919,300000
1710923,0
1710924,537200
1710930,350000
1710931,671000
1710938,447000
1710940,150000
1710947,500000
1710955,350000
1710969,0
1710972,0
1710975,350000
1710981,680000
1710985,450000
1710986,350000
1710987,0
1710988,770000
1710992,450000
1710996,350000
1711004,450000
1711009,160000
1711013,0
1711014,350000
1711020,0
1711037,350000
1711038,450000
1711042,548600
1711049,486800
1711051,350000
1711055,350000
1711057,1493000
1711059,438000
1711062,450000
1711065,350000
1711072,611000
1711075,350000
1711094,0
1711098,448000
1711103,552200
1711110,150000
1711117,759500
1711118,350000
1711121,350000
1711122,942100
1711124,450000
1711132,500000
1711133,0
1711135,150000
1711138,600000
1711141,350000
1711142,450000
1711143,450000
1711145,140000
1711147,0
1711149,600000
1711150,350000
1711158,0
1711164,429000
1711168,0
1711176,350000
1711178,350000
1711179,1425000
1711183,349300
1711192,0
1711193,411600
1711196,450000
1711197,250000
1711205,450000
1711214,450000
1711218,4020000
1711223,667500
1711241,0
1711245,150000
1711250,900000
1711255,577400
1711265,800000
1711269,600000
1711271,0
1711289,217500
1711295,1095000
1711299,902000
1711303,450000
1711309,350000
1711311,550000
1711312,350000
1711313,690000
1711317,441000
1711322,0
1711324,0
1711326,135000
1711337,350000
1711338,450000
1711340,680500
1711345,1009000
1711354,450000
1711358,951400
1711361,350000
1711366,480100
1711373,450000
1711375,450000
1711388,0
1711395,950000
1711402,1374300
1711424,578000
1711425,350000
1711428,0
1711432,450000
1711437,400000
1711443,450000
1711446,350000
1711450,938400
1711455,0
1711456,350000
1711457,150000
1711459,150000
1711460,500000
1711462,490000
1711472,0
1711473,0
1711474,423500
1711476,450000
1711477,481000
1711488,645000
1711490,706000
1711495,350000
1711497,0
1711498,870200
1711499,0
1711511,750000
1711512,0
1711521,500000
1711523,150000
1711526,350000
1711527,150000
1711528,450000
1711535,450000
1711546,399000
1711548,490000
1711554,5486100
1711565,450000
1711571,160000
1711573,450000
1711576,350000
1711580,481000
1711583,420000
1711587,450000
1711590,169000
1711598,528000
1711600,626000
1711609,0
1711614,450000
1711621,250000
1711623,10500
1711629,434000
1711636,0
1711641,350000
1711646,512300
1711647,425600
1711649,350000
1711650,0
1711654,563000
1711657,0
1711666,488600
1711667,350000
1711671,150000
1711675,450000
1711678,350000
1711679,450000
1711682,150000
1711684,0
1711686,500000
1711689,450000
1711691,350000
1711693,350000
1711697,681800
1711699,0
1711713,505300
1711714,0
1711723,250000
1711728,0
1711730,500000
1711731,0
1711732,350000
1711736,0
1711739,0
1711743,450000
1711746,0
1711754,3350000
1711773,1545000
1711774,650000
1711777,450000
1711778,2050000
1711785,0
1711787,350000
1711788,437500
1711791,448000
1711792,724000
1711796,350000
1711812,350000
1711813,500000
1711815,28000
1711827,0
1711828,310000
1711843,0
1711845,1079000
1711846,1620000
1711847,600000
1711848,0
1711849,1388200
1711853,500000
1711854,0
1711856,494100
1711858,1064500
1711859,450000
1711863,350000
1711866,350000
1711872,150000
1711876,1848600
1711877,731200
1711878,150000
1711879,350000
1711882,350000
1711887,0
1711891,800000
1711899,705300
1711901,350000
1711904,600000
1711905,452000
1711906,350000
1711928,594500
1711929,450000
1711931,600000
1711932,450000
1711933,423500
1711939,450000
1711940,150000
1711947,375000
1711951,150000
1711953,150000
1711956,0
1711957,650000
1711962,545000
1711965,108000
1711966,300000
1711970,434100
1711972,350000
1711973,350000
1711983,450000
1711984,400000
1711989,0
1711990,450000
1712001,0
1712005,0
1712009,1043000
1712011,150000
1712015,600000
1712017,0
1712018,400000
1712022,423500
1712026,350000
1712030,0
1712039,450000
1712041,552000
1712045,998000
1712046,350000
1712047,600000
1712051,350000
1712053,450000
1712061,434000
1712067,40000
1712072,350000
1712073,444500
1712074,0
1712082,0
1712084,0
1712085,350000
1712087,150000
1712092,434000
1712097,447300
1712100,449400
1712101,350000
1712103,0
1712109,350000
1712110,150000
1712112,300000
1712114,444000
1712116,350000
1712117,150000
1712118,450000
1712126,0
1712141,661300
1712145,450000
1712146,744500
1712147,747000
1712149,350000
1712152,575600
1712153,350000
1712162,450000
1712168,450000
1712184,350000
1712188,427000
1712190,350000
1712191,293400
1712192,411600
1712194,350000
1712199,119000
1712201,450000
1712207,350000
1712220,350000
1712224,450000
1712232,350000
1712234,450000
1712235,0
1712236,566500
1712242,350000
1712243,350000
1712254,0
1712255,0
1712259,0
1712271,1264000
1712275,800000
1712277,800000
1712281,400000
1712293,450000
1712299,400000
1712303,630000
1712310,0
1712313,540000
1712319,0
1712322,423500
1712324,450000
1712332,650000
1712333,717500
1712336,514000
1712340,0
1712341,350000
1712343,567500
1712347,1328800
1712354,0
1712358,70000
1712362,400000
1712366,0
1712372,0
1712376,150000
1712382,350000
1712383,679400
1712387,600000
1712389,500000
1712397,150000
1712401,600000
1712402,350000
1712408,450000
1712414,350000
1712421,350000
1712434,500000
1712437,0
1712460,350000
1712465,600000
1712471,350000
1712474,722000
1712478,364000
1712480,150000
1712481,350000
1712485,150000
1712492,450000
1712496,150000
1712497,0
1712499,618500
1712500,350000
1712508,420000
1712510,1752100
1712512,563100
1712513,600000
1712522,600000
1712523,748000
1712527,202800
1712529,450000
1712531,0
1712539,450000
1712544,450000
1712548,324000
1712549,450000
1712550,450000
1712551,350000
1712552,900000
1712555,350000
1712556,0
1712558,350000
1712561,350000
1712562,0
1712572,1007900
1712582,450000
1712584,350000
1712595,865000
1712596,120000
1712599,0
1712600,450000
1712612,646900
1712616,900300
1712620,350000
1712633,0
1712634,500000
1712639,0
1712640,0
1712641,0
1712650,350000
1712651,0
1712653,200000
1712654,750000
1712658,677200
1712663,940000
1712664,350000
1712671,350000
1712677,0
1712680,450000
1712689,350000
1712701,400000
1712704,413700
1712705,424900
1712708,530000
1712717,350000
1712725,515000
1712738,528000
1712739,750000
1712745,672000
1712748,500000
1712753,350000
1712754,0
1712756,644000
1712757,444500
1712759,490000
1712760,231900
1712761,700000
1712776,550000
1712784,450000
1712787,0
1712790,0
1712794,1176500
1712795,253500
1712804,0
1712805,0
1712819,450000
1712820,600000
1712821,434000
1712840,458000
1712844,392500
1712846,0
1712847,350000
1712855,921700
1712857,620000
1712858,350000
1712861,595600
1712866,350000
1712872,0
1712881,350000
1712886,350000
1712889,0
1712892,448700
1712895,350000
1712899,94800
1712907,399000
1712910,429100
1712911,0
1712914,100000
1712918,780000
1712922,150000
1712926,350000
1712928,591000
1712936,641000
1712938,8618000
1712940,350000
1712944,450000
1712951,400000
1712953,350000
1712957,0
1712962,0
1712965,650000
1712966,600000
1712969,350000
1712971,350000
1712972,381500
1712978,900000
1712980,450000
1712982,423500
1712983,450000
1712986,797000
1712993,300000
1712997,867800
1713002,350000
1713003,450000
1713004,350000
1713006,0
1713008,500000
1713017,350000
1713019,750000
1713022,350000
1713024,450000
1713032,693000
1713039,500100
1713041,500000
1713046,575000
1713048,520000
1713051,500000
1713059,350000
1713065,450000
1713074,1900000
1713075,1169000
1713081,400000
1713084,0
1713090,0
1713091,450000
1713098,458200
1713102,350000
1713103,300000
1713110,650000
1713119,177700
1713124,444500
1713125,350000
1713140,150000
1713141,585000
1713145,550000
1713152,427000
1713156,350000
1713158,450000
1713159,350000
1713160,590000
1713161,350000
1713178,0
1713180,435800
1713182,450000
1713186,900000
1713197,700000
1713199,150000
1713200,600000
1713201,500000
1713203,70000
1713210,450000
1713211,0
1713217,654500
1713224,567600
1713234,1055000
1713236,0
1713240,450000
1713242,510200
1713244,450000
1713250,600000
1713251,413700
1713259,195000
1713264,930000
1713265,0
1713267,600000
1713270,450000
1713279,492000
1713287,0
1713298,500000
1713300,400000
1713302,350000
1713304,400000
1713307,449100
1713308,0
1713316,748100
1713323,350000
1713330,0
1713334,450000
1713338,350000
1713339,1050000
1713344,500000
1713350,0
1713353,631800
1713359,350000
1713361,450000
1713363,545500
1713365,0
1713366,410000
1713379,350000
1713380,748100
1713384,350000
1713393,350000
1713396,325000
1713405,165000
1713407,350000
1713411,290500
1713415,406000
1713419,0
1713421,1000000
1713424,450000
1713426,400000
1713428,0
1713431,350000
1713435,500000
1713443,504200
1713444,517500
1713446,230000
1713453,434000
1713455,0
1713458,350000
1713459,434000
1713463,589300
1713464,552700
1713472,350000
1713474,350000
1713481,0
1713482,450000
1713483,509000
1713497,472500
1713501,150000
1713504,500000
1713507,447300
1713521,570000
1713542,600000
1713543,150000
1713544,0
1713558,0
1713561,0
1713562,500000
1713564,150000
1713566,150000
1713569,0
1713574,646900
1713576,0
1713579,450000
1713583,250000
1713587,0
1713589,350000
1713595,448000
1713598,1264500
1713600,739800
1713605,939000
1713607,400000
1713610,640000
1713614,150000
1713629,200000
1713634,0
1713639,500000
1713648,2065000
1713654,350000
1713657,650000
1713663,450000
1713678,792100
1713681,450000
1713682,500000
1713693,724300
1713703,250000
1713707,350000
1713716,350000
1713723,438900
1713725,580000
1713726,400000
1713729,705300
1713731,0
1713739,444000
1713742,520000
1713749,612100
1713750,500000
1713753,1594100
1713757,592500
1713758,802800
1713760,450000
1713762,607500
1713770,450000
1713775,350000
1713784,650000
1713787,400000
1713800,350000
1713820,392000
1713824,0
1713825,450000
1713830,850000
1713831,450000
1713835,800000
1713836,915000
1713840,465900
1713841,500000
1713843,400000
1713848,623500
1713849,500000
1713852,150000
1713854,445000
1713858,695000
1713859,900000
1713861,442700
1713864,300000
1713871,90000
1713875,948000
1713885,0
1713892,28000
1713894,350000
1713898,450000
1713899,400000
1713902,0
1713911,0
1713917,655000
1713918,450000
1713919,590000
1713920,0
1713921,150000
1713924,500000
1713926,450000
1713930,350000
1713941,500000
1713944,450000
1713951,153000
1713958,350000
1713960,0
1713969,500000
1713975,0
1713978,2504000
1713984,70000
1713991,325000
1713994,350000
1713999,450000
1714001,350000
1714004,584000
1714010,450000
1714013,860500
1714016,450000
1714020,500000
1714022,0
1714030,450000
1714032,521000
1714046,507000
1714064,449400
1714065,0
1714071,450000
1714075,400000
1714085,23100
1714087,0
1714092,0
1714095,390000
1714100,332500
1714102,310000
1714104,600000
1714105,950000
1714112,450000
1714115,0
1714117,441000
1714122,350000
1714124,720000
1714128,350000
1714129,150000
1714130,400000
1714135,448000
1714141,150000
1714150,0
1714152,1300000
1714156,500000
1714157,85000
1714160,600000
1714161,450000
1714162,350000
1714166,500000
1714170,350000
1714176,400000
1714182,450000
1714183,500000
1714200,0
1714203,1037500
1714211,350000
1714216,500000
1714217,0
1714220,450000
1714225,165000
1714233,300000
1714240,0
1714245,444500
1714246,0
1714250,1655000
1714252,450000
1714256,150000
1714259,0
1714260,422500
1714274,925000
1714280,2785000
1714282,350000
1714284,350000
1714285,150000
1714288,145600
1714292,600000
1714295,400000
1714296,750000
1714307,450000
1714308,552900
1714316,650000
1714317,0
1714318,903400
1714324,150000
1714325,5416000
1714327,0
1714337,500000
1714338,850000
1714341,563000
1714343,162000
1714347,0
1714356,0
1714361,620000
1714362,0
1714365,350000
1714369,150000
1714372,500000
1714376,1040000
1714377,250000
1714378,350000
1714379,350000
1714382,100000
1714388,500000
1714389,0
1714392,400000
1714395,0
1714399,260100
1714407,0
1714417,350000
1714418,494800
1714422,1250000
1714423,450000
1714427,450000
1714429,493400
1714437,525600
1714439,0
1714443,519300
1714446,140000
1714450,700000
1714451,500000
1714453,545500
1714458,150000
1714464,150000
1714466,450000
1714468,150000
1714470,500000
1714474,450000
1714483,450000
1714487,406000
1714488,350000
1714489,650000
1714492,1192400
1714501,500000
1714508,0
1714511,0
1714515,1020400
1714518,450000
1714525,0
1714535,150000
1714536,525200
1714539,750000
1714541,0
1714543,450000
1714546,580000
1714553,485700
1714555,350000
1714557,500000
1714563,1192900
1714598,676600
1714603,467500
1714605,350000
1714606,0
1714607,0
1714608,1149000
1714610,0
1714615,150000
1714618,700000
1714625,150000
1714627,450000
1714632,240500
1714635,650000
1714640,450000
1714644,834000
1714649,350000
1714653,500000
1714662,500000
1714663,436000
1714666,450000
1714674,428400
1714681,350000
1714684,865000
1714686,350000
1714691,700000
1714699,400000
1714701,0
1714702,500000
1714704,0
1714710,500000
1714712,492000
1714714,672000
1714715,350000
1714717,0
1714722,950000
1714724,650000
1714734,500000
1714739,400000
1714748,450000
1714750,150000
1714759,450000
1714760,596000
1714764,350000
1714766,412300
1714770,0
1714788,876300
1714791,350000
1714792,450000
1714794,0
1714795,528500
1714796,350000
1714800,350000
1714801,1151400
1714802,0
1714803,0
1714805,500000
1714807,0
1714812,393000
1714816,450000
1714825,497900
1714827,0
1714829,350000
1714830,422100
1714831,500000
1714835,510000
1714840,262000
1714845,0
1714849,570000
1714855,0
1714856,350000
1714867,450000
1714869,500000
1714877,0
1714880,0
1714893,950000
1714906,350000
1714908,700000
1714920,350000
1714929,0
1714933,700000
1714942,522400
1714947,150000
1714952,450000
1714969,0
1714970,744400
1714979,350000
1714981,664000
1714988,150000
1714991,400000
1714993,290500
1714996,450000
1715001,350000
1715003,650000
1715005,350000
1715009,0
1715012,494100
1715015,210000
1715017,310300
1715021,350000
1715032,500000
1715034,529200
1715060,450000
1715067,350000
1715069,1670200
1715077,94500
1715079,350000
1715083,658000
1715090,294000
1715091,446000
1715094,70000
1715095,600000
1715109,0
1715114,1250000
1715116,657000
1715132,0
1715134,500000
1715135,450000
1715137,2200000
1715139,458400
1715142,400000
1715149,150000
1715155,450000
1715159,200000
1715163,0
1715166,0
1715170,0
1715173,381600
1715175,500000
1715181,350000
1715182,0
1715184,142000
1715185,0
1715195,710000
1715198,350000
1715199,341600
1715200,0
1715209,0
1715214,350000
1715229,450000
1715231,350000
1715241,350000
1715252,600000
1715254,0
1715257,0
1715260,150000
1715262,832300
1715263,548500
1715268,0
1715280,632400
1715283,736400
1715285,500000
1715286,0
1715295,0
1715298,600000
1715306,350000
1715311,702500
1715315,350000
1715321,300000
1715324,0
1715334,150000
1715337,592000
1715338,350000
1715340,520000
1715342,1200000
1715353,0
1715356,0
1715357,350000
1715359,500000
1715360,350000
1715364,0
1715366,259000
1715382,0
1715388,441000
1715394,750000
1715400,300000
1715405,142000
1715409,350000
1715411,520000
1715414,604600
1715420,425600
1715426,627500
1715427,150000
1715432,450000
1715433,550000
1715435,0
1715438,0
1715439,0
1715440,413000
1715441,0
1715445,350000
1715447,150000
1715453,0
1715455,0
1715456,150000
1715462,150000
1715463,450000
1715465,438000
1715471,150000
1715472,425600
1715473,0
1715478,450000
1715481,450000
1715482,730000
1715485,498300
1715486,0
1715492,593500
1715493,90000
1715499,373500
1715504,150000
1715506,650000
1715509,450000
1715511,350000
1715514,700000
1715518,65000
1715519,500000
1715523,200000
1715526,616500
1715527,595000
1715531,0
1715536,0
1715540,350000
1715541,350000
1715548,450000
1715552,500000
1715559,800000
1715571,394100
1715578,0
1715583,0
1715584,650000
1715596,450000
1715597,800000
1715599,400000
1715608,428400
1715610,350000
1715612,500000
1715622,0
1715627,0
1715632,150000
1715633,500000
1715637,450000
1715638,0
1715642,450000
1715643,400000
1715649,450000
1715653,250000
1715658,595000
1715659,450000
1715660,0
1715665,350000
1715669,350000
1715670,0
1715675,350000
1715677,70000
1715680,400000
1715684,567500
1715685,534000
1715690,450000
1715691,550000
1715695,0
1715697,350000
1715698,150000
1715699,350000
1715701,434000
1715702,400000
1715705,500000
1715707,450000
1715712,450000
1715718,656000
1715726,150000
1715727,350000
1715731,668400
1715733,0
1715734,0
1715739,0
1715740,0
1715744,0
1715753,500000
1715755,750000
1715761,300000
1715767,350000
1715769,186500
1715773,450000
1715774,150000
1715776,496000
1715777,450000
1715778,705000
1715779,78700
1715782,450000
1715786,500000
1715788,650000
1715789,0
1715791,800000
1715798,350000
1715801,600000
1715805,423500
1715807,500000
1715812,0
1715816,450000
1715818,771200
1715826,350000
1715833,600000
1715837,150000
1715842,495000
1715843,654500
1715844,912100
1715848,200000
1715853,320000
1715856,649000
1715857,0
1715858,795000
1715870,470400
1715871,500000
1715872,427000
1715874,434000
1715875,350000
1715878,500000
1715883,350000
1715884,500000
1715885,0
1715887,450000
1715890,350000
1715897,500000
1715899,347500
1715905,440000
1715915,300000
1715921,517500
1715922,555300
1715929,428400
1715936,0
1715937,258000
1715940,700000
1715941,630000
1715944,404000
1715947,554100
1715948,500000
1715956,350000
1715961,891700
1715968,450000
1715970,600000
1715972,517500
1715979,582600
1715982,0
1715984,397600
1715988,0
1715990,2000000
1715991,0
1715992,800000
1715996,350000
1715997,350000
1715999,450000
1716000,0
1716002,408500
1716004,705000
1716007,1100000
1716008,0
1716010,92000
1716018,762300
1716021,300000
1716022,500000
1716027,445000
1716031,0
1716034,665200
1716037,450000
1716046,800000
1716049,0
1716052,470000
1716053,472500
1716059,496000
1716062,650000
1716064,997500
1716066,350000
1716072,500000
1716077,150000
1716079,350000
1716080,450000
1716081,847500
1716088,0
1716092,659500
1716093,0
1716095,140000
1716098,570000
1716100,1120000
1716101,662000
1716113,682800
1716118,450000
1716119,450000
1716120,500000
1716125,0
1716127,400000
1716129,521000
1716130,650000
1716134,0
1716138,350000
1716143,350000
1716144,706300
1716155,1236000
1716156,450000
1716164,710000
1716168,250000
1716169,550000
1716179,694000
1716180,760000
1716182,0
1716191,67900
1716197,0
1716198,367500
1716206,500000
1716208,650000
1716211,0
1716215,350000
1716221,350000
1716223,350000
1716230,521000
1716231,0
1716235,350000
1716237,150000
1716238,329000
1716240,350000
1716262,1817000
1716268,644200
1716286,591000
1716289,600000
1716291,1000000
1716296,550000
1716301,350000
1716307,449400
1716309,600000
1716311,671000
1716312,795300
1716313,350000
1716326,15000
1716327,408100
1716343,350000
1716346,478400
1716347,350000
1716354,0
1716355,0
1716357,150000
1716366,0
1716367,700000
1716375,948700
1716377,435000
1716383,597700
1716387,0
1716391,450000
1716392,540000
1716399,406500
1716402,450000
1716412,800000
1716413,1380000
1716418,635600
1716420,350000
1716432,0
1716434,350000
1716439,250000
1716445,450000
1716446,70000
1716447,400000
1716450,530000
1716453,350000
1716463,601000
1716473,70000
1716474,0
1716476,746000
1716489,0
1716490,576000
1716496,0
1716503,0
1716504,450000
1716505,450000
1716509,115000
1716517,0
1716518,730000
1716522,350000
1716529,748000
1716534,0
1716535,350000
1716550,535000
1716553,500000
1716556,600000
1716564,1671500
1716565,350000
1716568,450000
1716574,269000
1716575,350000
1716581,300000
1716584,547600
1716586,400000
1716588,450000
1716590,650000
1716595,350000
1716603,0
1716610,450000
1716612,1253400
1716615,0
1716616,350000
1716617,642000
1716620,600000
1716625,150000
1716627,409400
1716628,0
1716630,617800
1716636,350000
1716643,450000
1716644,652200
1716652,450000
1716653,450000
1716659,600000
1716663,350000
1716665,423500
1716668,0
1716673,350000
1716675,450000
1716676,450000
1716686,500000
1716688,0
1716689,0
1716693,495000
1716695,0
1716698,350000
1716700,0
1716702,613000
1716718,550000
1716720,0
1716723,450000
1716732,500000
1716737,0
1716742,350000
1716744,432500
1716745,450000
1716748,350000
1716750,420000
1716759,450000
1716760,450000
1716761,557500
1716774,456000
1716775,388100
1716776,190000
1716778,528000
1716791,0
1716797,0
1716798,0
1716799,750000
1716802,450000
1716803,702500
1716804,350000
1716815,0
1716817,350000
1716820,400000
1716823,498000
1716830,500000
1716831,350000
1716836,1000000
1716838,668000
1716840,0
1716842,500000
1716844,400000
1716867,1135000
1716875,70000
1716879,500000
1716880,1594000
1716890,500000
1716897,500000
1716898,500000
1716903,448600
1716908,350000
1716909,0
1716912,450000
1716917,550000
1716918,350000
1716924,0
1716933,0
1716935,450000
1716942,53000
1716947,450000
1716948,650000
1716957,350000
1716958,0
1716960,400000
1716963,350000
1716969,350000
1716981,400000
1716985,1394000
1716990,600000
1716993,750000
1717004,427000
1717005,0
1717017,96500
1717022,0
1717034,350000
1717044,0
1717046,448000
1717054,350000
1717058,400000
1717061,240000
1717062,450000
1717066,434000
1717068,150000
1717077,400000
1717081,0
1717085,250000
1717086,442400
1717088,0
1717092,350000
1717094,878400
1717096,650000
1717102,826700
1717103,599400
1717105,876000
1717107,400000
1717109,0
1717122,950000
1717126,2532900
1717127,0
1717139,45500
1717145,550000
1717150,0
1717161,450000
1717170,0
1717171,2257000
1717186,0
1717192,0
1717198,650000
1717204,0
1717209,400000
1717210,0
1717211,450000
1717213,0
1717218,450000
1717223,500000
1717225,400000
1717231,350000
1717236,450000
1717244,500000
1717245,524300
1717257,905000
1717260,1000000
1717263,550000
1717274,150000
1717279,0
1717284,0
1717288,1200000
1717290,700000
1717293,500000
1717299,216000
1717300,400000
1717302,2100
1717309,400000
1717313,649000
1717320,450000
1717325,400000
1717328,500000
1717330,0
1717335,650000
1717337,400000
1717338,180000
1717343,150000
1717347,450000
1717348,449500
1717349,0
1717353,450000
1717355,0
1717358,800000
1717366,400000
1717375,0
1717379,400000
1717383,350000
1717387,0
1717393,9140000
1717399,692000
1717404,556500
1717406,332900
1717407,300000
1717418,220000
1717419,140000
1717426,550000
1717431,0
1717437,400000
1717441,0
1717445,0
1717456,0
1717459,450000
1717463,0
1717466,649000
1717470,480000
1717477,0
1717481,550000
1717484,530000
1717486,350000
1717494,0
1717503,350000
1717504,729100
1717506,866500
1717508,1291000
1717521,240000
1717522,434000
1717525,735000
1717529,400000
1717538,550000
1717542,1080000
1717543,500000
1717547,465800
1717552,600000
1717554,400000
1717555,350000
1717557,450000
1717558,650000
1717565,400000
1717574,569500
1717577,450000
1717578,400000
1717581,460800
1717594,300000
1717600,520000
1717604,400000
1717606,900000
1717613,400000
1717627,400000
1717631,0
1717634,0
1717637,240000
1717641,150000
1717646,0
1717647,400000
1717660,610000
1717661,523000
1717665,2412500
1717667,150000
1717671,450000
1717678,650000
1717685,0
1717698,0
1717700,200000
1717701,344000
1717702,400000
1717707,660000
1717713,294000
1717717,150000
1717729,0
1717748,0
1717753,948200
1717754,548200
1717762,150000
1717773,431200
1717775,450000
1717776,0
1717778,374700
1717800,414000
1717807,450000
1717814,0
1717818,1759000
1717821,500000
1717825,1052000
1717827,400000
1717838,552500
1717850,400000
1717856,632400
1717858,400000
1717862,450000
1717870,400000
1717875,650000
1717877,425600
1717879,195300
1717882,0
1717890,0
1717894,400000
1717895,400000
1717902,0
1717905,656500
1717908,400000
1717909,765000
1717914,400000
1717920,0
1717922,460800
1717924,500000
1717932,0
1717934,428400
1717935,0
1717940,700000
1717942,444500
1717943,450000
1717951,350000
1717955,250000
1717960,0
1717970,0
1717973,542000
1717978,507600
1717979,550000
1717992,2106200
1717998,0
1717999,400000
1718009,1143700
1718021,0
1718022,0
1718026,927200
1718031,0
1718033,400000
1718036,550000
1718038,1270000
1718042,600000
1718045,1050000
1718048,1100000
1718049,500000
1718050,550000
1718054,561800
1718061,590000
1718064,450000
1718073,390000
1718076,150000
1718078,0
1718079,0
1718080,634000
1718081,90000
1718088,400000
1718093,400000
1718094,400000
1718095,400000
1718103,0
1718108,492500
1718109,400000
1718123,400000
1718128,0
1718132,481500
1718140,1040300
1718149,295000
1718163,150000
1718178,594900
1718182,400000
1718186,630000
1718197,498000
1718202,400000
1718212,560800
1718213,684800
1718214,550000
1718215,0
1718216,550000
1718218,400000
1718225,778000
1718237,250000
1718238,150000
1718240,235000
1718245,400000
1718254,723800
1718256,400000
1718262,631000
1718266,388800
1718269,855000
1718272,0
1718281,720000
1718284,400000
1718290,0
1718291,724500
1718298,790000
1718299,400000
1718300,0
1718301,950000
1718304,1072200
1718315,715500
1718323,745600
1718325,700000
1718329,737500
1718330,988500
1718332,599000
1718333,423800
1718334,578100
1718338,696000
1718349,620000
1718356,710000
1718364,907000
1718368,923000
1718371,400000
1718377,620600
1718380,400000
1718385,801800
1718387,450000
1718396,0
1718411,761400
1718417,700000
1718421,550000
1718422,629600
1718423,0
1718428,350000
1718429,393400
1718433,400000
1718437,353500
1718455,400000
1718459,550000
1718464,450000
1718494,0
1718496,4668000
1718500,0
1718505,500000
1718508,550000
1718509,400000
1718510,0
1718512,480000
1718514,150000
1718515,379800
1718521,450000
1718522,12169500
1718536,400000
1718540,600000
1718545,350000
1718569,450000
1718571,450000
1718573,350000
1718580,0
1718587,400000
1718589,0
1718593,745000
1718595,505200
1718601,250000
1718620,573000
1718641,107300
1718643,0
1718655,656600
1718662,0
1718687,123000
1718689,400000
1718690,400000
1718693,325600
1718702,700000
1718722,287500
1718732,525000
1718738,400000
1718749,500000
1718762,0
1718770,450000
1718786,438100
1718822,350000
1718827,0
1718832,0
1718839,550000
1718841,397500
1718842,0
1718847,584600
1718848,648500
1718856,350000
1718875,1356300
1718893,905000
1718896,550000
1718902,823400
1718904,400000
1718913,142500
1718941,550000
1718957,450000
1718960,400000
1718963,472000
1718977,350000
1718981,1281000
1718992,1353900
1718999,700000
1719010,812000
1719011,400000
1719015,0
1719020,874000
1719022,350000
1719027,450000
1719028,550000
1719044,816900
1719048,0
1719050,450000
1719058,727500
1719059,0
1719073,500000
1719077,380500
1719078,0
1719082,2414000
1719091,500000
1719095,0
1719098,500000
1719105,550000
1719110,350000
1719114,0
1719116,287500
1719117,283800
1719120,0
1719123,900000
1719129,570000
1719130,500000
1719132,0
1719143,0
1719144,304000
1719145,1304800
1719150,356400
1719152,600000
1719159,1400000
1719163,500000
1719168,439600
1719176,510500
1719186,350000
1719199,400000
1719200,450000
1719208,0
1719213,900000
1719214,598000
1719225,650000
1719227,531500
1719230,745000
1719233,545000
1719238,0
1719248,600000
1719250,448100
1719261,900000
1719266,0
1719267,697100
1719274,450000
1719279,450000
1719280,610000
1719283,450000
1719287,350000
1719289,750000
1719295,150000
1719299,434000
1719300,329000
1719309,450000
1719310,794500
1719311,0
1719317,350000
1719336,1560000
1719341,625000
1719344,0
1719346,0
1719349,350000
1719350,383400
1719354,521000
1719355,1924400
1719362,0
1719363,795500
1719365,441000
1719366,615000
1719371,350000
1719373,350000
1719374,500000
1719377,510500
1719381,513000
1719383,406300
1719386,450000
1719388,0
1719393,450000
1719396,400000
1719400,471000
1719402,0
1719405,450000
1719426,350000
1719431,664700
1719437,500000
1719441,0
1719444,350000
1719457,563000
1719459,0
1719460,0
1719463,350000
1719467,350000
1719473,448000
1719477,725000
1719480,750000
1719486,350000
1719488,700000
1719498,650000
1719499,561500
1719503,0
1719512,0
1719516,725000
1719518,0
1719521,450000
1719528,450000
1719543,932700
1719547,350000
1719548,528000
1719552,350000
1719554,200000
1719570,350000
1719573,350000
1719578,350000
1719582,0
1719590,450000
1719595,350000
1719600,350000
1719603,350000
1719611,450000
1719615,642000
1719623,140000
1719631,350000
1719636,150000
1719637,0
1719638,0
1719643,0
1719647,115000
1719648,350000
1719650,1518300
1719656,514000
1719658,0
1719662,600000
1719668,2448000
1719669,350000
1719670,514000
1719678,512500
1719682,0
1719688,350000
1719690,150000
1719705,599500
1719708,441000
1719709,536400
1719710,506500
1719714,500000
1719717,350000
1719720,500000
1719722,350000
1719724,0
1719727,0
1719730,400000
1719731,350000
1719734,0
1719744,500000
1719745,350000
1719758,0
1719763,725300
1719771,602400
1719772,493200
1719775,150000
1719777,423500
1719789,725000
1719790,412300
1719801,913000
1719804,0
1719807,0
1719813,750000
1719817,500000
1719820,350000
1719827,500000
1719830,734200
1719837,792400
1719839,350000
1719841,450000
1719852,300000
1719876,6575400
1719877,0
1719884,350000
1719891,0
1719896,450000
1719902,450000
1719906,500000
1719908,500000
1719922,450000
1719925,335100
1719927,350000
1719935,350000
1719936,650000
1719939,411600
1719950,450000
1719954,0
1719957,600000
1719961,450000
1719976,400000
1719977,350000
1719980,751500
1719985,433300
1719991,150000
1720003,510500
1720019,450000
1720026,1319600
1720029,0
1720037,350000
1720040,580100
1720044,0
1720051,500000
1720065,500000
1720066,350000
1720067,150000
1720075,760000
1720077,500000
1720083,350000
1720089,510000
1720091,500000
1720100,500000
1720104,500000
1720108,200000
1720112,600000
1720118,850000
1720122,448000
1720128,800000
1720137,350000
1720143,3923500
1720144,400000
1720151,0
1720168,4000000
1720169,130000
1720173,594300
1720174,137500
1720175,500000
1720178,450000
1720186,0
1720188,350000
1720194,659100
1720197,448000
1720203,0
1720206,731400
1720211,350000
1720217,200000
1720220,119000
1720226,0
1720227,600000
1720228,650000
1720232,600000
1720235,500000
1720237,209100
1720242,550000
1720245,335000
1720247,0
1720253,350000
1720257,420000
1720262,150000
1720266,350000
1720271,0
1720272,448000
1720280,450000
1720284,500000
1720285,450000
1720292,600000
1720297,650000
1720298,350000
1720299,150000
1720305,450000
1720310,0
1720320,600000
1720322,500000
1720330,622000
1720331,350000
1720339,500000
1720341,515000
1720344,0
1720347,450000
1720349,350000
1720352,450000
1720353,150000
1720355,500000
1720356,350000
1720361,450000
1720369,450000
1720376,545500
1720388,698500
1720391,550000
1720393,0
1720395,350000
1720398,567500
1720400,500000
1720401,450000
1720403,400000
1720404,350000
1720411,411600
1720421,0
1720422,150000
1720432,500000
1720437,450000
1720445,150000
1720454,390600
1720459,618000
1720460,0
1720461,840000
1720464,528000
1720469,350000
1720478,422000
1720482,550000
1720484,432000
1720486,475000
1720492,350000
1720493,450000
1720494,425000
1720499,600000
1720507,0
1720512,450000
1720514,450000
1720519,150000
1720521,450000
1720528,350000
1720529,480000
1720533,450000
1720544,700000
1720548,350000
1720551,350000
1720554,350000
1720559,150000
1720560,150000
1720563,0
1720575,350000
1720584,652000
1720585,350000
1720586,350000
1720593,824000
1720602,510500
1720604,150000
1720608,329000
1720610,700000
1720616,490000
1720617,0
1720623,500000
1720626,0
1720627,0
1720637,450000
1720638,0
1720643,434000
1720659,460800
1720667,400000
1720670,350000
1720673,350000
1720676,600000
1720681,776700
1720683,1474000
1720684,450000
1720685,700000
1720686,450000
1720691,350000
1720693,420000
1720696,650000
1720698,441000
1720701,350000
1720704,1624000
1720711,1085600
1720713,850000
1720721,400000
1720724,500000
1720725,0
1720735,150000
1720739,886300
1720740,637000
1720742,450000
1720743,350000
1720746,100000
1720750,567500
1720751,527400
1720765,500000
1720779,491600
1720781,350000
1720784,400000
1720789,387200
1720804,903000
1720807,329000
1720808,350000
1720810,150000
1720817,450000
1720819,200000
1720827,500000
1720829,600000
1720830,450000
1720834,600000
1720838,350000
1720840,0
1720845,347000
1720847,350000
1720848,350000
1720849,1500000
1720850,25000
1720857,770000
1720863,400000
1720874,150000
1720878,653000
1720881,416500
1720882,750000
1720883,0
1720886,450000
1720889,490000
1720896,350000
1720898,350000
1720899,814000
1720908,350000
1720927,1035000
1720933,471000
1720934,510200
1720935,450000
1720940,1319000
1720941,500000
1720943,425600
1720949,428400
1720956,592000
1720957,350000
1720962,535000
1720965,450000
1720973,850000
1720989,450000
1720992,350000
1720996,450000
1720998,150000
1721006,1140000
1721007,300000
1721010,450000
1721014,500000
1721020,200000
1721028,50000
1721035,450000
1721036,450000
1721039,125300
1721046,450000
1721054,150000
1721057,350000
1721066,950000
1721076,0
1721079,450000
1721080,350000
1721084,1112000
1721085,0
1721086,0
1721092,329000
1721101,595600
1721107,545500
1721110,150000
1721116,0
1721124,0
1721125,350000
1721126,600000
1721139,142000
1721146,0
1721147,450000
1721150,420000
1721152,2305000
1721154,350000
1721159,350000
1721161,501500
1721166,350000
1721173,500000
1721174,1544100
1721175,392000
1721185,444500
1721188,350000
1721189,570000
1721190,563000
1721193,0
1721194,595300
1721195,0
1721198,750400
1721199,350000
1721208,350000
1721214,475000
1721215,450000
1721219,0
1721220,0
1721224,0
1721232,4048000
1721233,350000
1721240,0
1721241,270000
1721243,350000
1721246,0
1721249,578800
1721251,0
1721252,709000
1721254,0
1721261,150000
1721274,0
1721278,419300
1721279,0
1721288,450000
1721293,450000
1721294,750000
1721298,900000
1721302,650000
1721303,2908400
1721304,150000
1721307,1440000
1721312,349800
1721313,0
1721315,552500
1721319,240000
1721320,350000
1721324,600000
1721328,670000
1721329,150000
1721330,0
1721331,350000
1721333,414000
1721336,546000
1721338,490000
1721340,200000
1721342,500000
1721343,0
1721345,595500
1721347,629800
1721348,350000
1721352,715200
1721357,450000
1721363,450000
1721364,350000
1721366,161500
1721367,450000
1721374,450000
1721376,0
1721378,1238800
1721380,1320000
1721381,150000
1721385,0
1721386,150000
1721389,0
1721390,448000
1721392,475700
1721396,762000
1721397,350000
1721399,1295000
1721404,0
1721407,600000
1721408,400000
1721411,450000
1721413,550000
1721414,650000
1721417,424200
1721419,0
1721427,875000
1721433,700000
1721434,350000
1721440,2337000
1721442,706000
1721449,350000
1721468,450000
1721471,448000
1721472,436100
1721474,150000
1721477,0
1721478,450000
1721479,441000
1721484,232300
1721486,150000
1721490,350000
1721491,150000
1721496,394100
1721505,500000
1721509,530000
1721514,908100
1721516,689000
1721523,0
1721525,824400
1721527,450000
1721531,450000
1721540,350000
1721544,540000
1721557,0
1721560,217500
1721562,435800
1721564,392000
1721565,480000
1721566,450000
1721573,150000
1721574,350000
1721578,780000
1721585,716000
1721587,262000
1721591,530000
1721600,500000
1721601,1088000
1721602,440300
1721607,304500
1721614,450000
1721617,350000
1721635,350000
1721638,785000
1721641,350000
1721646,492100
1721649,429500
1721651,350000
1721652,450000
1721654,0
1721662,650000
1721664,0
1721668,530000
1721669,350000
1721675,300000
1721676,450000
1721678,2098500
1721681,0
1721683,589300
1721686,0
1721694,350000
1721697,545000
1721698,1050000
1721699,1770000
1721703,350000
1721704,0
1721709,317000
1721718,0
1721719,450000
1721721,0
1721722,150000
1721725,132600
1721734,0
1721735,150000
1721738,582000
1721740,150000
1721741,150000
1721744,0
1721745,2211300
1721755,450000
1721760,350000
1721762,750000
1721763,790000
1721776,400000
1721778,0
1721781,350000
1721782,450000
1721783,1210800
1721791,451200
1721792,789200
1721802,0
1721804,350000
1721807,702000
1721809,450000
1721810,425600
1721812,500000
1721813,0
1721814,394100
1721816,300000
1721817,806000
1721818,300000
1721821,550000
1721823,438200
1721828,538000
1721835,400000
1721841,944800
1721846,590300
1721847,0
1721851,0
1721868,650000
1721871,1580000
1721872,517500
1721895,828400
1721903,600000
1721914,450000
1721915,450000
1721918,150000
1721920,396800
1721929,450000
1721936,450000
1721937,509900
1721938,0
1721940,715000
1721941,890000
1721944,489000
1721945,0
1721956,450000
1721958,150000
1721959,482500
1721963,0
1721966,450000
1721967,350000
1721968,450000
1721977,600000
1721981,450000
1721983,350000
1721984,180000
1721987,350000
1721989,428400
1721991,328400
1721995,150000
1721999,450000
1722013,420000
1722019,0
1722021,570000
1722023,150000
1722024,310000
1722049,150000
1722064,588500
1722073,350000
1722074,0
1722076,450000
1722077,500000
1722088,0
1722091,450000
1722100,350000
1722101,0
1722110,602100
1722125,0
1722127,350000
1722128,0
1722134,450000
1722145,450000
1722146,600000
1722156,350000
1722160,600000
1722164,0
1722168,162000
1722169,600000
1722171,300000
1722172,350000
1722177,450000
1722179,150000
1722183,424200
1722184,550000
1722190,0
1722192,500000
1722193,667000
1722194,700000
1722200,350000
1722207,422500
1722208,282000
1722216,350000
1722217,300000
1722218,480000
1722222,396900
1722225,500000
1722227,0
1722228,600000
1722231,600600
1722240,0
1722245,0
1722247,150000
1722259,26600
1722260,400000
1722264,0
1722266,0
1722268,350000
1722272,450000
1722274,122500
1722279,450000
1722280,570400
1722282,441000
1722289,0
1722295,511800
1722301,500000
1722305,450000
1722313,0
1722316,150000
1722328,0
1722332,150000
1722334,420000
1722337,480000
1722339,536000
1722341,450000
1722342,450000
1722343,400000
1722345,897000
1722346,150000
1722349,650000
1722352,0
1722353,500000
1722354,350000
1722356,0
1722361,500000
1722365,150000
1722366,350000
1722369,122500
1722377,500000
1722381,1800000
1722383,450000
1722386,400400
1722389,0
1722394,500000
1722397,0
1722399,450000
1722400,350000
1722401,0
1722405,150000
1722406,0
1722409,0
1722419,350000
1722420,999800
1722423,350000
1722424,750000
1722425,450000
1722427,350000
1722430,648000
1722431,450000
1722434,585000
1722435,150000
1722443,620000
1722446,0
1722448,450000
1722450,599000
1722452,140000
1722460,450000
1722461,118000
1722464,450000
1722465,157000
1722469,150000
1722470,450000
1722474,402000
1722485,450000
1722494,3772800
1722497,350000
1722504,500000
1722509,450000
1722514,625000
1722518,250000
1722521,452000
1722525,400000
1722526,450000
1722529,191000
1722530,400000
1722532,350000
1722542,350000
1722545,750000
1722549,575000
1722561,0
1722562,830000
1722567,0
1722583,450000
1722589,500000
1722593,1160000
1722594,400000
1722600,0
1722601,350000
1722608,450000
1722610,350000
1722614,450000
1722616,150000
1722617,150000
1722619,465000
1722622,413000
1722624,640000
1722631,814500
1722634,420000
1722636,350000
1722637,150000
1722640,450000
1722643,0
1722644,0
1722648,339500
1722655,600000
1722656,450000
1722659,1419000
1722663,450000
1722684,450000
1722687,500000
1722691,757000
1722699,0
1722700,250000
1722703,437500
1722710,0
1722711,350000
1722714,449400
1722717,0
1722722,700000
1722726,350000
1722729,0
1722733,1035000
1722737,1939000
1722744,103000
1722748,350000
1722761,150000
1722765,695500
1722768,635000
1722777,450000
1722779,450000
1722783,450000
1722792,579000
1722800,1060000
1722804,489300
1722811,639500
1722816,0
1722817,647600
1722823,0
1722826,450000
1722831,0
1722838,741700
1722842,1185000
1722843,0
1722859,401100
1722862,726000
1722869,1021900
1722875,350000
1722878,350000
1722887,649000
1722888,0
1722893,512500
1722898,1364000
1722899,350000
1722901,0
1722905,450000
1722906,645000
1722912,2719300
1722924,600000
1722932,0
1722934,0
1722936,285000
1722937,0
1722941,618600
1722954,639000
1722962,495000
1722969,450000
1722973,994900
1722974,0
1722978,0
1722983,428400
1722984,542000
1722987,450000
1722989,1157000
1722990,500000
1722993,350000
1723001,600000
1723007,495000
1723010,500000
1723013,450000
1723017,492600
1723020,500000
1723022,0
1723030,505300
1723031,350000
1723042,450000
1723048,649000
1723053,0
1723054,350000
1723059,512500
1723061,250000
1723067,500000
1723070,1052000
1723071,625000
1723075,508900
1723076,550400
1723078,300000
1723079,738800
1723082,500000
1723088,450000
1723095,350000
1723103,350000
1723104,396900
1723113,680000
1723115,650000
1723121,0
1723122,744000
1723123,350000
1723133,0
1723145,0
1723146,450000
1723154,480800
1723155,0
1723161,480000
1723162,500000
1723163,0
1723169,439600
1723176,428400
1723177,760000
1723182,0
1723193,950000
1723194,5430500
1723198,0
1723199,350000
1723200,654800
1723202,0
1723203,500000
1723205,0
1723206,400000
1723210,400000
1723211,150000
1723212,446000
1723217,439000
1723226,534800
1723233,450000
1723236,441000
1723240,517500
1723251,0
1723254,421500
1723258,432500
1723266,416500
1723272,339600
1723273,470000
1723276,0
1723278,450000
1723288,350000
1723294,589100
1723300,450000
1723306,867200
1723312,0
1723316,448000
1723331,620500
1723333,0
1723335,450000
1723336,0
1723338,450000
1723343,0
1723344,411600
1723345,652500
1723347,940300
1723348,0
1723351,450000
1723352,850000
1723355,408600
1723358,0
1723367,450000
1723370,448000
1723374,600000
1723380,0
1723384,0
1723394,450000
1723397,665000
1723399,724300
1723410,150000
1723411,910000
1723412,1158000
1723413,500000
1723414,350000
1723417,500000
1723425,350000
1723429,500000
1723432,350000
1723437,1618300
1723438,350000
1723441,350000
1723443,425600
1723447,504200
1723464,0
1723468,450000
1723483,0
1723485,409500
1723486,789300
1723487,350000
1723488,499500
1723493,350000
1723511,224000
1723512,556000
1723513,150000
1723514,450000
1723515,450000
1723529,450000
1723537,377500
1723548,480000
1723559,350000
1723563,598500
1723565,569000
1723571,450000
1723573,756200
1723580,59500
1723584,350000
1723585,430700
1723590,624400
1723597,450000
1723599,350000
1723602,600000
1723608,1250000
1723609,350000
1723611,515000
1723614,300000
1723616,150000
1723619,510400
1723623,350000
1723624,350000
1723628,468600
1723634,350000
1723641,580000
1723646,200000
1723649,350000
1723650,0
1723655,150000
1723657,550000
1723662,350000
1723664,400000
1723667,450000
1723668,150000
1723671,450000
1723674,0
1723678,0
1723685,634100
1723687,678000
1723689,450000
1723695,500000
1723701,0
1723713,150000
1723720,700000
1723723,450000
1723724,450000
1723725,350000
1723727,140000
1723728,450000
1723736,350000
1723740,350000
1723747,429000
1723751,150000
1723753,450000
1723754,1059900
1723756,150000
1723763,450000
1723770,1190000
1723774,350000
1723777,472500
1723783,665500
1723791,434000
1723795,437500
1723796,475000
1723806,0
1723807,450000
1723812,706300
1723813,680000
1723815,0
1723816,0
1723819,400000
1723834,492500
1723835,350000
1723838,584400
1723839,702500
1723840,500000
1723842,598000
1723849,0
1723857,975000
1723859,450000
1723862,0
1723864,1554400
1723866,450000
1723869,344600
1723874,0
1723881,549000
1723890,450000
1723891,0
1723894,450000
1723895,900000
1723899,450000
1723906,368000
1723912,2227000
1723913,434000
1723916,450000
1723918,450000
1723919,0
1723921,196500
1723924,450000
1723927,450000
1723934,250000
1723941,762500
1723944,441000
1723948,350000
1723950,450000
1723951,350000
1723954,189000
1723963,0
1723964,0
1723971,0
1723974,283500
1723979,350000
1723985,350000
1723990,0
1723994,450000
1723997,400000
1724000,1144000
1724001,450000
1724010,0
1724013,450000
1724014,350000
1724027,350000
1724037,450000
1724039,150000
1724040,450000
1724042,0
1724044,480000
1724045,0
1724049,350000
1724050,218200
1724053,150000
1724057,538300
1724060,0
1724064,467500
1724069,494000
1724076,450000
1724077,0
1724083,1024200
1724085,350000
1724090,195000
1724095,325000
1724097,0
1724104,1543000
1724106,500000
1724107,27000
1724109,450000
1724114,300000
1724128,500000
1724130,350000
1724132,579000
1724146,450000
1724147,450000
1724151,0
1724153,700000
1724155,145000
1724156,0
1724157,0
1724165,815000
1724167,490000
1724174,589900
1724176,350000
1724183,250000
1724192,390000
1724194,650000
1724203,0
1724209,450000
1724213,0
1724218,2049200
1724219,450000
1724226,894000
1724244,528000
1724246,500000
1724257,150000
1724269,0
1724277,545300
1724280,0
1724298,530000
1724300,387000
1724304,500000
1724308,0
1724311,0
1724315,338000
1724318,198000
1724319,1009900
1724322,350000
1724328,895400
1724331,0
1724332,350000
1724333,609500
1724334,350000
1724339,556000
1724340,450000
1724341,2615300
1724345,576500
1724351,565300
1724352,539000
1724353,150000
1724354,661300
1724359,500000
1724360,450000
1724366,76500
1724370,550000
1724375,534500
1724378,350000
1724379,416500
1724385,449400
1724388,400000
1724393,350000
1724398,450000
1724401,323000
1724405,0
1724406,350000
1724410,300000
1724415,450000
1724416,1374500
1724417,1288200
1724422,350000
1724425,0
1724427,350000
1724430,450000
1724436,489300
1724437,350000
1724452,900000
1724457,511200
1724460,450000
1724477,423500
1724493,965000
1724509,150000
1724510,0
1724515,0
1724526,539400
1724529,517300
1724534,1462000
1724544,680000
1724548,425000
1724554,141000
1724556,444500
1724561,450000
1724565,350000
1724566,150000
1724574,350000
1724576,378000
1724580,450000
1724584,1767000
1724586,1705800
1724593,650000
1724600,450000
1724601,440000
1724609,0
1724621,615200
1724622,457300
1724630,350000
1724634,1048000
1724637,0
1724639,816200
1724646,450000
1724656,50600
1724657,550400
1724673,886500
1724675,350000
1724686,350000
1724692,495000
1724697,750000
1724701,350000
1724702,1197700
1724712,887400
1724716,692600
1724718,450000
1724720,350000
1724725,434000
1724726,150000
1724728,150000
1724730,1727300
1724733,450000
1724750,500000
1724763,350000
1724767,465000
1724770,445000
1724774,600000
1724776,350000
1724778,350000
1724783,300000
1724785,994600
1724795,399800
1724800,450000
1724804,350000
1724809,500000
1724811,400000
1724813,577000
1724817,0
1724819,510500
1724828,490000
1724830,400000
1724831,350000
1724833,350000
1724843,350000
1724845,350000
1724846,350000
1724851,350000
1724854,150000
1724857,300000
1724861,554500
1724862,150000
1724863,350000
1724866,350000
1724867,350000
1724877,530000
1724880,450000
1724900,350000
1724902,350000
1724904,406000
1724905,350000
1724906,554500
1724912,589900
1724918,450000
1724920,300000
1724923,373500
1724931,233900
1724942,554500
1724944,450000
1724954,500000
1724955,756000
1724956,150000
1724957,450000
1724959,419000
1724963,798000
1724966,850000
1724971,690000
1724972,500000
1724973,450000
1724978,619300
1724984,4452100
1724998,350000
1725007,500000
1725010,0
1725011,500000
1725012,0
1725017,300000
1725018,0
1725020,0
1725022,135000
1725025,1296500
1725031,440000
1725032,350000
1725033,563000
1725036,100000
1725044,600000
1725057,650000
1725059,150000
1725060,2750000
1725061,0
1725062,350000
1725065,600000
1725066,2339200
1725067,0
1725068,350000
1725069,350000
1725073,350000
1725075,500000
1725079,500000
1725083,0
1725084,450000
1725086,0
1725088,0
1725091,200000
1725096,500000
1725097,946600
1725100,1632000
1725109,1629000
1725116,0
1725118,650000
1725119,610000
1725126,350000
1725135,649000
1725136,350000
1725142,0
1725144,475200
1725146,450000
1725149,0
1725150,115000
1725155,585000
1725163,400000
1725167,600000
1725168,300000
1725173,140000
1725180,317500
1725181,450000
1725182,350000
1725200,0
1725203,0
1725216,0
1725217,822600
1725222,0
1725223,600000
1725225,0
1725227,600000
1725229,432600
1725230,500000
1725233,150000
1725234,350000
1725242,0
1725247,450000
1725250,750000
1725254,0
1725255,900000
1725258,1285000
1725263,150000
1725278,350000
1725284,350000
1725289,0
1725294,434000
1725299,0
1725302,550000
1725306,650000
1725307,602600
1725320,1108100
1725324,1117400
1725334,450000
1725338,450000
1725341,275000
1725344,498500
1725346,578000
1725349,448000
1725353,150000
1725358,493800
1725360,0
1725370,400000
1725371,0
1725378,400000
1725382,800000
1725386,450000
1725387,150000
1725389,150000
1725391,418000
1725392,650000
1725395,400000
1725396,713000
1725397,450000
1725399,16455000
1725406,150000
1725408,530000
1725415,350000
1725418,400000
1725420,450000
1725422,0
1725426,0
1725427,150000
1725428,450000
1725434,591000
1725436,342000
1725439,0
1725440,350000
1725445,320000
1725447,650000
1725450,450000
1725454,274900
1725456,350000
1725458,1234200
1725460,350000
1725463,600000
1725465,706000
1725467,520700
1725476,0
1725479,450000
1725484,11050000
1725488,573500
1725490,0
1725492,554500
1725497,0
1725499,350000
1725502,0
1725507,0
1725509,150000
1725510,450000
1725523,427000
1725526,600000
1725531,554500
1725537,350000
1725539,439600
1725540,2727500
1725544,500000
1725545,400000
1725553,1261000
1725576,680000
1725579,3700000
1725585,150000
1725589,630000
1725594,450000
1725595,614000
1725598,450500
1725607,500000
1725613,450000
1725616,350000
1725621,444500
1725622,500000
1725623,0
1725633,450000
1725639,430000
1725640,2044000
1725646,450000
1725647,350000
1725652,434000
1725653,854000
1725655,450000
1725658,558000
1725662,350000
1725671,591000
1725677,502500
1725683,390500
1725684,150000
1725685,450000
1725687,3146500
1725688,0
1725695,450000
1725700,400000
1725703,3945000
1725707,400000
1725714,550400
1725720,1200000
1725721,350000
1725724,680000
1725726,0
1725727,1779500
1725729,530800
1725732,450000
1725733,0
1725735,200000
1725743,423500
1725747,150000
1725750,0
1725754,461000
1725756,650000
1725760,428000
1725766,350000
1725767,600000
1725773,450000
1725775,350000
1725780,471100
1725781,0
1725782,400000
1725787,0
1725791,400000
1725799,0
1725806,0
1725815,556200
1725818,472500
1725825,189000
1725826,300000
1725827,510500
1725832,350000
1725838,474000
1725840,300000
1725851,0
1725860,400000
1725864,449400
1725872,592000
1725878,460000
1725879,350000
1725880,130000
1725881,350000
1725887,510500
1725888,450000
1725889,0
1725890,400000
1725897,142000
1725902,479600
1725909,400000
1725911,436000
1725917,350000
1725922,1050000
1725930,650000
1725933,0
1725934,670000
1725942,3785000
1725947,350000
1725949,0
1725950,0
1725952,783200
1725957,546000
1725960,150000
1725963,300000
1725970,466800
1725980,412500
1725983,0
1725988,467000
1725991,0
1725994,667800
1726003,450000
1726007,501400
1726011,450000
1726013,135000
1726015,150000
1726017,472500
1726019,450000
1726022,450000
1726023,1059400
1726024,450000
1726025,450000
1726028,550000
1726031,739600
1726041,450000
1726051,476000
1726053,992400
1726063,150000
1726066,0
1726088,0
1726090,650000
1726102,350000
1726105,568500
1726106,430000
1726114,450000
1726120,450000
1726121,135000
1726125,0
1726127,554500
1726131,396900
1726133,441000
1726135,322000
1726145,610000
1726155,448000
1726156,441300
1726161,742500
1726163,400000
1726164,350000
1726165,450000
1726169,490200
1726171,819000
1726175,431000
1726179,450000
1726182,0
1726185,661200
1726188,738500
1726192,488500
1726198,450000
1726199,670700
1726201,509000
1726206,350000
1726214,450000
1726217,0
1726218,140000
1726220,0
1726221,0
1726225,127900
1726227,500000
1726229,350000
1726240,350000
1726243,809000
1726244,1178500
1726246,830000
1726276,400000
1726284,450000
1726285,0
1726289,568500
1726295,434000
1726298,450000
1726300,0
1726303,350000
1726305,450000
1726306,1205000
1726314,448000
1726318,54600
1726320,350000
1726329,450000
1726331,832900
1726334,0
1726337,350000
1726338,448000
1726342,375900
1726344,570000
1726349,0
1726352,400000
1726355,450000
1726358,400000
1726359,400000
1726363,350000
1726367,550000
1726372,639000
1726373,1277400
1726378,150000
1726388,0
1726390,0
1726391,459500
1726400,448000
1726401,350000
1726417,410000
1726419,150000
1726421,300000
1726427,581000
1726437,400000
1726450,450000
1726454,0
1726457,600000
1726458,1138200
1726462,350000
1726467,400000
1726469,400000
1726472,750000
1726477,615000
1726481,600000
1726483,0
1726485,450000
1726486,2800200
1726491,664000
1726496,574300
1726507,844500
1726511,150000
1726515,400000
1726520,0
1726523,1250000
1726525,555000
1726527,826300
1726529,567500
1726540,574300
1726543,0
1726549,0
1726550,400000
1726556,400000
1726557,600000
1726560,0
1726561,670000
1726562,400000
1726571,522300
1726575,574300
1726585,0
1726586,450000
1726587,540000
1726593,240000
1726596,584800
1726604,0
1726612,530000
1726615,0
1726621,150000
1726628,400000
1726631,450000
1726636,0
1726644,388800
1726650,574300
1726658,289700
1726661,1051000
1726664,1412100
1726669,0
1726678,150000
1726682,0
1726686,574300
1726691,345000
1726701,400000
1726702,200000
1726717,147000
1726722,750000
1726723,650000
1726728,364800
1726729,574300
1726730,0
1726736,150000
1726738,400000
1726741,413000
1726751,579400
1726756,300000
1726758,400000
1726761,934000
1726763,400000
1726770,562600
1726794,0
1726798,142500
1726800,450000
1726805,450000
1726815,150000
1726818,140000
1726819,400000
1726823,0
1726830,350000
1726842,0
1726847,462800
1726851,400000
1726862,417500
1726868,635600
1726893,400000
1726905,0
1726907,0
1726910,0
1726913,400000
1726918,550000
1726924,0
1726928,3004800
1726932,694000
1726934,350000
1726944,500000
1726945,450000
1726964,400000
1726972,0
1726975,450500
1726986,1995000
1726989,1510300
1727000,1213200
1727006,450000
1727010,544300
1727014,1386000
1727015,0
1727020,1183300
1727022,2790000
1727034,550000
1727036,0
1727041,400000
1727042,0
1727046,399000
1727049,450000
1727052,350000
1727066,0
1727070,400000
1727076,400000
1727081,400000
1727090,780000
1727092,450000
1727095,400000
1727096,350000
1727104,0
1727107,0
1727110,300000
1727112,80000
1727116,350000
1727119,0
1727120,775000
1727129,1344300
1727138,450000
1727141,155300
1727151,535000
1727153,275000
1727154,0
1727168,550000
1727178,0
1727179,400000
1727180,0
1727181,0
1727186,200000
1727190,150000
1727191,417500
1727199,593400
1727204,140000
1727210,582100
1727225,350000
1727228,413000
1727248,0
1727256,150000
1727261,822000
1727262,0
1727270,550000
1727291,0
1727294,400000
1727299,0
1727308,2351000
1727311,0
1727325,396900
1727329,350000
1727339,750000
1727341,450000
1727345,400000
1727347,0
1727349,220800
1727356,350000
1727361,500000
1727365,1150500
1727369,1200000
1727373,450000
1727375,400000
1727377,959000
1727378,500000
1727389,150000
1727395,497500
1727402,700000
1727406,0
1727407,400000
1727429,550000
1727433,400000
1727437,650000
1727449,526400
1727452,509000
1727461,2283200
1727463,400000
1727468,780100
1727489,568300
1727511,0
1727515,0
1727535,700000
1727536,150000
1727542,450000
1727555,400000
1727559,1190000
1727562,400000
1727564,0
1727570,840000
1727579,550000
1727588,1000000
1727593,550000
1727598,0
1727600,450000
1727603,540000
1727607,400000
1727608,526400
1727614,0
1727615,650000
1727622,750000
1727626,150000
1727628,0
1727631,400000
1727640,400000
1727641,528500
1727644,400000
1727652,500000
1727660,210800
1727677,400000
1727679,90000
1727680,870200
1727695,548000
1727697,400000
1727698,450000
1727716,540000
1727733,1001100
1727736,450000
1727741,0
1727744,550000
1727754,222000
1727764,554500
1727776,400000
1727777,1089300
1727781,650000
1727782,450000
1727793,380200
1727797,530000
1727806,550000
1727811,350000
1727812,400000
1727820,568400
1727825,450000
1727856,933000
1727859,550000
1727862,0
1727866,535300
1727872,467700
1727880,400000
1727884,700000
1727901,600000
1727903,350000
1727909,0
1727912,250000
1727914,450000
1727916,400000
1727923,400000
1727927,1043700
1727929,0
1727936,68000
1727939,1466500
1727942,550000
1727951,400000
1727954,534000
1727958,774000
1727959,450000
1727960,350000
1727964,400000
1727973,0
1727982,150000
1727983,0
1728000,781000
1728002,400000
1728004,700000
1728019,250000
1728027,694000
1728029,650900
1728046,350000
1728054,1420300
1728071,851800
1728079,300000
1728091,481400
1728094,674400
1728100,689000
1728103,0
1728109,550000
1728124,0
1728161,350000
1728180,450000
1728196,0
1728197,0
1728207,150000
1728210,495600
1728212,0
1728229,130000
1728240,780000
1728244,500000
1728248,450000
1728252,257800
1728253,400000
1728255,827000
1728266,617600
1728269,470000
1728272,0
1728276,450000
1728284,0
1728292,413000
1728296,0
1728300,350000
1728306,1031400
1728308,0
1728311,750000
1728313,436800
1728329,400000
1728335,400000
1728337,0
1728355,2105900
1728362,0
1728367,950000
1728378,350000
1728389,350000
1728401,250000
1728403,437100
1728406,400000
1728407,0
1728410,0
1728411,350000
1728421,0
1728427,0
1728437,0
1728451,250000
1728453,450000
1728461,322500
1728462,150000
1728464,450000
1728469,800000
1728470,600000
1728482,200000
1728484,450000
1728485,777500
1728487,150000
1728513,150000
1728515,267000
1728521,150000
1728533,0
1728541,853500
1728545,500000
1728562,150000
1728564,600000
1728570,0
1728587,350000
1728592,350000
1728598,150000
1728601,350000
1728605,0
1728623,0
1728639,350000
1728642,450000
1728644,350000
1728652,350000
1728666,422800
1728669,0
1728673,450000
1728678,0
1728681,185000
1728692,521000
1728693,434000
1728695,146000
1728697,500000
1728715,0
1728724,350000
1728740,434000
1728742,693500
1728750,150000
1728752,350000
1728757,450000
1728766,680000
1728767,0
1728774,0
1728779,450000
1728784,450000
1728787,444500
1728791,435000
1728794,0
1728795,450500
1728815,350000
1728818,180000
1728824,0
1728828,0
1728830,350000
1728835,350000
1728840,350000
1728843,450000
1728845,350000
1728863,450000
1728868,0
1728874,494500
1728880,335000
1728882,0
1728884,350000
1728896,450000
1728911,329000
1728914,900000
1728916,350000
1728923,450000
1728928,600000
1728948,470000
1728949,614000
1728961,150000
1728966,1950000
1728984,500000
1728994,448000
1728996,350000
1728999,450000
1729000,599000
1729008,142000
1729010,450000
1729016,450000
1729019,600000
1729030,515000
1729044,800000
1729047,350000
1729048,322000
1729062,6289500
1729070,1050000
1729076,350000
1729083,400000
1729087,450000
1729090,450000
1729092,1258500
1729095,450000
1729096,1141800
1729100,594500
1729106,2488000
1729114,108000
1729124,550000
1729128,850000
1729130,450000
1729135,1030000
1729139,150000
1729150,0
1729158,350000
1729161,834000
1729164,450000
1729192,0
1729198,150000
1729207,0
1729210,650000
1729211,0
1729219,395800
1729221,517500
1729223,680000
1729224,0
1729227,0
1729231,600000
1729236,0
1729242,0
1729244,503000
1729247,350000
1729250,648000
1729253,340000
1729254,0
1729256,35000
1729278,350000
1729282,556300
1729289,131500
1729291,448000
1729294,434000
1729300,782000
1729302,450000
1729306,441000
1729311,450000
1729318,714000
1729320,1282100
1729323,350000
1729340,150000
1729342,600000
1729348,602500
1729352,142000
1729353,0
1729364,599400
1729366,0
1729371,500000
1729402,350000
1729409,450000
1729411,350000
1729421,350000
1729424,450000
1729425,200000
1729429,600000
1729430,1031000
1729442,455000
1729444,450000
1729451,592000
1729457,350000
1729459,422000
1729482,695500
1729493,0
1729499,450000
1729502,0
1729505,437000
1729506,0
1729511,665600
1729521,350000
1729536,350000
1729537,430000
1729538,769900
1729561,450000
1729566,938100
1729568,350000
1729573,423500
1729575,350000
1729582,449400
1729583,670000
1729586,622200
1729595,390500
1729598,500000
1729601,1525800
1729604,197500
1729605,1050000
1729620,350000
1729623,0
1729625,1080000
1729627,350000
1729629,455000
1729633,0
1729645,450000
1729659,450000
1729663,150000
1729664,329500
1729665,730000
1729667,350000
1729669,0
1729671,329000
1729672,450000
1729675,350000
1729681,300000
1729683,441000
1729686,1530000
1729703,0
1729705,450000
1729706,350000
1729713,550000
1729722,450000
1729730,739100
1729735,0
1729740,0
1729750,350000
1729752,600000
1729753,444500
1729754,136000
1729757,350000
1729759,339800
1729760,450000
1729762,331600
1729767,150000
1729768,150000
1729771,470300
1729772,450000
1729776,247500
1729781,450000
1729785,350000
1729790,1250000
1729794,1717700
1729796,651100
1729798,2070000
1729799,0
1729804,500000
1729805,450000
1729807,0
1729808,661500
1729810,350000
1729818,0
1729819,450000
1729824,450000
1729829,350000
1729830,450000
1729836,150000
1729842,1097800
1729845,0
1729850,0
1729852,316000
1729856,904300
1729861,432600
1729870,200000
1729883,350000
1729897,0
1729904,450000
1729907,329000
1729915,0
1729917,1805400
1729931,350000
1729932,400000
1729934,0
1729935,1324200
1729939,437500
1729940,180000
1729941,400000
1729943,500000
1729945,350000
1729947,0
1729951,280000
1729955,450000
1729960,150000
1729970,150000
1729972,250000
1729973,450000
1729974,648000
1729976,450000
1729982,600000
1729999,350000
1730000,422800
1730004,892000
1730015,600000
1730026,0
1730028,500000
1730031,450000
1730032,350000
1730043,0
1730045,409200
1730052,450000
1730061,517500
1730072,700000
1730074,450000
1730076,450000
1730077,150000
1730080,600000
1730083,350000
1730091,329000
1730101,0
1730103,600000
1730114,0
1730115,629500
1730118,0
1730119,450000
1730124,0
1730125,650000
1730127,0
1730135,350000
1730136,0
1730144,350000
1730147,450000
1730160,350000
1730175,350000
1730188,530000
1730193,365500
1730195,350000
1730197,150000
1730198,350000
1730207,0
1730209,0
1730210,350000
1730212,0
1730213,498000
1730218,0
1730220,0
1730224,1219500
1730231,0
1730249,0
1730250,350000
1730251,450000
1730254,350000
1730261,150000
1730264,800000
1730268,450000
1730273,0
1730289,350000
1730300,0
1730302,150000
1730308,350000
1730309,350000
1730310,350000
1730313,680000
1730321,0
1730323,350000
1730326,350000
1730327,540400
1730337,700000
1730340,450000
1730341,419800
1730342,573600
1730343,395000
1730344,0
1730347,250000
1730352,791000
1730355,664000
1730360,450000
1730361,475900
1730367,900000
1730369,300000
1730370,269000
1730372,350000
1730379,0
1730388,0
1730392,382200
1730393,763000
1730394,35000
1730396,0
1730403,416500
1730405,0
1730406,0
1730408,350000
1730410,300000
1730412,350000
1730421,150000
1730423,350000
1730424,350000
1730429,450000
1730440,531200
1730447,0
1730448,450000
1730449,987000
1730450,0
1730451,459000
1730455,450000
1730460,350000
1730464,350000
1730466,329000
1730467,350000
1730469,0
1730470,860000
1730472,1045000
1730482,350000
1730495,450000
1730498,420000
1730500,350000
1730502,1725600
1730508,0
1730510,0
1730511,599500
1730519,410900
1730521,600000
1730525,150000
1730528,0
1730532,350000
1730541,150000
1730544,350000
1730546,647300
1730549,0
1730551,450000
1730563,450000
1730573,350000
1730574,450000
1730575,350000
1730581,328800
1730582,350000
1730584,350000
1730595,450000
1730597,450000
1730605,358000
1730606,448000
1730607,444500
1730608,350000
1730614,140000
1730617,450000
1730618,1174400
1730628,720000
1730630,0
1730632,450000
1730635,450000
1730637,450000
1730639,700000
1730640,350000
1730650,450000
1730654,350000
1730656,632800
1730662,0
1730678,350000
1730697,350000
1730698,350000
1730705,450000
1730710,350000
1730713,500000
1730714,900000
1730725,438200
1730726,0
1730728,404500
1730729,350000
1730733,650000
1730737,0
1730748,350000
1730760,0
1730761,835800
1730762,730000
1730771,450000
1730780,350000
1730781,137400
1730784,1046000
1730786,626000
1730790,0
1730793,350000
1730795,1150000
1730801,450000
1730810,549000
1730812,350000
1730813,95000
1730814,982000
1730816,0
1730821,650000
1730825,420000
1730826,150000
1730830,450000
1730844,521900
1730850,0
1730851,350000
1730863,150000
1730868,552500
1730881,0
1730886,350000
1730890,1040000
1730893,450000
1730894,329000
1730899,420000
1730900,0
1730906,1416600
1730909,0
1730915,450000
1730916,462000
1730919,0
1730920,750000
1730922,150000
1730926,1292000
1730931,500000
1730956,550000
1730957,450000
1730963,450000
1730965,0
1730968,350000
1730975,450000
1730980,434000
1730981,408500
1730993,450000
1730994,450000
1730997,150000
1731006,350000
1731009,400000
1731016,400000
1731017,0
1731019,0
1731029,526600
1731038,235000
1731040,450000
1731041,350000
1731043,720300
1731044,0
1731045,350000
1731047,0
1731051,450000
1731056,450000
1731070,400000
1731073,0
1731075,450000
1731081,366000
1731083,300000
1731085,350000
1731095,350000
1731097,350000
1731102,350000
1731105,171000
1731108,450000
1731116,300000
1731117,0
1731129,350000
1731131,350000
1731138,120000
1731142,350000
1731146,780000
1731147,0
1731150,400000
1731156,0
1731157,150000
1731161,540000
1731177,450000
1731179,500000
1731183,350000
1731193,329000
1731204,0
1731205,150000
1731210,437000
1731216,544000
1731220,552500
1731223,400000
1731225,0
1731229,350000
1731232,500000
1731238,0
1731242,450000
1731243,450000
1731244,913400
1731247,450000
1731255,600000
1731265,500000
1731279,400000
1731282,450000
1731283,400000
1731287,350000
1731289,566000
1731296,500000
1731297,500000
1731302,560000
1731306,1008000
1731319,450000
1731320,450000
1731323,600000
1731332,150000
1731337,300000
1731341,150000
1731363,450000
1731366,350000
1731367,750000
1731377,2436000
1731387,560000
1731392,450000
1731405,150000
1731410,750000
1731416,417000
1731419,450000
1731426,350000
1731427,915900
1731428,450000
1731431,0
1731447,350000
1731449,0
1731451,270000
1731452,450000
1731454,0
1731460,450000
1731464,160000
1731465,0
1731466,1100400
1731471,105300
1731484,400000
1731486,300000
1731502,500000
1731510,450000
1731512,644400
1731519,0
1731520,350000
1731522,550000
1731529,1317500
1731535,588000
1731536,567000
1731544,750000
1731547,150000
1731560,598000
1731563,0
1731570,150000
1731571,749100
1731577,450000
1731581,600000
1731591,450000
1731595,350000
1731602,60800
1731604,350000
1731611,350000
1731613,0
1731614,450000
1731618,350000
1731620,640000
1731626,450000
1731629,0
1731639,450000
1731647,350000
1731656,350000
1731662,450000
1731675,0
1731684,350000
1731686,639800
1731687,0
1731693,532000
1731700,590000
1731701,350000
1731702,0
1731705,0
1731709,350000
1731716,540000
1731718,700000
1731726,350000
1731733,450000
1731739,450000
1731740,350000
1731744,630000
1731746,150000
1731761,0
1731771,590000
1731777,0
1731785,200000
1731786,450000
1731794,1200000
1731795,150000
1731796,600000
1731798,750000
1731799,0
1731802,500000
1731803,906800
1731806,350000
1731810,650000
1731824,510000
1731828,450000
1731834,200000
1731836,777400
1731837,600000
1731841,450000
1731844,711000
1731848,0
1731849,756800
1731853,350000
1731855,720500
1731859,450000
1731866,850000
1731870,450000
1731871,0
1731873,438000
1731887,450000
1731889,0
1731890,0
1731897,1050000
1731900,450000
1731902,350000
1731904,394800
1731906,350000
1731907,324000
1731914,402500
1731930,478600
1731937,530000
1731954,450000
1731955,861000
1731956,1050000
1731957,0
1731959,0
1731962,0
1731963,374200
1731964,0
1731967,350000
1731976,602900
1731977,450000
1731978,550000
1731981,674000
1731987,450000
1731992,450000
1732000,450000
1732003,450000
1732006,500000
1732024,350000
1732025,350000
1732033,864000
1732038,450000
1732041,556700
1732042,450000
1732045,142000
1732047,0
1732049,450000
1732051,719800
1732085,350000
1732087,0
1732092,470000
1732097,350000
1732102,90000
1732111,437000
1732114,345000
1732121,450000
1732130,450000
1732135,450000
1732137,513000
1732156,450000
1732163,160000
1732168,350000
1732169,350000
1732176,828300
1732180,350000
1732183,630900
1732184,1289700
1732195,450000
1732206,600000
1732207,450000
1732208,0
1732215,1272000
1732220,0
1732223,450000
1732232,335000
1732235,350000
1732240,350000
1732251,150000
1732253,0
1732254,150000
1732259,0
1732261,0
1732263,400000
1732271,450000
1732280,540000
1732281,500000
1732288,450000
1732298,1280000
1732306,450000
1732310,150000
1732313,0
1732315,450000
1732318,600000
1732323,1041400
1732325,0
1732326,450000
1732330,450000
1732335,450000
1732336,550000
1732341,300000
1732342,900000
1732350,350000
1732353,550000
1732360,212500
1732364,150000
1732368,450000
1732370,450000
1732372,436000
1732375,500000
1732376,150000
1732385,150000
1732395,420000
1732401,220000
1732406,2704300
1732412,650000
1732414,206000
1732426,350000
1732432,0
1732439,0
1732447,300000
1732461,672500
1732465,225000
1732469,380800
1732471,225000
1732475,500000
1732494,0
1732495,0
1732497,0
1732504,0
1732505,350000
1732519,500000
1732523,450000
1732531,450000
1732532,0
1732538,810000
1732542,0
1732543,350000
1732545,350000
1732565,600000
1732567,600000
1732568,150000
1732571,350000
1732572,350000
1732577,0
1732587,450000
1732591,450000
1732593,540000
1732600,350000
1732601,450000
1732602,589000
1732603,450000
1732604,350000
1732622,450000
1732626,0
1732629,450000
1732630,500000
1732634,350000
1732648,350000
1732649,450000
1732652,150000
1732653,250000
1732655,150000
1732658,450000
1732665,479600
1732670,450000
1732672,350000
1732676,0
1732685,450000
1732688,0
1732690,500000
1732697,406300
1732705,150000
1732711,459800
1732716,0
1732720,500000
1732726,486000
1732730,715700
1732739,150000
1732740,710000
1732741,343600
1732743,350000
1732749,450000
1732754,810000
1732761,350000
1732762,350000
1732766,1186000
1732770,0
1732772,350000
1732775,700000
1732781,678800
1732791,439000
1732797,450000
1732799,786600
1732801,350000
1732804,450000
1732811,295000
1732812,150000
1732821,174000
1732826,440000
1732835,450000
1732836,350000
1732839,0
1732844,0
1732845,450000
1732849,350000
1732852,350000
1732853,140000
1732854,450000
1732874,555000
1732877,450000
1732879,842500
1732887,350000
1732889,485300
1732890,750000
1732893,0
1732898,450000
1732900,0
1732904,1520800
1732915,150000
1732933,80000
1732934,0
1732935,450000
1732936,350000
1732937,0
1732943,570000
1732944,3340000
1732950,775000
1732955,450000
1732956,450000
1732957,1414900
1732964,600000
1732965,566000
1732968,0
1732977,450000
1732980,0
1732982,576000
1732987,490000
1732993,350000
1732994,445000
1732995,400000
1733001,0
1733007,700000
1733008,450000
1733021,697400
1733025,1510000
1733027,450000
1733029,350000
1733043,0
1733049,350000
1733058,450000
1733059,450000
1733070,399800
1733073,850000
1733075,673000
1733078,0
1733084,350000
1733089,450000
1733100,450000
1733106,500000
1733107,450000
1733108,350000
1733114,0
1733116,140000
1733121,450000
1733124,800000
1733131,350000
1733133,450000
1733139,450000
1733146,450000
1733148,400000
1733153,350000
1733155,150000
1733156,750000
1733160,150000
1733162,476300
1733165,1050000
1733169,500000
1733171,0
1733176,450000
1733180,300000
1733181,350000
1733182,0
1733186,637500
1733187,450000
1733189,400000
1733191,300000
1733192,417000
1733193,200000
1733203,350000
1733204,400000
1733205,0
1733211,0
1733216,150000
1733226,1070000
1733235,600000
1733238,700000
1733240,450000
1733243,600000
1733256,450000
1733265,450000
1733266,0
1733268,510000
1733281,255000
1733282,350000
1733283,600000
1733285,400000
1733287,450000
1733290,717000
1733293,438000
1733299,412000
1733300,450000
1733301,596300
1733302,0
1733304,350000
1733311,600000
1733316,150000
1733319,685000
1733324,0
1733328,3933000
1733338,350000
1733343,1800000
1733346,577000
1733347,450000
1733358,600000
1733364,450000
1733367,250000
1733374,350000
1733378,300000
1733381,600000
1733385,1400000
1733386,1120000
1733387,150000
1733392,600000
1733395,926400
1733407,350000
1733408,140000
1733409,0
1733418,856000
1733420,0
1733431,438800
1733439,650000
1733444,450000
1733447,661000
1733454,530000
1733456,150000
1733463,450000
1733464,620000
1733470,0
1733472,350000
1733484,450000
1733485,444000
1733494,975000
1733496,660000
1733500,0
1733501,440000
1733507,37000
1733511,526600
1733512,670000
1733513,150000
1733517,400000
1733520,690000
1733525,440000
1733526,500000
1733531,450000
1733537,530000
1733538,450000
1733543,877600
1733544,538000
1733545,120000
1733548,658000
1733551,400000
1733552,0
1733554,516900
1733558,847500
1733559,350000
1733561,350000
1733562,400000
1733570,0
1733572,0
1733573,0
1733577,21700
1733579,650000
1733580,350000
1733581,375000
1733582,0
1733584,450000
1733587,0
1733591,450000
1733592,594000
1733593,0
1733596,519800
1733600,450000
1733605,450000
1733606,450000
1733614,450000
1733616,658200
1733618,150000
1733624,350000
1733626,130000
1733627,0
1733640,0
1733642,450000
1733645,450000
1733650,0
1733651,350000
1733653,450000
1733655,450000
1733657,115000
1733659,627500
1733663,0
1733665,300000
1733666,600000
1733668,501800
1733671,590000
1733690,450000
1733692,510100
1733693,1309400
1733703,450000
1733707,450000
1733710,501500
1733711,946500
1733713,350000
1733718,0
1733719,0
1733720,350000
1733722,450000
1733727,150000
1733728,500000
1733737,472300
1733738,525000
1733743,600000
1733746,450000
1733747,1206500
1733750,750000
1733752,500000
1733768,450000
1733769,328000
1733770,350000
1733777,622000
1733783,150000
1733785,350000
1733787,800000
1733789,574000
1733792,558000
1733799,0
1733804,350000
1733805,522000
1733807,870000
1733809,350000
1733810,0
1733815,450000
1733816,491000
1733819,478000
1733822,509000
1733828,400000
1733837,1580000
1733845,500000
1733853,500000
1733854,815500
1733865,450000
1733873,102000
1733874,590400
1733875,450000
1733888,0
1733891,750000
1733893,450000
1733895,600000
1733896,650000
1733904,600000
1733906,350000
1733914,540000
1733917,280000
1733918,450000
1733921,489000
1733936,600000
1733938,450000
1733945,450000
1733949,445000
1733954,290000
1733955,350000
1733959,785500
1733963,0
1733964,0
1733966,350000
1733979,0
1733980,350000
1733983,350000
1733984,650000
1733989,500000
1733997,0
1734000,0
1734002,350000
1734008,280700
1734015,811800
1734020,924000
1734027,350000
1734030,450000
1734031,559000
1734035,450000
1734037,450000
1734038,350000
1734040,550000
1734049,500000
1734064,150000
1734066,450000
1734071,350000
1734085,0
1734088,804200
1734089,510000
1734095,450000
1734097,450000
1734098,450000
1734101,437000
1734104,450000
1734110,350000
1734113,650000
1734117,245800
1734130,450000
1734131,500000
1734143,450000
1734145,0
1734150,900000
1734153,438000
1734157,350000
1734159,150000
1734165,350000
1734175,0
1734182,350000
1734185,750000
1734186,400000
1734192,0
1734194,150000
1734208,142000
1734211,449500
1734213,450000
1734215,320000
1734221,0
1734222,450000
1734223,350000
1734229,575000
1734231,720000
1734235,500000
1734240,0
1734251,0
1734252,400000
1734255,567100
1734259,0
1734261,450000
1734271,150000
1734272,1039500
1734280,350000
1734281,489500
1734283,450000
1734284,150000
1734288,1012000
1734294,590000
1734295,450000
1734304,540000
1734307,510000
1734314,350000
1734318,509000
1734325,498000
1734326,600000
1734327,450000
1734329,450000
1734334,350000
1734336,0
1734340,350000
1734341,568400
1734343,450000
1734345,350000
1734348,0
1734367,0
1734370,546200
1734373,500000
1734379,995400
1734383,590000
1734385,600000
1734387,350000
1734392,0
1734393,450000
1734409,150000
1734418,0
1734420,750000
1734434,388100
1734436,450000
1734437,350000
1734438,515000
1734441,450000
1734442,450000
1734446,28000
1734454,600000
1734455,350000
1734456,1240000
1734461,674300
1734463,500000
1734467,1561000
1734468,321000
1734470,450000
1734472,777500
1734477,550000
1734484,600000
1734490,749000
1734492,450000
1734494,350000
1734496,350000
1734503,450000
1734505,400000
1734506,500000
1734518,0
1734520,600000
1734526,500000
1734529,600000
1734541,450000
1734545,670000
1734557,1100000
1734559,400000
1734562,300000
1734564,0
1734565,150000
1734569,150000
1734573,350000
1734579,350000
1734583,0
1734584,150000
1734592,450000
1734594,950000
1734596,500000
1734600,450000
1734601,690000
1734606,0
1734613,450000
1734615,450000
1734620,150000
1734623,350000
1734624,777000
1734626,0
1734637,1919700
1734640,500000
1734641,450000
1734651,445000
1734656,0
1734657,579200
1734662,450000
1734668,150000
1734669,0
1734670,0
1734671,374500
1734673,767200
1734679,450000
1734687,0
1734693,450000
1734697,0
1734698,500000
1734699,300000
1734702,450000
1734711,400000
1734713,0
1734724,350000
1734733,450000
1734736,512000
1734740,750000
1734742,450000
1734744,450000
1734745,350000
1734748,150000
1734749,600000
1734752,0
1734756,350000
1734759,858000
1734762,0
1734765,510000
1734767,257400
1734768,400000
1734769,350000
1734771,150000
1734772,450000
1734780,1392000
1734782,646000
1734783,400000
1734785,150000
1734787,0
1734790,837500
1734792,217500
1734794,0
1734802,270000
1734803,310000
1734807,494000
1734810,400000
1734811,700000
1734813,150000
1734814,0
1734816,450000
1734820,518000
1734823,350000
1734825,736500
1734826,400000
1734828,350000
1734834,450000
1734835,0
1734839,0
1734841,415800
1734850,445000
1734854,0
1734859,450000
1734860,0
1734863,730000
1734865,1048000
1734868,0
1734875,401800
1734884,350000
1734886,400000
1734889,450000
1734900,400000
1734902,450000
1734909,1175000
1734911,1649800
1734923,0
1734924,150000
1734930,386700
1734933,448000
1734939,150000
1734945,573100
1734947,700000
1734948,750000
1734949,0
1734951,225000
1734958,500000
1734960,1005000
1734966,450000
1734978,450000
1734979,0
1734980,0
1734985,0
1734996,600000
1735002,844000
1735006,350000
1735007,350000
1735012,0
1735017,450000
1735018,350000
1735031,900000
1735048,450000
1735050,3279900
1735051,2635500
1735056,439000
1735060,1202400
1735072,600000
1735073,450000
1735086,450000
1735087,150000
1735096,280000
1735101,780000
1735106,0
1735126,525000
1735131,500000
1735136,283500
1735141,450000
1735142,580000
1735143,240000
1735144,450000
1735145,0
1735173,180000
1735179,0
1735180,1344600
1735182,900000
1735185,525000
1735193,139700
1735196,750000
1735199,0
1735201,1000000
1735204,450000
1735209,450000
1735219,350000
1735220,400000
1735221,450000
1735224,373600
1735231,650000
1735235,450000
1735238,500000
1735243,440000
1735244,450000
1735245,790000
1735246,0
1735257,824000
1735265,350000
1735271,140000
1735273,820900
1735276,165200
1735277,747000
1735279,12049100
1735280,450000
1735282,907400
1735283,0
1735290,1191000
1735296,707600
1735299,0
1735301,350000
1735308,0
1735310,547800
1735316,150000
1735317,786100
1735320,300000
1735323,450000
1735326,450000
1735333,0
1735340,450000
1735344,498000
1735346,400000
1735347,208000
1735349,450000
1735353,400000
1735356,0
1735358,900000
1735359,250000
1735362,667800
1735364,0
1735365,0
1735366,590000
1735368,852000
1735380,750000
1735381,350000
1735382,639700
1735383,2650000
1735384,350000
1735390,650000
1735403,45000
1735405,0
1735406,771800
1735407,0
1735410,112000
1735415,450000
1735416,307500
1735419,692300
1735423,0
1735428,0
1735430,412000
1735431,500000
1735439,187500
1735440,350000
1735442,1340800
1735444,450000
1735447,769900
1735451,600000
1735454,400000
1735455,105900
1735458,120000
1735459,600000
1735460,350000
1735465,450000
1735468,450000
1735475,250000
1735477,0
1735480,0
1735481,545300
1735482,0
1735483,437000
1735484,600000
1735487,447000
1735491,713000
1735502,1315000
1735509,300000
1735510,350000
1735514,350000
1735519,0
1735522,486200
1735523,750000
1735524,570000
1735525,139700
1735533,604600
1735534,1000000
1735539,1000000
1735541,521100
1735545,0
1735548,642000
1735550,350000
1735555,644400
1735562,0
1735566,450000
1735567,468000
1735572,450000
1735579,0
1735580,0
1735591,400000
1735592,0
1735599,400000
1735600,250000
1735604,600900
1735615,400000
1735618,140000
1735619,1350000
1735620,600000
1735621,1793200
1735622,706800
1735632,478700
1735635,450000
1735640,350000
1735645,350000
1735647,550000
1735653,400000
1735654,150000
1735656,0
1735658,750000
1735660,0
1735662,0
1735677,400000
1735680,0
1735686,0
1735699,493800
1735702,350000
1735703,400000
1735707,450000
1735709,400000
1735711,175000
1735712,150000
1735716,150000
1735718,0
1735722,0
1735726,532500
1735730,140000
1735732,326000
1735733,150000
1735735,451500
1735738,450000
1735750,150000
1735751,400000
1735752,0
1735755,600000
1735766,1053600
1735769,0
1735770,565000
1735779,266000
1735781,0
1735793,527000
1735795,0
1735796,450000
1735798,684200
1735799,0
1735800,400000
1735803,678000
1735808,350000
1735809,250000
1735811,10870000
1735812,140000
1735815,0
1735818,400000
1735820,753000
1735822,748900
1735837,620100
1735839,1901000
1735844,1366700
1735847,400000
1735854,400000
1735855,588000
1735856,400000
1735863,950000
1735864,700000
1735867,450000
1735871,350000
1735872,0
1735873,400000
1735874,0
1735881,1508300
1735896,450000
1735898,400000
1735899,550000
1735904,417500
1735908,0
1735916,0
1735917,548500
1735920,0
1735921,700000
1735925,1165000
1735928,0
1735935,0
1735936,450000
1735945,500000
1735947,800000
1735955,345000
1735956,450000
1735969,910000
1735970,724000
1735974,0
1735975,350000
1735978,0
1735984,0
1735992,450000
1735997,700000
1735998,550000
1736003,1189700
1736009,540000
1736012,0
1736014,974700
1736019,741000
1736025,433300
1736026,450000
1736029,300000
1736031,450000
1736035,150000
1736040,200000
1736041,550000
1736044,350000
1736045,0
1736059,450000
1736060,450000
1736068,0
1736073,400000
1736084,869100
1736085,0
1736098,0
1736112,400000
1736118,855000
1736119,400000
1736126,400000
1736127,0
1736130,400000
1736133,0
1736136,0
1736140,150000
1736143,690000
1736151,350000
1736160,350200
1736173,0
1736174,0
1736175,518400
1736183,107400
1736188,450000
1736189,150000
1736195,235000
1736207,411000
1736217,0
1736223,250000
1736226,450000
1736232,550000
1736239,350000
1736243,480000
1736244,150000
1736250,400000
1736252,645000
1736260,142500
1736266,521500
1736276,150000
1736280,450000
1736281,773000
1736283,746000
1736284,400000
1736288,400000
1736289,1075000
1736298,0
1736299,0
1736300,150000
1736301,272300
1736306,650000
1736309,0
1736312,450000
1736315,825000
1736316,150000
1736323,0
1736325,0
1736346,350000
1736348,0
1736359,800000
1736363,550000
1736375,400000
1736380,300000
1736382,200000
1736395,350000
1736407,511200
1736410,880000
1736415,400000
1736420,140000
1736423,0
1736424,0
1736438,450000
1736464,0
1736465,0
1736468,21000
1736469,400000
1736471,0
1736473,190000
1736477,825900
1736480,0
1736486,450000
1736492,1028500
1736494,750000
1736499,400000
1736515,450000
1736522,400000
1736527,300000
1736531,350000
1736535,700000
1736536,799800
1736541,0
1736549,375000
1736561,350000
1736563,450000
1736568,850000
1736569,0
1736573,400000
1736584,750000
1736592,450000
1736594,650000
1736600,400000
1736603,250000
1736607,921000
1736615,0
1736622,0
1736623,400000
1736630,0
1736652,176000
1736664,321000
1736665,1492000
1736671,0
1736674,0
1736680,500000
1736683,400000
1736686,288000
1736689,450000
1736697,1389000
1736703,400000
1736710,550000
1736711,594000
1736722,350000
1736726,0
1736730,689600
1736741,0
1736743,0
1736744,60900
1736760,650000
1736761,450000
1736763,150000
1736766,400000
1736777,0
1736778,450000
1736790,400000
1736803,24300
1736807,150000
1736817,450000
1736825,424200
1736837,400000
1736842,450000
1736850,400000
1736851,1400000
1736853,330000
1736857,150000
1736858,400000
1736863,400000
1736913,1183000
1736922,0
1736924,350000
1736936,0
1736957,0
1736974,400000
1737003,650000
1737006,300000
1737011,360000
1737016,3360600
1737025,350000
1737032,150000
1737040,400000
1737050,938300
1737057,400000
1737068,520000
1737070,904500
1737075,1262000
1737086,400000
1737093,551000
1737094,0
1737105,400000
1737138,450000
1737141,550000
1737142,0
1737143,450000
1737146,462500
1737154,700000
1737163,550000
1737172,350000
1737182,527600
1737185,889500
1737187,0
1737195,1274000
1737205,892300
1737206,400000
1737208,450000
1737210,450000
1737212,727000
1737213,273000
1737222,200000
1737224,800000
1737225,150000
1737230,710000
1737232,350000
1737249,300000
1737251,250000
1737252,2343900
1737255,400000
1737257,0
1737258,350000
1737259,2001500
1737264,450000
1737271,0
1737279,450000
1737280,1344300
1737284,445000
1737294,400000
1737297,947000
1737301,684500
1737306,1176300
1737308,450000
1737311,300000
1737315,400000
1737316,450000
1737323,250000
1737326,0
1737330,0
1737340,0
1737352,2810000
1737353,250000
1737364,150000
1737368,150000
1737371,500000
1737372,357000
1737377,0
1737385,350000
1737392,600000
1737399,350000
1737403,1292400
1737406,0
1737412,0
1737420,478000
1737440,478000
1737442,350000
1737443,500000
1737447,0
1737451,566000
1737452,478000
1737453,350000
1737455,0
1737458,478000
1737462,750000
1737466,0
1737469,400000
1737474,478000
1737476,450000
1737482,478000
1737487,0
1737489,478000
1737491,350000
1737494,672300
1737499,478000
1737503,150000
1737512,150000
1737515,887500
1737516,324000
1737517,2906200
1737519,450000
1737526,0
1737538,112700
1737540,414000
1737546,525000
1737550,0
1737551,450000
1737563,600000
1737564,0
1737565,0
1737566,450000
1737577,350000
1737580,450000
1737581,500000
1737582,0
1737585,643400
1737587,445000
1737592,450000
1737594,350000
1737596,750000
1737597,263000
1737599,320000
1737603,350000
1737605,450000
1737606,750000
1737607,450000
1737608,0
1737610,450000
1737639,250000
1737644,632100
1737646,350000
1737652,1195000
1737654,150000
1737662,0
1737667,450000
1737669,448800
1737676,450000
1737683,450000
1737684,0
1737713,0
1737717,0
1737721,450000
1737729,150000
1737730,806000
1737732,350000
1737734,350000
1737735,1050000
1737748,232800
1737754,0
1737761,448500
1737765,450000
1737767,450000
1737770,400000
1737771,0
1737776,542900
1737779,450000
1737780,465800
1737782,450000
1737785,350000
1737803,350000
1737805,491300
1737808,200000
1737810,529600
1737812,350000
1737818,350000
1737821,948900
1737825,250000
1737826,0
1737831,450000
1737838,700400
1737840,0
1737842,0
1737847,150000
1737865,450000
1737867,350000
1737869,0
1737871,150000
1737874,350000
1737875,350000
1737886,0
1737888,350000
1737898,350000
1737904,980000
1737910,350000
1737914,450000
1737916,350000
1737919,450000
1737930,450000
1737949,350000
1737968,0
1737969,150000
1737977,0
1737988,450000
1737991,0
1737993,2464300
1737995,350000
1737998,350000
1737999,566000
1738003,350000
1738011,350000
1738016,0
1738041,103500
1738043,265000
1738045,0
1738048,606000
1738050,450000
1738057,915000
1738059,940300
1738074,280000
1738075,200000
1738076,0
1738077,450000
1738079,450000
1738083,450000
1738085,0
1738088,450000
1738092,350000
1738107,350000
1738109,500000
1738115,450000
1738122,450000
1738146,643800
1738148,5145700
1738149,0
1738159,450000
1738164,329000
1738183,650000
1738185,500000
1738186,600000
1738189,350000
1738200,884600
1738202,350000
1738228,0
1738229,320000
1738231,500000
1738234,350000
1738235,600000
1738241,350000
1738242,329000
1738249,745700
1738250,683500
1738255,0
1738257,350000
1738271,450000
1738272,353900
1738273,0
1738274,588000
1738279,350000
1738280,350000
1738285,0
1738286,450000
1738287,0
1738289,0
1738293,150000
1738297,478000
1738302,350000
1738304,350000
1738307,538200
1738308,550000
1738309,0
1738314,0
1738317,772000
1738330,350000
1738338,500000
1738340,450000
1738344,150000
1738346,631900
1738348,550000
1738350,0
1738352,350000
1738353,450000
1738357,150000
1738360,350000
1738364,850000
1738365,450000
1738368,500000
1738373,811300
1738376,450000
1738377,0
1738379,517500
1738381,0
1738387,450000
1738389,600000
1738390,0
1738392,350000
1738396,0
1738397,350000
1738403,350000
1738404,150000
1738408,0
1738411,450000
1738413,680000
1738414,350000
1738421,0
1738424,600000
1738425,0
1738446,350000
1738447,450000
1738448,263000
1738449,350000
1738456,1131800
1738464,590000
1738478,400000
1738479,450000
1738481,350000
1738483,250000
1738489,450000
1738498,350000
1738505,0
1738507,350000
1738510,0
1738515,450000
1738524,1033500
1738525,400000
1738526,750000
1738530,200000
1738531,450000
1738532,350000
1738533,750000
1738536,704500
1738549,478000
1738553,474000
1738554,803000
1738559,450000
1738561,150000
1738568,424000
1738569,478000
1738577,350000
1738579,478000
1738580,398000
1738588,500000
1738589,1284300
1738594,450000
1738595,478000
1738599,801900
1738607,350000
1738610,0
1738612,478000
1738613,350000
1738615,450000
1738617,150000
1738619,0
1738620,141000
1738621,835000
1738622,0
1738636,855600
1738637,450000
1738638,450000
1738639,435800
1738643,400000
1738646,450000
1738648,150000
1738649,614500
1738655,808100
1738656,600000
1738660,350000
1738662,297800
1738663,450000
1738666,350000
1738673,450000
1738680,49000
1738681,450000
1738683,450000
1738686,0
1738691,750000
1738694,518000
1738708,270000
1738721,0
1738722,350000
1738727,500000
1738728,350000
1738737,0
1738738,700000
1738739,930000
1738750,450000
1738754,350000
1738762,831000
1738772,910000
1738773,521200
1738784,350000
1738785,450000
1738786,329000
1738789,450000
1738790,1020000
1738792,450000
1738795,0
1738796,650200
1738801,500000
1738806,450000
1738812,400000
1738815,450000
1738816,0
1738822,450000
1738838,500000
1738846,0
1738854,350000
1738868,450000
1738871,350000
1738874,227600
1738878,400000
1738885,350000
1738888,450000
1738889,350000
1738890,400000
1738892,450000
1738906,450000
1738914,0
1738921,439000
1738922,140000
1738924,300000
1738928,1160000
1738930,450000
1738937,450000
1738942,0
1738945,0
1738946,450000
1738947,450000
1738954,465000
1738959,535000
1738961,350000
1738965,350000
1738968,970000
1738970,350000
1738971,250000
1738976,600000
1738979,1044000
1738988,0
1739008,450000
1739019,450000
1739023,450000
1739029,600000
1739042,350000
1739048,885900
1739051,417000
1739055,500000
1739056,0
1739063,0
1739064,289600
1739070,450000
1739072,0
1739074,0
1739079,350000
1739080,505000
1739081,350000
1739085,0
1739093,670000
1739094,757000
1739096,600000
1739100,150000
1739106,820000
1739110,450000
1739112,0
1739118,1540000
1739119,700000
1739120,111300
1739121,538000
1739123,450000
1739125,212500
1739129,450000
1739138,450000
1739139,450000
1739140,450000
1739143,550000
1739147,111300
1739149,450000
1739159,8606400
1739161,835300
1739166,500000
1739170,450000
1739171,1330000
1739173,0
1739179,0
1739181,950000
1739185,530000
1739189,0
1739195,450000
1739203,1384700
1739214,450000
1739219,450000
1739220,450000
1739221,350000
1739223,0
1739228,400000
1739230,0
1739235,350000
1739237,0
1739240,450000
1739242,150000
1739245,450000
1739246,0
1739249,650000
1739255,450000
1739256,1714000
1739258,350000
1739259,450000
1739260,425000
1739265,0
1739274,450000
1739277,400000
1739285,0
1739288,300000
1739294,0
1739301,441000
1739303,350000
1739304,450000
1739305,1222500
1739307,350000
1739308,0
1739309,523000
1739310,550000
1739311,1584000
1739324,860000
1739327,350000
1739330,0
1739334,660000
1739336,350000
1739342,450000
1739346,0
1739347,950000
1739350,450000
1739351,750000
1739361,500000
1739363,400000
1739367,150000
1739369,4541500
1739371,350000
1739373,350000
1739375,200000
1739381,450000
1739389,9555100
1739397,606200
1739400,650000
1739403,350000
1739412,0
1739415,0
1739422,200000
1739423,150000
1739432,0
1739434,820000
1739435,861700
1739436,350000
1739438,406000
1739444,140000
1739449,300000
1739451,400000
1739455,584500
1739457,350000
1739464,0
1739466,1558100
1739473,20300
1739474,350000
1739475,250000
1739478,150000
1739482,350000
1739489,0
1739491,150000
1739494,150000
1739498,150000
1739505,450000
1739506,350000
1739507,0
1739509,450000
1739517,354000
1739519,188400
1739521,350000
1739525,450000
1739527,0
1739531,350000
1739533,1269000
1739541,350000
1739542,450000
1739548,450000
1739552,0
1739553,0
1739555,250000
1739560,329000
1739562,0
1739572,0
1739579,3288400
1739581,150000
1739585,0
1739591,300000
1739601,600000
1739602,350000
1739617,835600
1739618,350000
1739620,150000
1739622,350000
1739624,100000
1739627,879000
1739629,450000
1739630,282500
1739641,350000
1739642,450000
1739652,450000
1739654,530000
1739662,400000
1739666,0
1739670,400000
1739672,425200
1739678,450000
1739680,450000
1739681,900000
1739688,450000
1739689,748800
1739694,500000
1739701,350000
1739702,450000
1739704,450000
1739705,450000
1739710,583400
1739712,500000
1739714,400000
1739732,750000
1739734,600000
1739735,450000
1739737,450000
1739739,550000
1739740,0
1739751,1684000
1739754,350000
1739755,4203100
1739762,450000
1739763,300000
1739769,450000
1739783,300000
1739784,404000
1739791,350000
1739793,150000
1739794,400000
1739796,0
1739808,0
1739810,0
1739814,608200
1739816,450000
1739819,400000
1739821,900000
1739826,450000
1739829,350000
1739837,798000
1739844,450000
1739845,792400
1739848,0
1739849,450000
1739851,1200000
1739852,350000
1739853,350000
1739858,590000
1739861,400000
1739880,450000
1739881,350000
1739899,449000
1739902,350000
1739903,0
1739906,235200
1739909,744000
1739912,350000
1739926,630000
1739936,300000
1739941,650000
1739942,324000
1739943,450000
1739950,400000
1739954,450000
1739956,450000
1739962,795000
1739964,1169400
1739966,350000
1739969,350000
1739974,139300
1739977,400000
1739978,140000
1739985,496900
1739995,500000
1739998,350000
1740000,120000
1740003,600000
1740014,350000
1740020,350000
1740021,450000
1740023,563300
1740024,500000
1740035,1063200
1740037,150000
1740038,150000
1740040,450000
1740048,0
1740051,6000000
1740055,450000
1740059,750000
1740061,600000
1740066,400000
1740069,250000
1740074,753000
1740080,8000000
1740091,350000
1740092,137000
1740097,450000
1740101,450000
1740103,550000
1740107,1107900
1740108,137000
1740112,488500
1740117,610400
1740119,4000000
1740126,287500
1740135,507400
1740137,350000
1740146,450000
1740158,1775000
1740160,450000
1740165,0
1740167,0
1740173,400000
1740175,0
1740176,1867700
1740177,348000
1740182,0
1740186,450000
1740187,350000
1740188,350000
1740190,450000
1740192,350000
1740194,350000
1740195,750000
1740199,600000
1740204,150000
1740206,740000
1740212,0
1740214,350000
1740217,450000
1740224,0
1740229,350000
1740238,450000
1740246,0
1740247,413500
1740249,350000
1740251,450000
1740253,150000
1740255,445900
1740261,400000
1740270,330000
1740271,350000
1740274,686500
1740280,0
1740285,350000
1740287,350000
1740292,350000
1740293,0
1740296,450000
1740297,450000
1740300,672000
1740303,515000
1740306,450000
1740310,1219800
1740311,350000
1740313,128000
1740320,569300
1740322,0
1740323,474400
1740329,441000
1740334,0
1740336,350000
1740340,0
1740343,7800000
1740348,3353000
1740353,1150000
1740356,0
1740362,600000
1740363,450000
1740364,0
1740365,544000
1740368,590000
1740369,414500
1740370,550000
1740374,0
1740377,0
1740385,450000
1740387,450000
1740391,200000
1740392,150000
1740396,0
1740398,550000
1740402,0
1740409,0
1740413,0
1740421,350000
1740428,450000
1740432,900000
1740445,450000
1740449,150000
1740453,175000
1740456,350000
1740465,450000
1740475,500000
1740478,450000
1740479,150000
1740480,738000
1740486,0
1740494,450000
1740496,144000
1740499,500000
1740500,594200
1740503,0
1740504,0
1740506,0
1740520,653000
1740528,590000
1740538,350000
1740545,1050000
1740547,450000
1740549,0
1740552,450000
1740559,350000
1740563,350000
1740564,350000
1740569,0
1740570,0
1740573,0
1740576,0
1740583,350000
1740587,500000
1740590,500000
1740593,350000
1740602,350000
1740603,450000
1740605,350000
1740611,350000
1740612,600000
1740614,450000
1740623,150000
1740624,345400
1740634,350000
1740638,450000
1740639,450000
1740651,450000
1740658,450000
1740659,400000
1740663,150000
1740675,350000
1740678,0
1740685,150000
1740686,850000
1740694,450000
1740696,300000
1740703,298000
1740704,0
1740706,500000
1740712,450000
1740717,2960000
1740723,350000
1740729,400000
1740735,0
1740741,450000
1740754,0
1740756,1249800
1740762,450000
1740765,450000
1740768,0
1740769,750000
1740771,450000
1740778,850000
1740780,400000
1740787,471100
1740792,346000
1740800,150000
1740807,0
1740816,0
1740819,450000
1740832,790000
1740833,450000
1740844,150000
1740847,3295700
1740853,350000
1740854,0
1740855,0
1740860,450000
1740862,450000
1740865,512400
1740873,0
1740881,731000
1740891,0
1740892,450000
1740893,0
1740895,0
1740905,450000
1740907,710000
1740909,438000
1740910,150000
1740911,150000
1740914,450000
1740920,511000
1740927,500000
1740929,550000
1740930,555800
1740932,450000
1740934,628000
1740943,0
1740965,0
1740974,150000
1740975,757100
1740980,600000
1740982,0
1740983,250000
1740985,600000
1740986,150000
1740992,0
1740994,350000
1740995,509000
1740997,150000
1741000,350000
1741001,240800
1741004,500000
1741008,450000
1741014,566400
1741017,350000
1741019,450000
1741024,0
1741028,347500
1741037,269900
1741046,600000
1741050,0
1741055,450000
1741059,200000
1741064,359000
1741070,0
1741075,500000
1741078,0
1741079,480600
1741081,450000
1741097,420000
1741107,450000
1741117,600000
1741124,693900
1741125,0
1741129,450000
1741131,702900
1741137,150000
1741138,167500
1741139,450000
1741142,155000
1741152,350000
1741153,500100
1741157,0
1741167,1050000
1741169,140000
1741175,90000
1741176,0
1741177,600000
1741181,600000
1741182,733800
1741185,824800
1741188,0
1741190,350000
1741196,0
1741202,350000
1741211,450000
1741218,450000
1741219,400000
1741222,517500
1741226,350000
1741233,608000
1741236,550000
1741237,0
1741250,450000
1741258,1600400
1741267,250000
1741275,1087500
1741285,450000
1741286,0
1741289,250000
1741291,350000
1741294,350000
1741300,450000
1741303,0
1741305,280000
1741319,150000
1741326,150000
1741341,672000
1741349,400000
1741351,450000
1741359,350000
1741374,400000
1741377,600000
1741385,200000
1741387,150000
1741394,0
1741395,0
1741396,336000
1741397,350000
1741400,800000
1741407,421700
1741409,350000
1741415,714300
1741417,0
1741424,450000
1741426,150000
1741432,450000
1741437,750000
1741439,450000
1741440,474900
1741446,300000
1741457,350000
1741461,392000
1741462,450000
1741463,747000
1741474,350000
1741475,0
1741477,0
1741485,350000
1741489,503900
1741498,441000
1741499,600000
1741500,150000
1741518,512100
1741527,450000
1741530,350000
1741531,750800
1741536,0
1741540,450000
1741557,0
1741565,600000
1741567,350000
1741569,150000
1741576,150000
1741581,450000
1741582,965300
1741592,397300
1741596,795700
1741600,750000
1741601,600000
1741603,350000
1741604,450000
1741611,350000
1741614,450000
1741630,1460000
1741631,150000
1741635,1050000
1741647,0
1741648,0
1741651,450000
1741656,582000
1741660,600000
1741674,450000
1741678,200000
1741679,430000
1741683,1039300
1741688,0
1741690,1082700
1741691,0
1741698,150000
1741706,350000
1741710,150000
1741714,450000
1741715,52500
1741722,300000
1741728,350000
1741737,200000
1741741,720000
1741742,6390000
1741750,450000
1741753,0
1741758,725000
1741761,376000
1741762,690000
1741763,150000
1741765,4994200
1741770,350000
1741772,450000
1741773,3215000
1741774,0
1741775,0
1741776,600000
1741779,0
1741782,603700
1741783,350000
1741791,618000
1741792,400000
1741795,0
1741801,450000
1741804,350000
1741809,350000
1741817,600000
1741818,450000
1741821,0
1741827,714000
1741836,0
1741852,778900
1741857,0
1741859,0
1741863,520800
1741865,0
1741866,193000
1741875,520000
1741886,1250000
1741887,250000
1741889,350000
1741891,0
1741892,150000
1741899,450000
1741900,450000
1741902,500000
1741903,350000
1741905,550000
1741908,347000
1741916,450000
1741920,232500
1741921,400000
1741922,536000
1741923,0
1741926,450000
1741927,350000
1741928,450000
1741929,292500
1741930,350000
1741933,530100
1741940,350000
1741952,0
1741956,350000
1741960,350000
1741962,150000
1741964,350000
1741965,350000
1741969,0
1741972,350000
1741984,540000
1741996,597800
1742005,520000
1742006,305000
1742008,0
1742014,438000
1742022,350000
1742028,0
1742034,350000
1742035,594000
1742042,350000
1742047,381500
1742054,450000
1742061,0
1742063,1039300
1742071,450000
1742072,350000
1742073,450000
1742075,590500
1742079,4780000
1742085,0
1742088,200000
1742091,1630700
1742098,690100
1742104,632000
1742105,450000
1742117,450000
1742118,321600
1742122,700000
1742127,350000
1742132,350000
1742137,500000
1742138,350000
1742139,0
1742140,450000
1742151,450000
1742163,589000
1742164,350000
1742166,450000
1742175,450000
1742178,0
1742197,0
1742223,450000
1742227,300000
1742228,450900
1742229,450000
1742231,160000
1742232,450000
1742234,150000
1742241,400000
1742245,0
1742247,350000
1742249,150000
1742251,600000
1742258,400000
1742259,350000
1742262,450000
1742265,450000
1742274,400000
1742278,2523700
1742285,558000
1742287,350000
1742291,350000
1742292,0
1742294,450000
1742297,0
1742298,150000
1742306,492000
1742307,650000
1742309,450000
1742311,350000
1742316,0
1742322,500000
1742323,150000
1742325,420000
1742326,2000000
1742330,450000
1742331,0
1742332,395600
1742336,610000
1742344,350000
1742347,268200
1742351,450000
1742354,350000
1742363,435000
1742367,2450000
1742370,450000
1742374,450000
1742375,450000
1742382,682400
1742383,350000
1742389,450000
1742393,350000
1742394,150000
1742406,640000
1742409,460700
1742422,860000
1742423,450000
1742425,0
1742427,511000
1742434,435000
1742443,150000
1742448,519000
1742449,150000
1742453,450000
1742454,150000
1742458,938000
1742465,575000
1742466,0
1742473,648000
1742474,450000
1742475,765900
1742477,1289400
1742482,1063500
1742483,315800
1742485,0
1742487,441000
1742488,350000
1742489,350000
1742493,350000
1742494,580000
1742496,510000
1742498,592000
1742500,609200
1742504,0
1742505,0
1742507,600000
1742516,4865000
1742517,450000
1742518,450000
1742519,592000
1742522,350000
1742524,927200
1742525,623000
1742527,1353500
1742539,0
1742542,0
1742544,635000
1742546,750000
1742548,400000
1742550,150000
1742551,738500
1742553,450000
1742556,600000
1742563,911100
1742569,350000
1742571,0
1742578,150000
1742581,450000
1742589,542700
1742590,450000
1742605,0
1742612,350000
1742616,350000
1742620,1193100
1742621,150000
1742628,400000
1742635,450000
1742636,610000
1742643,750000
1742649,666100
1742650,450000
1742654,0
1742655,350000
1742658,500000
1742659,0
1742669,0
1742672,450000
1742673,0
1742674,0
1742675,0
1742684,0
1742691,450000
1742695,655000
1742700,154000
1742703,450000
1742717,350000
1742720,490000
1742724,150000
1742726,500000
1742727,436500
1742733,450000
1742736,350000
1742740,489000
1742741,150000
1742743,450000
1742746,1074800
1742752,809400
1742755,150000
1742756,0
1742762,0
1742770,450000
1742784,450000
1742791,1007000
1742792,530000
1742795,583000
1742796,450000
1742798,730000
1742799,0
1742800,0
1742802,350000
1742806,350000
1742812,750000
1742813,0
1742816,0
1742820,150000
1742830,375000
1742832,728000
1742838,150000
1742854,0
1742858,350000
1742868,595500
1742875,350000
1742882,347700
1742886,450000
1742890,350000
1742894,0
1742906,350000
1742914,350000
1742920,450000
1742922,430000
1742928,0
1742937,350000
1742948,646000
1742952,450000
1742953,350000
1742956,500000
1742960,450000
1742961,1088300
1742964,400000
1742974,437000
1742975,3050000
1742983,150000
1742985,0
1742987,445500
1742991,350000
1742996,450000
1742997,1185000
1743015,0
1743017,350000
1743020,450000
1743021,583000
1743026,0
1743033,350000
1743035,500000
1743037,0
1743039,374500
1743042,450000
1743046,1010800
1743055,150000
1743063,500000
1743065,494600
1743073,749000
1743076,467700
1743081,600000
1743083,0
1743085,956600
1743092,300000
1743110,3745500
1743112,350000
1743114,423500
1743129,415500
1743133,800000
1743136,450000
1743138,500000
1743141,0
1743144,0
1743146,144900
1743159,0
1743161,500000
1743164,2300000
1743168,600000
1743170,508300
1743171,470000
1743173,0
1743174,445000
1743175,374000
1743177,450000
1743181,655000
1743182,408300
1743187,535000
1743198,150000
1743205,530000
1743209,573000
1743215,515000
1743220,450000
1743225,150000
1743234,600000
1743236,5238600
1743241,490000
1743242,150000
1743248,150000
1743249,450000
1743252,0
1743256,1995000
1743260,0
1743263,697300
1743264,450000
1743267,450000
1743270,400000
1743271,450000
1743273,0
1743275,185000
1743287,755900
1743288,731400
1743294,450000
1743298,150000
1743299,5188300
1743300,350000
1743303,350000
1743306,470000
1743307,350000
1743309,276800
1743315,0
1743316,350000
1743322,1309500
1743325,542800
1743326,136500
1743327,900000
1743331,0
1743335,89400
1743339,750000
1743344,79900
1743347,350000
1743350,450000
1743351,450000
1743352,0
1743353,288000
1743356,350000
1743357,490900
1743359,1290000
1743361,450000
1743362,450000
1743363,450000
1743379,350000
1743387,650000
1743395,450000
1743400,150000
1743401,0
1743406,0
1743413,0
1743414,0
1743416,300000
1743418,450000
1743421,850000
1743423,590000
1743430,500000
1743431,416500
1743432,600000
1743434,0
1743435,350000
1743438,0
1743441,350000
1743442,0
1743446,0
1743451,350000
1743452,0
1743453,350000
1743463,150000
1743464,550000
1743465,383500
1743466,0
1743467,540000
1743469,0
1743470,400000
1743472,142000
1743473,300300
1743474,450000
1743475,210000
1743478,779100
1743482,540000
1743483,0
1743486,2000000
1743488,350000
1743489,1649900
1743496,150000
1743504,0
1743505,550000
1743510,142500
1743519,550000
1743520,178000
1743524,250000
1743526,350000
1743529,350000
1743534,600000
1743535,190000
1743537,445000
1743538,600000
1743544,0
1743545,150000
1743560,244000
1743566,237000
1743570,1347100
1743571,150000
1743573,235000
1743580,600000
1743586,689500
1743590,371400
1743592,350000
1743596,450000
1743600,450000
1743606,0
1743612,0
1743614,470000
1743625,500000
1743628,0
1743629,600000
1743630,450000
1743632,500000
1743635,350000
1743637,0
1743640,350000
1743644,500000
1743649,350000
1743660,350000
1743663,0
1743665,189500
1743676,0
1743677,250000
1743683,450000
1743686,350000
1743689,150000
1743695,0
1743697,0
1743699,688000
1743703,389900
1743709,150000
1743715,450000
1743716,246500
1743717,350000
1743719,150000
1743723,330000
1743734,450000
1743739,300000
1743745,600000
1743758,689200
1743761,808200
1743762,450000
1743765,750000
1743773,450000
1743777,450000
1743778,0
1743780,400000
1743782,2000000
1743783,350000
1743795,142000
1743797,600000
1743801,350000
1743807,450000
1743809,350000
1743813,550000
1743816,420000
1743821,450000
1743825,500000
1743829,400000
1743830,0
1743831,450000
1743833,0
1743835,450000
1743837,867000
1743839,350000
1743840,450000
1743859,745000
1743861,42000
1743862,150000
1743864,952000
1743866,0
1743875,800000
1743881,742500
1743884,450000
1743885,350000
1743896,439000
1743904,0
1743905,300000
1743913,450000
1743920,530000
1743923,450000
1743929,450000
1743932,0
1743936,600000
1743939,450000
1743942,450000
1743946,0
1743952,595000
1743954,450000
1743955,160000
1743958,518200
1743962,350000
1743965,350000
1743966,439600
1743969,0
1743976,237800
1743978,150000
1743980,350000
1743989,650000
1743993,450000
1743994,297000
1743997,200000
1744001,552500
1744002,350000
1744006,450000
1744007,450000
1744010,0
1744011,450000
1744019,450000
1744039,450000
1744043,209700
1744046,784000
1744051,486200
1744052,331200
1744054,150000
1744057,400000
1744059,350000
1744063,0
1744071,424500
1744074,450000
1744080,0
1744081,348000
1744083,843000
1744092,0
1744101,831500
1744104,640600
1744106,450000
1744109,150000
1744115,450000
1744122,700000
1744123,350000
1744132,450000
1744138,0
1744139,408000
1744141,450000
1744146,0
1744149,150000
1744152,150000
1744175,250000
1744176,450000
1744177,840000
1744178,0
1744181,150000
1744186,350000
1744189,277500
1744196,0
1744203,620000
1744206,0
1744207,400000
1744217,400000
1744220,400000
1744240,350000
1744244,0
1744248,388000
1744250,450000
1744262,316000
1744268,350000
1744274,650000
1744283,680000
1744285,365500
1744286,474500
1744288,450000
1744296,450000
1744300,900100
1744308,450000
1744316,350000
1744331,150000
1744342,450000
1744347,200000
1744356,350000
1744358,450000
1744360,0
1744362,350000
1744368,150000
1744371,1440000
1744372,5404000
1744384,456800
1744386,0
1744390,150000
1744391,350000
1744400,450000
1744407,900000
1744409,150000
1744415,500000
1744423,0
1744427,525000
1744428,450000
1744437,350000
1744440,0
1744441,2682000
1744450,400000
1744451,150000
1744454,609900
1744457,0
1744460,2000000
1744461,450000
1744466,350000
1744469,638000
1744471,350000
1744477,150000
1744481,70000
1744482,700000
1744490,400000
1744491,400000
1744492,350000
1744497,150000
1744505,170000
1744510,608600
1744527,400000
1744532,450000
1744539,450000
1744550,400000
1744552,400000
1744569,0
1744571,824500
1744574,150000
1744576,550000
1744580,371000
1744589,600000
1744598,304200
1744599,400000
1744607,600000
1744609,505000
1744612,510000
1744619,0
1744620,2012000
1744624,391500
1744625,150000
1744637,400000
1744640,419700
1744649,513100
1744652,0
1744654,620000
1744659,0
1744661,350000
1744662,0
1744666,503000
1744674,148000
1744680,550000
1744684,400000
1744689,0
1744700,0
1744710,0
1744716,0
1744722,400000
1744742,0
1744751,235000
1744757,700000
1744762,400000
1744763,400000
1744765,445600
1744776,150000
1744787,445000
1744788,350000
1744791,400000
1744796,350000
1744797,0
1744812,350000
1744814,0
1744826,400000
1744827,150000
1744830,350000
1744839,315000
1744860,0
1744861,700000
1744874,0
1744878,700000
1744885,150000
1744891,700000
1744898,727000
1744900,0
1744907,0
1744915,786800
1744923,365000
1744924,150000
1744929,600000
1744930,400000
1744947,410300
1744950,400000
1744967,637500
1744968,700000
1744975,611600
1744978,400000
1744982,721200
1744994,0
1744999,0
1745001,400000
1745004,0
1745017,650000
1745019,400000
1745022,674000
1745023,400000
1745026,350000
1745030,0
1745037,450000
1745039,0
1745051,365000
1745057,700000
1745071,0
1745082,1000000
1745086,510000
1745088,694000
1745095,350000
1745102,0
1745105,450000
1745109,346900
1745111,250000
1745112,150000
1745115,0
1745136,452500
1745138,400000
1745146,0
1745147,0
1745150,0
1745157,159500
1745163,0
1745169,0
1745171,400000
1745174,400000
1745186,0
1745190,400000
1745193,0
1745197,645000
1745200,450000
1745201,4576300
1745203,596000
1745209,797600
1745222,530000
1745223,350000
1745232,720000
1745236,400000
1745237,0
1745248,843000
1745254,400000
1745255,0
1745271,335000
1745278,450000
1745281,550000
1745282,0
1745295,2200000
1745296,400000
1745303,250000
1745314,150000
1745325,150000
1745328,650000
1745338,450000
1745361,5465000
1745365,700000
1745368,0
1745370,400000
1745377,450000
1745380,2344600
1745391,690000
1745396,800000
1745399,400000
1745402,400000
1745406,150000
1745418,758400
1745428,450000
1745441,0
1745466,400000
1745467,400000
1745468,450000
1745483,520000
1745495,400000
1745520,1418700
1745525,450000
1745527,731200
1745552,400000
1745563,400000
1745577,90000
1745584,490000
1745585,300000
1745588,0
1745609,0
1745614,400000
1745618,0
1745620,0
1745621,2268700
1745624,400000
1745625,250000
1745629,450000
1745634,450000
1745635,350000
1745639,350000
1745646,450000
1745647,531900
1745649,0
1745657,0
1745667,0
1745678,150000
1745698,0
1745710,560000
1745718,975000
1745725,637000
1745729,700000
1745730,2798000
1745741,400000
1745746,150000
1745756,350000
1745760,400000
1745767,400000
1745779,410000
1745785,400000
1745795,180500
1745798,450000
1745800,0
1745803,450000
1745808,400000
1745811,400000
1745816,0
1745827,0
1745828,500000
1745829,590000
1745848,350000
1745882,608600
1745886,340000
1745891,450000
1745904,0
1745910,400000
1745914,0
1745915,494500
1745923,0
1745935,450000
1745940,0
1745942,444000
1745957,0
1745975,870500
1746006,1958200
1746024,400000
1746031,550000
1746035,0
1746039,400000
1746040,0
1746042,450000
1746075,0
1746082,0
1746087,0
1746096,0
1746100,400000
1746106,1053400
1746146,350000
1746150,1560000
1746153,440000
1746155,165000
1746166,690000
1746170,1920500
1746177,620000
1746178,600000
1746183,700000
1746188,0
1746198,630000
1746202,450000
1746205,150000
1746215,400000
1746216,450000
1746217,495000
1746236,490000
1746238,0
1746250,150000
1746254,450000
1746258,400000
1746260,450000
1746267,350000
1746277,0
1746293,250000
1746297,400000
1746304,150000
1746309,350000
1746312,150000
1746314,0
1746317,450000
1746321,150000
1746324,150000
1746328,204000
1746329,150000
1746330,1654900
1746332,450000
1746334,150000
1746337,265500
1746338,150000
1746341,540000
1746350,450000
1746357,350000
1746359,450000
1746375,150000
1746379,560000
1746382,200000
1746390,350000
1746393,250000
1746409,0
1746410,731600
1746416,640000
1746428,350000
1746432,0
1746433,500000
1746436,2285500
1746437,176600
1746439,0
1746441,0
1746443,0
1746450,350000
1746452,1070000
1746463,530000
1746467,450000
1746468,0
1746478,522100
1746489,150000
1746495,350000
1746500,600000
1746516,300000
1746521,441000
1746525,250000
1746527,450000
1746530,467300
1746532,0
1746533,350000
1746539,450000
1746545,350000
1746552,450000
1746555,350000
1746557,150000
1746563,450000
1746569,531400
1746571,350000
1746572,560100
1746578,0
1746589,1626300
1746592,441000
1746593,0
1746594,436000
1746605,424000
1746610,450000
1746620,317400
1746621,0
1746627,450000
1746630,450000
1746632,304400
1746633,490000
1746638,0
1746646,350000
1746650,350000
1746651,0
1746652,350000
1746653,530000
1746662,350000
1746675,600000
1746676,0
1746678,877200
1746684,450000
1746698,845200
1746700,450000
1746701,0
1746705,350000
1746708,150000
1746711,0
1746715,144000
1746716,938000
1746721,350000
1746723,250000
1746725,350000
1746731,200000
1746736,450000
1746737,0
1746741,350000
1746742,0
1746744,0
1746756,350000
1746760,0
1746770,450000
1746776,450000
1746777,200000
1746782,450000
1746784,450000
1746785,350000
1746795,450000
1746798,350000
1746801,600000
1746803,0
1746808,0
1746817,450000
1746819,600000
1746823,350000
1746824,355000
1746825,450000
1746828,350000
1746832,350000
1746843,445000
1746856,0
1746858,750000
1746859,450000
1746867,695000
1746868,495000
1746869,150000
1746871,450000
1746872,150000
1746878,650000
1746897,450000
1746904,450000
1746916,479000
1746920,150000
1746928,450000
1746931,350000
1746934,200000
1746935,350000
1746939,0
1746940,350000
1746942,600000
1746946,760500
1746949,400000
1746953,450000
1746955,0
1746958,0
1746960,450000
1746961,600000
1746963,650000
1746965,450000
1746966,550000
1746967,450000
1746971,450000
1746972,350000
1746975,500000
1746978,350000
1746986,417000
1746988,0
1746989,600000
1746993,440000
1747003,0
1747007,680000
1747018,438000
1747020,350000
1747022,717000
1747023,450000
1747026,670000
1747028,900000
1747040,860000
1747042,0
1747067,350000
1747072,350000
1747075,239200
1747087,880000
1747091,0
1747094,537000
1747096,450000
1747104,0
1747107,166800
1747118,150000
1747123,574700
1747134,600000
1747135,0
1747139,2548100
1747141,600000
1747151,919000
1747161,450000
1747164,400000
1747167,400000
1747171,0
1747175,350000
1747179,400000
1747183,750000
1747184,350000
1747195,350000
1747205,350000
1747208,1072500
1747209,978800
1747220,650000
1747224,450000
1747228,600000
1747229,350000
1747233,350000
1747237,1098100
1747239,600000
1747240,450000
1747253,441000
1747255,315000
1747256,150000
1747258,600000
1747262,449400
1747264,0
1747273,1633000
1747281,0
1747282,0
1747285,1295000
1747289,170000
1747290,0
1747300,859500
1747303,0
1747304,0
1747315,450000
1747322,650000
1747323,0
1747328,350000
1747336,550000
1747337,590000
1747339,450000
1747340,0
1747341,300000
1747343,150000
1747348,450000
1747354,700000
1747355,450000
1747362,450000
1747367,0
1747381,0
1747383,0
1747393,350000
1747395,1983300
1747396,307500
1747403,701000
1747405,450000
1747409,450000
1747414,450000
1747422,450000
1747427,0
1747437,500000
1747442,350000
1747451,350000
1747454,150000
1747455,700000
1747461,350000
1747479,350000
1747483,350000
1747484,500000
1747496,0
1747497,600000
1747504,0
1747516,200000
1747521,250000
1747522,778400
1747523,440000
1747524,150000
1747525,350000
1747528,0
1747530,700000
1747532,1050000
1747533,0
1747534,450000
1747536,912000
1747541,0
1747554,350000
1747556,500000
1747559,350000
1747563,0
1747565,0
1747575,350000
1747579,450000
1747589,550000
1747590,245000
1747599,1323700
1747601,350000
1747610,450000
1747618,350000
1747620,100000
1747626,150000
1747630,0
1747633,350000
1747637,0
1747639,330000
1747643,450000
1747645,450000
1747647,2830000
1747650,450000
1747656,0
1747657,450000
1747675,504800
1747681,450000
1747684,450000
1747686,350000
1747691,450000
1747695,350000
1747698,0
1747700,4020000
1747701,470600
1747709,350000
1747712,350000
1747717,1499100
1747723,450000
1747725,350000
1747727,590000
1747734,600000
1747735,450000
1747736,0
1747739,350000
1747743,0
1747744,450000
1747746,350000
1747753,1487800
1747754,450000
1747769,250000
1747777,750000
1747778,350000
1747780,172000
1747781,350000
1747786,530000
1747791,0
1747793,1233000
1747796,0
1747801,600000
1747817,900000
1747822,150000
1747825,350000
1747832,150000
1747838,400000
1747841,0
1747844,550000
1747848,2559000
1747854,460000
1747860,782000
1747870,848000
1747879,350000
1747881,600000
1747882,150000
1747884,450000
1747886,500000
1747888,140000
1747891,350000
1747892,585000
1747899,180000
1747900,176200
1747901,0
1747910,750000
1747912,0
1747915,500000
1747917,0
1747919,498000
1747923,753500
1747926,250000
1747928,307500
1747930,350000
1747931,0
1747932,150000
1747934,0
1747936,573500
1747938,350000
1747940,0
1747941,800000
1747943,150000
1747950,350000
1747957,450000
1747964,150000
1747966,150000
1747967,0
1747973,517500
1747978,0
1747979,950000
1747982,350000
1747984,0
1747993,150000
1747996,850000
1747998,450000
1747999,600000
1748004,125000
1748005,478000
1748007,225400
1748010,450000
1748012,0
1748014,500000
1748015,350000
1748016,114000
1748020,0
1748034,1544000
1748035,150000
1748045,450000
1748061,88000
1748062,350000
1748063,816500
1748064,450000
1748065,450000
1748067,0
1748068,450000
1748072,350000
1748074,350000
1748075,450000
1748077,150000
1748081,150000
1748088,150000
1748089,592900
1748091,450000
1748092,500000
1748097,350000
1748100,0
1748108,150000
1748112,601100
1748113,224500
1748119,861500
1748132,601100
1748138,350000
1748140,150000
1748142,0
1748143,500000
1748146,350000
1748151,500000
1748152,600000
1748161,300000
1748166,150000
1748171,645000
1748173,450000
1748176,425000
1748178,650000
1748184,350000
1748185,487800
1748188,150000
1748197,0
1748199,450000
1748202,450000
1748203,400000
1748215,450000
1748218,125000
1748223,400000
1748231,350000
1748239,150000
1748244,150000
1748250,0
1748255,450000
1748264,750000
1748265,709000
1748274,0
1748279,350000
1748287,0
1748290,450000
1748295,0
1748296,0
1748299,0
1748301,0
1748302,0
1748314,450000
1748315,0
1748318,0
1748319,450000
1748323,0
1748324,450000
1748325,250000
1748333,350000
1748336,450000
1748338,300000
1748347,600000
1748353,0
1748355,525000
1748358,450000
1748362,400000
1748365,229400
1748369,450000
1748370,150000
1748374,690000
1748378,0
1748382,712500
1748384,350000
1748386,0
1748388,350000
1748391,128000
1748402,529000
1748414,450000
1748416,350000
1748418,350000
1748423,500000
1748428,450000
1748430,350000
1748432,600000
1748436,350000
1748437,0
1748438,350000
1748441,150000
1748446,1140000
1748457,318000
1748468,915000
1748469,0
1748472,715000
1748473,350000
1748494,1391900
1748496,450000
1748497,450000
1748498,150000
1748500,350000
1748503,450000
1748504,350000
1748518,350000
1748525,500000
1748527,750000
1748528,422000
1748529,350000
1748531,150000
1748535,350000
1748537,600000
1748538,450000
1748539,600000
1748547,453500
1748549,0
1748556,400000
1748561,581000
1748563,1350000
1748578,350000
1748582,450000
1748583,450000
1748586,593400
1748591,250000
1748592,450000
1748596,450000
1748600,158000
1748603,396400
1748606,450000
1748609,0
1748610,445300
1748612,900000
1748613,0
1748616,830600
1748627,318000
1748634,150000
1748636,3298000
1748646,670000
1748648,0
1748650,350000
1748651,450000
1748654,253000
1748658,450000
1748660,350000
1748672,150000
1748674,910200
1748678,520000
1748691,0
1748695,0
1748700,635000
1748703,450000
1748705,200000
1748706,0
1748708,350000
1748710,350000
1748712,150000
1748718,350000
1748721,530000
1748732,550000
1748740,350000
1748741,0
1748744,150000
1748746,532500
1748754,450000
1748758,0
1748767,150000
1748768,600000
1748775,450000
1748778,450000
1748780,150000
1748786,422500
1748787,518000
1748789,185100
1748792,650000
1748797,840700
1748799,1324000
1748800,472000
1748802,0
1748804,0
1748815,450000
1748816,495000
1748819,450000
1748823,450000
1748838,0
1748849,0
1748850,600000
1748856,647000
1748862,404200
1748863,500000
1748866,400000
1748869,0
1748871,450000
1748879,0
1748884,190000
1748886,450000
1748888,550000
1748892,450000
1748895,0
1748900,450000
1748907,1503000
1748913,450000
1748914,450000
1748922,350000
1748923,450000
1748924,400000
1748925,149000
1748927,450000
1748931,650000
1748934,450000
1748939,1737100
1748940,350000
1748950,0
1748960,280000
1748966,0
1748967,700000
1748977,450000
1748978,450000
1748985,437400
1748987,0
1749000,650000
1749002,277000
1749016,552500
1749019,585000
1749027,150000
1749028,150000
1749032,556000
1749033,646400
1749034,730000
1749040,600000
1749047,0
1749053,460500
1749067,0
1749068,575000
1749070,300000
1749073,0
1749076,0
1749079,450000
1749090,500000
1749101,450000
1749109,550000
1749118,0
1749126,850000
1749127,0
1749134,4946700
1749135,650000
1749137,621600
1749139,0
1749141,1293000
1749142,0
1749143,412000
1749145,350000
1749147,1045300
1749154,450000
1749158,450000
1749166,450000
1749168,0
1749178,0
1749180,600000
1749204,500000
1749209,622000
1749210,350000
1749214,450000
1749221,735400
1749223,0
1749227,350000
1749228,350000
1749238,559000
1749240,232700
1749248,600000
1749253,655000
1749259,450000
1749266,750000
1749269,417000
1749271,1375000
1749287,350000
1749289,175000
1749291,300000
1749295,167900
1749299,450000
1749305,503000
1749306,450000
1749308,350000
1749311,450000
1749315,283800
1749323,231000
1749325,0
1749328,0
1749342,300000
1749350,150000
1749356,0
1749358,0
1749360,112000
1749365,0
1749367,490000
1749370,530000
1749376,800000
1749378,450000
1749380,150000
1749382,450000
1749386,500000
1749421,0
1749422,450000
1749425,350000
1749433,465000
1749449,300000
1749461,350000
1749462,450000
1749463,450000
1749473,400000
1749474,150000
1749479,125000
1749480,350000
1749485,423000
1749487,500000
1749489,530000
1749490,529400
1749491,450000
1749493,515000
1749498,630000
1749503,600000
1749506,450000
1749510,350000
1749514,350000
1749525,728000
1749530,900000
1749532,450000
1749536,450000
1749545,173100
1749547,0
1749548,521300
1749552,0
1749553,300000
1749568,500000
1749578,0
1749583,195000
1749590,150000
1749592,400000
1749596,450000
1749599,0
1749603,450000
1749613,0
1749619,267000
1749622,647000
1749631,900000
1749643,1546000
1749646,150000
1749653,350000
1749660,450000
1749671,423000
1749674,450000
1749681,0
1749684,450000
1749687,0
1749688,417000
1749689,600000
1749692,142000
1749699,4400700
1749705,450000
1749706,350000
1749712,450000
1749715,450000
1749720,350000
1749729,744000
1749730,450000
1749736,186800
1749739,700000
1749744,450000
1749745,0
1749750,0
1749755,450000
1749756,420000
1749763,0
1749766,0
1749770,600000
1749775,640500
1749776,150000
1749777,450000
1749780,450000
1749782,600000
1749783,2893000
1749785,663000
1749791,763000
1749793,654500
1749796,351000
1749797,450000
1749806,0
1749807,850000
1749813,350000
1749831,801700
1749834,0
1749836,450000
1749838,0
1749839,0
1749842,450000
1749850,0
1749854,650000
1749859,722300
1749862,766000
1749863,632000
1749866,450000
1749872,1097000
1749880,0
1749889,600000
1749891,530000
1749896,829600
1749902,370000
1749907,750000
1749909,0
1749910,0
1749912,0
1749915,0
1749921,450000
1749922,389000
1749924,1409900
1749925,150000
1749934,0
1749938,726000
1749940,150000
1749946,639000
1749948,2645400
1749952,0
1749958,2269600
1749961,1420000
1749962,0
1749965,0
1749966,350000
1749970,780000
1749971,450000
1749972,801300
1749975,450000
1749978,350000
1749980,150000
1749981,659400
1749982,13300
1749985,450000
1749986,450000
1749988,450000
1749989,0
1749992,450000
1749994,600000
1749995,350000
1749998,813000
1750007,940500
1750009,846700
1750011,320000
1750017,730000
1750018,150000
1750027,350000
1750031,0
1750033,0
1750037,0
1750040,0
1750041,450000
1750052,829200
1750053,350000
1750060,600000
1750061,0
1750063,0
1750065,744600
1750066,300000
1750068,0
1750069,800000
1750076,438000
1750078,600000
1750079,0
1750086,0
1750095,722300
1750101,450000
1750102,450000
1750105,250000
1750110,0
1750112,0
1750113,820500
1750122,323700
1750129,553500
1750135,450000
1750138,1400000
1750140,0
1750145,1250000
1750150,1152800
1750161,0
1750167,350000
1750177,419000
1750182,1150000
1750183,0
1750186,450000
1750193,0
1750196,450000
1750200,0
1750208,600000
1750209,450000
1750221,0
1750223,0
1750227,0
1750234,450000
1750250,450000
1750253,445000
1750254,472000
1750255,599000
1750258,500000
1750260,0
1750265,0
1750284,700000
1750286,150000
1750299,0
1750312,500000
1750317,0
1750319,1493100
1750321,492000
1750322,150000
1750324,1300000
1750327,450000
1750354,0
1750357,1350000
1750361,450000
1750369,1550700
1750379,685000
1750382,0
1750383,400000
1750386,450000
1750387,744000
1750396,1478000
1750397,150000
1750398,0
1750402,150000
1750405,0
1750408,0
1750414,350000
1750415,680000
1750428,641000
1750430,450000
1750432,450000
1750435,450000
1750437,0
1750438,0
1750440,300000
1750444,0
1750447,580000
1750460,0
1750461,620000
1750466,450000
1750467,350000
1750469,450000
1750477,0
1750478,350000
1750481,450000
1750489,951300
1750490,390400
1750491,161500
1750495,250000
1750497,140000
1750504,0
1750506,500000
1750507,0
1750511,0
1750512,350000
1750517,1325100
1750520,905000
1750526,108000
1750529,350000
1750533,350000
1750535,450000
1750536,450000
1750538,350000
1750542,450000
1750548,593000
1750552,478000
1750553,450000
1750556,150000
1750561,750000
1750567,0
1750573,450000
1750579,200000
1750586,0
1750590,523200
1750597,900000
1750603,0
1750604,150000
1750606,880000
1750612,450000
1750613,530000
1750616,438000
1750628,552500
1750634,350000
1750641,350000
1750643,450000
1750644,0
1750645,450000
1750648,450000
1750651,150000
1750652,0
1750654,0
1750658,350000
1750659,0
1750660,684000
1750661,500000
1750664,600000
1750665,0
1750671,1284000
1750672,202300
1750675,450000
1750681,522000
1750687,600000
1750689,322500
1750697,450000
1750698,600000
1750701,880800
1750707,600000
1750709,862500
1750714,331500
1750728,650000
1750730,350000
1750733,0
1750734,135000
1750759,0
1750765,550000
1750770,0
1750772,0
1750775,572000
1750777,450000
1750781,0
1750782,350000
1750784,128700
1750793,250000
1750795,150000
1750805,350000
1750817,793500
1750822,0
1750833,680000
1750840,0
1750845,545000
1750848,454400
1750857,350000
1750860,450000
1750861,350000
1750870,0
1750877,450000
1750882,1858000
1750888,450000
1750889,515000
1750890,0
1750891,0
1750895,150000
1750901,450000
1750903,250000
1750908,0
1750922,1358500
1750926,750000
1750933,0
1750944,450000
1750950,450000
1750963,350000
1750966,450000
1750969,450000
1750974,900000
1750977,150000
1750978,200000
1750981,150000
1750984,461300
1750986,490000
1750996,450000
1750999,1130000
1751000,450000
1751007,535000
1751009,0
1751011,0
1751022,350000
1751023,350000
1751025,0
1751026,0
1751033,350000
1751034,545000
1751040,1294100
1751049,400000
1751054,350000
1751062,350000
1751063,238900
1751069,552000
1751074,760000
1751082,0
1751088,450000
1751091,350000
1751096,200000
1751097,125000
1751098,350000
1751101,450000
1751105,1000000
1751108,450000
1751110,0
1751116,369600
1751117,450000
1751120,1150000
1751121,350000
1751122,450000
1751123,0
1751124,450000
1751130,150000
1751138,150000
1751139,350000
1751140,0
1751141,350000
1751143,450000
1751145,450000
1751147,1228800
1751149,450000
1751151,577000
1751157,0
1751159,450000
1751164,500000
1751169,408000
1751170,662500
1751175,650000
1751182,600000
1751183,0
1751197,0
1751201,150000
1751206,450000
1751211,0
1751212,350000
1751213,350000
1751215,150000
1751219,1313500
1751222,0
1751230,350000
1751235,350000
1751236,0
1751246,150000
1751249,450000
1751250,350000
1751253,300000
1751256,499000
1751264,396300
1751267,450000
1751273,644500
1751279,0
1751281,350000
1751283,0
1751286,450000
1751289,600000
1751291,0
1751292,730000
1751299,0
1751304,750000
1751308,0
1751317,450000
1751323,814200
1751332,0
1751335,350000
1751338,665000
1751354,450000
1751357,3546300
1751368,450000
1751375,450000
1751379,616500
1751380,450000
1751384,350000
1751385,490000
1751417,350000
1751433,506700
1751434,0
1751436,0
1751438,450000
1751443,450000
1751454,601500
1751461,350000
1751463,450000
1751469,170000
1751477,150000
1751480,600000
1751481,450000
1751488,450000
1751491,150000
1751495,474500
1751497,1858200
1751499,312000
1751501,600000
1751503,450000
1751511,0
1751514,450000
1751521,0
1751524,450000
1751527,200000
1751535,350000
1751537,0
1751539,0
1751544,560000
1751545,350000
1751546,900000
1751549,0
1751554,0
1751558,804700
1751563,350000
1751569,0
1751571,150000
1751579,432000
1751585,350000
1751590,164000
1751591,500000
1751593,302500
1751595,670000
1751596,500000
1751601,450000
1751605,450000
1751607,135800
1751615,250000
1751616,0
1751620,900000
1751628,0
1751640,450000
1751641,150000
1751642,0
1751646,476200
1751655,1020000
1751662,0
1751664,583000
1751665,147600
1751668,400000
1751680,400000
1751681,0
1751682,450000
1751686,504400
1751687,0
1751688,550000
1751689,234000
1751696,400000
1751700,87000
1751706,450000
1751712,350000
1751718,0
1751719,350000
1751721,450000
1751723,500000
1751726,450000
1751735,0
1751742,0
1751744,450000
1751746,150000
1751752,450000
1751753,569600
1751757,422000
1751761,600000
1751768,300000
1751769,600000
1751770,450000
1751772,450000
1751774,450000
1751781,389200
1751784,350000
1751792,350000
1751793,450000
1751797,450000
1751800,0
1751804,400000
1751807,450000
1751813,0
1751814,500000
1751815,0
1751819,150000
1751836,450000
1751841,680000
1751843,342300
1751844,450000
1751852,400000
1751857,0
1751863,644500
1751866,400000
1751871,499200
1751883,510900
1751885,750000
1751892,0
1751894,450000
1751902,350000
1751912,350000
1751915,0
1751926,350000
1751927,350000
1751930,1360900
1751938,0
1751945,350000
1751954,450000
1751958,350000
1751961,250000
1751964,0
1751965,0
1751968,350000
1751969,150000
1751977,481000
1751979,350000
1751985,735000
1751990,450000
1751995,0
1752011,0
1752016,0
1752019,0
1752021,450000
1752025,515000
1752027,700000
1752034,450000
1752036,350000
1752041,450000
1752047,350000
1752048,1006000
1752050,450000
1752053,0
1752054,1218000
1752055,350000
1752058,800000
1752067,200000
1752073,350000
1752076,322500
1752082,350000
1752089,0
1752090,530000
1752093,150000
1752098,350000
1752099,450000
1752103,0
1752105,0
1752110,450000
1752116,450000
1752118,350000
1752119,0
1752121,350000
1752122,400000
1752124,0
1752127,600000
1752129,670000
1752133,1030000
1752137,150000
1752139,600000
1752140,0
1752143,350000
1752144,0
1752151,350000
1752158,0
1752160,589000
1752162,0
1752163,450000
1752167,400000
1752171,0
1752182,3595000
1752187,712000
1752190,150000
1752198,450000
1752205,350000
1752207,625000
1752213,0
1752217,450000
1752219,450000
1752221,350000
1752226,880800
1752227,0
1752228,2000000
1752233,250000
1752236,96000
1752239,449000
1752240,450000
1752242,550000
1752246,0
1752249,450000
1752250,450000
1752258,0
1752261,350000
1752262,0
1752263,450000
1752266,2433000
1752269,800000
1752277,507500
1752294,350000
1752299,0
1752302,0
1752304,350000
1752306,450000
1752310,450000
1752314,450000
1752320,700000
1752322,850000
1752329,450000
1752336,450000
1752338,150000
1752341,400000
1752347,0
1752348,0
1752349,950000
1752356,219000
1752358,0
1752360,0
1752369,0
1752371,680000
1752372,457100
1752375,450000
1752385,250000
1752387,200000
1752388,350000
1752393,150000
1752394,0
1752395,250000
1752401,0
1752404,350000
1752410,750000
1752418,500000
1752426,1978000
1752427,445000
1752432,350000
1752435,350000
1752438,0
1752439,450000
1752440,350000
1752445,775100
1752446,0
1752457,0
1752460,450000
1752462,0
1752464,500000
1752465,676000
1752467,450000
1752473,450000
1752474,350000
1752477,450000
1752479,350000
1752480,450000
1752481,450000
1752487,600000
1752497,350000
1752501,150000
1752510,150000
1752518,450000
1752526,530000
1752527,0
1752530,450000
1752532,150000
1752541,0
1752543,350000
1752546,400000
1752549,0
1752552,0
1752559,540000
1752560,450000
1752562,1344400
1752570,450000
1752577,940000
1752592,0
1752594,400000
1752603,350000
1752607,534500
1752609,861200
1752617,150000
1752622,450000
1752624,430000
1752625,1263800
1752631,768300
1752632,150000
1752633,150000
1752635,588500
1752644,350000
1752649,0
1752651,350000
1752654,350000
1752657,300000
1752667,322000
1752671,742900
1752673,450000
1752680,0
1752682,2049000
1752687,150000
1752691,150000
1752694,0
1752699,338400
1752710,320000
1752724,400000
1752727,450000
1752728,0
1752729,599000
1752740,611800
1752741,0
1752743,573000
1752744,412000
1752752,350000
1752759,350000
1752772,0
1752773,0
1752776,450000
1752788,150000
1752794,1000000
1752796,350000
1752804,450000
1752807,640000
1752808,450000
1752820,995000
1752829,400000
1752830,741000
1752844,230000
1752845,0
1752848,0
1752851,150000
1752859,450000
1752863,450000
1752864,530000
1752868,511900
1752869,0
1752870,693000
1752874,477000
1752875,1084000
1752877,450000
1752878,350000
1752879,350000
1752883,350000
1752884,2104700
1752886,0
1752899,550000
1752901,614600
1752907,718000
1752911,150000
1752912,450000
1752939,450000
1752940,450000
1752942,345000
1752943,450000
1752945,530000
1752946,650000
1752947,431000
1752953,150000
1752958,450000
1752960,220500
1752963,150000
1752966,600000
1752973,450000
1752974,450000
1752976,150000
1752994,450000
1752995,218000
1753000,0
1753003,492500
1753011,1237000
1753012,0
1753015,0
1753021,476800
1753026,350000
1753028,400000
1753031,152500
1753034,450000
1753036,550000
1753038,150000
1753039,350000
1753041,0
1753042,150000
1753045,650000
1753047,685000
1753054,150000
1753055,0
1753060,450000
1753062,450000
1753071,600000
1753076,700000
1753087,0
1753098,400000
1753101,450000
1753116,400000
1753119,400000
1753121,450000
1753122,150000
1753125,350000
1753131,450000
1753134,400000
1753141,350000
1753142,450000
1753148,450000
1753149,0
1753152,450000
1753153,450000
1753156,150000
1753168,400000
1753174,150000
1753179,400000
1753183,400000
1753188,699800
1753193,450000
1753200,697000
1753205,0
1753206,350000
1753212,450000
1753220,450000
1753225,0
1753226,374000
1753227,0
1753228,400000
1753240,0
1753250,0
1753257,400000
1753266,150000
1753270,0
1753274,485500
1753280,350000
1753282,450000
1753284,0
1753291,0
1753295,400000
1753299,1290500
1753300,569600
1753304,450000
1753305,700000
1753310,700000
1753314,400000
1753317,521000
1753324,126700
1753331,800000
1753343,150000
1753351,400000
1753358,640000
1753361,835500
1753364,450000
1753369,780300
1753381,0
1753395,506000
1753396,250000
1753398,0
1753404,350000
1753416,400000
1753419,0
1753420,0
1753431,560000
1753442,350000
1753445,450000
1753447,200000
1753450,0
1753451,0
1753459,700000
1753463,450000
1753464,0
1753471,0
1753478,515000
1753485,400000
1753490,0
1753500,952000
1753501,150000
1753507,300000
1753512,450000
1753519,0
1753527,305500
1753534,0
1753540,500000
1753544,400000
1753545,150000
1753547,400000
1753552,450000
1753554,450000
1753562,0
1753564,0
1753567,150000
1753569,400000
1753573,525000
1753574,0
1753577,750000
1753581,600000
1753583,400000
1753587,150000
1753589,421000
1753591,0
1753593,0
1753594,650000
1753613,350000
1753616,350000
1753620,450000
1753622,325000
1753625,527600
1753631,2375000
1753632,633400
1753635,185500
1753650,0
1753653,950000
1753655,400000
1753661,400000
1753662,400000
1753663,400000
1753674,0
1753678,0
1753692,450000
1753697,0
1753699,0
1753701,400000
1753707,708000
1753708,0
1753710,795000
1753717,300000
1753719,585000
1753726,400000
1753757,1000000
1753761,0
1753766,550000
1753769,350000
1753778,150000
1753780,1405000
1753785,0
1753787,150000
1753796,712500
1753800,450000
1753802,150000
1753804,0
1753807,300000
1753817,300000
1753819,0
1753833,0
1753837,350000
1753838,0
1753840,300000
1753842,400000
1753850,450000
1753860,450000
1753885,400000
1753886,580000
1753898,990000
1753900,35000
1753910,400000
1753913,350000
1753914,150000
1753929,300000
1753931,360000
1753932,550000
1753933,400000
1753935,400000
1753938,500000
1753951,150000
1753959,340000
1753983,450000
1753988,258400
1753999,400000
1754006,613100
1754007,400000
1754008,0
1754011,350000
1754017,350000
1754019,1200000
1754021,1834700
1754026,400000
1754028,862700
1754029,400000
1754037,550000
1754039,375000
1754057,913000
1754063,550000
1754064,350000
1754067,696500
1754069,550000
1754081,350000
1754083,350000
1754084,400000
1754086,800000
1754087,389600
1754088,450000
1754090,0
1754100,0
1754114,150000
1754120,0
1754123,462500
1754124,396000
1754130,400000
1754140,400000
1754141,350000
1754143,943700
1754146,0
1754158,350000
1754162,312000
1754168,823500
1754169,450000
1754176,342000
1754178,0
1754196,0
1754198,433600
1754200,0
1754202,400000
1754203,650000
1754212,0
1754213,1769000
1754215,0
1754217,0
1754218,0
1754220,750000
1754223,150000
1754227,100000
1754232,492500
1754235,0
1754245,450000
1754248,400000
1754250,800000
1754254,400000
1754262,400000
1754269,7060800
1754283,0
1754289,150000
1754292,400000
1754295,339000
1754297,500000
1754303,1509400
1754307,224400
1754309,0
1754311,150000
1754316,400000
1754322,0
1754323,940000
1754327,503000
1754351,0
1754354,400000
1754364,400000
1754369,150000
1754371,297500
1754395,150000
1754396,0
1754400,0
1754403,0
1754404,0
1754406,350000
1754411,495000
1754413,537000
1754422,450000
1754434,492500
1754448,0
1754453,413000
1754462,550000
1754463,806000
1754466,931000
1754472,612000
1754478,612000
1754497,450000
1754499,0
1754508,0
1754510,0
1754514,641300
1754519,350000
1754529,400000
1754535,650000
1754540,0
1754543,450000
1754551,400000
1754559,400000
1754561,510000
1754572,590000
1754586,300000
1754594,150000
1754595,250000
1754613,450000
1754616,600000
1754624,646500
1754632,0
1754638,350000
1754644,450000
1754646,1356000
1754651,21000
1754655,460200
1754657,690000
1754660,458800
1754661,150000
1754662,397000
1754667,550000
1754674,0
1754684,827700
1754685,615000
1754687,0
1754701,150000
1754702,400000
1754703,550000
1754707,350000
1754724,400000
1754730,818400
1754733,0
1754738,450000
1754744,700000
1754750,150000
1754764,609300
1754768,350000
1754770,400000
1754771,0
1754773,483500
1754777,400000
1754791,150000
1754797,0
1754798,500000
1754809,380000
1754816,450000
1754817,329500
1754818,273800
1754823,350000
1754847,0
1754861,450000
1754870,53600
1754876,177000
1754884,0
1754887,0
1754891,144000
1754893,287500
1754894,400000
1754902,80000
1754904,350000
1754906,720000
1754911,400000
1754913,4053700
1754924,0
1754934,0
1754949,29400
1754952,0
1754971,450000
1754973,400000
1754980,400000
1754987,0
1754999,4120000
1755005,722700
1755035,400000
1755064,400000
1755085,600000
1755091,400000
1755092,915000
1755095,550000
1755100,0
1755112,695000
1755113,400000
1755116,650000
1755126,150000
1755127,400000
1755141,550000
1755143,0
1755150,0
1755152,1154000
1755156,528600
1755171,300000
1755172,400000
1755178,500000
1755184,350000
1755186,757800
1755206,400000
1755213,425500
1755221,400000
1755223,400000
1755243,210000
1755245,125000
1755248,350000
1755249,79200
1755269,0
1755276,413000
1755282,400000
1755285,150000
1755293,0
1755301,400000
1755333,450000
1755339,810800
1755348,600000
1755349,150000
1755353,400000
1755373,350000
1755399,450000
1755404,607500
1755411,0
1755415,963200
1755439,527000
1755452,450000
1755453,450000
1755466,450000
1755467,0
1755476,350000
1755482,0
1755489,950000
1755490,0
1755497,350000
1755501,350000
1755504,270000
1755505,450000
1755510,350000
1755511,1012500
1755515,0
1755520,350000
1755530,0
1755534,0
1755539,90000
1755550,610000
1755557,2704900
1755562,450000
1755563,0
1755564,697000
1755593,517500
1755596,671800
1755597,767000
1755612,350000
1755614,0
1755628,575900
1755629,600000
1755632,99000
1755636,500000
1755638,0
1755641,650000
1755642,450000
1755647,0
1755651,850000
1755657,430300
1755658,0
1755659,450000
1755662,150000
1755665,450000
1755669,0
1755670,350000
1755671,0
1755680,0
1755719,0
1755721,600000
1755728,350000
1755731,450000
1755740,882500
1755742,837500
1755746,0
1755750,450000
1755757,0
1755764,0
1755768,438000
1755774,450000
1755775,0
1755778,150000
1755785,250000
1755787,350000
1755788,680000
1755789,0
1755794,350000
1755799,0
1755800,150000
1755808,590000
1755815,450000
1755818,1318200
1755819,400000
1755844,800000
1755859,500000
1755861,450000
1755863,450000
1755869,450000
1755870,620000
1755871,0
1755879,536000
1755891,776500
1755892,0
1755893,150000
1755896,450000
1755898,0
1755904,500000
1755924,450000
1755925,1185000
1755928,500000
1755931,0
1755934,350000
1755939,450000
1755945,581000
1755951,450000
1755952,450000
1755956,450000
1755958,350000
1755964,450000
1755966,150000
1755967,882900
1755968,0
1755969,450000
1755979,0
1755983,450000
1755988,350000
1755992,1995100
1755995,600000
1755996,157000
1756000,600000
1756009,6350000
1756011,450000
1756016,350000
1756018,450000
1756019,600000
1756021,434600
1756022,5550000
1756024,0
1756027,500000
1756035,350000
1756039,350000
1756041,300000
1756044,450000
1756046,976500
1756050,0
1756051,200000
1756058,312000
1756060,450000
1756061,532600
1756064,1350000
1756069,580000
1756070,600000
1756071,450000
1756074,115300
1756078,350000
1756082,1407600
1756086,0
1756098,300000
1756099,600000
1756104,450000
1756108,300000
1756118,680000
1756119,350000
1756125,0
1756132,450000
1756135,150000
1756141,480000
1756144,0
1756145,550000
1756155,400000
1756160,450000
1756171,350000
1756178,600000
1756180,653500
1756184,350000
1756188,1030000
1756194,150000
1756199,535000
1756213,94400
1756214,150000
1756226,450000
1756227,85000
1756230,291000
1756232,0
1756236,2450000
1756238,400000
1756239,450000
1756257,150000
1756261,0
1756269,350000
1756285,0
1756291,88000
1756301,350000
1756303,878900
1756304,0
1756310,0
1756312,450000
1756313,540000
1756314,0
1756317,0
1756327,150000
1756328,400000
1756342,400000
1756348,750000
1756349,400000
1756354,350000
1756360,0
1756364,350000
1756367,418000
1756372,835000
1756373,841500
1756374,472400
1756378,680000
1756379,150000
1756380,450000
1756397,600000
1756401,450000
1756409,450000
1756414,1264000
1756416,612500
1756422,500000
1756429,240000
1756432,1223700
1756437,1351000
1756438,616000
1756439,540000
1756443,450000
1756446,350000
1756449,737000
1756453,350000
1756456,0
1756458,350000
1756459,400000
1756461,650000
1756463,400000
1756474,613600
1756475,0
1756476,450000
1756477,600000
1756479,2000000
1756482,580000
1756483,150000
1756485,0
1756489,0
1756492,476000
1756493,350000
1756495,1136000
1756496,630000
1756497,0
1756499,0
1756501,2000000
1756504,0
1756509,350000
1756518,0
1756520,518000
1756524,571900
1756528,458000
1756534,450000
1756535,450000
1756545,0
1756548,450000
1756550,0
1756555,450000
1756556,0
1756558,350000
1756561,0
1756563,400000
1756574,350000
1756578,450000
1756584,350000
1756588,500000
1756595,100000
1756596,441200
1756606,200000
1756607,0
1756610,450000
1756611,0
1756612,450000
1756617,192500
1756630,3935300
1756634,200000
1756640,150000
1756642,0
1756644,450000
1756646,350000
1756655,150000
1756662,997000
1756665,450000
1756666,150000
1756667,350000
1756675,500000
1756679,0
1756681,600000
1756682,220000
1756685,965000
1756686,0
1756713,250000
1756717,0
1756726,744000
1756728,350000
1756730,350000
1756731,350000
1756734,0
1756738,350000
1756748,505800
1756754,350000
1756758,150000
1756762,150000
1756763,799400
1756770,0
1756773,350000
1756775,0
1756780,217500
1756784,200000
1756792,400000
1756797,450000
1756801,350000
1756805,803400
1756812,500100
1756821,950000
1756826,510900
1756828,0
1756830,437000
1756841,350000
1756843,421900
1756844,0
1756854,450000
1756855,267800
1756865,450000
1756866,0
1756877,350000
1756893,350000
1756894,165000
1756898,10000
1756902,450000
1756908,400000
1756911,381000
1756913,666500
1756925,0
1756926,350000
1756928,350000
1756932,450000
1756934,350000
1756938,680000
1756941,350000
1756946,0
1756951,389000
1756955,326000
1756956,0
1756961,150000
1756970,124000
1756972,450000
1756973,445000
1756979,140500
1756987,819000
1756988,850000
1756990,450000
1756995,350000
1757002,250000
1757003,350000
1757006,367500
1757010,3535600
1757014,450000
1757017,320000
1757019,900000
1757020,19600
1757025,2174500
1757026,220000
1757031,450000
1757034,750000
1757039,0
1757041,450000
1757042,450000
1757049,350000
1757050,0
1757051,1052200
1757055,152500
1757057,1290000
1757059,0
1757060,0
1757065,450000
1757066,441300
1757070,450000
1757073,432500
1757076,700000
1757078,200000
1757080,320000
1757081,350000
1757084,0
1757085,548900
1757087,496000
1757093,410000
1757095,150000
1757097,600000
1757098,568000
1757100,350000
1757103,150000
1757113,0
1757119,450000
1757121,0
1757122,550000
1757125,600000
1757130,450000
1757139,598000
1757146,450000
1757151,146500
1757152,434500
1757154,5965000
1757157,0
1757159,0
1757169,350000
1757172,450000
1757177,700000
1757184,350000
1757185,350000
1757190,450000
1757191,572500
1757193,450000
1757196,350000
1757197,600000
1757199,372000
1757204,450000
1757205,450000
1757218,580000
1757226,0
1757227,450000
1757229,350000
1757233,450000
1757234,450000
1757238,150000
1757247,930000
1757248,0
1757254,450000
1757258,0
1757269,700000
1757270,350000
1757272,450000
1757273,698500
1757279,738000
1757286,350000
1757290,515000
1757295,0
1757296,1267000
1757300,537100
1757303,0
1757306,550000
1757307,300000
1757313,610000
1757316,150000
1757317,450000
1757321,500000
1757324,350000
1757325,1630000
1757326,270000
1757330,0
1757334,350000
1757336,0
1757339,0
1757342,450000
1757344,450000
1757347,450000
1757349,1851100
1757350,322000
1757355,350000
1757356,441000
1757357,124000
1757359,750000
1757361,150000
1757362,450000
1757370,450000
1757379,0
1757386,450000
1757393,0
1757395,0
1757400,350000
1757401,125000
1757403,0
1757404,450000
1757405,602500
1757415,350000
1757416,400000
1757418,365000
1757420,560700
1757425,450000
1757426,0
1757428,320000
1757433,560000
1757434,150000
1757435,0
1757440,350000
1757441,292500
1757443,450000
1757444,0
1757445,350000
1757448,305600
1757450,689000
1757452,0
1757459,250000
1757465,0
1757466,0
1757475,150000
1757476,450000
1757479,0
1757480,450000
1757483,600000
1757485,450000
1757488,450000
1757498,0
1757501,292500
1757502,0
1757505,500000
1757509,600000
1757511,670000
1757516,350000
1757518,800000
1757527,1110400
1757529,150000
1757530,350000
1757531,355800
1757533,0
1757536,400000
1757540,1320300
1757544,350000
1757550,450000
1757551,450000
1757555,350000
1757560,350000
1757562,500000
1757565,0
1757566,1071000
1757569,450000
1757575,725000
1757576,400000
1757580,512000
1757588,350000
1757590,130000
1757592,200000
1757593,0
1757597,500000
1757606,450000
1757610,0
1757623,1149000
1757624,450000
1757628,480000
1757630,350000
1757633,350000
1757634,450000
1757635,400000
1757636,350000
1757638,481300
1757642,130000
1757645,350000
1757646,450000
1757648,450000
1757652,600000
1757657,775500
1757669,0
1757670,400000
1757672,450000
1757673,450000
1757679,604600
1757689,500000
1757690,659000
1757696,0
1757700,500000
1757701,350000
1757702,545000
1757710,150000
1757716,450000
1757722,450000
1757729,450000
1757732,0
1757734,621000
1757736,450000
1757739,3246200
1757744,0
1757746,450000
1757756,550000
1757757,450000
1757761,450000
1757762,550000
1757770,420000
1757774,0
1757780,820000
1757782,0
1757783,0
1757785,0
1757786,0
1757790,679500
1757794,735000
1757795,450000
1757797,5100
1757799,0
1757804,450000
1757805,0
1757807,0
1757808,700000
1757812,400000
1757814,0
1757818,400000
1757820,450000
1757824,450000
1757825,450000
1757826,998000
1757832,0
1757838,0
1757843,150000
1757846,450000
1757848,802400
1757851,350000
1757858,350000
1757862,0
1757863,534000
1757864,0
1757865,628400
1757866,150000
1757871,450000
1757878,687500
1757882,450000
1757884,298000
1757885,588000
1757886,0
1757887,350000
1757893,452500
1757896,0
1757902,600000
1757905,450000
1757910,0
1757919,350000
1757923,450000
1757925,140000
1757927,202500
1757928,350000
1757939,450000
1757941,0
1757944,0
1757946,350000
1757950,650000
1757955,350000
1757966,350000
1757978,729000
1757982,515000
1757984,450000
1757987,525000
1757991,252100
1758004,0
1758007,639000
1758010,450000
1758012,603800
1758015,0
1758019,800000
1758023,600000
1758026,0
1758027,0
1758029,687000
1758036,450000
1758039,350000
1758040,550000
1758052,590200
1758056,500000
1758061,500000
1758071,450000
1758076,350000
1758077,300900
1758084,389000
1758085,450000
1758086,240000
1758089,450000
1758091,653700
1758092,150000
1758093,350000
1758094,450000
1758098,170000
1758100,0
1758122,350000
1758126,0
1758128,600000
1758134,294000
1758146,448400
1758148,150000
1758160,750000
1758167,0
1758170,450000
1758172,430000
1758173,440000
1758176,420000
1758179,617500
1758181,0
1758184,420000
1758188,0
1758195,583000
1758196,4400000
1758197,900000
1758199,350000
1758204,389000
1758208,650000
1758209,450000
1758218,0
1758224,350000
1758228,150000
1758230,675000
1758234,450000
1758237,150000
1758241,437000
1758242,150000
1758245,500000
1758247,0
1758248,0
1758250,0
1758251,350000
1758252,350000
1758257,450000
1758259,0
1758261,450000
1758266,450000
1758267,890000
1758268,350000
1758270,0
1758271,350000
1758277,600000
1758279,0
1758283,0
1758284,750000
1758285,250000
1758290,192000
1758291,0
1758293,356600
1758294,150000
1758296,0
1758300,450000
1758303,350000
1758304,150000
1758311,1779000
1758319,0
1758323,227500
1758325,946000
1758330,350000
1758331,150000
1758342,0
1758352,150000
1758353,450000
1758357,250000
1758365,0
1758366,0
1758367,350000
1758369,700000
1758371,500000
1758375,0
1758384,0
1758385,148000
1758397,427000
1758399,350000
1758404,0
1758408,150000
1758409,441000
1758412,450000
1758415,350000
1758416,0
1758427,0
1758428,441000
1758430,150000
1758435,450000
1758438,745500
1758439,350000
1758440,5735400
1758442,575000
1758445,267500
1758449,427000
1758452,350000
1758455,350000
1758457,350000
1758459,450000
1758460,350000
1758470,350000
1758472,0
1758475,485800
1758477,350000
1758481,384100
1758483,400000
1758485,440000
1758503,0
1758505,150000
1758507,350000
1758509,85000
1758510,450000
1758513,150000
1758515,0
1758516,150000
1758521,180000
1758523,0
1758527,0
1758528,450000
1758531,0
1758535,0
1758537,515000
1758544,500000
1758546,150000
1758553,0
1758557,0
1758558,450000
1758566,178100
1758569,0
1758573,350000
1758576,450000
1758577,0
1758579,0
1758581,356000
1758582,0
1758588,450000
1758595,930000
1758599,450000
1758600,0
1758629,0
1758630,350000
1758633,1032000
1758634,450000
1758639,450000
1758641,530000
1758642,432000
1758646,450000
1758653,0
1758656,600000
1758657,0
1758658,450000
1758661,450000
1758668,450000
1758673,150000
1758679,175000
1758691,450000
1758701,450000
1758702,700000
1758704,0
1758711,650000
1758714,0
1758715,1029900
1758716,450000
1758718,400000
1758724,400000
1758729,350000
1758730,450000
1758732,150000
1758734,400000
1758736,350000
1758747,0
1758748,0
1758752,0
1758755,354200
1758763,420000
1758769,320000
1758777,2014000
1758779,130000
1758787,574400
1758788,350000
1758796,148000
1758803,0
1758805,350000
1758813,450000
1758815,692100
1758816,350000
1758822,510000
1758824,0
1758827,0
1758832,590000
1758834,2300000
1758839,450000
1758844,0
1758845,350000
1758847,579500
1758851,142500
1758857,309500
1758859,198000
1758860,700000
1758862,320000
1758863,268000
1758870,0
1758871,450000
1758873,600000
1758874,855500
1758875,320400
1758876,400000
1758880,255000
1758884,1138400
1758889,0
1758894,0
1758896,0
1758904,0
1758905,450000
1758910,510900
1758918,530000
1758922,437000
1758926,150000
1758939,0
1758947,0
1758951,400000
1758952,437000
1758956,400000
1758958,450000
1758959,450000
1758962,200000
1758964,450000
1758969,520000
1758971,450000
1758975,350000
1758976,450000
1758982,550000
1758985,350000
1758987,0
1758994,500000
1759007,0
1759011,750000
1759027,0
1759028,450000
1759029,350000
1759038,624000
1759039,350000
1759041,0
1759044,0
1759046,0
1759047,321000
1759053,0
1759054,239700
1759056,150000
1759059,200000
1759061,0
1759076,450000
1759081,400000
1759082,450000
1759085,450000
1759091,0
1759093,450000
1759106,500000
1759109,700000
1759121,410000
1759123,500000
1759125,600000
1759127,450000
1759128,0
1759129,150000
1759131,150000
1759132,0
1759135,450000
1759137,450000
1759142,350000
1759144,0
1759148,150000
1759149,350000
1759154,0
1759156,0
1759159,350000
1759166,450000
1759167,150000
1759170,350000
1759173,450000
1759180,450000
1759181,0
1759182,364600
1759188,534000
1759202,280000
1759204,588100
1759205,600000
1759220,953100
1759228,450000
1759246,525000
1759248,0
1759249,320000
1759258,170000
1759272,550000
1759276,650000
1759278,444000
1759281,210000
1759282,0
1759283,0
1759286,500000
1759289,2800000
1759293,650000
1759295,756800
1759302,0
1759304,650000
1759305,450000
1759307,586700
1759313,500000
1759321,148700
1759324,437000
1759328,540000
1759329,900000
1759331,150000
1759334,0
1759338,0
1759339,350000
1759345,0
1759357,0
1759365,300000
1759369,350000
1759374,690000
1759376,773000
1759378,450000
1759388,537000
1759393,650000
1759394,350000
1759399,450000
1759404,320000
1759413,150000
1759414,450000
1759417,650000
1759418,409500
1759419,0
1759421,150000
1759426,0
1759428,150000
1759430,0
1759434,350000
1759444,400000
1759445,430000
1759449,450000
1759455,0
1759457,591500
1759459,540000
1759465,450000
1759473,0
1759474,350000
1759486,350000
1759489,150000
1759498,0
1759500,0
1759504,550000
1759509,1047600
1759513,450000
1759519,350000
1759520,500000
1759524,172000
1759534,1049000
1759537,450000
1759541,0
1759544,350000
1759545,350000
1759547,600000
1759548,0
1759564,350000
1759569,350000
1759573,0
1759574,450000
1759575,550000
1759583,600000
1759594,634000
1759596,320000
1759599,300000
1759601,558000
1759608,150000
1759610,450000
1759611,650000
1759615,650000
1759616,0
1759624,0
1759625,450000
1759631,150000
1759636,0
1759640,540000
1759642,450000
1759643,450000
1759645,150000
1759646,450000
1759649,600000
1759655,350000
1759661,400000
1759663,721000
1759669,450000
1759670,574900
1759671,370000
1759686,70000
1759687,350000
1759691,600000
1759697,600000
1759698,76800
1759704,450000
1759707,300000
1759711,430000
1759715,537000
1759724,156000
1759729,450000
1759732,350000
1759735,450000
1759740,150000
1759745,500000
1759746,350000
1759751,1656000
1759756,317600
1759757,0
1759759,400000
1759761,482000
1759762,600000
1759766,500000
1759768,700000
1759772,0
1759773,0
1759777,150000
1759779,681000
1759789,500000
1759791,250000
1759792,0
1759795,0
1759800,600000
1759802,150000
1759803,0
1759807,403500
1759811,300000
1759817,890000
1759818,0
1759820,350000
1759823,450000
1759825,238000
1759828,778800
1759833,350000
1759834,0
1759841,150000
1759845,770600
1759846,578800
1759848,560000
1759857,450000
1759860,320000
1759861,350000
1759866,150000
1759869,0
1759873,768000
1759875,450000
1759883,250000
1759885,0
1759887,500000
1759895,540000
1759899,0
1759901,200000
1759906,150000
1759921,529100
1759922,423000
1759923,150000
1759925,510000
1759927,800000
1759928,549800
1759930,337000
1759936,250000
1759943,160000
1759945,450000
1759951,0
1759957,0
1759958,1100000
1759960,350000
1759963,419000
1759965,520000
1759966,450000
1759968,950000
1759971,400000
1759972,1339000
1759975,0
1759977,276700
1759979,350000
1759981,500000
1759990,500000
1759993,500000
1759994,949200
1759995,0
1760002,600700
1760005,450000
1760006,650000
1760007,500000
1760011,600000
1760012,689500
1760014,320000
1760015,350000
1760018,350000
1760020,392000
1760022,500000
1760024,823700
1760042,600000
1760048,450000
1760051,0
1760056,0
1760057,350000
1760058,600000
1760062,706000
1760063,430100
1760064,450000
1760065,0
1760066,0
1760067,650000
1760073,450000
1760075,182600
1760077,250000
1760080,600000
1760095,1170000
1760097,150000
1760101,352500
1760105,450000
1760109,1035000
1760114,450000
1760115,450000
1760116,350000
1760121,350000
1760122,395500
1760128,600000
1760130,400000
1760134,0
1760144,0
1760158,150000
1760163,180700
1760165,0
1760167,450000
1760171,350000
1760172,691800
1760173,350000
1760190,450000
1760191,400000
1760193,350000
1760194,350000
1760197,395000
1760210,790000
1760211,450000
1760216,500000
1760218,0
1760222,450000
1760229,450000
1760231,0
1760239,650000
1760242,500000
1760247,450000
1760251,130000
1760258,450000
1760260,450000
1760264,500000
1760267,250000
1760271,350000
1760279,0
1760280,0
1760283,450000
1760287,650000
1760288,401600
1760299,0
1760300,650000
1760304,650000
1760307,97500
1760311,550000
1760312,150000
1760313,0
1760315,697000
1760316,450000
1760321,450000
1760322,400000
1760324,350000
1760325,350000
1760328,150000
1760331,350000
1760348,150000
1760356,350000
1760358,600000
1760367,450000
1760368,866000
1760369,0
1760372,563000
1760384,450000
1760388,427800
1760392,450000
1760394,200000
1760398,500000
1760407,600000
1760408,350000
1760413,450000
1760418,600000
1760422,350000
1760428,450000
1760429,400000
1760439,0
1760440,548000
1760444,350000
1760451,767000
1760454,450000
1760456,0
1760461,0
1760464,320000
1760466,668300
1760473,350000
1760475,0
1760482,0
1760483,580000
1760490,494800
1760493,450000
1760504,0
1760508,0
1760514,462000
1760517,350000
1760521,695300
1760524,810000
1760535,400000
1760546,350000
1760547,400000
1760550,450000
1760552,0
1760553,0
1760555,600000
1760559,272500
1760563,150000
1760570,0
1760578,821000
1760595,400000
1760602,450000
1760605,0
1760613,350000
1760616,500000
1760617,350000
1760619,850000
1760624,0
1760626,445000
1760644,450000
1760647,650000
1760649,200000
1760651,0
1760657,450000
1760659,300000
1760665,185000
1760670,450000
1760673,0
1760676,730000
1760681,450000
1760684,400000
1760689,0
1760695,350000
1760698,150000
1760701,600000
1760707,600000
1760715,0
1760717,765000
1760719,675000
1760724,1724000
1760735,150000
1760742,150000
1760743,450000
1760747,350000
1760748,2821600
1760749,350000
1760754,450000
1760756,0
1760757,350000
1760759,600000
1760764,0
1760768,500000
1760770,450000
1760773,412000
1760785,562700
1760794,350000
1760796,350000
1760797,450000
1760805,350000
1760809,0
1760817,350000
1760818,400000
1760820,350000
1760851,450000
1760854,425000
1760865,450000
1760872,0
1760877,450000
1760878,0
1760880,150000
1760881,600000
1760884,0
1760889,430100
1760902,0
1760911,1210000
1760913,250000
1760920,450000
1760924,350000
1760933,450000
1760937,0
1760938,368000
1760939,450000
1760943,116200
1760947,1693500
1760957,450000
1760964,0
1760965,350000
1760966,540000
1760980,596000
1760984,350000
1760985,450000
1760989,785000
1761005,0
1761007,535000
1761017,450000
1761020,350000
1761022,350000
1761026,761100
1761027,1592900
1761031,450000
1761042,400000
1761045,450000
1761056,150000
1761059,150000
1761060,610000
1761070,400000
1761075,0
1761083,350000
1761087,500000
1761089,0
1761093,0
1761094,450000
1761100,350000
1761105,350000
1761118,624800
1761122,675000
1761125,0
1761126,0
1761136,600000
1761137,250000
1761142,150000
1761143,450000
1761144,0
1761151,150000
1761155,350000
1761168,350000
1761172,150000
1761173,450000
1761180,450000
1761185,450000
1761189,0
1761195,400000
1761198,850000
1761204,0
1761211,450000
1761213,350000
1761215,450000
1761230,400000
1761232,647500
1761236,9400000
1761238,450000
1761245,0
1761252,0
1761260,664000
1761263,350000
1761268,450000
1761269,600400
1761296,350000
1761299,450000
1761302,650000
1761307,350000
1761317,899000
1761318,0
1761323,446300
1761324,740700
1761329,350000
1761347,450000
1761354,450000
1761363,1048000
1761365,433000
1761367,500000
1761370,470000
1761374,594500
1761379,350000
1761380,150000
1761387,150000
1761388,350000
1761389,600000
1761390,0
1761405,67500
1761408,350000
1761428,450000
1761433,1102400
1761438,550000
1761439,317000
1761442,336000
1761446,350000
1761452,500000
1761455,450000
1761456,150000
1761457,450000
1761458,800000
1761461,0
1761463,0
1761468,0
1761474,150000
1761478,150000
1761484,0
1761488,931000
1761497,1653000
1761499,400000
1761510,150000
1761513,500000
1761516,450000
1761521,350000
1761523,0
1761526,450000
1761543,346500
1761545,450000
1761546,850000
1761547,500000
1761552,200000
1761553,717000
1761555,0
1761563,0
1761564,600000
1761569,750000
1761570,400000
1761573,679500
1761575,435000
1761579,617900
1761593,450000
1761604,308000
1761609,600000
1761612,528000
1761616,600000
1761625,150000
1761630,450000
1761636,0
1761641,868000
1761650,775000
1761653,88000
1761656,350000
1761661,0
1761663,0
1761669,350000
1761672,0
1761676,450000
1761679,750000
1761680,450000
1761691,0
1761696,709500
1761705,0
1761712,150000
1761722,1477000
1761723,350000
1761729,762500
1761734,450000
1761736,1175000
1761737,0
1761742,450000
1761743,496000
1761745,0
1761748,300000
1761752,450000
1761754,400000
1761758,601300
1761760,0
1761761,450000
1761764,450000
1761768,0
1761770,300000
1761791,0
1761796,150000
1761797,100000
1761803,450000
1761807,450000
1761809,0
1761810,600000
1761811,450000
1761816,450000
1761820,0
1761823,0
1761829,250000
1761833,450000
1761847,0
1761849,450000
1761859,0
1761863,450000
1761865,1362000
1761868,150000
1761878,0
1761883,279600
1761884,140000
1761895,425000
1761903,748000
1761905,300000
1761911,0
1761915,0
1761922,2732400
1761931,450000
1761937,437000
1761941,1024100
1761946,1037000
1761948,0
1761951,0
1761956,953900
1761964,150000
1761965,350000
1761975,600000
1761976,150000
1761978,400000
1761986,1363500
1761991,0
1762002,572500
1762004,0
1762007,400000
1762018,350000
1762019,400000
1762020,650000
1762022,0
1762047,150000
1762062,519800
1762064,400000
1762066,400000
1762069,0
1762074,738000
1762075,500000
1762086,400000
1762089,0
1762094,400000
1762095,300000
1762097,0
1762119,306700
1762133,550000
1762134,650000
1762135,150000
1762137,400000
1762148,450000
1762152,400000
1762154,0
1762155,550000
1762158,0
1762163,0
1762165,400000
1762181,150000
1762185,0
1762186,434500
1762201,0
1762206,0
1762211,150000
1762222,0
1762225,400000
1762239,0
1762242,428000
1762247,400000
1762262,400000
1762264,150000
1762272,588500
1762282,550000
1762285,300000
1762289,600000
1762290,1500000
1762311,560000
1762316,150000
1762324,750000
1762330,473000
1762332,550000
1762342,500000
1762345,400000
1762348,331000
1762353,350000
1762354,1400000
1762363,437000
1762367,450000
1762375,0
1762379,600000
1762386,400000
1762387,437000
1762395,500000
1762407,797400
1762409,400000
1762413,400000
1762431,0
1762432,400000
1762435,821300
1762445,400000
1762449,0
1762461,450000
1762468,400000
1762474,350000
1762476,400000
1762477,239800
1762480,284900
1762490,0
1762492,400000
1762496,350000
1762498,450000
1762503,511600
1762506,450000
1762508,400000
1762512,400000
1762521,493000
1762534,550000
1762540,400000
1762542,510000
1762546,2094100
1762548,0
1762560,400000
1762561,0
1762564,485500
1762573,400000
1762575,450000
1762576,400000
1762582,417000
1762591,400000
1762595,474900
1762600,350000
1762602,600000
1762608,700000
1762614,703500
1762623,410000
1762626,0
1762641,0
1762644,350000
1762646,400000
1762650,0
1762652,248000
1762662,580000
1762665,450000
1762673,1667000
1762676,0
1762678,580000
1762688,500000
1762689,0
1762698,550000
1762707,400000
1762715,450000
1762716,0
1762727,412000
1762740,0
1762744,350000
1762747,0
1762751,1515000
1762753,400000
1762757,0
1762760,300000
1762763,400000
1762766,400000
1762769,550000
1762771,0
1762774,508000
1762782,0
1762787,400000
1762789,350000
1762792,485100
1762793,547600
1762800,0
1762801,550000
1762804,150000
1762806,0
1762807,0
1762835,225000
1762836,0
1762842,0
1762855,0
1762861,0
1762864,0
1762871,0
1762874,0
1762885,400000
1762897,150000
1762900,400000
1762901,560000
1762907,0
1762911,169700
1762924,390500
1762925,469000
1762938,400000
1762939,350000
1762940,688000
1762950,200000
1762955,450000
1762957,0
1762959,900000
1762967,150000
1762969,400000
1762970,140000
1762973,400000
1762974,400000
1762976,320000
1762981,400000
1762987,915000
1762990,150000
1763013,170000
1763041,150000
1763046,1075000
1763050,450000
1763054,450000
1763055,3676300
1763057,0
1763060,157500
1763078,644000
1763079,240000
1763082,256000
1763090,1000000
1763091,667500
1763097,486500
1763119,400000
1763120,313200
1763122,400000
1763127,400000
1763128,400000
1763129,150000
1763150,400000
1763154,0
1763158,1040100
1763169,590000
1763181,0
1763191,350000
1763201,400000
1763215,3648300
1763219,0
1763229,0
1763232,350000
1763243,450000
1763244,0
1763259,0
1763267,400000
1763269,0
1763272,0
1763274,0
1763277,450000
1763282,490000
1763287,314800
1763291,400000
1763300,150000
1763305,0
1763307,550000
1763315,150000
1763327,500000
1763338,450000
1763350,420000
1763352,350000
1763360,0
1763373,1084000
1763390,247500
1763392,450000
1763401,495000
1763430,285800
1763432,552000
1763436,400000
1763441,250000
1763454,0
1763457,1722600
1763458,150000
1763459,0
1763461,242800
1763463,0
1763469,450000
1763477,0
1763492,142000
1763504,400000
1763520,0
1763522,450000
1763526,400000
1763537,150000
1763550,450000
1763552,400000
1763563,400000
1763582,0
1763597,350000
1763598,0
1763601,360000
1763610,400000
1763611,550000
1763627,400000
1763631,627500
1763636,400000
1763639,0
1763645,400000
1763656,0
1763675,400000
1763703,550000
1763708,400000
1763709,450000
1763711,0
1763714,295700
1763716,386100
1763718,250000
1763723,554900
1763734,3732400
1763740,1408000
1763744,0
1763756,450000
1763760,400000
1763764,350000
1763772,400000
1763773,494000
1763776,0
1763784,350000
1763787,597600
1763789,150000
1763801,350000
1763802,0
1763806,350000
1763814,350000
1763822,350000
1763827,225000
1763829,350000
1763831,0
1763842,450000
1763848,350000
1763852,433000
1763858,85500
1763879,0
1763886,0
1763890,450000
1763895,450000
1763899,90000
1763915,1729100
1763917,500000
1763918,0
1763919,450000
1763921,250000
1763927,650000
1763928,350000
1763929,150000
1763931,0
1763939,828100
1763943,238800
1763945,400000
1763946,0
1763954,0
1763956,210000
1763971,200000
1763977,0
1763978,420000
1763987,450000
1764002,3009000
1764003,0
1764026,0
1764036,350000
1764037,0
1764043,350000
1764045,350000
1764046,450000
1764047,445000
1764054,450000
1764056,1685000
1764059,450000
1764066,599000
1764068,300000
1764076,0
1764079,750400
1764082,0
1764085,600000
1764086,615100
1764093,350000
1764096,350000
1764098,640000
1764101,450000
1764103,120000
1764121,350000
1764122,450000
1764125,251000
1764127,350000
1764129,1680500
1764136,509000
1764137,0
1764142,450000
1764162,150000
1764164,480000
1764171,500000
1764181,400000
1764182,0
1764185,530000
1764186,450000
1764190,0
1764200,350000
1764209,450000
1764210,2788100
1764217,437000
1764219,2823800
1764221,250000
1764223,350000
1764228,0
1764230,0
1764239,450000
1764241,400000
1764243,450000
1764245,587500
1764247,547000
1764260,500000
1764267,150000
1764275,150000
1764277,1327500
1764282,450000
1764283,450000
1764285,350000
1764299,0
1764300,450000
1764302,450000
1764304,0
1764310,500000
1764314,500000
1764322,150000
1764323,0
1764325,685000
1764328,0
1764333,578000
1764334,460000
1764352,229000
1764354,276300
1764366,450000
1764367,350000
1764368,350000
1764370,1775000
1764385,600000
1764390,0
1764398,556300
1764399,350000
1764400,0
1764404,966000
1764408,350000
1764409,300000
1764414,350000
1764415,150000
1764416,0
1764417,0
1764418,469500
1764424,437000
1764429,0
1764431,450000
1764435,350000
1764437,0
1764441,450000
1764442,350000
1764446,450000
1764455,450000
1764460,0
1764470,350000
1764474,437000
1764480,487500
1764492,725000
1764494,226700
1764495,350000
1764512,450000
1764514,450000
1764515,300000
1764516,725000
1764524,150000
1764530,388500
1764532,374200
1764537,5866100
1764541,150000
1764551,450000
1764566,350000
1764575,450000
1764577,567000
1764590,450000
1764593,450000
1764597,400000
1764599,650000
1764602,450000
1764604,1100000
1764605,0
1764613,665000
1764614,450000
1764624,715000
1764626,752000
1764628,350000
1764630,350000
1764632,700000
1764637,400000
1764642,0
1764643,350000
1764644,0
1764646,350000
1764659,0
1764670,350000
1764675,958500
1764683,855000
1764695,450000
1764696,310000
1764729,740000
1764730,103500
1764740,450000
1764741,500000
1764744,350000
1764748,350000
1764749,450000
1764763,619300
1764765,358800
1764780,692100
1764784,350000
1764786,0
1764788,400000
1764794,0
1764799,475400
1764802,0
1764804,350000
1764808,350000
1764813,450000
1764814,450000
1764821,450000
1764822,633000
1764843,350000
1764854,350000
1764875,250000
1764877,185000
1764887,650000
1764889,0
1764899,0
1764904,500000
1764908,150000
1764915,175000
1764917,450000
1764918,450000
1764920,450000
1764925,437000
1764926,350000
1764938,450000
1764948,0
1764953,1623300
1764954,350000
1764955,1090300
1764958,0
1764961,450000
1764963,450000
1764970,437000
1764977,150000
1764978,450000
1764980,650000
1764981,1374800
1764991,1545100
1764996,350000
1765002,350000
1765013,450000
1765021,1676800
1765030,0
1765031,440000
1765035,272300
1765037,450000
1765038,0
1765045,0
1765055,350000
1765059,500000
1765077,0
1765081,450000
1765084,0
1765090,0
1765093,195000
1765094,450000
1765099,0
1765100,453000
1765118,450000
1765122,613300
1765133,450000
1765135,450000
1765138,450000
1765139,0
1765144,0
1765146,350000
1765148,3285800
1765155,433000
1765157,110000
1765179,450000
1765180,1934900
1765182,0
1765203,515000
1765205,350000
1765210,450000
1765219,882900
1765221,450000
1765226,437000
1765227,0
1765231,450000
1765235,165000
1765240,1922500
1765246,350000
1765252,819100
1765253,450000
1765271,190000
1765273,0
1765277,650000
1765280,450000
1765282,0
1765285,646000
1765287,1200000
1765295,250000
1765296,600000
1765297,1240400
1765300,0
1765306,306000
1765311,450000
1765315,0
1765318,150000
1765322,350000
1765325,492500
1765326,450000
1765330,350000
1765331,0
1765339,0
1765350,650000
1765373,0
1765376,150000
1765381,1170000
1765382,43400
1765387,450000
1765400,350000
1765406,779200
1765407,275900
1765410,450000
1765419,2918500
1765429,0
1765436,350000
1765438,450000
1765439,0
1765447,358000
1765451,150000
1765463,0
1765465,150000
1765467,450000
1765475,0
1765481,938000
1765483,590000
1765489,0
1765501,458000
1765503,450000
1765511,0
1765514,437000
1765515,67200
1765519,0
1765523,300000
1765527,6050000
1765541,150000
1765544,600000
1765547,491200
1765550,0
1765554,959000
1765555,150000
1765557,850000
1765563,250000
1765566,450000
1765570,499700
1765573,0
1765575,450000
1765580,0
1765585,0
1765586,350000
1765588,495000
1765589,445000
1765590,430000
1765600,450000
1765601,350000
1765604,200000
1765620,290000
1765621,135000
1765628,278000
1765629,250000
1765654,150000
1765659,660000
1765660,500000
1765666,150000
1765674,520100
1765675,350000
1765680,450000
1765685,350000
1765690,900000
1765695,0
1765698,400000
1765699,450000
1765700,350000
1765702,0
1765703,224500
1765713,450000
1765715,792000
1765718,1027500
1765727,250000
1765732,600000
1765739,400000
1765740,450000
1765741,450000
1765752,350000
1765764,450000
1765769,350000
1765776,650000
1765781,350000
1765788,439100
1765789,300000
1765796,450000
1765798,572500
1765802,350000
1765811,175900
1765815,450000
1765816,450000
1765818,450000
1765832,950000
1765833,350000
1765841,250000
1765850,450000
1765854,374200
1765865,450000
1765866,150000
1765868,650000
1765872,200000
1765873,450000
1765882,0
1765884,150000
1765890,634500
1765892,300000
1765906,150000
1765907,350000
1765908,350000
1765910,0
1765919,150000
1765921,450000
1765922,350000
1765925,789000
1765926,150000
1765927,0
1765929,0
1765940,271800
1765950,0
1765953,450000
1765966,450000
1765969,390000
1765975,450000
1765986,450000
1765989,0
1765996,279000
1766000,550000
1766001,350000
1766003,350000
1766004,750000
1766007,140000
1766016,2500000
1766019,166000
1766031,450000
1766041,1050000
1766043,250000
1766047,150000
1766051,0
1766056,0
1766058,150000
1766059,450000
1766060,2641000
1766061,450000
1766069,250000
1766076,600000
1766077,750000
1766080,150000
1766083,0
1766084,150000
1766085,650000
1766100,800000
1766103,757400
1766104,0
1766106,450000
1766107,0
1766112,261800
1766113,499800
1766127,450000
1766137,350000
1766143,831000
1766144,350000
1766145,0
1766147,300000
1766152,150000
1766160,450000
1766164,350000
1766165,250000
1766168,350000
1766170,450000
1766176,341600
1766183,0
1766186,0
1766187,450000
1766188,450000
1766191,930000
1766193,750000
1766195,150000
1766197,350000
1766202,0
1766203,1660500
1766206,990000
1766210,450000
1766211,150000
1766212,0
1766214,450000
1766215,0
1766219,350000
1766222,350000
1766235,450000
1766237,350000
1766239,2300000
1766245,450000
1766248,0
1766251,238700
1766252,650400
1766259,350000
1766266,600000
1766269,0
1766272,150000
1766274,0
1766278,350000
1766281,450000
1766283,450000
1766291,722600
1766296,450000
1766297,800000
1766298,690000
1766302,740000
1766306,450000
1766308,450000
1766312,0
1766315,350000
1766316,450000
1766318,581600
1766321,600000
1766327,250000
1766329,437000
1766331,0
1766332,500000
1766333,0
1766336,1400000
1766337,350000
1766340,0
1766341,350000
1766353,450000
1766371,350000
1766377,150000
1766382,350000
1766385,350000
1766389,350000
1766390,450000
1766396,150000
1766404,375000
1766409,450000
1766414,450000
1766429,350000
1766437,373500
1766447,0
1766453,0
1766464,350000
1766467,750000
1766469,350000
1766470,8316000
1766476,900000
1766478,350000
1766480,110000
1766482,350000
1766483,350000
1766485,0
1766488,889000
1766492,0
1766494,450000
1766495,450000
1766500,0
1766505,0
1766506,450000
1766508,773000
1766511,350000
1766512,1330000
1766515,708000
1766526,0
1766527,450000
1766548,600000
1766549,450000
1766561,443000
1766564,999300
1766572,477000
1766574,1050000
1766575,0
1766585,612500
1766591,550000
1766595,360000
1766600,129400
1766605,250000
1766618,0
1766624,0
1766625,437000
1766629,0
1766630,450000
1766632,0
1766633,0
1766639,0
1766650,450000
1766657,350000
1766660,325000
1766668,450000
1766672,450000
1766680,0
1766682,450000
1766683,450000
1766687,450000
1766688,350000
1766693,0
1766704,350000
1766705,150000
1766720,0
1766724,0
1766731,350000
1766733,570000
1766739,450000
1766740,387800
1766741,590000
1766751,450000
1766755,350000
1766756,350000
1766758,0
1766761,450000
1766762,1300000
1766764,0
1766766,387500
1766776,450000
1766781,0
1766784,450000
1766786,350000
1766788,450000
1766791,350000
1766798,450000
1766805,150000
1766806,0
1766812,450000
1766826,786500
1766827,310100
1766830,150000
1766837,530000
1766845,450000
1766848,480000
1766858,450000
1766864,496000
1766866,530000
1766869,0
1766870,545000
1766877,552500
1766878,350000
1766879,150000
1766880,550000
1766883,172000
1766884,437000
1766888,150000
1766891,449000
1766893,0
1766894,350000
1766899,450000
1766900,450000
1766914,350000
1766915,0
1766916,450000
1766926,700000
1766927,500000
1766931,0
1766932,445500
1766935,450000
1766936,1003100
1766938,350000
1766951,750000
1766960,350000
1766961,350000
1766962,450000
1766978,0
1766979,450000
1766986,0
1766988,350000
1766992,450000
1766999,270000
1767002,450000
1767004,0
1767010,350000
1767013,522100
1767019,0
1767026,0
1767032,800000
1767036,0
1767037,0
1767039,443000
1767046,350000
1767056,0
1767060,300000
1767062,0
1767064,792000
1767068,155000
1767070,450000
1767074,450000
1767079,0
1767080,0
1767081,150000
1767082,450000
1767090,450000
1767091,200000
1767097,592500
1767101,31500
1767108,450000
1767109,938500
1767125,436000
1767126,272300
1767127,300000
1767130,827200
1767133,0
1767134,0
1767142,600000
1767151,450000
1767158,150000
1767159,2063700
1767165,450000
1767173,535000
1767174,847500
1767191,0
1767192,0
1767195,0
1767196,350000
1767198,600000
1767201,903600
1767202,450000
1767204,350000
1767205,450000
1767208,350000
1767212,665000
1767213,540000
1767215,14030600
1767216,326400
1767227,400000
1767234,268000
1767235,0
1767239,670000
1767254,0
1767258,350000
1767259,450000
1767269,0
1767278,1340000
1767279,0
1767280,488000
1767281,450000
1767284,0
1767290,450000
1767294,1779800
1767295,350000
1767296,350000
1767297,690000
1767301,350000
1767303,350000
1767311,900000
1767318,714400
1767319,450000
1767330,878000
1767333,500000
1767336,450000
1767345,450000
1767352,0
1767355,175000
1767361,350000
1767364,717100
1767368,525000
1767371,182500
1767383,0
1767385,450000
1767390,0
1767392,192000
1767397,0
1767398,350000
1767399,500000
1767416,0
1767423,450000
1767427,450000
1767428,350000
1767435,450000
1767442,0
1767444,450000
1767445,0
1767447,170000
1767451,400000
1767452,450000
1767456,150000
1767460,1150000
1767463,774000
1767469,0
1767473,450000
1767482,350000
1767484,665000
1767495,200000
1767496,450000
1767500,350000
1767502,450000
1767504,438000
1767512,0
1767519,350000
1767536,644000
1767545,499700
1767560,1584000
1767565,400000
1767567,358900
1767569,150000
1767573,450000
1767576,213000
1767577,150000
1767579,0
1767592,0
1767594,600000
1767611,895000
1767616,0
1767623,0
1767624,0
1767630,1240800
1767644,34300
1767645,450000
1767646,450000
1767650,930000
1767653,350000
1767654,450000
1767657,450000
1767666,0
1767668,0
1767669,450000
1767673,0
1767677,160000
1767678,150000
1767679,171000
1767681,450000
1767682,0
1767688,450000
1767692,350000
1767697,1252500
1767703,495000
1767704,750000
1767708,450000
1767710,0
1767715,350000
1767719,450000
1767721,350000
1767722,450000
1767724,476000
1767726,150000
1767736,900000
1767745,350000
1767753,0
1767758,450000
1767760,486400
1767763,500000
1767772,350000
1767787,300000
1767789,350000
1767790,794500
1767796,0
1767797,500000
1767801,300000
1767809,750000
1767811,1135400
1767819,450000
1767828,560000
1767829,530000
1767840,160000
1767847,0
1767856,0
1767858,350000
1767863,200000
1767874,350000
1767876,301800
1767877,550000
1767879,450000
1767880,493200
1767886,550000
1767889,2908800
1767903,650000
1767910,150000
1767912,350000
1767914,400000
1767918,1069600
1767923,450000
1767925,437000
1767930,0
1767935,150000
1767938,450000
1767940,530000
1767945,250000
1767950,439800
1767961,350000
1767963,350000
1767965,494000
1767977,500000
1767988,2264800
1767990,350000
1767993,350000
1767995,490000
1768001,679200
1768006,422000
1768009,1220800
1768012,550000
1768027,0
1768028,150000
1768033,150000
1768039,0
1768040,586000
1768042,517600
1768052,350000
1768053,1255000
1768056,4305000
1768060,300000
1768065,0
1768073,350000
1768075,0
1768078,450000
1768079,1157500
1768082,150000
1768083,450000
1768084,0
1768087,647000
1768088,0
1768101,0
1768105,479000
1768107,350000
1768116,700000
1768118,0
1768119,400000
1768120,600000
1768121,0
1768124,961000
1768127,500000
1768129,450000
1768132,0
1768135,0
1768137,0
1768139,150000
1768149,750000
1768150,1150000
1768152,450000
1768163,0
1768172,450000
1768175,680000
1768182,150000
1768184,450000
1768186,450000
1768193,450000
1768204,450000
1768219,450000
1768220,717800
1768221,150000
1768223,600000
1768230,0
1768235,230000
1768236,450000
1768250,150000
1768253,450000
1768258,484300
1768260,650000
1768262,350000
1768265,0
1768266,350000
1768274,0
1768279,640000
1768284,590000
1768285,700000
1768287,494000
1768292,150000
1768294,450000
1768297,0
1768299,450000
1768304,550000
1768305,420000
1768307,350000
1768310,600000
1768317,250000
1768323,0
1768325,600000
1768331,0
1768334,1351000
1768345,590000
1768348,4024500
1768355,200400
1768362,150000
1768368,602900
1768374,750000
1768376,0
1768377,450000
1768379,350000
1768380,450000
1768381,0
1768398,400000
1768422,397600
1768426,600000
1768427,970000
1768430,350000
1768431,450000
1768432,600000
1768438,350000
1768445,873900
1768456,485000
1768457,450000
1768461,2023500
1768463,52500
1768465,700000
1768468,450000
1768469,835000
1768471,350000
1768472,350000
1768481,600000
1768486,600000
1768495,750000
1768496,0
1768498,417000
1768500,450000
1768501,600000
1768502,600000
1768508,450000
1768512,600000
1768516,500000
1768521,400000
1768522,450000
1768526,790000
1768529,350000
1768530,150000
1768541,0
1768548,500000
1768550,450000
1768560,350000
1768561,507100
1768562,743400
1768565,500000
1768566,150000
1768568,488400
1768573,0
1768586,500000
1768587,350000
1768588,450000
1768594,1274000
1768595,600000
1768596,833900
1768597,450000
1768599,130000
1768603,325000
1768607,437000
1768608,150000
1768609,350000
1768617,450000
1768622,0
1768625,600000
1768634,450000
1768635,125000
1768639,0
1768643,790000
1768648,547500
1768654,0
1768662,0
1768669,450000
1768677,350000
1768689,350000
1768690,350000
1768694,170000
1768696,600000
1768720,150000
1768732,0
1768752,450000
1768753,450000
1768755,0
1768756,952500
1768757,450000
1768760,350000
1768767,350000
1768774,500000
1768779,680000
1768780,450000
1768791,350000
1768799,650000
1768800,450000
1768802,0
1768809,350000
1768817,2521200
1768818,220000
1768830,664200
1768831,0
1768834,350000
1768837,450000
1768847,400000
1768850,477000
1768857,0
1768868,400000
1768873,450000
1768874,420000
1768878,0
1768886,500000
1768895,550000
1768900,150000
1768907,0
1768910,350000
1768913,350000
1768918,696000
1768922,350000
1768942,597000
1768950,0
1768951,450000
1768955,463200
1768959,350000
1768965,0
1768972,150000
1768982,666500
1768983,450000
1768988,350000
1768989,250000
1768992,640000
1769001,0
1769006,612000
1769022,450000
1769023,350000
1769025,150000
1769026,0
1769031,900000
1769033,450000
1769034,440000
1769037,0
1769041,0
1769043,440000
1769053,450000
1769056,690000
1769057,0
1769059,600000
1769062,350000
1769063,500000
1769064,0
1769066,150000
1769069,0
1769070,0
1769077,700000
1769088,0
1769093,450000
1769094,800000
1769095,448000
1769096,0
1769105,999500
1769107,0
1769109,350000
1769112,450000
1769114,550000
1769117,350000
1769122,486400
1769126,600000
1769128,350000
1769130,687800
1769131,400000
1769134,0
1769140,0
1769154,450000
1769161,1335000
1769173,400000
1769180,450000
1769185,0
1769193,0
1769194,0
1769197,176500
1769198,1140300
1769200,450000
1769207,450000
1769208,120000
1769209,987500
1769216,450000
1769227,450000
1769228,350000
1769237,150000
1769238,450000
1769246,350000
1769251,450000
1769252,350000
1769255,0
1769259,0
1769267,955000
1769275,0
1769280,600000
1769282,600000
1769288,450000
1769289,0
1769294,350000
1769295,15968000
1769301,350000
1769313,921500
1769323,250000
1769328,0
1769329,350000
1769336,400000
1769339,141000
1769347,1540000
1769348,500000
1769356,0
1769364,200000
1769366,450000
1769369,150000
1769378,0
1769385,350000
1769392,144000
1769398,1876100
1769399,450000
1769402,420000
1769406,500000
1769407,600000
1769416,500000
1769417,949800
1769421,350000
1769427,0
1769428,450000
1769430,130000
1769437,650000
1769440,1048900
1769441,600000
1769447,400000
1769448,450000
1769450,142500
1769452,728300
1769472,150000
1769473,250000
1769482,1259700
1769484,150000
1769485,412000
1769489,250000
1769500,600000
1769502,441000
1769507,750000
1769510,0
1769513,500000
1769519,0
1769522,510000
1769538,150000
1769539,697500
1769540,690000
1769545,550000
1769546,142000
1769551,419000
1769552,800200
1769558,900000
1769561,450000
1769567,350000
1769576,1025000
1769577,750000
1769579,250000
1769592,450000
1769598,0
1769599,0
1769600,150000
1769601,0
1769602,438000
1769605,600000
1769607,450000
1769608,450000
1769610,350000
1769621,450000
1769625,591000
1769632,162000
1769640,750000
1769641,250000
1769644,242500
1769645,250000
1769651,450000
1769662,180000
1769663,450000
1769666,707000
1769674,450000
1769675,832000
1769676,350000
1769695,750400
1769699,0
1769713,150000
1769715,0
1769717,0
1769727,450000
1769728,450000
1769736,450000
1769739,650000
1769742,435000
1769743,450000
1769746,400000
1769759,0
1769760,21000
1769765,650000
1769767,350000
1769768,0
1769771,450000
1769775,350000
1769782,0
1769785,150000
1769787,450000
1769790,450000
1769792,0
1769798,450000
1769806,450000
1769807,846500
1769808,800600
1769812,595000
1769829,792000
1769837,500000
1769841,450000
1769844,450000
1769847,250000
1769851,350000
1769854,450000
1769857,0
1769866,450000
1769877,130000
1769882,450000
1769894,88000
1769899,450000
1769901,150000
1769902,0
1769904,350000
1769907,438000
1769910,0
1769913,450000
1769916,450000
1769918,450000
1769922,450000
1769923,450000
1769929,450000
1769930,495000
1769931,450000
1769932,0
1769936,250000
1769939,450000
1769940,450000
1769941,544400
1769944,0
1769945,150000
1769957,450000
1769960,75000
1769965,800000
1769971,0
1769974,650000
1769979,450000
1769981,642000
1769991,450000
1769992,600000
1769993,735000
1769995,0
1770000,0
1770001,500000
1770014,88000
1770024,0
1770026,350000
1770027,450000
1770035,350000
1770040,600000
1770041,400000
1770043,500000
1770044,415900
1770045,350000
1770050,0
1770056,400000
1770059,350000
1770063,250000
1770066,350000
1770068,0
1770073,250000
1770077,450000
1770078,450000
1770084,430000
1770086,450000
1770088,0
1770089,0
1770090,717000
1770092,450000
1770094,750000
1770095,900000
1770103,350000
1770107,250000
1770110,238000
1770113,350000
1770118,500000
1770128,150000
1770134,507200
1770140,550000
1770149,350000
1770160,1057000
1770166,0
1770177,0
1770178,450000
1770191,875900
1770195,0
1770199,73000
1770210,524000
1770212,0
1770227,0
1770228,450000
1770238,510000
1770239,150000
1770241,874000
1770245,0
1770246,229100
1770251,350000
1770254,174900
1770261,0
1770278,350000
1770281,177000
1770284,350000
1770289,450000
1770292,450000
1770297,0
1770307,350000
1770308,434000
1770313,450000
1770318,350000
1770319,441000
1770320,2000000
1770323,250000
1770325,540000
1770327,0
1770329,940000
1770334,450000
1770335,272000
1770349,450000
1770352,150000
1770353,350000
1770355,248000
1770357,0
1770358,0
1770359,450000
1770361,450000
1770366,600000
1770369,377000
1770371,359000
1770373,440000
1770383,350000
1770385,250000
1770386,350000
1770387,374800
1770388,579800
1770393,350000
1770396,0
1770397,350000
1770400,150000
1770402,0
1770410,650000
1770412,790000
1770413,225000
1770414,150000
1770420,600000
1770423,0
1770425,450000
1770427,1272200
1770433,0
1770436,450000
1770437,0
1770445,0
1770452,480000
1770454,619800
1770458,450000
1770459,475000
1770462,717000
1770464,450000
1770473,550000
1770476,600000
1770477,0
1770480,450000
1770481,450000
1770485,1000000
1770486,300000
1770488,150000
1770491,570000
1770501,0
1770503,450000
1770505,0
1770506,600000
1770511,750000
1770513,600000
1770514,0
1770515,350000
1770521,0
1770522,450000
1770527,350000
1770529,0
1770532,350000
1770538,350000
1770543,450000
1770548,677600
1770552,500000
1770554,24936000
1770563,450000
1770567,150000
1770577,150000
1770580,265800
1770583,450000
1770585,915000
1770588,530000
1770597,350000
1770599,410000
1770601,600000
1770603,1406000
1770607,450000
1770611,471500
1770615,156000
1770616,136500
1770617,540100
1770623,350000
1770631,0
1770641,160000
1770644,150000
1770654,550000
1770659,392000
1770666,350000
1770667,0
1770670,150000
1770676,400000
1770679,530000
1770680,167900
1770683,1516200
1770687,717000
1770690,0
1770691,350000
1770696,0
1770697,850000
1770702,530000
1770707,390000
1770708,150000
1770710,600000
1770711,500000
1770712,700000
1770715,718000
1770717,420000
1770723,450000
1770726,0
1770730,25200
1770732,450000
1770733,655000
1770734,0
1770735,0
1770737,120000
1770738,350000
1770739,270000
1770743,450000
1770750,400000
1770751,450000
1770752,530000
1770756,350000
1770762,0
1770767,145500
1770768,0
1770772,0
1770776,450000
1770780,0
1770781,0
1770783,450000
1770805,530000
1770810,450000
1770813,400000
1770816,514400
1770819,626000
1770826,247000
1770846,550000
1770847,500000
1770849,443500
1770850,0
1770855,0
1770857,0
1770858,450000
1770864,575000
1770870,530000
1770872,625000
1770873,650000
1770886,150000
1770890,535800
1770899,130000
1770906,150000
1770907,350000
1770908,191000
1770909,450000
1770911,434400
1770915,530000
1770921,500000
1770923,614000
1770955,299000
1770958,393000
1770963,590000
1770967,350000
1770972,350000
1770980,0
1770990,0
1770992,450000
1770995,135500
1770997,250000
1771009,600000
1771015,350000
1771018,500000
1771020,535900
1771021,400000
1771035,1192500
1771039,0
1771044,350000
1771048,300000
1771054,0
1771056,445000
1771058,750000
1771059,350000
1771061,0
1771064,350000
1771071,150000
1771076,0
1771096,150000
1771111,354600
1771113,889900
1771114,570000
1771121,150000
1771126,450000
1771131,650000
1771136,1675000
1771142,150000
1771150,0
1771160,500000
1771163,550000
1771176,0
1771182,0
1771186,450000
1771197,675000
1771201,377000
1771203,420000
1771205,0
1771206,450000
1771208,450000
1771213,600000
1771225,680000
1771234,150000
1771238,168300
1771246,350000
1771247,150000
1771248,350000
1771253,0
1771259,762000
1771263,450000
1771274,494400
1771278,520000
1771281,200000
1771283,677400
1771285,2600300
1771291,745000
1771295,500000
1771299,940500
1771306,510000
1771318,785000
1771320,550000
1771321,450000
1771324,350000
1771330,383000
1771333,340000
1771334,550000
1771345,400000
1771347,350000
1771350,1808900
1771357,997600
1771358,888000
1771359,556400
1771360,530000
1771363,0
1771365,0
1771367,14300
1771369,621000
1771372,450000
1771380,300000
1771388,350000
1771389,450000
1771395,450000
1771398,450000
1771419,0
1771423,0
1771430,550000
1771432,0
1771436,350000
1771437,150000
1771444,185000
1771446,556000
1771447,175800
1771462,300000
1771464,450000
1771468,600000
1771475,349600
1771483,450000
1771484,200000
1771486,0
1771488,11153800
1771490,550000
1771500,540000
1771508,500000
1771509,500000
1771510,600000
1771519,545100
1771527,0
1771529,550000
1771531,90000
1771533,1150000
1771534,47400
1771535,250000
1771544,0
1771547,1163000
1771554,530000
1771555,147000
1771558,600000
1771559,1209500
1771561,1090000
1771563,611400
1771565,550000
1771566,400000
1771571,10000000
1771573,350000
1771574,650000
1771583,150000
1771585,600000
1771586,510000
1771587,574300
1771590,720000
1771594,0
1771595,600000
1771597,0
1771608,300000
1771609,350000
1771610,1567500
1771616,675500
1771619,250000
1771622,400000
1771625,550000
1771629,450000
1771631,700000
1771634,400000
1771635,510000
1771636,1090000
1771637,450000
1771639,625200
1771642,350000
1771646,566000
1771650,696000
1771665,1163000
1771668,350000
1771669,550000
1771682,678000
1771690,957000
1771694,200000
1771695,580000
1771698,831000
1771704,0
1771705,400000
1771715,400000
1771716,812000
1771718,1200000
1771728,750000
1771733,411500
1771738,646000
1771740,150000
1771741,550000
1771742,795000
1771752,0
1771755,490000
1771758,350000
1771760,500000
1771765,0
1771768,788100
1771781,400000
1771783,150000
1771789,741000
1771790,550000
1771798,871100
1771802,200000
1771806,616000
1771807,550000
1771810,0
1771814,200000
1771819,0
1771820,150000
1771822,400000
1771830,150000
1771834,438000
1771835,550000
1771837,540000
1771840,400000
1771841,2122000
1771852,350000
1771861,400000
1771862,595500
1771863,400000
1771866,550000
1771869,450000
1771872,513000
1771873,775000
1771877,150000
1771878,350000
1771881,400000
1771891,450000
1771892,300000
1771894,0
1771898,150000
1771901,515000
1771913,450000
1771914,400000
1771917,250000
1771918,600000
1771919,550000
1771921,550000
1771925,249000
1771928,4245000
1771934,363000
1771936,400000
1771946,400000
1771947,140000
1771964,450000
1771966,150000
1771971,150000
1771974,400000
1771975,3372500
1771978,0
1771979,0
1771986,0
1771987,0
1771997,641000
1771999,1457000
1772001,450000
1772007,450000
1772017,0
1772023,1190000
1772033,400000
1772034,400000
1772035,850000
1772041,1000000
1772050,450000
1772058,150000
1772059,550000
1772063,0
1772066,150000
1772076,562000
1772080,0
1772084,400000
1772088,550000
1772089,550000
1772091,400000
1772096,450000
1772099,150000
1772108,0
1772111,0
1772112,400000
1772123,400000
1772125,400000
1772140,150000
1772141,0
1772142,400000
1772148,1100000
1772157,0
1772168,350000
1772173,150000
1772176,550000
1772177,580000
1772187,0
1772188,450000
1772192,500000
1772195,350000
1772196,0
1772197,350000
1772198,400000
1772208,0
1772212,450000
1772238,450000
1772239,550000
1772241,450000
1772244,400000
1772269,0
1772272,494000
1772273,104300
1772274,0
1772277,350000
1772278,400000
1772289,0
1772294,400000
1772295,400000
1772299,418000
1772312,0
1772314,495000
1772326,400000
1772329,590000
1772333,99400
1772338,350000
1772339,0
1772342,1143000
1772350,400000
1772353,0
1772354,0
1772360,119600
1772365,0
1772366,0
1772369,0
1772372,180800
1772374,544000
1772375,0
1772378,400000
1772381,350000
1772384,0
1772385,400000
1772386,433600
1772389,350000
1772393,400000
1772401,0
1772405,0
1772411,400000
1772423,400000
1772438,550000
1772444,614000
1772458,150000
1772471,600000
1772474,400000
1772485,240000
1772491,330000
1772507,482500
1772512,305000
1772530,0
1772535,350000
1772538,550000
1772539,874000
1772544,0
1772550,60000
1772552,250000
1772557,966000
1772571,450000
1772579,450000
1772580,473200
1772596,550000
1772597,350000
1772625,400000
1772636,765000
1772638,0
1772643,400000
1772647,550000
1772657,150000
1772658,0
1772659,238500
1772669,450000
1772671,350000
1772677,350000
1772695,550000
1772705,0
1772708,0
1772713,400000
1772715,530000
1772718,450000
1772738,2353000
1772739,489000
1772748,600000
1772753,550000
1772757,350000
1772758,450000
1772770,744000
1772773,7560800
1772798,350000
1772806,236300
1772807,150000
1772816,900000
1772823,0
1772835,358500
1772840,400000
1772850,439000
1772851,400000
1772856,800000
1772858,550000
1772865,250000
1772880,400000
1772892,700000
1772897,450000
1772955,180000
1772971,400000
1772985,350000
1772989,0
1772991,587000
1773004,350000
1773025,911800
1773031,400000
1773042,350000
1773056,493100
1773082,430000
1773083,400000
1773086,450000
1773094,544000
1773098,0
1773100,0
1773118,0
1773130,340000
1773139,400000
1773143,2514000
1773147,600000
1773151,650000
1773163,400000
1773167,780000
1773168,665000
1773170,943000
1773171,250000
1773186,150000
1773188,1511800
1773199,400000
1773209,1223000
1773211,400000
1773215,400000
1773217,694000
1773232,694000
1773233,400000
1773249,860000
1773252,150000
1773254,400000
1773255,550000
1773273,550000
1773280,0
1773281,400000
1773284,305500
1773287,0
1773308,550000
1773316,150000
1773319,550000
1773325,400000
1773335,350000
1773351,550000
1773355,150000
1773358,200000
1773363,150000
1773371,400000
1773383,700000
1773388,550000
1773392,400000
1773393,0
1773399,450000
1773400,400000
1773408,150000
1773410,600000
1773411,450000
1773420,500100
1773425,800000
1773431,0
1773435,0
1773437,400000
1773449,563000
1773463,350000
1773478,1147000
1773479,450000
1773480,400000
1773505,150000
1773509,570000
1773512,150000
1773513,150000
1773517,600000
1773522,0
1773525,450000
1773528,632700
1773530,766000
1773543,450000
1773544,1167400
1773545,350000
1773550,450000
1773559,450000
1773560,450000
1773569,350000
1773577,909200
1773591,0
1773594,0
1773598,150000
1773600,150000
1773603,530000
1773604,530000
1773612,0
1773619,24500
1773626,350000
1773628,0
1773636,650000
1773648,649000
1773652,0
1773661,668000
1773668,350000
1773670,350000
1773680,474600
1773683,0
1773688,450000
1773690,930000
1773693,350000
1773697,350000
1773703,625000
1773721,450000
1773723,350000
1773727,450000
1773734,2592800
1773735,0
1773737,0
1773740,450000
1773742,14157900
1773743,350000
1773745,720000
1773749,750000
1773751,350000
1773753,450000
1773756,450000
1773758,750000
1773760,710000
1773762,0
1773765,350000
1773768,610000
1773783,530000
1773784,150000
1773806,350000
1773807,980000
1773811,450000
1773812,450000
1773819,589000
1773822,450000
1773827,450000
1773834,700000
1773849,500000
1773859,600000
1773870,770900
1773872,350000
1773881,400000
1773887,500000
1773889,1663200
1773905,260000
1773909,250000
1773911,0
1773912,350000
1773927,150000
1773949,0
1773954,0
1773967,350000
1773970,450000
1773976,30470800
1773984,450000
1773985,0
1773987,500000
1773991,0
1773993,200000
1774002,500000
1774003,450000
1774007,300000
1774009,350000
1774015,350000
1774019,438000
1774024,0
1774026,0
1774029,0
1774031,493100
1774040,0
1774043,450000
1774045,659200
1774047,300000
1774049,600000
1774053,450000
1774056,0
1774070,300000
1774075,500000
1774079,619000
1774080,450000
1774082,470000
1774085,271200
1774086,450000
1774089,400000
1774097,649800
1774100,510000
1774105,237500
1774106,300000
1774113,0
1774129,400000
1774133,300000
1774139,350000
1774146,153900
1774148,300000
1774151,630000
1774152,350000
1774157,350000
1774158,450000
1774161,450000
1774169,695000
1774172,0
1774175,530000
1774191,0
1774192,350000
1774200,744000
1774209,350000
1774210,300000
1774214,450000
1774215,888000
1774216,350000
1774217,150000
1774219,500000
1774220,500000
1774228,272000
1774245,316000
1774253,350000
1774254,145500
1774255,440000
1774257,350000
1774259,450000
1774273,300000
1774274,530000
1774279,400000
1774282,450000
1774283,540000
1774286,350000
1774289,600000
1774290,0
1774294,450000
1774296,375000
1774300,150000
1774304,350000
1774305,350000
1774308,350000
1774311,450000
1774314,450000
1774317,350000
1774318,392000
1774320,623000
1774324,300000
1774325,350000
1774327,0
1774338,350000
1774344,350000
1774350,510000
1774355,1160500
1774360,813000
1774362,450000
1774363,0
1774371,0
1774379,518500
1774387,440000
1774396,2152600
1774406,0
1774413,250000
1774414,603500
1774415,350000
1774422,600000
1774446,450000
1774452,0
1774456,450000
1774463,929500
1774464,0
1774474,981000
1774475,450000
1774485,1181000
1774486,0
1774492,0
1774495,300000
1774501,350000
1774503,0
1774521,450000
1774527,700000
1774529,0
1774546,0
1774548,1795000
1774552,450000
1774561,0
1774574,350000
1774588,400000
1774589,450000
1774590,726500
1774593,350000
1774599,530000
1774608,0
1774610,0
1774612,450000
1774614,0
1774618,0
1774626,350000
1774632,450000
1774633,1019000
1774635,450000
1774637,399000
1774640,0
1774650,350000
1774653,0
1774657,0
1774660,450000
1774671,592000
1774675,600000
1774676,350000
1774683,21000
1774685,350000
1774695,350000
1774698,0
1774702,0
1774712,450000
1774723,450000
1774728,0
1774735,350000
1774741,1328300
1774749,450000
1774750,450000
1774751,450000
1774755,450000
1774760,450000
1774765,350000
1774772,0
1774775,150000
1774776,450000
1774788,350000
1774789,450000
1774797,1900800
1774799,350000
1774804,450000
1774805,350000
1774811,548000
1774821,150000
1774822,450000
1774823,0
1774827,650000
1774839,1022500
1774845,450000
1774850,347200
1774856,0
1774862,530000
1774870,450000
1774873,0
1774876,0
1774878,300000
1774892,0
1774909,3232500
1774916,915000
1774929,350000
1774948,450000
1774951,500000
1774956,900000
1774970,629800
1774982,500000
1774994,0
1775002,300000
1775003,874500
1775011,150000
1775012,350000
1775013,200000
1775014,569200
1775025,350000
1775030,600000
1775033,350000
1775039,250000
1775044,0
1775053,1072300
1775060,450000
1775061,0
1775081,0
1775084,1027500
1775087,543600
1775098,150000
1775099,429800
1775103,0
1775104,0
1775110,0
1775115,450000
1775123,450000
1775129,599000
1775130,0
1775132,0
1775133,0
1775136,0
1775148,350000
1775151,750000
1775157,350000
1775162,350000
1775163,450000
1775171,450000
1775173,426600
1775174,0
1775179,450000
1775181,325000
1775182,650000
1775183,350000
1775198,0
1775200,530000
1775201,0
1775221,370500
1775222,700000
1775246,500000
1775251,350000
1775253,569300
1775254,0
1775256,450000
1775262,150000
1775263,905000
1775265,185000
1775267,500000
1775270,150000
1775284,200000
1775290,650000
1775293,0
1775306,138000
1775314,400000
1775331,0
1775332,0
1775336,400000
1775337,650000
1775342,597500
1775343,500100
1775345,0
1775352,750000
1775361,0
1775369,150000
1775381,700000
1775387,766500
1775391,450000
1775398,450000
1775403,250000
1775408,450000
1775410,500000
1775411,150000
1775414,667000
1775422,0
1775423,0
1775425,150000
1775430,350000
1775442,0
1775443,150000
1775444,530000
1775446,450000
1775453,450000
1775457,177700
1775461,0
1775465,450000
1775468,530000
1775469,500000
1775472,650000
1775475,1450000
1775477,500100
1775479,915000
1775481,0
1775486,450000
1775494,520100
1775499,0
1775501,441000
1775502,150000
1775505,150000
1775508,0
1775509,0
1775513,488500
1775516,680000
1775520,350000
1775529,450000
1775545,315000
1775548,450000
1775552,500000
1775554,450000
1775567,441000
1775573,678000
1775574,0
1775577,0
1775580,350000
1775583,600000
1775587,450000
1775601,120000
1775606,0
1775608,0
1775615,350000
1775616,150000
1775617,499800
1775620,640000
1775622,450000
1775624,0
1775626,1036100
1775627,0
1775628,350000
1775629,433500
1775631,717200
1775633,1198000
1775637,560000
1775639,0
1775641,450000
1775645,545900
1775646,450000
1775648,195000
1775655,600000
1775669,350000
1775671,500000
1775672,550000
1775678,200000
1775680,600000
1775682,0
1775688,300000
1775691,295000
1775695,620000
1775696,350000
1775701,0
1775705,0
1775709,150000
1775715,783700
1775717,679000
1775726,350000
1775729,699000
1775736,450000
1775737,650000
1775738,500000
1775739,500000
1775750,0
1775751,0
1775753,0
1775760,500000
1775765,476000
1775766,425000
1775790,350000
1775792,442000
1775793,600000
1775796,450000
1775807,500000
1775808,0
1775815,0
1775826,600000
1775828,0
1775832,500000
1775842,640000
1775851,150000
1775858,350000
1775860,350000
1775866,350000
1775876,478000
1775878,0
1775891,450000
1775892,400000
1775896,401800
1775905,590000
1775906,630000
1775909,540000
1775918,953800
1775923,150000
1775927,250000
1775929,450000
1775931,0
1775932,150000
1775937,119200
1775938,600000
1775939,0
1775941,381500
1775947,450000
1775951,0
1775952,600000
1775953,0
1775955,0
1775960,0
1775964,1463000
1775975,450000
1775976,350000
1775982,450000
1775985,0
1775993,450000
1775995,1182000
1775997,0
1775999,600000
1776001,959500
1776010,750000
1776013,450000
1776015,977100
1776016,200000
1776020,800000
1776028,223400
1776029,350000
1776035,660000
1776039,450000
1776040,650000
1776045,450000
1776047,567000
1776054,350000
1776058,374500
1776061,481500
1776076,450000
1776079,350000
1776099,450000
1776108,530000
1776110,836400
1776120,600000
1776123,400000
1776129,0
1776132,470000
1776133,450000
1776135,450000
1776136,694200
1776140,300000
1776144,450000
1776154,100000
1776155,350000
1776159,450000
1776161,250000
1776171,0
1776174,450000
1776175,500000
1776177,450000
1776198,350000
1776200,250000
1776203,350000
1776209,0
1776212,350000
1776214,150000
1776225,350000
1776229,450000
1776237,1020000
1776238,150000
1776242,600000
1776243,500000
1776244,300000
1776248,1878100
1776251,0
1776256,450000
1776257,350000
1776259,3242600
1776268,500000
1776269,450000
1776272,450000
1776279,500000
1776287,450000
1776291,0
1776292,0
1776295,1130000
1776307,400000
1776310,0
1776311,1670000
1776317,520000
1776318,310000
1776329,250000
1776331,500000
1776333,0
1776334,400000
1776335,562000
1776336,250000
1776341,560100
1776342,350000
1776343,558000
1776344,530000
1776346,400000
1776350,700000
1776353,450000
1776367,795000
1776369,450000
1776384,450000
1776385,350000
1776387,450000
1776394,0
1776397,717000
1776402,0
1776403,250000
1776409,593000
1776412,400000
1776415,985500
1776421,350000
1776423,450000
1776428,0
1776433,300000
1776435,255000
1776443,127500
1776446,449900
1776449,350000
1776451,500000
1776463,418500
1776465,600000
1776472,550000
1776482,0
1776486,350000
1776488,0
1776489,750000
1776491,530000
1776494,0
1776498,630000
1776499,350000
1776500,200000
1776506,0
1776507,250000
1776508,350000
1776511,0
1776535,150000
1776536,0
1776537,0
1776541,150000
1776548,450000
1776559,756700
1776568,0
1776572,0
1776576,450000
1776577,350000
1776579,377500
1776582,1194000
1776588,500000
1776595,630000
1776600,350000
1776607,450000
1776611,350000
1776613,55000
1776615,381500
1776628,365400
1776630,600000
1776636,425000
1776639,571000
1776641,450000
1776645,850000
1776647,482000
1776653,650500
1776657,400000
1776671,450000
1776680,337000
1776706,350000
1776707,0
1776712,1264000
1776715,350000
1776716,10000000
1776721,0
1776729,704000
1776730,495000
1776734,550000
1776742,600000
1776743,0
1776744,425200
1776748,439000
1776752,6800000
1776756,550000
1776758,350000
1776764,0
1776773,450000
1776781,450000
1776782,606000
1776788,450000
1776800,0
1776801,0
1776802,350000
1776804,125000
1776813,0
1776814,450000
1776817,450000
1776818,507000
1776822,701000
1776824,8000000
1776826,350000
1776831,700000
1776835,450000
1776852,350000
1776856,450000
1776863,450000
1776880,684500
1776881,532500
1776883,227000
1776884,0
1776885,150000
1776887,530000
1776888,510000
1776900,450000
1776901,1190000
1776902,6000000
1776907,0
1776908,366000
1776912,450000
1776919,600000
1776920,330000
1776923,450000
1776925,150000
1776926,707000
1776927,450000
1776935,800000
1776938,450000
1776945,132900
1776946,0
1776947,450000
1776949,2000000
1776952,658000
1776956,639600
1776958,450000
1776959,350000
1776962,450000
1776965,300000
1776972,413000
1776980,0
1776982,350000
1776987,603500
1776992,557100
1776993,308000
1776994,0
1776995,0
1777004,148500
1777007,2545600
1777015,250000
1777017,450000
1777028,390000
1777029,296000
1777035,350000
1777037,250000
1777042,495000
1777043,0
1777050,450000
1777051,450000
1777055,322000
1777065,300000
1777070,550000
1777078,191000
1777094,650000
1777096,350000
1777098,550000
1777099,603500
1777112,9600000
1777115,530000
1777117,517000
1777127,500000
1777128,1279800
1777129,0
1777131,450000
1777132,530000
1777139,450000
1777146,850000
1777149,6980000
1777151,0
1777156,0
1777158,56000
1777160,450000
1777161,450000
1777164,707500
1777176,350000
1777179,450000
1777180,0
1777185,0
1777187,0
1777189,0
1777193,300000
1777196,650000
1777198,6000000
1777201,599500
1777202,0
1777204,0
1777205,0
1777216,350000
1777219,0
1777221,445000
1777229,0
1777233,0
1777234,404000
1777246,350000
1777248,601400
1777250,450000
1777252,0
1777253,200000
1777254,1970100
1777256,0
1777259,0
1777274,869300
1777281,700000
1777284,550000
1777289,617900
1777306,670000
1777310,1050000
1777311,450000
1777312,605000
1777319,350000
1777322,804800
1777328,0
1777332,150000
1777337,150000
1777343,600000
1777350,0
1777355,600000
1777358,450000
1777362,400000
1777363,350000
1777366,1027600
1777371,594500
1777379,350000
1777380,550000
1777382,0
1777384,1003000
1777387,0
1777389,450000
1777397,250000
1777407,540000
1777408,1767000
1777413,450000
1777415,130000
1777417,487000
1777419,350000
1777423,530000
1777424,0
1777426,0
1777434,350000
1777439,350000
1777442,429000
1777443,162000
1777444,350000
1777446,0
1777452,200000
1777460,350000
1777462,350000
1777469,450000
1777470,820000
1777480,0
1777483,150000
1777491,0
1777500,350000
1777502,400000
1777505,142000
1777506,1050000
1777509,1155800
1777511,450000
1777520,450000
1777521,0
1777528,150000
1777532,710000
1777535,507800
1777538,300000
1777547,437000
1777551,450000
1777552,0
1777569,200000
1777570,350000
1777571,150000
1777572,0
1777576,530100
1777581,0
1777583,350000
1777584,450000
1777593,250000
1777594,0
1777596,1061800
1777599,150000
1777611,0
1777621,450000
1777624,600000
1777625,150000
1777637,433000
1777642,91500
1777648,0
1777650,350000
1777659,830000
1777663,0
1777672,450000
1777680,684000
1777691,150000
1777693,720000
1777694,450000
1777696,450000
1777699,472500
1777702,0
1777704,350000
1777709,680000
1777710,450000
1777713,450000
1777715,429600
1777716,350000
1777717,590000
1777718,350000
1777728,744000
1777729,450000
1777735,150000
1777754,324600
1777760,890000
1777765,250000
1777769,587000
1777771,642500
1777772,0
1777776,350000
1777777,350000
1777783,350000
1777791,450000
1777799,530000
1777805,400000
1777817,450000
1777818,815000
1777829,150000
1777833,450000
1777834,1000000
1777843,400000
1777854,300000
1777858,0
1777859,590000
1777860,600000
1777865,690000
1777869,480000
1777877,1511900
1777879,680000
1777884,426000
1777891,1060000
1777894,400000
1777895,0
1777904,120000
1777907,429000
1777914,474500
1777917,630000
1777921,250000
1777924,350000
1777925,450000
1777926,750000
1777931,0
1777932,0
1777935,644000
1777939,538300
1777942,0
1777944,450000
1777945,934500
1777948,450000
1777953,450000
1777958,450000
1777962,350000
1777968,155300
1777969,150000
1777971,0
1777983,350000
1777984,670000
1777988,350000
1777989,300000
1777991,350000
1777996,0
1777999,600000
1778002,450000
1778004,500000
1778019,350000
1778021,503000
1778022,0
1778026,740000
1778038,350000
1778039,526400
1778048,417000
1778057,350000
1778059,450000
1778061,600000
1778063,350000
1778069,450000
1778074,350000
1778077,0
1778080,350000
1778081,150000
1778083,450000
1778087,652000
1778102,0
1778104,924500
1778105,135000
1778106,450000
1778109,413000
1778110,450000
1778115,900000
1778120,450000
1778122,470000
1778126,200000
1778131,190000
1778133,450000
1778136,0
1778138,350000
1778139,150000
1778150,0
1778154,0
1778159,0
1778172,150000
1778173,350000
1778174,0
1778181,630000
1778184,0
1778186,0
1778187,500000
1778190,0
1778195,650000
1778197,0
1778204,600000
1778219,0
1778221,450000
1778223,420000
1778225,0
1778230,450000
1778231,1731400
1778232,389500
1778237,0
1778246,150000
1778248,0
1778262,387500
1778267,541500
1778275,382500
1778281,450000
1778287,0
1778291,300000
1778304,450000
1778328,25200
1778329,400000
1778332,0
1778333,560000
1778337,450000
1778338,450000
1778341,150000
1778350,146700
1778355,539500
1778357,450000
1778374,450000
1778380,0
1778382,4100000
1778383,450000
1778386,350000
1778392,390000
1778394,413000
1778404,450000
1778411,450000
1778412,133500
1778415,400000
1778418,0
1778422,0
1778424,970000
1778427,0
1778430,492700
1778432,150000
1778444,400000
1778445,944000
1778446,350000
1778447,930000
1778452,119000
1778455,600000
1778456,171000
1778459,350000
1778462,974000
1778463,627800
1778468,450000
1778478,200000
1778483,350000
1778485,347500
1778496,429000
1778498,241000
1778500,700000
1778502,450000
1778503,350000
1778512,0
1778520,0
1778523,600000
1778525,350000
1778530,0
1778533,0
1778537,459500
1778538,150000
1778541,0
1778545,450000
1778547,350000
1778552,450000
1778557,450000
1778559,150000
1778561,0
1778564,1043000
1778565,558000
1778572,1074000
1778581,987200
1778592,350000
1778600,431000
1778603,585000
1778605,450000
1778606,450000
1778633,0
1778634,500000
1778635,440000
1778647,400000
1778650,450000
1778658,350000
1778665,495000
1778667,590000
1778676,498900
1778678,450000
1778680,450000
1778684,450000
1778688,424200
1778691,150000
1778692,450000
1778697,528000
1778707,144000
1778709,150000
1778710,500000
1778731,730000
1778735,0
1778738,542000
1778741,450000
1778743,350000
1778748,0
1778764,450000
1778766,0
1778771,450000
1778773,350000
1778775,790000
1778780,0
1778781,450000
1778782,0
1778793,176000
1778799,400000
1778805,450000
1778806,823200
1778817,0
1778825,150000
1778832,400000
1778833,144000
1778846,632000
1778847,0
1778855,250000
1778856,444800
1778861,450000
1778862,1976000
1778868,800000
1778870,170000
1778873,0
1778874,450000
1778880,150000
1778881,0
1778882,0
1778887,1575000
1778893,600000
1778894,130000
1778897,350000
1778899,860000
1778902,516900
1778906,0
1778908,450000
1778910,2180000
1778911,450000
1778915,500000
1778921,530000
1778923,400000
1778927,530000
1778929,716000
1778930,0
1778935,450000
1778936,530000
1778937,0
1778938,600000
1778946,1898400
1778954,450000
1778958,450000
1778961,450000
1778968,718000
1778969,0
1778981,250000
1778982,150000
1778988,316800
1778992,918800
1778996,200000
1779001,805000
1779002,680000
1779004,350000
1779006,600000
1779015,480000
1779016,590000
1779025,550000
1779033,0
1779035,254000
1779042,150000
1779043,400000
1779048,750000
1779053,420000
1779060,400000
1779061,150000
1779063,150000
1779065,450000
1779068,226000
1779077,0
1779080,92500
1779081,0
1779082,350000
1779085,0
1779088,350000
1779090,735000
1779093,400000
1779099,0
1779100,575000
1779111,350000
1779112,0
1779114,174000
1779118,450000
1779122,385700
1779123,810000
1779126,540900
1779143,526000
1779150,0
1779155,350000
1779156,350000
1779158,450000
1779164,530000
1779167,450000
1779171,0
1779172,635400
1779173,0
1779174,756000
1779175,450000
1779181,350000
1779182,450000
1779187,500000
1779189,350000
1779193,450000
1779197,450000
1779201,0
1779209,0
1779211,450000
1779226,450000
1779227,420000
1779228,417000
1779230,1500000
1779233,850000
1779235,150000
1779241,581000
1779244,450000
1779245,438000
1779246,150000
1779256,450000
1779258,150000
1779261,530000
1779267,150000
1779278,2132600
1779280,0
1779286,450000
1779288,292000
1779291,550800
1779294,776500
1779298,300000
1779300,1563000
1779302,350000
1779303,450000
1779315,450000
1779329,515000
1779332,450000
1779334,150000
1779335,317400
1779339,650000
1779340,150000
1779344,600000
1779349,500000
1779352,400000
1779355,200000
1779363,0
1779365,0
1779366,0
1779368,400000
1779369,136000
1779390,450000
1779396,526000
1779398,500000
1779399,350000
1779403,450000
1779404,530000
1779405,0
1779406,682400
1779409,0
1779413,630800
1779423,450000
1779425,35000
1779426,487100
1779428,700000
1779429,591000
1779433,0
1779443,590000
1779445,924800
1779446,350000
1779449,317500
1779452,0
1779458,350000
1779461,150000
1779464,300000
1779469,239000
1779470,450000
1779471,0
1779479,260900
1779480,350000
1779488,450000
1779489,500000
1779495,450000
1779498,600000
1779504,800000
1779505,350000
1779506,300000
1779508,650000
1779509,474800
1779517,500000
1779520,350000
1779523,0
1779524,763000
1779535,450000
1779536,635000
1779541,150000
1779550,1658000
1779554,382500
1779557,986500
1779563,350000
1779565,450000
1779570,1180000
1779571,450000
1779575,575000
1779577,528000
1779581,0
1779587,350000
1779589,433000
1779597,400000
1779605,350000
1779606,700000
1779609,475100
1779611,450000
1779612,640000
1779613,810000
1779614,204400
1779622,0
1779630,450000
1779632,144000
1779638,150000
1779651,1990000
1779658,445000
1779663,600000
1779667,0
1779668,688000
1779669,400000
1779674,350000
1779680,650000
1779683,450000
1779684,450000
1779685,1346500
1779687,0
1779697,350000
1779700,500000
1779715,535000
1779724,450000
1779728,563800
1779730,350000
1779731,150000
1779734,400000
1779743,450000
1779745,0
1779754,450000
1779761,450000
1779762,150000
1779768,0
1779769,0
1779770,1924100
1779771,0
1779775,0
1779784,350000
1779788,450000
1779789,0
1779795,0
1779796,792000
1779797,350000
1779798,350000
1779804,1613500
1779805,530000
1779808,450000
1779824,450000
1779825,350000
1779837,0
1779838,450000
1779839,530000
1779843,350000
1779845,400000
1779849,350000
1779853,448000
1779854,900000
1779858,450000
1779860,475100
1779863,450000
1779873,350000
1779879,350000
1779888,0
1779901,300000
1779906,526000
1779907,0
1779908,350000
1779917,450000
1779920,600000
1779930,350000
1779940,0
1779942,450000
1779945,800000
1779946,350000
1779950,740000
1779952,0
1779965,450000
1779970,0
1779978,348400
1779983,500000
1779984,450000
1779992,450000
1779996,600000
1780000,0
1780002,350000
1780003,0
1780011,450000
1780017,54000
1780026,1250000
1780027,135000
1780031,150000
1780033,350000
1780035,500000
1780036,2039800
1780037,350000
1780038,0
1780041,450000
1780046,280000
1780055,1950000
1780059,150000
1780062,0
1780064,785100
1780067,1164000
1780069,800000
1780070,450000
1780071,350000
1780073,459000
1780078,600000
1780081,150000
1780084,450000
1780096,450000
1780102,150000
1780107,120000
1780108,450000
1780112,730000
1780117,725000
1780120,450000
1780127,1422500
1780133,0
1780134,573900
1780139,450000
1780150,495200
1780151,750000
1780157,0
1780159,900000
1780167,750000
1780170,350000
1780187,2443000
1780192,998000
1780196,1224500
1780201,500000
1780206,350000
1780209,450000
1780218,683100
1780221,350000
1780222,100000
1780223,1513000
1780226,530000
1780228,0
1780232,0
1780240,0
1780242,350000
1780244,600000
1780249,540000
1780256,422000
1780261,551000
1780262,450000
1780266,0
1780273,680000
1780277,450000
1780291,350000
1780297,350000
1780299,0
1780300,638000
1780304,350000
1780310,526500
1780325,0
1780329,400000
1780330,710000
1780339,0
1780341,350000
1780352,250000
1780355,450000
1780360,450000
1780378,220000
1780389,400000
1780400,450000
1780412,527400
1780413,550000
1780414,150000
1780415,88000
1780423,0
1780425,450000
1780429,450000
1780432,0
1780435,0
1780437,0
1780450,720000
1780465,0
1780485,0
1780486,450000
1780488,491500
1780494,450000
1780509,450000
1780523,450000
1780524,638000
1780529,441000
1780531,150000
1780532,725500
1780539,350000
1780541,350000
1780550,450000
1780554,500000
1780556,1137000
1780558,350000
1780559,500000
1780562,1615000
1780567,533000
1780569,450000
1780573,664100
1780584,555000
1780587,150000
1780593,1888600
1780594,200000
1780597,450000
1780598,450000
1780602,357000
1780603,120000
1780611,147000
1780628,450000
1780633,0
1780637,610000
1780640,450000
1780643,0
1780644,600000
1780649,0
1780650,2000000
1780652,450000
1780653,350000
1780656,450000
1780661,300000
1780662,450000
1780665,785000
1780668,0
1780671,100000
1780673,0
1780677,600000
1780679,680000
1780680,400000
1780683,88000
1780684,754500
1780688,854900
1780691,0
1780692,400000
1780694,422000
1780696,75000
1780707,650000
1780710,450000
1780715,450000
1780722,400000
1780726,450000
1780731,240000
1780757,0
1780764,150000
1780766,590000
1780770,0
1780771,150000
1780774,0
1780776,945000
1780783,450000
1780784,991000
1780785,450000
1780787,450000
1780789,950000
1780790,370000
1780791,0
1780793,200000
1780795,600000
1780800,400000
1780805,0
1780821,598900
1780824,450000
1780825,450000
1780826,350000
1780830,125000
1780832,600000
1780833,350000
1780836,350000
1780839,400000
1780844,350000
1780845,145000
1780850,650000
1780855,790000
1780858,761700
1780860,1527800
1780861,546000
1780864,600000
1780868,150000
1780870,350000
1780871,0
1780875,0
1780879,0
1780880,350000
1780882,212500
1780886,0
1780887,350000
1780900,150000
1780903,1294000
1780907,350000
1780919,700000
1780926,215100
1780932,530000
1780936,336000
1780938,450000
1780953,540000
1780958,400000
1780968,450000
1780972,450000
1780973,450000
1780978,450000
1780986,0
1780987,0
1780988,144000
1780989,150000
1780990,0
1780992,1044000
1780996,600000
1781002,450000
1781003,0
1781005,400000
1781007,350000
1781008,350000
1781013,0
1781014,820000
1781016,450000
1781025,450000
1781028,450000
1781039,150000
1781050,450000
1781059,150000
1781060,0
1781061,500000
1781065,150000
1781067,42700
1781072,1811500
1781073,603200
1781078,0
1781081,600000
1781082,687500
1781083,273000
1781085,450000
1781101,920000
1781104,450000
1781105,567200
1781110,360000
1781114,0
1781115,450000
1781130,400000
1781134,530000
1781135,150000
1781136,450000
1781138,519000
1781141,450000
1781145,590000
1781146,350000
1781148,400000
1781152,0
1781160,450000
1781164,438000
1781168,400000
1781169,200000
1781175,150000
1781178,530000
1781180,150000
1781188,550000
1781201,454500
1781203,450000
1781204,594000
1781205,450000
1781206,450000
1781208,0
1781223,0
1781225,303600
1781231,450000
1781232,450000
1781236,150000
1781242,869000
1781251,0
1781273,440000
1781282,590000
1781284,526600
1781286,574100
1781287,0
1781289,547000
1781296,450000
1781304,350000
1781305,350000
1781310,600000
1781312,150000
1781313,800000
1781316,450000
1781326,150000
1781327,450000
1781332,265200
1781334,450000
1781340,600000
1781342,450000
1781345,400000
1781348,450000
1781351,450000
1781353,676600
1781363,150000
1781375,212500
1781387,730000
1781396,580000
1781402,504000
1781407,150000
1781408,140000
1781409,400000
1781410,400000
1781411,450000
1781419,0
1781426,450000
1781428,1208500
1781430,1241200
1781436,548000
1781440,0
1781443,671000
1781449,0
1781454,350000
1781458,157000
1781461,450000
1781474,450000
1781475,51606300
1781479,0
1781486,400000
1781488,400000
1781490,695000
1781492,450000
1781495,320000
1781496,150000
1781506,400000
1781511,400000
1781514,587000
1781525,685500
1781531,300000
1781534,0
1781549,591000
1781566,400000
1781568,23591000
1781569,0
1781570,400000
1781571,300000
1781573,0
1781587,400000
1781588,17500
1781590,400000
1781591,400000
1781596,330000
1781597,487000
1781604,0
1781610,0
1781624,0
1781625,400000
1781627,500000
1781628,400000
1781630,350000
1781638,150000
1781646,600000
1781650,400000
1781655,400000
1781657,450000
1781660,200000
1781666,0
1781674,400000
1781682,1535600
1781684,903800
1781688,275000
1781691,450000
1781693,0
1781694,550000
1781695,536000
1781698,0
1781700,653000
1781715,0
1781716,550000
1781719,581500
1781724,0
1781725,650000
1781726,0
1781733,400000
1781734,400000
1781737,274000
1781741,430000
1781744,465300
1781745,1390000
1781747,450000
1781750,667500
1781755,496000
1781756,163900
1781759,150000
1781761,350000
1781764,0
1781768,443400
1781771,633400
1781788,400000
1781789,400000
1781790,0
1781793,150000
1781795,400000
1781807,409300
1781808,0
1781815,350000
1781822,0
1781828,300000
1781830,322500
1781835,0
1781839,524500
1781840,150000
1781844,100000
1781845,870000
1781850,810000
1781852,400000
1781855,623600
1781857,400000
1781859,550000
1781865,600000
1781877,438000
1781878,1476000
1781879,180000
1781887,400000
1781893,345800
1781895,350000
1781897,0
1781900,54400
1781901,1079700
1781905,680000
1781915,400000
1781922,400000
1781930,400000
1781935,0
1781942,400000
1781953,400000
1781955,400000
1781962,450000
1781965,400000
1781967,710000
1781977,540000
1781997,550000
1782006,655000
1782012,400000
1782014,450000
1782018,0
1782019,626400
1782025,650000
1782028,580000
1782031,400000
1782035,0
1782038,350000
1782040,898800
1782044,400000
1782046,400000
1782057,500000
1782058,650000
1782059,60000
1782077,450000
1782079,350000
1782093,0
1782109,400000
1782115,0
1782117,350000
1782120,117500
1782122,450000
1782125,270000
1782126,0
1782127,400000
1782128,400000
1782141,450000
1782157,350000
1782159,350000
1782173,400000
1782182,0
1782185,885000
1782194,850000
1782197,150000
1782203,0
1782219,400000
1782225,350000
1782226,700000
1782232,400000
1782236,450000
1782237,400000
1782245,550000
1782248,450000
1782250,500000
1782261,650000
1782262,450000
1782271,400000
1782276,400000
1782281,400000
1782283,650000
1782284,0
1782285,150000
1782286,350000
1782287,600000
1782292,0
1782306,519800
1782308,0
1782310,0
1782311,0
1782318,350000
1782324,400000
1782328,450000
1782329,400000
1782332,164700
1782340,450000
1782346,400000
1782351,607500
1782357,0
1782375,450000
1782399,400000
1782410,800000
1782421,400000
1782434,459000
1782435,409300
1782449,400000
1782455,285000
1782474,350000
1782476,466700
1782478,400000
1782479,400000
1782480,0
1782487,400000
1782495,684000
1782503,400000
1782515,764000
1782520,350000
1782522,447500
1782524,150000
1782531,0
1782555,300000
1782563,0
1782569,809200
1782577,792500
1782578,450000
1782579,0
1782591,1840000
1782604,450000
1782606,250000
1782624,400000
1782625,400000
1782626,150000
1782632,400000
1782635,450000
1782636,410000
1782643,730000
1782644,685000
1782648,350000
1782651,300000
1782662,500000
1782663,550000
1782675,650000
1782676,400000
1782682,300000
1782686,380000
1782694,1165500
1782700,300000
1782713,0
1782716,450000
1782718,350000
1782720,350000
1782723,400000
1782727,150000
1782733,700000
1782734,300000
1782744,0
1782747,650000
1782751,300000
1782760,400000
1782761,300000
1782772,290000
1782792,273000
1782800,0
1782803,400000
1782807,400000
1782812,0
1782813,400000
1782814,1020000
1782821,400000
1782835,450000
1782849,0
1782850,150000
1782853,0
1782873,350000
1782876,600000
1782888,650000
1782896,0
1782907,500000
1782908,350000
1782919,550000
1782944,150000
1782953,142000
1782963,0
1782975,1150000
1782982,400000
1782988,550000
1783002,150000
1783005,550000
1783007,400000
1783010,600000
1783015,0
1783016,600000
1783022,1021600
1783036,320500
1783071,400000
1783077,600000
1783084,0
1783088,1419000
1783093,650000
1783096,400000
1783100,300000
1783101,0
1783102,499700
1783116,150000
1783117,0
1783125,594000
1783163,700000
1783170,0
1783174,450000
1783178,450000
1783179,150000
1783191,0
1783192,350000
1783204,900000
1783217,0
1783225,550000
1783228,400000
1783230,0
1783232,730000
1783245,400000
1783255,400000
1783259,550000
1783278,0
1783281,540000
1783283,400000
1783285,0
1783299,400000
1783301,550000
1783305,271800
1783312,400000
1783316,194900
1783321,715300
1783326,150000
1783337,400000
1783353,700000
1783357,350000
1783374,400000
1783383,550000
1783391,450000
1783403,276800
1783415,0
1783421,92000
1783431,400000
1783437,0
1783439,740000
1783442,0
1783443,495100
1783444,0
1783447,448000
1783452,798500
1783457,700000
1783479,150000
1783480,150000
1783483,350000
1783485,140000
1783499,400000
1783502,522000
1783508,0
1783539,450000
1783549,0
1783556,350000
1783560,450000
1783564,0
1783565,550000
1783566,450000
1783567,180000
1783580,150000
1783587,450000
1783593,550000
1783599,450000
1783610,150000
1783613,647500
1783614,400000
1783616,450000
1783617,350000
1783624,866600
1783639,400000
1783640,500000
1783642,0
1783654,450000
1783662,150000
1783667,0
1783668,0
1783671,530000
1783677,2000000
1783680,167900
1783683,1250300
1783684,350000
1783690,450000
1783692,0
1783699,574700
1783706,515000
1783724,450000
1783728,3050000
1783744,350000
1783755,450000
1783763,450000
1783764,0
1783765,144000
1783771,450000
1783774,560000
1783789,150000
1783797,450000
1783814,500000
1783819,350000
1783821,350000
1783823,600000
1783832,272500
1783834,300000
1783838,980300
1783840,140000
1783841,952500
1783845,0
1783854,0
1783856,850000
1783863,450000
1783864,350000
1783873,450000
1783878,200000
1783882,794000
1783883,550000
1783886,0
1783887,0
1783889,0
1783898,800000
1783907,0
1783912,0
1783914,150000
1783918,0
1783919,500000
1783922,600000
1783923,245500
1783930,350000
1783932,1119700
1783938,927500
1783962,350000
1783964,450000
1783967,150000
1783972,150000
1783975,0
1783988,450000
1783989,450000
1783991,450000
1783992,450000
1783994,1264200
1783996,500000
1784000,350000
1784003,720000
1784004,500000
1784008,350000
1784012,0
1784015,450000
1784022,450000
1784023,0
1784027,256000
1784030,450000
1784039,0
1784045,150000
1784048,0
1784051,350000
1784053,350000
1784055,422000
1784071,450000
1784073,600000
1784074,680000
1784075,350000
1784082,350000
1784083,450000
1784085,450000
1784086,537200
1784087,150000
1784088,240000
1784092,350000
1784097,350000
1784098,445000
1784100,450000
1784112,1200000
1784121,400000
1784129,450000
1784131,710000
1784135,0
1784136,450000
1784153,450000
1784167,450000
1784183,127300
1784194,450000
1784195,0
1784205,321500
1784218,350000
1784222,350000
1784232,1000000
1784245,0
1784257,450000
1784270,1199300
1784277,150000
1784278,350000
1784281,440000
1784285,0
1784293,350000
1784310,0
1784312,150000
1784315,450000
1784316,450000
1784321,437000
1784325,0
1784326,450000
1784329,150000
1784336,350000
1784338,864400
1784339,450000
1784346,510000
1784348,600000
1784351,300000
1784353,950500
1784357,350000
1784362,350000
1784366,620000
1784382,0
1784386,0
1784388,350000
1784389,130000
1784394,1750000
1784397,0
1784404,763200
1784405,350000
1784412,150000
1784416,350000
1784419,350000
1784426,450000
1784430,602500
1784433,350000
1784438,800000
1784439,150000
1784456,150000
1784458,650000
1784463,0
1784472,150000
1784475,150000
1784482,0
1784486,350000
1784488,450000
1784508,120000
1784515,3058200
1784521,445000
1784522,450000
1784525,479500
1784532,150000
1784537,551400
1784543,650000
1784544,350000
1784547,600000
1784548,450000
1784552,0
1784554,436000
1784555,450000
1784560,197000
1784563,1383800
1784564,700000
1784574,450000
1784575,0
1784592,150000
1784598,350000
1784603,350000
1784604,450000
1784610,530000
1784611,2828000
1784614,0
1784615,0
1784617,450000
1784619,0
1784627,506000
1784636,350000
1784643,350000
1784648,1009000
1784652,530000
1784654,0
1784670,350000
1784673,0
1784674,840000
1784687,450000
1784691,568000
1784699,350000
1784704,144800
1784708,350000
1784713,450000
1784715,450000
1784719,350000
1784722,0
1784723,0
1784725,200000
1784726,305000
1784730,0
1784735,350000
1784752,550000
1784753,0
1784765,0
1784767,250000
1784772,0
1784779,351000
1784782,700000
1784790,0
1784799,350000
1784807,0
1784814,350000
1784817,600000
1784820,553000
1784826,417000
1784827,350000
1784837,350000
1784838,0
1784840,500000
1784841,650000
1784846,1182500
1784851,413000
1784859,0
1784867,613600
1784870,450000
1784875,2994000
1784878,0
1784879,350000
1784881,0
1784882,475000
1784887,475000
1784888,650000
1784890,350000
1784900,350000
1784903,250000
1784904,450000
1784917,967500
1784918,600000
1784919,450000
1784923,489200
1784932,0
1784940,350000
1784943,53000
1784952,306000
1784954,450000
1784960,600000
1784973,450000
1784975,500000
1784977,675000
1784979,0
1784982,0
1784988,292500
1784990,450000
1784991,650000
1784992,589000
1784993,450000
1785003,450000
1785010,350000
1785013,350000
1785016,450000
1785017,300000
1785025,0
1785031,350000
1785036,350000
1785047,680000
1785048,850000
1785052,0
1785055,450000
1785056,350000
1785058,500000
1785059,0
1785062,450000
1785063,0
1785067,350000
1785082,534000
1785083,300000
1785084,536500
1785088,500000
1785091,599000
1785093,0
1785098,350000
1785099,150000
1785100,450000
1785102,450000
1785103,450000
1785105,350000
1785112,450000
1785118,350000
1785120,530000
1785131,0
1785142,450000
1785143,0
1785146,350000
1785151,900000
1785153,450000
1785159,0
1785162,450000
1785163,585000
1785170,450000
1785182,450000
1785187,930000
1785190,0
1785193,450000
1785200,521600
1785201,1011500
1785202,350000
1785209,806300
1785220,900000
1785221,150000
1785225,830000
1785234,830000
1785238,250000
1785244,450000
1785246,900000
1785253,450000
1785254,600000
1785257,0
1785266,450000
1785272,0
1785283,450000
1785292,490400
1785293,802700
1785298,450000
1785301,806300
1785304,688800
1785308,400000
1785310,806300
1785313,0
1785315,560000
1785316,500000
1785318,437500
1785330,810000
1785334,400000
1785343,450000
1785348,350000
1785358,790000
1785361,300000
1785365,350000
1785370,350000
1785375,526000
1785380,0
1785385,350000
1785390,450000
1785396,2535900
1785399,539000
1785403,450000
1785405,350000
1785407,766000
1785411,0
1785420,281500
1785421,450000
1785425,450000
1785427,410500
1785429,350000
1785438,450000
1785439,0
1785447,1113400
1785450,0
1785452,777200
1785459,750000
1785460,950000
1785467,250000
1785480,500000
1785484,450000
1785485,0
1785488,600000
1785498,540000
1785499,250000
1785500,839700
1785503,806000
1785506,1075000
1785511,270000
1785521,417000
1785525,450000
1785530,938000
1785533,0
1785546,144000
1785550,450000
1785553,450000
1785554,450000
1785556,450000
1785558,113000
1785562,150000
1785563,500000
1785573,552900
1785574,594000
1785575,440000
1785583,350000
1785598,450000
1785600,450000
1785607,0
1785610,0
1785615,350000
1785627,300000
1785639,350000
1785644,500000
1785653,450000
1785655,450000
1785658,600000
1785660,450000
1785661,450000
1785672,468000
1785676,350000
1785679,350000
1785680,350000
1785681,450000
1785683,0
1785684,300000
1785685,690000
1785687,860000
1785688,750000
1785693,150000
1785694,216900
1785695,450000
1785698,350000
1785699,0
1785703,150000
1785709,0
1785713,250000
1785719,0
1785755,150000
1785774,150000
1785781,0
1785785,450000
1785789,450000
1785790,450000
1785794,150000
1785804,150000
1785806,0
1785807,0
1785808,356000
1785809,450000
1785810,680000
1785811,530000
1785813,0
1785821,467200
1785831,0
1785832,0
1785834,0
1785839,0
1785845,0
1785846,450000
1785854,7700
1785858,200000
1785861,350000
1785864,250000
1785880,0
1785884,500000
1785885,250000
1785886,0
1785887,680000
1785898,450000
1785899,149500
1785908,450000
1785914,350000
1785916,350000
1785918,350000
1785920,837500
1785925,500000
1785934,580000
1785943,0
1785950,441000
1785960,1090400
1785964,0
1785966,350000
1785973,0
1785981,487100
1785988,163000
1785990,3713000
1785993,300000
1785995,350000
1785996,477000
1785998,507000
1786002,1300000
1786004,450000
1786005,600000
1786010,563000
1786018,350000
1786019,52500
1786020,450000
1786023,650000
1786024,450000
1786026,450000
1786031,450000
1786038,0
1786052,0
1786060,3595000
1786062,450000
1786064,350000
1786067,450000
1786069,234600
1786070,899000
1786072,150000
1786077,0
1786078,450000
1786079,580000
1786082,730000
1786083,150000
1786086,611300
1786089,400000
1786093,3964700
1786094,0
1786096,0
1786101,0
1786104,0
1786108,450000
1786113,300000
1786121,350000
1786122,550000
1786124,500000
1786127,1000000
1786137,0
1786144,400000
1786145,0
1786150,417000
1786153,350000
1786156,572900
1786162,0
1786170,590000
1786176,600000
1786179,150000
1786182,300000
1786184,0
1786185,418500
1786190,517500
1786191,600000
1786216,150000
1786219,1240000
1786224,500000
1786225,559800
1786233,400000
1786237,450000
1786245,450000
1786263,1268100
1786265,575000
1786274,150000
1786281,350000
1786284,350000
1786294,519000
1786297,450000
1786301,450000
1786309,450000
1786310,250000
1786312,1800000
1786320,450000
1786322,450000
1786324,898500
1786326,642000
1786327,0
1786329,450000
1786330,0
1786334,0
1786336,150000
1786338,551000
1786359,150000
1786360,150000
1786376,450000
1786378,0
1786380,350000
1786384,635000
1786387,0
1786394,450000
1786400,450000
1786404,850000
1786406,600000
1786413,130000
1786414,350000
1786415,702500
1786416,618000
1786425,1070000
1786426,0
1786427,700000
1786430,450000
1786432,150000
1786435,530000
1786452,450000
1786454,0
1786460,279300
1786471,150000
1786476,350000
1786482,350000
1786486,0
1786488,350000
1786490,421200
1786491,530000
1786497,450000
1786498,0
1786500,650000
1786503,0
1786511,650000
1786515,0
1786520,350000
1786522,350000
1786530,150000
1786531,350000
1786536,500000
1786540,350000
1786544,267300
1786553,551000
1786554,150000
1786557,450000
1786561,150000
1786571,100000
1786576,0
1786578,150000
1786580,0
1786583,0
1786584,350000
1786586,300000
1786588,500000
1786602,350000
1786613,450000
1786617,0
1786627,0
1786628,350000
1786638,500000
1786639,350000
1786642,0
1786643,600000
1786648,450000
1786653,1410000
1786654,450000
1786666,0
1786670,450000
1786673,1023500
1786675,688000
1786680,450000
1786685,0
1786688,88000
1786695,439200
1786699,150000
1786705,650000
1786712,790000
1786729,544500
1786733,550000
1786737,622500
1786740,150000
1786746,350000
1786748,455000
1786763,0
1786766,0
1786770,450000
1786772,0
1786776,670000
1786779,690000
1786780,450000
1786781,0
1786782,150000
1786784,0
1786790,1077800
1786797,350000
1786798,300000
1786802,450000
1786805,400000
1786813,350000
1786815,0
1786817,0
1786823,1634100
1786833,148300
1786836,350000
1786843,600000
1786862,1234000
1786865,700000
1786868,600000
1786869,450000
1786870,0
1786871,701200
1786872,0
1786875,0
1786878,350000
1786881,450000
1786888,450000
1786890,0
1786892,600000
1786893,400000
1786895,400000
1786897,350000
1786902,500000
1786908,0
1786914,750000
1786915,600000
1786917,0
1786919,438000
1786923,600000
1786924,450000
1786929,1264500
1786930,0
1786932,350000
1786938,0
1786939,650000
1786942,800000
1786957,500000
1786968,1200000
1786969,130000
1786980,475000
1786982,450000
1786983,778800
1786984,0
1786989,530000
1786993,150000
1786995,150000
1786996,450000
1787000,888800
1787002,610000
1787005,540000
1787011,0
1787012,750000
1787014,350000
1787019,180000
1787027,73600
1787028,500000
1787029,300000
1787034,0
1787041,450000
1787043,720000
1787046,0
1787050,0
1787051,350000
1787059,350000
1787060,450000
1787061,0
1787062,1025000
1787066,840000
1787073,250000
1787077,450000
1787088,0
1787094,232000
1787107,237000
1787111,150000
1787112,610000
1787113,111800
1787116,640000
1787117,680000
1787119,797500
1787120,450000
1787122,450000
1787127,350000
1787131,500000
1787138,350000
1787142,350000
1787146,500100
1787148,0
1787151,500100
1787157,450000
1787158,350000
1787169,450000
1787172,0
1787179,334000
1787182,450000
1787183,530000
1787184,450000
1787189,20000
1787193,350000
1787194,0
1787200,500000
1787205,150000
1787206,500100
1787211,450000
1787214,500000
1787220,500000
1787222,400000
1787224,500900
1787225,150000
1787228,653500
1787230,0
1787235,350000
1787241,850000
1787242,594000
1787244,488000
1787252,560000
1787254,450000
1787256,500000
1787258,1095000
1787260,0
1787272,450000
1787276,450000
1787279,450000
1787286,1005000
1787289,0
1787294,0
1787295,0
1787297,150000
1787298,475000
1787308,450000
1787309,510000
1787313,150000
1787315,450000
1787316,500000
1787320,555800
1787339,629800
1787342,0
1787346,450000
1787353,67200
1787359,450000
1787363,0
1787370,400000
1787374,150000
1787383,150000
1787385,150000
1787387,273500
1787390,500000
1787397,250000
1787412,241400
1787418,450000
1787422,680000
1787423,282000
1787424,594000
1787426,0
1787432,450000
1787434,75000
1787436,0
1787439,0
1787442,400000
1787446,0
1787451,133500
1787452,1232000
1787465,1800000
1787471,520000
1787476,0
1787480,108000
1787482,280000
1787483,142000
1787492,500000
1787493,0
1787497,1461000
1787507,350000
1787508,350000
1787515,450000
1787525,650000
1787527,2364000
1787531,350000
1787532,450000
1787534,0
1787541,777000
1787543,450000
1787555,450000
1787559,350000
1787570,350000
1787575,350000
1787576,750000
1787577,350000
1787579,694000
1787593,0
1787597,350000
1787599,0
1787603,150000
1787608,450000
1787611,0
1787619,0
1787620,600000
1787629,400000
1787631,0
1787633,0
1787635,350000
1787637,1430000
1787640,2171100
1787645,0
1787661,0
1787663,200000
1787664,500000
1787669,0
1787673,950000
1787676,450000
1787685,597600
1787686,500000
1787687,945000
1787689,0
1787690,350000
1787693,500000
1787695,0
1787696,1433200
1787699,150000
1787704,550000
1787705,350000
1787713,952500
1787714,350000
1787718,0
1787732,0
1787739,490000
1787740,150000
1787742,100000
1787746,1485000
1787755,750000
1787756,263000
1787758,450000
1787765,396000
1787783,800100
1787784,450000
1787792,41300
1787802,350000
1787805,450000
1787807,0
1787809,1016000
1787810,947100
1787821,500000
1787834,450000
1787849,150000
1787851,600000
1787852,350000
1787855,0
1787863,153000
1787868,450000
1787871,450000
1787873,0
1787877,0
1787881,0
1787883,500000
1787884,0
1787888,450000
1787891,450000
1787901,450000
1787907,400000
1787917,710000
1787923,350000
1787925,545900
1787926,669500
1787927,0
1787933,350000
1787942,150000
1787952,640000
1787953,450000
1787964,400000
1787965,650000
1787967,500000
1787969,1195000
1787974,350000
1787975,0
1787980,699500
1787990,87000
1787993,450000
1787994,0
1788008,450000
1788011,350000
1788015,350000
1788020,450000
1788021,2985000
1788027,5455000
1788038,0
1788039,600000
1788044,450000
1788054,0
1788057,690000
1788067,150000
1788071,450000
1788074,350000
1788082,390000
1788084,200000
1788085,400000
1788086,350000
1788088,600000
1788089,350000
1788098,530800
1788102,450000
1788103,450000
1788110,500000
1788112,350000
1788113,150000
1788115,1037000
1788116,350000
1788118,1040600
1788130,5401400
1788133,680000
1788142,680000
1788150,150000
1788154,0
1788158,0
1788160,633600
1788163,300000
1788171,399700
1788175,0
1788177,0
1788182,350000
1788183,614400
1788185,450000
1788197,980000
1788203,450000
1788207,300000
1788208,284000
1788211,450000
1788227,0
1788240,163000
1788241,144000
1788242,0
1788243,500000
1788244,0
1788249,0
1788252,1670500
1788253,250000
1788257,0
1788259,950000
1788260,450000
1788264,500000
1788265,806000
1788271,346500
1788275,1305000
1788276,0
1788284,0
1788285,600000
1788286,0
1788289,450000
1788293,350000
1788295,490000
1788296,350000
1788299,250000
1788316,200000
1788319,909900
1788320,450000
1788321,0
1788326,0
1788328,200000
1788336,350000
1788339,450000
1788340,450000
1788341,500000
1788350,0
1788358,200000
1788367,769600
1788369,450000
1788374,350000
1788375,200000
1788385,450000
1788387,0
1788388,650000
1788389,561000
1788391,700000
1788394,150000
1788396,450000
1788397,745000
1788399,0
1788403,439000
1788405,531200
1788408,516400
1788409,600000
1788410,200000
1788411,715200
1788412,437000
1788413,0
1788416,450000
1788418,0
1788419,1346500
1788428,150000
1788430,180000
1788440,635500
1788441,800000
1788442,553000
1788446,494000
1788465,478000
1788467,150000
1788475,400000
1788479,450000
1788484,0
1788492,190000
1788498,180000
1788499,750000
1788502,994500
1788505,150000
1788506,500000
1788507,400000
1788509,710000
1788513,612500
1788517,437000
1788518,0
1788520,450000
1788528,500000
1788534,350000
1788538,438000
1788539,537000
1788543,0
1788549,0
1788553,525000
1788555,204000
1788561,450000
1788568,200000
1788575,300000
1788576,334000
1788578,0
1788587,0
1788600,0
1788612,1140500
1788614,500000
1788615,180000
1788616,0
1788619,1393800
1788620,450000
1788626,450000
1788637,450000
1788650,885000
1788651,150000
1788654,400000
1788656,500000
1788666,450000
1788671,500000
1788677,595000
1788679,530000
1788681,0
1788693,650000
1788699,350000
1788701,1990000
1788702,450000
1788704,150000
1788705,0
1788708,450000
1788714,450000
1788719,135000
1788723,450000
1788726,150000
1788731,530000
1788734,498700
1788736,450000
1788737,250200
1788740,400000
1788741,350000
1788744,0
1788747,710000
1788750,0
1788751,943500
1788765,450000
1788767,0
1788768,350000
1788770,600000
1788774,450000
1788783,650000
1788786,435000
1788788,450000
1788792,450000
1788809,300000
1788815,450000
1788816,600000
1788817,450000
1788818,150000
1788819,0
1788820,957000
1788822,0
1788823,600000
1788825,907500
1788826,231500
1788828,450000
1788834,250000
1788838,350000
1788841,0
1788845,530000
1788846,0
1788848,710000
1788858,400000
1788859,550000
1788862,450000
1788867,450000
1788870,530000
1788871,888000
1788878,350000
1788880,350000
1788887,600000
1788889,1004900
1788890,350000
1788891,450000
1788893,550000
1788895,139800
1788908,0
1788910,350000
1788917,0
1788920,450000
1788922,450000
1788926,500000
1788929,950000
1788934,600000
1788942,550000
1788944,450000
1788945,412000
1788947,150000
1788954,350000
1788956,800000
1788962,605300
1788970,590000
1788973,180000
1788978,0
1788984,437000
1788985,470000
1788987,350000
1788989,450000
1788996,150000
1789007,0
1789010,350000
1789015,250000
1789029,0
1789035,450000
1789039,500000
1789046,700000
1789050,0
1789056,300000
1789062,150000
1789064,439000
1789068,600000
1789071,350000
1789074,450000
1789075,450000
1789077,300000
1789083,0
1789085,350000
1789087,350000
1789089,450000
1789091,4877000
1789092,972400
1789100,530000
1789101,600000
1789102,503000
1789104,350000
1789108,400000
1789109,0
1789112,468000
1789122,470000
1789132,450000
1789138,1229500
1789141,0
1789144,420000
1789145,550000
1789150,0
1789153,1580000
1789159,0
1789162,660000
1789163,0
1789169,0
1789181,186100
1789186,140000
1789187,450000
1789188,165800
1789189,0
1789194,630000
1789196,150000
1789199,560000
1789200,1232100
1789203,590000
1789209,150000
1789211,0
1789212,394400
1789213,455000
1789215,450000
1789222,150000
1789224,0
1789225,300000
1789229,600000
1789233,431000
1789235,0
1789236,0
1789246,450000
1789248,0
1789250,350000
1789269,440000
1789271,654000
1789272,520000
1789273,850000
1789283,350000
1789285,150000
1789287,250000
1789293,0
1789296,150000
1789297,510000
1789298,0
1789300,350000
1789305,350000
1789311,150000
1789320,450000
1789324,600000
1789326,150000
1789343,1433700
1789345,350000
1789346,28000
1789351,540000
1789359,450000
1789366,0
1789367,250000
1789376,25200
1789391,150000
1789396,450000
1789404,0
1789407,595000
1789413,398100
1789416,350000
1789417,350000
1789421,0
1789424,794000
1789432,530000
1789436,0
1789441,350000
1789444,700000
1789451,145000
1789454,350000
1789460,276000
1789468,140000
1789470,440000
1789471,400000
1789478,298500
1789479,500000
1789487,350000
1789488,540000
1789492,450000
1789497,0
1789502,550000
1789509,350000
1789512,350000
1789517,0
1789519,450000
1789521,600000
1789525,250000
1789540,0
1789551,0
1789552,227500
1789560,536400
1789563,750000
1789564,0
1789573,397500
1789576,450000
1789581,0
1789584,350000
1789589,450000
1789592,930000
1789596,499200
1789600,530000
1789601,1287900
1789608,0
1789610,450000
1789612,750000
1789615,570000
1789619,150000
1789621,550000
1789624,450000
1789629,321600
1789630,470000
1789631,82500
1789637,0
1789645,600000
1789649,150000
1789652,1000000
1789661,730000
1789662,0
1789666,750100
1789669,1111100
1789677,450000
1789680,600000
1789685,450000
1789686,506500
1789687,450000
1789690,478000
1789692,650000
1789695,0
1789696,629200
1789699,450000
1789701,924000
1789706,0
1789709,128000
1789711,100000
1789712,0
1789719,450000
1789721,0
1789722,0
1789724,0
1789729,450000
1789736,0
1789737,600000
1789738,333000
1789743,530000
1789744,600000
1789747,587100
1789750,200000
1789758,450000
1789764,0
1789767,750000
1789768,150000
1789777,450000
1789783,740400
1789791,450000
1789792,515400
1789795,414000
1789807,0
1789810,400000
1789815,450000
1789817,530000
1789830,626200
1789831,500000
1789832,500000
1789833,1840000
1789838,400000
1789840,450000
1789842,500000
1789843,750000
1789844,0
1789846,450000
1789850,550000
1789858,676900
1789859,949900
1789867,0
1789870,350000
1789877,450000
1789883,974800
1789886,0
1789889,363000
1789894,500000
1789899,0
1789900,750000
1789904,0
1789908,450000
1789911,0
1789914,750000
1789917,400000
1789918,0
1789919,236700
1789921,0
1789922,600000
1789932,300000
1789934,569700
1789937,450000
1789939,0
1789940,0
1789941,0
1789947,535000
1789948,650100
1789951,750000
1789952,669100
1789955,720000
1789957,168500
1789958,0
1789960,600000
1789962,1522000
1789968,728000
1789970,199000
1789972,350000
1789975,350000
1789982,0
1789983,1984400
1789994,700000
1789998,0
1790005,150000
1790010,0
1790017,350000
1790023,0
1790024,210000
1790028,450000
1790037,350000
1790050,400000
1790059,0
1790069,450000
1790078,450000
1790080,0
1790082,350000
1790083,350000
1790092,40000
1790097,150000
1790107,297500
1790115,0
1790121,450000
1790123,681800
1790125,400000
1790129,1004000
1790130,0
1790131,600000
1790136,450000
1790141,450000
1790143,0
1790144,0
1790145,438000
1790146,0
1790150,1100000
1790156,530000
1790158,750000
1790159,1272100
1790162,0
1790163,0
1790165,328000
1790175,890300
1790179,350000
1790181,0
1790182,780300
1790198,1190000
1790199,450000
1790204,585000
1790213,450000
1790215,0
1790224,600000
1790232,0
1790234,0
1790237,60000
1790241,614800
1790244,590000
1790246,150000
1790247,500000
1790249,0
1790259,441000
1790267,650000
1790285,350000
1790290,0
1790291,2045900
1790294,150000
1790295,180000
1790310,174000
1790311,254000
1790313,550000
1790321,350000
1790324,300000
1790328,450000
1790329,0
1790331,125000
1790334,0
1790336,350000
1790343,1330000
1790344,500000
1790346,450000
1790347,0
1790349,250000
1790352,350000
1790365,0
1790368,0
1790371,650000
1790374,450000
1790377,350000
1790384,838000
1790386,0
1790388,450000
1790396,350000
1790402,265500
1790405,1872000
1790407,450000
1790408,450000
1790414,180000
1790415,350000
1790416,475000
1790423,450000
1790429,588000
1790434,495000
1790436,712500
1790438,738800
1790444,150000
1790446,450000
1790448,450000
1790461,450000
1790473,400000
1790474,450000
1790487,550000
1790498,530000
1790503,0
1790504,150000
1790507,350000
1790510,830000
1790513,150000
1790515,400000
1790518,0
1790523,450000
1790524,450000
1790528,150000
1790537,380000
1790538,350000
1790539,300000
1790542,550000
1790544,450000
1790546,350000
1790549,150000
1790552,150000
1790554,250000
1790557,450000
1790561,600000
1790562,350000
1790566,539000
1790567,0
1790568,150000
1790570,500000
1790571,825000
1790577,0
1790578,893000
1790580,0
1790581,450000
1790584,530000
1790588,0
1790591,600000
1790594,450000
1790601,730000
1790602,0
1790603,170000
1790605,500000
1790607,400000
1790609,350000
1790611,750000
1790612,450000
1790618,450000
1790619,350000
1790621,600000
1790633,0
1790640,0
1790643,350000
1790648,450000
1790653,441000
1790655,197500
1790657,137000
1790658,1300000
1790660,400000
1790663,450000
1790670,450000
1790671,450000
1790672,200000
1790676,0
1790684,450000
1790692,487800
1790694,0
1790698,530000
1790711,450000
1790722,1191400
1790732,350000
1790736,750000
1790738,511300
1790741,655000
1790743,450000
1790747,350000
1790748,812500
1790749,300000
1790752,0
1790755,150000
1790756,350000
1790757,450000
1790766,0
1790771,500000
1790772,450000
1790773,350000
1790776,0
1790781,0
1790784,400000
1790785,1740000
1790786,600000
1790787,0
1790791,500000
1790793,520000
1790794,750000
1790802,450000
1790805,713000
1790811,0
1790816,450000
1790820,550000
1790823,450000
1790827,433000
1790828,400000
1790829,600000
1790831,750000
1790835,840000
1790836,0
1790841,450000
1790843,450000
1790846,0
1790850,466300
1790852,1384200
1790854,620000
1790859,300000
1790864,0
1790868,0
1790869,400000
1790871,150000
1790873,530000
1790878,300000
1790879,150000
1790881,0
1790885,0
1790897,600000
1790901,602000
1790902,350000
1790907,350000
1790909,210800
1790911,0
1790915,222800
1790921,1025000
1790924,450000
1790925,488500
1790931,150000
1790939,750000
1790954,450000
1790959,939000
1790961,530000
1790963,450000
1790966,400000
1790968,0
1790973,0
1790984,450000
1790989,450000
1790994,830000
1790995,150000
1790999,1038000
1791000,150000
1791009,400000
1791012,1655500
1791014,0
1791022,1570000
1791025,250000
1791027,550000
1791030,0
1791041,920000
1791044,350000
1791047,400000
1791052,441800
1791053,0
1791065,650000
1791066,450000
1791070,0
1791075,1264200
1791076,400000
1791077,600000
1791092,450000
1791093,850000
1791097,350000
1791098,0
1791101,450000
1791112,0
1791115,0
1791116,450000
1791121,225000
1791135,350000
1791137,450000
1791139,0
1791142,316000
1791144,200000
1791150,600000
1791165,471200
1791166,650000
1791170,450000
1791172,350000
1791173,0
1791189,400000
1791192,550000
1791194,800000
1791205,1125000
1791206,450000
1791211,640000
1791213,7998500
1791223,350000
1791240,525000
1791241,588500
1791242,450000
1791245,890000
1791250,450000
1791258,0
1791264,550000
1791266,890000
1791272,0
1791273,779000
1791274,350000
1791275,450000
1791278,450000
1791290,0
1791291,500000
1791292,0
1791293,650000
1791298,450000
1791299,0
1791302,550000
1791303,450000
1791304,0
1791305,445000
1791312,450000
1791313,877000
1791314,1000000
1791316,400000
1791317,400000
1791318,0
1791319,450000
1791326,0
1791329,450000
1791331,0
1791332,600000
1791334,400000
1791337,450000
1791340,400000
1791361,350000
1791369,150000
1791373,500000
1791380,217500
1791381,847500
1791385,255000
1791386,0
1791396,0
1791401,500000
1791407,535000
1791412,250000
1791418,3084600
1791421,450000
1791422,890000
1791425,530000
1791426,884200
1791427,0
1791436,350000
1791440,400000
1791442,450000
1791444,0
1791447,0
1791457,631600
1791459,450000
1791467,0
1791474,600000
1791476,650000
1791479,0
1791484,457000
1791488,450000
1791493,550000
1791498,350000
1791499,400000
1791501,400000
1791511,250000
1791516,530100
1791518,550000
1791523,463200
1791532,350000
1791535,450000
1791542,400000
1791543,850000
1791553,450000
1791556,550000
1791561,452500
1791563,210000
1791565,930500
1791567,517500
1791570,1861300
1791571,350000
1791572,600000
1791575,400000
1791576,400000
1791577,430800
1791578,400000
1791581,350000
1791582,350000
1791584,0
1791586,550000
1791594,377500
1791597,0
1791602,141000
1791608,450000
1791609,210000
1791611,150000
1791617,350000
1791619,350000
1791621,379600
1791623,450000
1791624,0
1791630,1660000
1791631,0
1791632,400000
1791637,150000
1791645,0
1791650,350000
1791652,502100
1791657,0
1791658,300000
1791659,350000
1791665,0
1791666,0
1791674,412900
1791681,0
1791682,450000
1791690,227600
1791692,150000
1791700,550000
1791701,5930000
1791707,350000
1791708,400000
1791713,830000
1791715,0
1791719,450000
1791721,400000
1791726,400000
1791729,350000
1791733,0
1791738,600000
1791742,350000
1791751,366000
1791753,427900
1791756,400000
1791760,0
1791761,950000
1791769,400000
1791780,600000
1791787,530000
1791788,0
1791799,495000
1791811,0
1791829,0
1791831,400000
1791847,400000
1791851,150000
1791858,400000
1791863,350000
1791864,450000
1791867,450000
1791870,529000
1791884,0
1791889,0
1791890,468600
1791892,400000
1791895,550000
1791896,836100
1791899,350000
1791900,500000
1791913,400000
1791920,400000
1791922,300000
1791923,0
1791926,0
1791935,650000
1791936,489100
1791939,150000
1791946,400000
1791947,125000
1791959,330000
1791960,450000
1791961,20868300
1791970,150000
1791973,0
1791979,350000
1791983,800000
1791985,450000
1791991,20300
1792002,450000
1792003,350000
1792004,2150000
1792009,0
1792013,5850000
1792014,475000
1792024,494500
1792026,250000
1792030,450000
1792032,635000
1792034,842000
1792044,0
1792049,500000
1792052,400000
1792054,400000
1792058,500000
1792060,350000
1792061,500000
1792068,600000
1792070,150000
1792074,520000
1792078,270000
1792084,350000
1792085,400000
1792089,400000
1792094,0
1792098,340000
1792099,450000
1792106,0
1792113,1030000
1792120,400000
1792121,350000
1792126,0
1792127,0
1792130,400000
1792131,500000
1792139,425100
1792143,400000
1792145,760000
1792167,400000
1792168,350000
1792178,0
1792182,0
1792193,400000
1792196,400000
1792197,400000
1792199,150000
1792210,400000
1792217,523700
1792220,1756800
1792223,400000
1792230,500000
1792235,0
1792242,350000
1792250,400000
1792253,150000
1792254,0
1792257,450000
1792261,0
1792263,400000
1792281,120000
1792291,150000
1792294,400000
1792304,550000
1792306,758000
1792314,350000
1792318,400000
1792320,0
1792324,750000
1792326,450000
1792328,0
1792342,820000
1792346,770000
1792353,650000
1792354,400000
1792368,550000
1792376,1292000
1792377,1110000
1792385,700000
1792386,400000
1792387,0
1792392,400000
1792398,47800
1792412,0
1792418,0
1792419,400000
1792439,400000
1792444,400000
1792447,387500
1792448,350000
1792449,1230000
1792452,600000
1792457,0
1792459,502000
1792466,400000
1792468,350000
1792471,300000
1792482,300000
1792483,550000
1792519,250000
1792537,412000
1792544,400000
1792557,0
1792563,545000
1792568,0
1792572,0
1792581,450000
1792589,150000
1792592,350000
1792594,758300
1792596,858100
1792600,400000
1792604,138000
1792606,0
1792611,350000
1792614,350000
1792616,187000
1792621,801700
1792622,1146300
1792628,656000
1792632,553000
1792635,0
1792650,132900
1792653,400000
1792661,400000
1792668,350000
1792671,550000
1792677,749500
1792693,0
1792700,500000
1792715,0
1792724,400000
1792738,1250000
1792754,0
1792760,0
1792762,3866800
1792779,567200
1792783,250000
1792787,365000
1792793,550000
1792801,150000
1792802,400000
1792805,532000
1792809,400000
1792831,400000
1792840,0
1792842,400000
1792863,400000
1792867,0
1792870,550000
1792871,0
1792880,400000
1792882,615500
1792884,450000
1792888,1106000
1792896,0
1792903,150000
1792908,0
1792914,1150000
1792917,400000
1792921,150000
1792923,400000
1792928,332000
1792932,632300
1792933,350000
1792950,300000
1792955,440000
1792961,90000
1792976,350000
1792979,640000
1792981,309600
1792987,250000
1792996,450000
1793009,400000
1793014,295000
1793020,600000
1793030,480100
1793039,258000
1793045,400000
1793049,0
1793050,380000
1793055,250000
1793059,0
1793067,250000
1793075,0
1793079,319000
1793085,0
1793086,600000
1793089,350000
1793090,193500
1793100,520000
1793105,650000
1793106,150000
1793111,450000
1793114,350000
1793117,600000
1793129,543500
1793138,450000
1793148,450000
1793153,0
1793157,450000
1793159,676600
1793160,830000
1793161,485000
1793174,622500
1793178,0
1793182,623500
1793189,590000
1793198,0
1793211,0
1793213,844300
1793215,530000
1793216,0
1793218,347500
1793222,0
1793225,600000
1793235,450000
1793238,0
1793241,200000
1793245,450000
1793246,570000
1793250,0
1793252,450000
1793266,0
1793269,0
1793272,0
1793291,167500
1793292,350000
1793293,350000
1793294,450000
1793301,350000
1793303,1125000
1793307,450000
1793311,350000
1793314,150000
1793317,200000
1793320,450000
1793324,323000
1793325,563500
1793328,150000
1793330,300000
1793332,282000
1793337,350000
1793339,400000
1793340,0
1793347,330000
1793358,450000
1793360,640000
1793361,350000
1793365,0
1793374,0
1793377,350000
1793384,307500
1793399,300000
1793402,269500
1793406,500000
1793407,500000
1793408,350000
1793412,450000
1793418,0
1793423,350000
1793424,0
1793429,464400
1793431,450000
1793437,450000
1793443,350000
1793452,450000
1793453,127400
1793459,250000
1793460,449000
1793466,540000
1793469,450000
1793480,250000
1793483,142000
1793488,1124100
1793490,300000
1793495,1299700
1793498,450000
1793499,500000
1793503,350000
1793504,600000
1793505,350000
1793518,888300
1793519,0
1793532,250000
1793540,217500
1793542,0
1793543,150000
1793546,681000
1793555,450000
1793556,0
1793561,990000
1793568,0
1793579,130000
1793586,244500
1793591,631000
1793598,450000
1793599,0
1793603,419000
1793616,170000
1793621,350000
1793625,350000
1793627,0
1793630,690000
1793634,550000
1793635,0
1793637,350000
1793642,450000
1793643,485700
1793651,995400
1793653,0
1793665,530000
1793666,597600
1793667,150000
1793674,2652300
1793681,450000
1793683,0
1793685,2000000
1793691,450000
1793698,350000
1793700,0
1793701,675000
1793702,810000
1793703,350000
1793704,450000
1793720,450000
1793727,200000
1793730,0
1793734,350000
1793741,0
1793770,550000
1793772,0
1793773,898300
1793774,445000
1793775,341000
1793778,1188600
1793790,350000
1793791,850000
1793798,1423100
1793800,492700
1793804,530000
1793805,450000
1793807,350000
1793809,779800
1793810,530000
1793812,0
1793822,450000
1793823,500000
1793825,450000
1793828,0
1793838,530000
1793842,521000
1793849,172800
1793857,300000
1793858,5082000
1793861,1578100
1793862,350000
1793863,350000
1793871,450000
1793878,398000
1793882,682500
1793883,565000
1793886,530100
1793889,570000
1793891,600000
1793895,450000
1793897,1019700
1793901,450000
1793905,672000
1793907,0
1793909,350000
1793911,0
1793913,150000
1793918,650000
1793925,0
1793936,540000
1793940,0
1793941,350000
1793944,450000
1793948,650000
1793949,450000
1793956,450000
1793957,157500
1793960,300000
1793966,0
1793971,688500
1793977,450000
1793982,0
1793984,500000
1793989,690000
1793990,400000
1793993,700000
1793994,350000
1793997,350000
1794005,150000
1794017,450000
1794019,1092400
1794020,300000
1794021,783800
1794026,0
1794028,150000
1794029,350000
1794030,350000
1794033,0
1794044,450000
1794047,450000
1794048,135000
1794051,350000
1794052,600000
1794060,742500
1794062,500000
1794063,450000
1794073,670000
1794077,250000
1794082,350000
1794086,450000
1794090,150000
1794091,400000
1794093,150000
1794094,450000
1794108,600000
1794109,756500
1794113,0
1794114,620800
1794116,0
1794120,500000
1794121,500000
1794123,350000
1794131,350000
1794132,0
1794137,0
1794140,0
1794142,350000
1794153,350000
1794157,0
1794160,0
1794174,150000
1794200,350000
1794206,1018000
1794208,598500
1794221,500000
1794225,400000
1794227,600000
1794228,350000
1794231,450000
1794233,373500
1794252,650000
1794253,442000
1794255,417000
1794265,633900
1794266,0
1794270,350000
1794277,1178700
1794278,0
1794280,404600
1794286,0
1794290,560000
1794294,851500
1794298,132000
1794299,450000
1794300,450000
1794311,450000
1794317,0
1794320,0
1794326,108000
1794338,0
1794340,518000
1794346,350000
1794352,640000
1794361,450000
1794368,577000
1794369,577500
1794370,0
1794373,350000
1794377,1100000
1794382,350000
1794389,150000
1794391,350000
1794392,565000
1794394,650000
1794398,870000
1794400,200000
1794419,350000
1794422,350000
1794429,450000
1794430,450000
1794432,450000
1794435,450000
1794440,450000
1794443,0
1794446,500000
1794451,450000
1794452,350000
1794453,150000
1794455,350000
1794458,450000
1794468,450000
1794476,450000
1794478,0
1794479,350000
1794480,450000
1794481,250000
1794482,698500
1794484,0
1794485,671500
1794489,900000
1794492,950000
1794495,450000
1794501,0
1794506,0
1794509,106400
1794510,0
1794512,450000
1794513,0
1794516,350000
1794528,300000
1794533,126500
1794542,600000
1794552,450000
1794560,500000
1794565,530800
1794579,562500
1794583,350000
1794586,574800
1794587,681000
1794589,150000
1794593,450000
1794603,0
1794604,350000
1794610,540900
1794611,150000
1794616,391300
1794621,0
1794631,626000
1794639,0
1794655,450000
1794656,450000
1794669,580000
1794670,0
1794672,450000
1794673,0
1794674,450000
1794684,350000
1794687,0
1794690,600000
1794695,450000
1794699,0
1794700,600000
1794703,0
1794704,0
1794707,500000
1794708,150000
1794710,350000
1794711,0
1794712,500000
1794718,600000
1794719,450000
1794725,500000
1794737,0
1794739,234000
1794745,350000
1794752,0
1794754,450000
1794762,437000
1794764,180000
1794768,450000
1794769,0
1794771,450000
1794776,0
1794779,750000
1794784,350000
1794785,0
1794788,0
1794794,350000
1794798,440000
1794801,450000
1794802,0
1794807,600000
1794811,0
1794815,124000
1794817,450000
1794821,440000
1794822,1043000
1794836,350000
1794839,450000
1794846,150000
1794849,820000
1794860,500000
1794863,400000
1794864,0
1794867,250000
1794868,450000
1794873,632200
1794874,190000
1794880,0
1794883,336000
1794889,350000
1794892,844200
1794894,4900000
1794896,650000
1794898,1017000
1794899,200000
1794901,150000
1794902,446000
1794904,942800
1794913,0
1794918,730000
1794920,350000
1794924,650000
1794925,297000
1794927,450000
1794930,350000
1794935,207200
1794936,0
1794941,0
1794942,350000
1794943,503000
1794945,0
1794951,450000
1794959,1278200
1794961,0
1794965,720000
1794968,0
1794977,773000
1794979,450000
1794981,0
1794986,0
1794989,450000
1794990,460000
1794996,540000
1794997,150000
1794999,111000
1795000,0
1795009,0
1795010,0
1795011,450000
1795013,450000
1795016,450000
1795017,0
1795021,350000
1795026,0
1795027,0
1795028,599800
1795031,450000
1795033,0
1795036,600000
1795039,0
1795042,0
1795046,350000
1795051,0
1795053,46400
1795058,350000
1795063,0
1795065,150000
1795066,0
1795070,350000
1795071,0
1795075,150000
1795076,0
1795081,400000
1795086,0
1795088,0
1795093,0
1795094,450000
1795099,550000
1795101,450000
1795119,297000
1795124,284000
1795125,150000
1795127,149700
1795131,350000
1795134,782000
1795144,300000
1795149,0
1795150,156000
1795163,0
1795168,0
1795177,0
1795182,297000
1795183,0
1795184,869000
1795188,0
1795191,350000
1795196,395000
1795197,0
1795207,350000
1795214,350000
1795217,502800
1795221,388400
1795229,350000
1795232,0
1795241,600000
1795246,150000
1795247,250000
1795248,608500
1795257,550000
1795264,817000
1795267,0
1795278,350000
1795282,253000
1795285,450000
1795300,315000
1795303,0
1795309,0
1795311,450000
1795315,620000
1795317,555300
1795321,450000
1795327,450000
1795329,450000
1795334,0
1795336,0
1795347,690000
1795353,567000
1795354,146900
1795356,700000
1795357,600000
1795358,650000
1795365,600000
1795367,0
1795370,0
1795392,200000
1795393,440000
1795398,2370000
1795401,1289800
1795402,652000
1795420,570000
1795421,597000
1795427,0
1795437,500000
1795438,450000
1795441,450000
1795442,450000
1795443,450000
1795445,587000
1795450,499000
1795457,450000
1795462,250000
1795475,250000
1795480,450000
1795481,450000
1795483,810000
1795484,450000
1795487,525000
1795489,150000
1795497,1347000
1795498,450000
1795500,0
1795506,500000
1795507,450000
1795509,440000
1795512,350000
1795516,445000
1795519,806500
1795522,618300
1795525,350000
1795527,1006400
1795528,327200
1795530,200000
1795539,350000
1795550,430000
1795552,350000
1795558,200000
1795566,300000
1795570,0
1795574,450000
1795576,350000
1795578,350000
1795582,450000
1795583,350000
1795587,350000
1795590,450000
1795598,450000
1795608,450000
1795612,150000
1795613,577400
1795614,421400
1795622,350000
1795626,0
1795636,2625000
1795644,187100
1795645,450000
1795647,0
1795648,0
1795651,541400
1795654,567000
1795655,450000
1795658,0
1795669,150000
1795698,540000
1795705,200000
1795716,150000
1795719,150000
1795724,500000
1795729,602000
1795737,450000
1795742,450000
1795751,160000
1795755,150000
1795768,0
1795769,450000
1795772,237600
1795776,1440000
1795778,450000
1795780,1093000
1795788,0
1795797,500000
1795807,350000
1795808,350000
1795811,180000
1795812,0
1795823,0
1795835,1237500
1795843,789900
1795856,800000
1795860,150000
1795865,0
1795869,350000
1795879,650000
1795880,0
1795881,340000
1795882,1013400
1795895,650000
1795905,0
1795910,350000
1795912,350000
1795914,350000
1795915,0
1795920,150000
1795926,0
1795946,1417500
1795947,250000
1795949,150000
1795950,0
1795954,450000
1795956,0
1795957,700000
1795958,495000
1795959,450000
1795982,450000
1795984,550000
1795985,450000
1795989,0
1795990,0
1795998,0
1796005,0
1796009,1005000
1796015,0
1796017,300000
1796026,0
1796031,0
1796035,570000
1796046,300000
1796048,0
1796051,399400
1796061,0
1796065,500000
1796067,400000
1796068,1207500
1796069,150000
1796071,0
1796082,445000
1796085,441000
1796089,450000
1796090,0
1796093,156000
1796097,0
1796101,450000
1796106,0
1796109,0
1796112,1350000
1796117,924800
1796118,1350000
1796133,150000
1796134,1277500
1796143,450000
1796147,954700
1796153,0
1796163,350000
1796172,369000
1796177,450000
1796178,394400
1796183,540000
1796187,400000
1796200,450000
1796205,400000
1796210,5490000
1796212,0
1796220,0
1796224,144500
1796227,450000
1796229,481600
1796235,400000
1796237,0
1796244,150000
1796247,0
1796259,567000
1796260,0
1796262,568000
1796263,775500
1796264,150000
1796267,150000
1796268,450000
1796272,8830000
1796274,150000
1796281,350000
1796285,542000
1796288,450000
1796291,600000
1796293,150000
1796304,150000
1796308,920000
1796313,0
1796320,450000
1796335,0
1796341,450000
1796342,450000
1796343,350000
1796361,870000
1796365,450000
1796367,350000
1796370,620000
1796376,0
1796377,450000
1796385,596000
1796391,690000
1796408,0
1796409,0
1796415,300000
1796418,450000
1796419,0
1796421,350000
1796429,465600
1796432,150000
1796436,1085800
1796439,88400
1796441,350000
1796450,0
1796454,350000
1796478,0
1796480,972500
1796483,0
1796486,720000
1796495,602000
1796499,464000
1796515,0
1796526,350000
1796531,0
1796532,4263000
1796537,0
1796539,0
1796545,695000
1796546,450000
1796561,922000
1796570,600000
1796571,600000
1796573,450000
1796579,300000
1796581,493600
1796582,350000
1796584,350000
1796594,350000
1796597,0
1796604,737000
1796605,450000
1796609,250000
1796610,150000
1796612,450000
1796628,350000
1796630,801700
1796634,500000
1796636,0
1796637,350000
1796646,547000
1796647,0
1796648,600000
1796653,730000
1796655,450000
1796657,350000
1796663,0
1796686,0
1796690,350000
1796692,661100
1796695,150000
1796700,400000
1796701,640000
1796708,0
1796719,633600
1796721,450000
1796728,150000
1796735,700000
1796749,400000
1796758,350000
1796759,340000
1796760,367500
1796781,500000
1796789,0
1796795,142000
1796797,1000000
1796815,350000
1796817,527000
1796822,0
1796832,1193000
1796842,593000
1796846,0
1796847,300000
1796848,450000
1796857,520000
1796858,450000
1796859,250000
1796864,0
1796865,705000
1796881,0
1796882,0
1796900,300000
1796903,500000
1796906,560100
1796911,830000
1796923,300000
1796926,550000
1796927,450000
1796932,553400
1796939,715000
1796943,0
1796961,450000
1796964,850000
1796965,619900
1796966,450000
1796969,350000
1796970,149500
1796971,280000
1796973,350000
1796983,515000
1796992,438000
1796996,0
1797011,450000
1797015,700000
1797020,600000
1797028,0
1797043,448000
1797050,500000
1797061,150000
1797062,450000
1797066,450000
1797086,1380600
1797092,718000
1797096,450000
1797104,150000
1797107,900000
1797108,1350000
1797111,350000
1797117,115000
1797126,650000
1797127,450000
1797129,350000
1797130,878500
1797135,350000
1797139,450000
1797141,450000
1797154,2802000
1797155,561600
1797160,300000
1797163,0
1797166,350000
1797167,0
1797169,450000
1797172,377200
1797173,450000
1797182,1270000
1797183,150000
1797194,150000
1797201,399500
1797202,0
1797205,450000
1797208,450000
1797217,0
1797225,450000
1797230,0
1797231,554000
1797234,0
1797242,445000
1797245,450000
1797246,0
1797249,0
1797256,450000
1797260,150000
1797263,810300
1797264,350000
1797266,170000
1797269,150000
1797275,530000
1797280,0
1797283,450000
1797290,500000
1797299,350000
1797300,400000
1797309,450000
1797310,600000
1797325,450000
1797328,450000
1797331,400000
1797336,438000
1797347,450000
1797349,0
1797356,150000
1797365,430000
1797366,0
1797372,600000
1797375,600000
1797383,0
1797385,450000
1797389,0
1797393,0
1797426,500000
1797431,400000
1797432,450000
1797438,150000
1797439,0
1797441,600000
1797446,0
1797483,500000
1797485,350000
1797501,0
1797503,350000
1797509,350000
1797510,300000
1797513,500000
1797516,350000
1797521,500000
1797541,450000
1797549,150000
1797556,850000
1797558,350000
1797559,115000
1797564,350000
1797566,350000
1797570,0
1797577,550000
1797578,0
1797580,450000
1797600,150000
1797601,350000
1797602,0
1797607,640000
1797622,0
1797625,557000
1797632,150000
1797633,391500
1797634,532000
1797636,600000
1797661,350000
1797669,305900
1797679,350000
1797683,418000
1797684,350000
1797686,349900
1797687,450000
1797696,450000
1797699,450000
1797704,0
1797707,0
1797710,400000
1797712,450000
1797718,500000
1797726,796400
1797732,0
1797740,350000
1797742,0
1797743,450000
1797749,438000
1797752,0
1797760,0
1797762,450000
1797764,500000
1797780,450000
1797781,250000
1797789,0
1797792,450000
1797800,600000
1797803,450000
1797811,0
1797812,450000
1797816,550000
1797831,150000
1797832,450000
1797840,340000
1797845,500000
1797846,0
1797849,700000
1797860,450000
1797862,0
1797863,507000
1797870,0
1797877,316000
1797887,450000
1797893,180000
1797912,306900
1797916,0
1797920,450000
1797925,500000
1797926,450000
1797930,450000
1797932,0
1797933,500000
1797944,150000
1797946,350000
1797947,350000
1797948,150000
1797950,0
1797951,450000
1797952,450000
1797957,650000
1797959,450000
1797963,0
1797964,450000
1797969,450000
1797971,350000
1797973,150000
1797974,450000
1797979,150000
1797980,500000
1797988,130000
1797998,0
1798005,450000
1798025,595800
1798028,0
1798031,350000
1798033,450000
1798044,0
1798045,450000
1798051,250000
1798054,440000
1798057,450000
1798060,150000
1798064,0
1798070,450000
1798071,0
1798080,540000
1798083,0
1798084,0
1798088,112000
1798091,500000
1798097,0
1798098,200000
1798101,580400
1798102,530000
1798123,560000
1798126,400000
1798129,450000
1798134,550000
1798136,2000000
1798138,507600
1798147,1800000
1798153,1064000
1798155,128000
1798157,780000
1798165,0
1798167,350000
1798168,0
1798171,25200
1798173,0
1798174,170000
1798178,350000
1798180,450000
1798183,0
1798186,450000
1798192,450000
1798199,450000
1798204,350000
1798205,0
1798209,750000
1798218,400000
1798223,450000
1798234,450000
1798240,300000
1798250,338300
1798255,450000
1798257,0
1798260,0
1798267,450000
1798271,417000
1798274,0
1798280,930000
1798281,350000
1798282,350000
1798285,438000
1798294,0
1798297,450000
1798302,750000
1798304,450000
1798314,0
1798325,324600
1798326,437000
1798329,2100000
1798335,450000
1798336,0
1798337,635000
1798338,530100
1798340,450000
1798342,200000
1798347,1400000
1798348,75000
1798349,350000
1798350,450000
1798355,0
1798360,700000
1798363,2490000
1798367,450000
1798370,350000
1798372,1123500
1798377,450000
1798393,0
1798395,500000
1798396,620000
1798397,350000
1798399,350000
1798403,500000
1798406,350000
1798407,250000
1798414,115800
1798424,280000
1798427,450000
1798429,450000
1798438,890000
1798439,740000
1798441,150000
1798446,600000
1798454,450000
1798455,486600
1798463,400000
1798471,500000
1798482,400000
1798485,350000
1798486,150000
1798487,150000
1798489,450000
1798493,450000
1798499,90000
1798503,68000
1798514,150000
1798524,450000
1798525,0
1798532,350000
1798534,350000
1798540,450000
1798545,350000
1798547,450000
1798550,450000
1798553,1679100
1798558,0
1798560,350000
1798565,650000
1798571,450000
1798575,0
1798577,845000
1798578,350000
1798581,669000
1798582,150000
1798584,255000
1798592,433500
1798595,350000
1798601,614000
1798607,350000
1798612,3294100
1798614,618000
1798619,0
1798622,335100
1798628,650000
1798630,550000
1798631,400000
1798633,445700
1798636,500000
1798644,450000
1798649,250000
1798652,150000
1798657,450000
1798661,400000
1798662,450000
1798663,600000
1798664,484000
1798665,450000
1798672,450000
1798673,450000
1798678,712700
1798681,244500
1798683,450000
1798690,350000
1798692,150000
1798696,0
1798703,150000
1798710,450000
1798713,750000
1798717,350000
1798719,350000
1798722,500000
1798725,550000
1798726,283500
1798734,817300
1798741,450000
1798744,0
1798749,150000
1798751,767500
1798754,579000
1798757,0
1798758,450000
1798761,603500
1798766,450000
1798768,450000
1798771,0
1798777,150000
1798786,450000
1798802,630000
1798806,450000
1798812,0
1798816,530000
1798817,350000
1798823,450000
1798825,220100
1798826,350000
1798828,150000
1798829,250000
1798830,450000
1798831,450000
1798837,740000
1798846,980000
1798852,0
1798858,450000
1798861,530000
1798868,640000
1798871,0
1798883,450000
1798887,500000
1798888,435000
1798892,850000
1798894,0
1798897,350000
1798898,350000
1798901,500000
1798902,520000
1798903,600000
1798907,450000
1798908,438000
1798916,369500
1798929,150000
1798935,1380000
1798938,0
1798943,450000
1798944,253400
1798946,450000
1798947,450000
1798957,150000
1798959,0
1798960,450000
1798962,0
1798974,288000
1798976,0
1798977,450000
1798979,750000
1798980,150000
1798981,1440000
1798984,350000
1798985,814000
1798988,150000
1798991,450000
1798996,0
1798998,347000
1799001,350000
1799004,0
1799017,350000
1799018,500000
1799019,350000
1799021,440000
1799024,120200
1799029,450000
1799030,450000
1799031,350000
1799034,300000
1799035,0
1799037,0
1799041,0
1799042,150000
1799043,0
1799050,198000
1799053,223000
1799062,500000
1799064,350000
1799065,450000
1799068,300000
1799074,595000
1799078,530000
1799083,450000
1799085,0
1799087,286000
1799088,350000
1799094,450000
1799101,150000
1799106,150000
1799107,350000
1799108,450000
1799115,350000
1799116,450000
1799119,202500
1799125,0
1799126,150000
1799127,142000
1799129,350000
1799131,0
1799133,150000
1799138,0
1799141,0
1799143,650000
1799148,350000
1799153,0
1799155,487100
1799158,400000
1799161,150000
1799163,595500
1799165,960000
1799173,400000
1799179,450000
1799180,0
1799181,530100
1799186,350000
1799193,450000
1799196,650000
1799205,95700
1799207,819000
1799211,450000
1799218,0
1799220,427000
1799222,500000
1799224,510000
1799226,748100
1799233,477000
1799235,520000
1799236,1250000
1799238,0
1799239,0
1799244,650000
1799259,1249500
1799262,0
1799265,0
1799268,109000
1799269,650000
1799273,450000
1799276,0
1799278,450000
1799279,450000
1799282,830000
1799286,350000
1799289,150000
1799292,0
1799295,500000
1799297,150000
1799300,437000
1799301,450000
1799302,600000
1799304,450000
1799305,69300
1799308,350000
1799309,470000
1799322,522000
1799323,562500
1799326,1145000
1799337,465000
1799341,450000
1799342,150000
1799345,350000
1799355,350000
1799363,90000
1799366,569500
1799368,0
1799369,450000
1799371,400000
1799372,562000
1799378,350000
1799380,650000
1799384,150000
1799387,350000
1799389,250000
1799391,450000
1799394,0
1799400,638000
1799407,769000
1799408,0
1799421,450000
1799424,635000
1799426,450000
1799429,500000
1799431,500000
1799436,450000
1799438,450000
1799440,350000
1799445,0
1799447,580000
1799449,300000
1799455,0
1799461,680000
1799464,500000
1799467,350000
1799471,1460000
1799472,200000
1799473,450000
1799474,685000
1799475,400000
1799476,0
1799484,450000
1799489,0
1799497,550000
1799500,450000
1799501,450000
1799507,450000
1799508,0
1799509,600000
1799517,450000
1799520,600000
1799523,0
1799526,785000
1799534,650000
1799536,633600
1799537,500000
1799543,500000
1799545,1428500
1799546,950000
1799547,0
1799548,650000
1799554,510000
1799556,450000
1799561,350000
1799566,0
1799571,630000
1799575,350000
1799577,450000
1799581,140000
1799593,0
1799594,150000
1799599,650000
1799600,330000
1799602,530000
1799607,640000
1799608,190000
1799611,350000
1799615,500000
1799617,577500
1799625,250000
1799632,650000
1799633,830000
1799635,450000
1799642,400000
1799650,350000
1799651,400000
1799657,737500
1799660,350000
1799665,460000
1799668,0
1799669,95700
1799672,550000
1799674,350000
1799682,350000
1799684,350000
1799685,535000
1799707,400000
1799712,500000
1799713,600000
1799714,450000
1799724,800000
1799726,737000
1799734,400000
1799745,450000
1799746,450000
1799747,0
1799748,300000
1799752,0
1799753,394000
1799755,127400
1799761,350000
1799762,0
1799764,150000
1799765,530000
1799769,516500
1799770,400000
1799771,850000
1799772,0
1799774,450000
1799775,590000
1799777,560000
1799782,600000
1799784,830000
1799785,250000
1799799,450000
1799802,435800
1799804,0
1799810,520000
1799813,450000
1799817,500000
1799827,450000
1799829,590000
1799835,450000
1799836,0
1799840,0
1799843,0
1799844,350000
1799849,600000
1799851,0
1799852,422000
1799855,450000
1799867,450000
1799869,0
1799870,450000
1799871,700000
1799872,350000
1799873,500000
1799880,2800000
1799886,500000
1799889,1094000
1799890,200000
1799892,400000
1799893,450000
1799894,2390500
1799901,350000
1799902,450000
1799908,575000
1799913,0
1799921,0
1799924,150000
1799926,220000
1799927,350000
1799928,0
1799934,0
1799937,300000
1799938,1793500
1799940,547500
1799948,353000
1799950,600000
1799951,589000
1799952,574000
1799961,0
1799962,0
1799968,0
1799973,316800
1799974,450000
1799977,150000
1799978,0
1799981,847300
1799983,1714000
1799984,500000
1799988,95000
1799990,350000
1799991,680000
1799992,400000
1799996,450000
1800000,450000
1800002,0
1800004,0
1800009,560000
1800011,450000
1800012,387100
1800014,690000
1800015,550000
1800017,200000
1800019,650000
1800022,500000
1800028,438000
1800030,537000
1800032,450000
1800033,75000
1800036,0
1800038,150000
1800040,450000
1800042,350000
1800043,399800
1800045,350000
1800053,450000
1800060,515000
1800062,150000
1800063,350000
1800066,392000
1800081,0
1800083,0
1800084,200000
1800085,545000
1800087,650000
1800092,1044000
1800094,670000
1800097,530900
1800098,0
1800107,350000
1800109,0
1800110,472400
1800115,0
1800119,555000
1800123,400000
1800125,450000
1800148,0
1800151,0
1800152,350000
1800156,550000
1800160,520500
1800169,450000
1800172,650000
1800176,1140000
1800177,0
1800178,400000
1800187,450000
1800190,450000
1800191,450000
1800195,550000
1800196,400000
1800215,120000
1800216,372800
1800217,726300
1800219,449700
1800221,0
1800222,150000
1800224,150000
1800236,508000
1800239,669300
1800241,0
1800244,0
1800247,265000
1800248,798800
1800249,730000
1800252,300000
1800254,400000
1800277,450000
1800279,700000
1800283,746000
1800286,2083500
1800292,650000
1800293,400000
1800294,720000
1800297,0
1800305,400000
1800311,0
1800313,550000
1800314,150000
1800318,0
1800319,0
1800326,400000
1800328,400000
1800329,350000
1800331,400000
1800335,0
1800340,650000
1800347,0
1800349,550000
1800356,400000
1800360,0
1800361,225000
1800362,650000
1800365,400000
1800366,400000
1800369,350000
1800373,400000
1800374,230300
1800375,400000
1800377,400000
1800380,840500
1800389,550000
1800390,350000
1800391,400000
1800398,500000
1800405,550000
1800408,350000
1800409,400000
1800418,0
1800426,0
1800427,725000
1800429,0
1800431,400000
1800443,250000
1800450,0
1800458,650000
1800461,0
1800475,500000
1800476,400000
1800482,0
1800489,400000
1800501,538500
1800506,0
1800508,750000
1800509,300000
1800511,0
1800512,150000
1800513,0
1800515,400000
1800517,0
1800519,252000
1800520,300000
1800528,8825300
1800531,0
1800540,300000
1800542,350000
1800548,589000
1800551,0
1800559,400000
1800560,0
1800562,450000
1800565,650000
1800566,54000
1800569,620000
1800576,0
1800581,650000
1800588,300000
1800599,0
1800604,400000
1800608,2000000
1800609,789800
1800610,0
1800614,200000
1800616,13867200
1800622,150000
1800623,250000
1800625,0
1800627,450000
1800639,150000
1800643,550000
1800644,280000
1800645,250000
1800647,250000
1800655,540000
1800658,650000
1800659,0
1800660,0
1800662,400000
1800663,570000
1800664,600000
1800665,1133600
1800674,48100
1800679,669300
1800684,322500
1800686,350000
1800694,700000
1800706,292500
1800707,450000
1800710,400000
1800722,0
1800723,400000
1800755,540000
1800759,350000
1800760,244500
1800764,1050000
1800766,450000
1800771,0
1800779,0
1800782,150000
1800788,650000
1800789,0
1800791,1195300
1800795,0
1800798,350000
1800799,0
1800801,400000
1800805,650000
1800808,400000
1800812,400000
1800828,0
1800832,1772200
1800833,400000
1800838,0
1800849,0
1800851,3350000
1800852,1000000
1800856,0
1800857,0
1800860,1600000
1800869,267500
1800870,350000
1800879,550000
1800882,400000
1800892,0
1800899,400000
1800900,450000
1800903,350000
1800905,500000
1800910,550000
1800911,400000
1800912,400000
1800917,0
1800921,0
1800923,650000
1800940,898200
1800943,400000
1800948,200000
1800949,150000
1800950,0
1800951,0
1800954,450000
1800958,0
1800970,150000
1800973,400000
1800974,400000
1800975,438000
1800977,350000
1800978,450000
1800983,350000
1800987,0
1800988,300100
1800995,523900
1801009,1103000
1801012,740000
1801015,0
1801017,650000
1801020,450000
1801044,440000
1801059,0
1801065,200000
1801066,0
1801074,0
1801081,785000
1801083,550000
1801084,1431900
1801087,400000
1801102,400000
1801107,142000
1801108,0
1801111,0
1801118,474800
1801126,0
1801134,300000
1801135,0
1801140,681100
1801149,550000
1801150,161000
1801151,650000
1801158,150000
1801166,0
1801172,504000
1801174,400000
1801182,172500
1801191,0
1801194,450000
1801197,0
1801203,400000
1801207,550000
1801209,500000
1801220,0
1801221,0
1801222,400000
1801224,9994300
1801227,250000
1801230,200000
1801245,650000
1801254,400000
1801263,575000
1801284,400000
1801293,0
1801297,0
1801302,0
1801318,400000
1801350,300000
1801353,150000
1801366,150000
1801370,0
1801375,710000
1801379,0
1801392,150000
1801402,400000
1801432,150000
1801433,350000
1801437,0
1801445,432000
1801447,434700
1801469,1586800
1801476,0
1801488,0
1801494,413000
1801497,400000
1801499,467200
1801509,500500
1801510,0
1801518,146400
1801527,350000
1801558,0
1801559,500000
1801569,1366000
1801582,550000
1801590,0
1801595,400000
1801602,0
1801612,650000
1801622,0
1801627,1430600
1801629,1099000
1801650,350000
1801652,400000
1801654,0
1801657,400000
1801664,520000
1801668,770000
1801678,518900
1801685,901000
1801690,150000
1801692,695000
1801696,0
1801700,366000
1801702,400000
1801717,400000
1801721,550000
1801737,450000
1801738,0
1801741,0
1801756,400000
1801759,400000
1801763,510000
1801772,365000
1801773,1391000
1801774,450000
1801775,0
1801776,200000
1801780,0
1801782,0
1801788,400000
1801790,400000
1801796,0
1801798,350000
1801799,0
1801834,806200
1801835,0
1801840,964400
1801859,450000
1801860,0
1801871,400000
1801872,0
1801873,450000
1801876,170000
1801879,0
1801882,1052100
1801904,99000
1801906,400000
1801910,1770900
1801919,550000
1801937,550000
1801940,0
1801949,200000
1801950,350000
1801954,400000
1801957,0
1801961,350000
1801963,550000
1801967,250000
1801970,250000
1801971,400000
1801979,400000
1801983,450000
1801984,400000
1801986,450000
1802001,0
1802003,350000
1802008,0
1802016,683700
1802023,450000
1802032,0
1802036,0
1802037,150000
1802040,450000
1802041,450000
1802043,0
1802045,271000
1802049,350000
1802050,450000
1802053,450000
1802060,0
1802067,350000
1802071,350000
1802074,450000
1802077,350000
1802082,300000
1802085,350000
1802090,68000
1802095,350000
1802101,250000
1802108,450000
1802109,0
1802111,0
1802113,670000
1802115,350000
1802118,740000
1802120,0
1802122,450000
1802126,450000
1802138,350000
1802139,0
1802140,500000
1802145,0
1802148,350000
1802161,0
1802164,350000
1802168,0
1802187,150000
1802188,0
1802190,150000
1802191,624000
1802202,222400
1802214,650000
1802217,500000
1802224,250000
1802225,2188200
1802238,500000
1802246,550000
1802258,0
1802261,900000
1802262,127400
1802270,350000
1802274,150000
1802276,0
1802285,127400
1802286,450000
1802289,450000
1802291,300000
1802299,0
1802303,450000
1802305,250000
1802317,450000
1802319,450000
1802323,550000
1802328,328000
1802330,0
1802334,450000
1802340,150000
1802343,250000
1802346,0
1802351,965800
1802370,450000
1802375,400000
1802377,450000
1802379,350000
1802380,450000
1802387,0
1802388,0
1802391,812000
1802392,0
1802393,0
1802402,650000
1802405,530000
1802406,0
1802408,0
1802410,500000
1802411,450000
1802412,0
1802430,350000
1802432,350000
1802452,0
1802454,350000
1802458,631000
1802471,0
1802477,180000
1802481,150000
1802486,353000
1802492,350000
1802494,350000
1802496,0
1802514,350000
1802521,0
1802522,0
1802533,450000
1802536,1156400
1802543,500000
1802544,550000
1802559,450000
1802563,0
1802565,350000
1802568,350000
1802569,150000
1802575,0
1802586,450000
1802588,450000
1802591,0
1802596,694400
1802603,450000
1802605,900000
1802607,0
1802612,0
1802615,1040000
1802621,750000
1802622,350000
1802623,0
1802625,350000
1802629,2150000
1802632,450000
1802636,350000
1802641,0
1802650,0
1802653,0
1802654,450000
1802664,450000
1802672,1610100
1802682,650000
1802685,600000
1802686,162000
1802693,350000
1802697,600000
1802701,873800
1802706,0
1802724,150000
1802732,600000
1802733,450000
1802738,0
1802747,350000
1802748,450000
1802750,594000
1802755,0
1802757,944700
1802767,500000
1802771,490000
1802778,150000
1802781,300000
1802788,350000
1802792,650800
1802798,220000
1802800,450000
1802801,0
1802804,600000
1802815,450000
1802816,350000
1802821,0
1802822,0
1802824,535000
1802827,350000
1802836,450000
1802837,949700
1802845,495000
1802852,108000
1802854,418000
1802855,450000
1802859,805000
1802862,500000
1802870,590000
1802871,300000
1802875,561000
1802877,274200
1802878,616500
1802883,150000
1802891,450000
1802900,545000
1802905,140000
1802909,555000
1802911,693800
1802916,450000
1802936,150000
1802937,590000
1802940,350000
1802945,350000
1802951,450000
1802960,400000
1802962,300000
1802969,350000
1802978,0
1802980,143000
1802981,0
1802982,350000
1802990,350000
1802992,450000
1802994,350000
1802997,550000
1803006,450000
1803013,181000
1803015,830000
1803016,350000
1803022,518500
1803029,450000
1803046,592500
1803051,600000
1803052,450000
1803055,0
1803056,0
1803057,350000
1803069,100000
1803078,150000
1803079,350000
1803080,350000
1803082,108000
1803086,0
1803091,150000
1803095,150000
1803104,0
1803111,617000
1803114,0
1803125,0
1803130,0
1803139,0
1803142,150000
1803149,350000
1803152,450000
1803157,922200
1803158,282600
1803163,750000
1803165,350000
1803171,450000
1803176,0
1803191,560000
1803193,0
1803201,450000
1803211,0
1803212,0
1803221,0
1803224,643500
1803227,780000
1803235,105000
1803236,450000
1803237,851900
1803245,450000
1803249,0
1803253,0
1803254,750000
1803258,515000
1803263,450000
1803264,450000
1803269,150000
1803270,450000
1803272,564500
1803273,485000
1803276,142000
1803277,100000
1803285,450000
1803293,0
1803298,0
1803304,150000
1803308,450000
1803315,0
1803321,350000
1803335,350000
1803338,0
1803353,710000
1803358,150000
1803362,600000
1803363,0
1803367,0
1803370,450000
1803376,240000
1803385,250000
1803393,350000
1803396,120000
1803398,630000
1803402,600000
1803403,0
1803405,530000
1803406,0
1803412,650000
1803421,522000
1803423,166500
1803431,633500
1803435,150000
1803436,750000
1803440,350000
1803450,0
1803457,650000
1803462,0
1803474,350000
1803482,0
1803490,0
1803492,450000
1803494,795500
1803501,450000
1803505,500000
1803507,450000
1803508,350000
1803522,3050000
1803526,350000
1803529,944000
1803543,450000
1803544,500000
1803545,300000
1803550,450000
1803552,0
1803557,0
1803559,0
1803562,450000
1803565,198000
1803570,650000
1803575,500000
1803582,450000
1803589,450000
1803593,235400
1803598,0
1803622,2690000
1803624,450000
1803628,603400
1803637,800000
1803643,417000
1803645,450000
1803647,400000
1803653,437000
1803655,450000
1803658,680000
1803661,350000
1803664,350000
1803670,350000
1803675,200000
1803677,0
1803681,350000
1803683,0
1803686,350000
1803688,450000
1803689,600000
1803692,350000
1803696,650000
1803697,450000
1803699,0
1803708,150000
1803714,194000
1803718,0
1803719,0
1803720,0
1803721,84000
1803723,350000
1803730,650000
1803731,500000
1803741,192000
1803743,0
1803744,350000
1803745,0
1803754,0
1803760,630000
1803765,560000
1803768,698000
1803772,450000
1803781,0
1803782,200000
1803783,350000
1803796,563000
1803797,0
1803798,350000
1803800,0
1803801,0
1803805,450000
1803806,0
1803807,528000
1803810,1459000
1803813,500000
1803819,384400
1803822,351000
1803824,350000
1803825,657500
1803827,500000
1803830,450000
1803834,385300
1803841,150000
1803849,450000
1803855,450000
1803860,0
1803869,350000
1803882,350000
1803890,0
1803895,500000
1803896,350000
1803899,640000
1803902,0
1803903,100000
1803906,450000
1803907,450000
1803914,350000
1803916,0
1803919,435000
1803924,350000
1803926,150000
1803928,350000
1803935,450000
1803937,0
1803940,450000
1803943,0
1803947,450000
1803954,735000
1803955,450000
1803959,500000
1803964,400000
1803968,0
1803971,450000
1803973,0
1803988,650000
1803994,500000
1803999,450000
1804001,350000
1804014,450000
1804015,200000
1804022,0
1804024,100000
1804028,640000
1804030,350000
1804032,800000
1804039,450000
1804040,0
1804042,290000
1804044,142200
1804050,350000
1804055,96900
1804059,2788700
1804071,0
1804072,500000
1804076,102000
1804081,10383200
1804086,350000
1804093,450000
1804096,0
1804107,450000
1804115,890000
1804120,507600
1804128,330000
1804133,485000
1804136,350000
1804138,615000
1804141,400000
1804143,0
1804146,258000
1804148,450000
1804151,450000
1804160,450000
1804162,0
1804191,290000
1804195,120000
1804198,350000
1804202,350000
1804204,650000
1804206,600000
1804209,350000
1804211,312500
1804212,350000
1804216,450000
1804217,0
1804234,350000
1804237,150000
1804240,150000
1804242,450000
1804250,450000
1804254,450000
1804268,350000
1804269,400000
1804273,0
1804274,700000
1804280,68000
1804291,350000
1804313,730000
1804321,450000
1804326,636000
1804328,500000
1804332,450000
1804343,0
1804345,450000
1804351,480000
1804354,378000
1804357,500000
1804360,150000
1804361,500000
1804362,662500
1804365,450000
1804372,450000
1804373,450000
1804384,0
1804392,728000
1804397,1626900
1804405,150000
1804408,200000
1804409,695000
1804411,450000
1804412,0
1804424,0
1804428,295500
1804432,0
1804433,500000
1804436,350000
1804441,350000
1804442,1010000
1804444,650000
1804450,150000
1804457,350000
1804459,0
1804460,775000
1804470,600000
1804479,0
1804483,150000
1804489,834000
1804495,350000
1804497,350000
1804499,0
1804507,0
1804511,270000
1804512,195000
1804514,0
1804528,150000
1804530,500000
1804534,500000
1804542,150000
1804545,543700
1804551,0
1804559,400600
1804562,950000
1804564,350000
1804567,129000
1804571,688000
1804577,500000
1804578,350000
1804580,0
1804583,646300
1804586,500000
1804588,408800
1804589,585000
1804591,650000
1804601,350000
1804603,254300
1804613,0
1804614,500000
1804619,83200
1804625,0
1804629,350000
1804637,301200
1804655,450000
1804657,0
1804660,480000
1804662,590000
1804664,712000
1804667,150000
1804669,150000
1804671,0
1804674,350000
1804683,447000
1804685,590000
1804688,503200
1804689,462000
1804690,850000
1804692,702500
1804693,350000
1804694,320000
1804695,635600
1804703,0
1804715,0
1804719,150000
1804721,400000
1804727,350000
1804740,0
1804748,586000
1804751,333000
1804752,1975800
1804755,0
1804758,450000
1804763,669000
1804766,252300
1804770,450000
1804772,300000
1804773,290000
1804774,150000
1804776,350000
1804777,2288200
1804786,450000
1804789,1167000
1804792,450000
1804797,350000
1804800,0
1804803,0
1804804,350000
1804805,350000
1804807,965600
1804810,438000
1804811,450000
1804815,400000
1804818,350000
1804819,0
1804821,450000
1804830,850000
1804832,0
1804834,150000
1804837,150000
1804838,450000
1804839,1352000
1804841,542500
1804842,650000
1804845,0
1804850,340000
1804853,650000
1804855,150000
1804859,450000
1804866,700000
1804869,1227500
1804870,1446000
1804874,450000
1804877,350000
1804879,350000
1804882,350000
1804883,438000
1804885,150000
1804888,150000
1804891,0
1804895,299800
1804902,350000
1804907,540000
1804911,350000
1804913,163200
1804917,500000
1804918,350000
1804934,150000
1804937,600000
1804940,450000
1804942,450000
1804945,990000
1804951,350000
1804952,174000
1804953,438000
1804954,0
1804957,0
1804960,0
1804962,900000
1804963,450000
1804974,0
1804975,350000
1804984,0
1804990,350000
1804994,591000
1805002,150000
1805003,0
1805009,496000
1805011,135000
1805018,530000
1805020,0
1805021,350000
1805024,350000
1805029,650000
1805033,100000
1805040,962000
1805041,919600
1805045,0
1805047,633000
1805054,0
1805062,573000
1805066,500000
1805069,450000
1805071,430000
1805078,0
1805082,150000
1805083,350000
1805085,0
1805088,682800
1805093,1379000
1805095,0
1805100,144000
1805115,350000
1805124,550000
1805125,350000
1805128,500000
1805130,999800
1805132,500100
1805137,2925600
1805140,840000
1805142,450000
1805146,450000
1805152,350000
1805156,600000
1805158,450000
1805169,670000
1805171,450000
1805172,450000
1805190,150000
1805193,1065000
1805195,450000
1805196,450000
1805198,450000
1805201,0
1805202,450000
1805203,220000
1805205,500000
1805209,350000
1805213,750000
1805222,350000
1805224,0
1805226,430000
1805233,0
1805238,0
1805244,350000
1805253,0
1805255,350000
1805260,0
1805264,0
1805266,280000
1805274,742000
1805278,135000
1805279,951300
1805293,592000
1805305,0
1805307,1020000
1805317,830000
1805324,946900
1805338,539500
1805350,606000
1805352,0
1805360,300000
1805364,350000
1805375,0
1805376,550000
1805378,650000
1805379,350000
1805380,350000
1805382,1792000
1805386,450000
1805391,0
1805393,150000
1805394,560000
1805401,800000
1805403,450000
1805404,750000
1805409,450000
1805414,0
1805417,450000
1805419,175000
1805423,650000
1805424,0
1805433,300000
1805435,450000
1805440,500000
1805443,0
1805453,500000
1805459,0
1805467,450000
1805475,450000
1805480,350000
1805485,550000
1805491,0
1805500,616400
1805504,680000
1805506,440000
1805511,500000
1805521,350000
1805529,1520000
1805530,350000
1805533,0
1805537,400000
1805538,0
1805542,750000
1805550,450000
1805555,150000
1805558,450000
1805559,600000
1805561,600000
1805565,500000
1805577,450000
1805580,450000
1805582,700000
1805584,426000
1805586,781200
1805589,1570600
1805591,0
1805592,450000
1805595,350000
1805601,0
1805604,0
1805608,530000
1805618,450000
1805619,400000
1805621,750000
1805622,440000
1805624,450000
1805627,0
1805634,1425000
1805636,450000
1805648,2046500
1805657,0
1805669,350000
1805673,0
1805674,350000
1805677,129000
1805681,271500
1805694,550000
1805700,718500
1805709,250000
1805710,285000
1805713,0
1805717,550000
1805718,450000
1805721,350000
1805724,300000
1805734,400000
1805746,450000
1805747,400000
1805749,385000
1805755,450000
1805759,350000
1805766,350000
1805768,450000
1805769,717000
1805771,515000
1805773,450000
1805786,580000
1805801,1019600
1805808,150000
1805809,890300
1805813,150000
1805818,150000
1805819,560000
1805834,400000
1805835,450000
1805840,0
1805841,2352600
1805843,450000
1805851,569300
1805852,378000
1805853,0
1805861,626600
1805863,0
1805865,600000
1805867,1300100
1805873,0
1805877,0
1805880,685000
1805891,500000
1805894,450000
1805895,350000
1805909,650000
1805910,300000
1805915,0
1805920,500000
1805922,350000
1805931,782100
1805934,600000
1805935,0
1805938,450000
1805947,890300
1805949,600000
1805956,450000
1805957,684000
1805959,300000
1805960,150000
1805963,400000
1805967,4648300
1805968,742500
1805971,150000
1805974,789000
1805980,350000
1805981,0
1805985,0
1805988,0
1805989,473500
1805991,0
1805993,459900
1805996,500000
1805997,750000
1805998,128000
1806004,450000
1806006,542300
1806008,450000
1806014,656400
1806015,828900
1806020,450000
1806022,569300
1806029,700000
1806043,150000
1806045,438000
1806051,592000
1806061,0
1806062,0
1806063,450000
1806067,350000
1806068,170800
1806073,88000
1806075,150000
1806077,450000
1806095,0
1806098,706500
1806100,473100
1806101,500000
1806104,0
1806111,950000
1806116,950000
1806117,350000
1806121,250000
1806132,0
1806136,500000
1806139,27300
1806140,150000
1806141,450000
1806142,850000
1806144,0
1806153,770000
1806160,0
1806162,3138400
1806166,0
1806168,0
1806169,62900
1806171,407500
1806179,482000
1806184,0
1806209,450000
1806210,594000
1806216,150000
1806219,350000
1806225,650000
1806226,350000
1806231,1500000
1806233,350000
1806237,450000
1806239,444000
1806246,245000
1806249,890300
1806250,670000
1806254,350000
1806258,0
1806267,150000
1806273,0
1806280,0
1806283,175000
1806290,0
1806291,150000
1806293,0
1806318,350000
1806320,350000
1806321,344000
1806322,362900
1806327,782100
1806328,99000
1806329,450000
1806333,350000
1806340,350000
1806350,450000
1806357,450000
1806360,650000
1806362,350000
1806366,500000
1806369,200000
1806379,530000
1806380,500000
1806394,699300
1806395,450000
1806397,1506000
1806399,680000
1806406,450000
1806409,550000
1806411,440000
1806416,290000
1806417,650000
1806420,695000
1806424,350000
1806432,578000
1806438,930800
1806439,350000
1806442,500000
1806446,435000
1806450,350000
1806457,200000
1806458,150000
1806465,650000
1806466,0
1806471,622000
1806479,450000
1806488,135000
1806493,500000
1806495,0
1806503,725000
1806517,350000
1806521,350000
1806522,450000
1806524,450000
1806525,0
1806530,0
1806532,450000
1806541,550000
1806542,350000
1806546,350000
1806551,297500
1806558,350000
1806560,500000
1806566,694000
1806572,180000
1806573,1225800
1806574,450000
1806587,450000
1806588,450000
1806589,1150000
1806591,0
1806595,890400
1806600,650000
1806601,618300
1806602,300000
1806610,840000
1806611,0
1806614,0
1806628,945000
1806631,120000
1806632,550000
1806635,600000
1806638,0
1806639,635400
1806645,150000
1806646,350000
1806647,500000
1806649,450000
1806651,633000
1806654,350000
1806659,0
1806664,0
1806665,351000
1806667,0
1806672,500000
1806673,600000
1806678,0
1806679,350000
1806680,0
1806685,450000
1806688,350000
1806691,650000
1806695,575000
1806698,350000
1806706,150000
1806709,73000
1806711,350000
1806722,0
1806729,450000
1806730,450000
1806739,0
1806742,540000
1806748,0
1806750,0
1806753,350000
1806758,600000
1806761,350000
1806764,400000
1806772,150000
1806782,450000
1806783,0
1806789,475000
1806790,450000
1806793,130200
1806796,150000
1806797,600000
1806802,446000
1806803,0
1806805,560000
1806810,0
1806812,350000
1806818,300000
1806821,0
1806823,150000
1806824,0
1806830,450000
1806838,550000
1806839,850000
1806842,470000
1806846,450000
1806851,696300
1806854,450000
1806858,450000
1806861,0
1806866,500000
1806875,900000
1806877,1592000
1806888,500000
1806890,0
1806893,0
1806897,350000
1806905,400000
1806907,350000
1806912,0
1806916,914000
1806927,1128500
1806929,450000
1806933,644000
1806935,419000
1806945,267800
1806947,0
1806952,830000
1806957,450000
1806958,730000
1806967,400000
1806968,750000
1806970,600000
1806972,0
1806975,0
1806986,450000
1806989,600000
1807000,600000
1807016,450000
1807017,290000
1807020,350000
1807021,150000
1807027,318000
1807030,500000
1807031,405000
1807033,1183400
1807034,130000
1807035,450000
1807037,350000
1807040,350000
1807043,446000
1807053,650000
1807057,450000
1807061,0
1807067,500000
1807086,450000
1807088,119000
1807095,367200
1807098,530000
1807102,450000
1807104,0
1807109,0
1807111,0
1807114,150000
1807115,450000
1807118,0
1807120,450000
1807122,350000
1807126,711000
1807127,500000
1807128,0
1807130,350000
1807133,200000
1807136,0
1807137,350000
1807140,0
1807142,450000
1807143,150000
1807144,800000
1807150,373000
1807151,0
1807153,285000
1807157,0
1807158,0
1807160,0
1807166,0
1807167,350000
1807168,400000
1807173,2000000
1807183,500000
1807187,350000
1807192,650000
1807197,350000
1807198,450000
1807200,750000
1807208,831000
1807210,200000
1807211,610000
1807213,350000
1807214,350000
1807223,132000
1807224,300000
1807230,0
1807231,855000
1807233,0
1807236,500000
1807238,350000
1807241,0
1807243,193000
1807247,0
1807254,0
1807256,600000
1807267,0
1807286,0
1807287,350000
1807289,350000
1807299,350000
1807305,240000
1807307,450000
1807310,600000
1807313,350000
1807314,350000
1807315,0
1807324,294400
1807327,350000
1807328,359000
1807330,550000
1807334,450000
1807345,500000
1807350,620000
1807362,180000
1807363,900000
1807365,450000
1807366,350000
1807371,350000
1807378,650000
1807379,150000
1807381,350000
1807401,140000
1807402,600000
1807404,0
1807406,500000
1807407,350000
1807408,350000
1807419,450000
1807425,515000
1807428,0
1807434,450000
1807437,450000
1807438,620000
1807440,450000
1807446,650000
1807448,198000
1807451,600000
1807454,350000
1807457,550000
1807461,680000
1807464,500000
1807465,690000
1807472,450000
1807475,0
1807483,500000
1807484,705000
1807485,150000
1807486,650000
1807487,550000
1807493,450000
1807517,350000
1807520,350000
1807522,0
1807525,450000
1807526,374500
1807527,600000
1807535,350000
1807539,2500000
1807540,446000
1807542,450000
1807543,1050000
1807547,150000
1807549,0
1807568,0
1807572,450000
1807587,100000
1807589,437000
1807590,150000
1807594,200000
1807598,950000
1807602,805000
1807607,420000
1807609,450000
1807614,650000
1807618,450000
1807643,250000
1807645,570000
1807646,350000
1807647,500000
1807648,0
1807650,500000
1807652,526000
1807655,150000
1807657,497600
1807666,550000
1807668,550000
1807669,80000
1807679,320000
1807687,0
1807690,350000
1807701,350000
1807706,500000
1807715,430000
1807719,29800
1807724,0
1807728,150000
1807732,450000
1807738,450000
1807741,350000
1807744,600000
1807747,0
1807749,0
1807753,450000
1807767,406700
1807768,700000
1807773,150000
1807774,560000
1807778,696000
1807780,500000
1807781,0
1807789,1376700
1807790,350000
1807797,279500
1807801,735000
1807804,450000
1807809,0
1807837,450000
1807841,200000
1807849,750000
1807859,250000
1807863,350000
1807864,0
1807868,350000
1807871,450000
1807873,250000
1807874,0
1807875,696500
1807877,350000
1807879,362000
1807885,400000
1807889,1054400
1807894,150000
1807899,292000
1807906,560000
1807910,350000
1807918,450000
1807919,350000
1807920,450000
1807922,450000
1807925,610000
1807926,0
1807927,0
1807929,600000
1807930,0
1807936,0
1807940,0
1807948,0
1807956,1959000
1807963,400000
1807967,450000
1807973,150000
1807975,479300
1807976,0
1807983,200000
1807984,850000
1807985,834100
1807987,550000
1807998,0
1808004,500000
1808005,0
1808008,372000
1808010,350000
1808014,0
1808015,0
1808016,350000
1808033,150000
1808036,350000
1808037,0
1808038,350000
1808044,450000
1808045,515000
1808047,250000
1808048,0
1808052,350000
1808059,750000
1808063,350000
1808072,0
1808081,250000
1808083,0
1808090,580000
1808091,350000
1808092,600000
1808096,0
1808099,450000
1808102,0
1808108,679000
1808111,350000
1808117,274500
1808125,350000
1808126,0
1808129,100000
1808140,350000
1808143,250000
1808148,343500
1808149,687500
1808161,650000
1808167,398000
1808171,0
1808178,165000
1808179,0
1808180,350000
1808182,450000
1808189,350000
1808193,500000
1808200,515000
1808203,670000
1808204,438000
1808206,0
1808207,450000
1808211,500000
1808218,752500
1808219,0
1808224,150000
1808226,350000
1808229,0
1808238,500000
1808240,650000
1808243,619000
1808253,554500
1808254,350000
1808255,350000
1808264,530000
1808266,0
1808271,0
1808273,450000
1808274,501000
1808282,150000
1808284,550000
1808287,567000
1808290,600000
1808291,231000
1808292,0
1808294,450000
1808295,480000
1808297,473200
1808305,900000
1808310,575000
1808313,350000
1808317,600000
1808320,830600
1808323,600000
1808329,414000
1808330,450000
1808331,500000
1808332,555000
1808333,0
1808336,0
1808341,550000
1808345,489200
1808349,450000
1808352,178500
1808355,658000
1808358,588000
1808361,150000
1808362,350000
1808363,0
1808367,150000
1808368,0
1808371,1207000
1808372,200000
1808373,801900
1808379,437000
1808382,0
1808383,350000
1808384,600000
1808389,217500
1808392,530000
1808399,490000
1808400,450000
1808404,150000
1808409,550000
1808412,150000
1808422,708000
1808429,0
1808431,350000
1808436,350000
1808438,450000
1808440,350000
1808451,450000
1808455,400000
1808456,280000
1808457,350000
1808463,400000
1808464,350000
1808472,1005000
1808473,600000
1808475,243000
1808478,150000
1808480,623000
1808482,600000
1808489,450000
1808497,500000
1808499,0
1808517,550000
1808522,350000
1808525,400000
1808530,450000
1808531,200000
1808536,450000
1808545,450000
1808555,450000
1808558,0
1808561,350000
1808566,350000
1808569,1178800
1808571,450000
1808572,450000
1808575,940000
1808576,400000
1808578,0
1808580,450000
1808585,450000
1808587,560000
1808588,400000
1808598,174000
1808601,1000000
1808606,150000
1808609,600000
1808618,400000
1808619,250000
1808623,435500
1808631,450000
1808632,625000
1808633,488900
1808634,500000
1808635,450000
1808639,450000
1808641,350000
1808643,733000
1808645,450000
1808651,579500
1808656,150000
1808660,0
1808665,450000
1808668,0
1808670,450000
1808673,181200
1808674,1155900
1808679,450000
1808684,268000
1808685,150000
1808688,450000
1808691,350000
1808693,604700
1808699,300000
1808703,450000
1808705,150000
1808708,307300
1808710,880000
1808711,0
1808717,580000
1808721,0
1808723,250000
1808725,150000
1808727,0
1808730,0
1808739,0
1808741,540000
1808745,250000
1808751,400000
1808753,0
1808754,1650000
1808755,450000
1808756,350000
1808760,350000
1808763,794000
1808766,150000
1808772,500000
1808776,400000
1808779,0
1808781,730000
1808786,450000
1808794,200000
1808798,450000
1808807,250000
1808815,750000
1808817,350000
1808818,450000
1808821,450000
1808824,0
1808827,515000
1808828,450000
1808830,350000
1808839,525000
1808852,0
1808854,0
1808855,0
1808857,600000
1808859,593500
1808864,550000
1808869,500000
1808870,450000
1808872,560000
1808874,575000
1808875,500000
1808876,0
1808877,450000
1808879,130000
1808880,150000
1808883,400000
1808901,0
1808906,450000
1808907,300000
1808913,0
1808915,1600000
1808924,350000
1808926,650000
1808928,450000
1808931,0
1808934,6081000
1808939,0
1808957,510000
1808962,450000
1808965,1030000
1808967,600000
1808969,0
1808973,150000
1808976,130000
1808984,400000
1808987,1034000
1808990,400000
1808992,450000
1808994,450000
1808997,350000
1808999,500000
1809002,150000
1809008,190000
1809011,725000
1809025,400000
1809030,585000
1809033,300000
1809037,0
1809038,450000
1809040,150000
1809043,237500
1809045,0
1809060,0
1809067,470200
1809071,350000
1809072,350000
1809074,200000
1809077,0
1809092,0
1809095,400000
1809102,0
1809106,0
1809108,550000
1809109,643300
1809113,0
1809116,0
1809129,140000
1809139,520000
1809142,2883000
1809146,350000
1809148,589000
1809153,350000
1809154,150000
1809156,450000
1809157,550000
1809159,450000
1809160,0
1809182,0
1809186,550000
1809193,450000
1809195,487800
1809203,119000
1809220,680500
1809225,400000
1809226,402200
1809240,0
1809250,300000
1809251,450000
1809253,550000
1809255,350000
1809257,350000
1809259,855000
1809262,1000000
1809263,150000
1809266,550000
1809270,150000
1809271,400000
1809284,0
1809292,150000
1809298,550000
1809300,550000
1809305,0
1809308,400000
1809309,0
1809315,570000
1809317,250000
1809321,550000
1809326,400000
1809334,200000
1809335,0
1809336,450000
1809343,400000
1809346,350000
1809350,400000
1809352,630000
1809353,250000
1809355,0
1809361,400000
1809373,502000
1809374,0
1809377,150000
1809384,150000
1809385,400000
1809386,336000
1809391,2000000
1809394,0
1809399,127500
1809406,883000
1809419,450000
1809430,272300
1809433,400000
1809434,0
1809438,550000
1809442,112000
1809445,400000
1809449,400000
1809453,438000
1809460,550000
1809469,400000
1809474,0
1809475,602200
1809490,644200
1809494,500000
1809495,400000
1809496,375800
1809498,450000
1809501,350000
1809504,134000
1809505,550000
1809506,350000
1809508,0
1809513,450000
1809514,350000
1809515,882000
1809516,650000
1809550,624000
1809556,0
1809562,400000
1809565,450000
1809566,0
1809567,450000
1809570,150000
1809575,0
1809576,271000
1809580,450000
1809584,1912000
1809596,400000
1809599,1129800
1809621,550000
1809628,0
1809634,150000
1809637,1000000
1809638,520000
1809639,500000
1809648,522500
1809650,630000
1809654,280000
1809669,0
1809671,789300
1809673,133000
1809683,400000
1809684,0
1809686,712000
1809688,400000
1809693,350000
1809694,600000
1809696,400000
1809705,0
1809707,0
1809708,552500
1809711,0
1809719,450000
1809728,400000
1809736,350000
1809738,480600
1809755,700100
1809756,900000
1809759,500100
1809761,1613700
1809763,180000
1809764,400000
1809765,2185000
1809775,140000
1809776,1020000
1809778,350000
1809781,400000
1809784,0
1809789,0
1809793,0
1809796,400000
1809812,280000
1809813,795000
1809815,0
1809817,500000
1809821,278800
1809826,500000
1809830,909100
1809836,400000
1809839,400000
1809841,700000
1809850,0
1809856,370000
1809872,0
1809882,0
1809889,700000
1809897,0
1809909,400000
1809911,0
1809920,3186000
1809925,0
1809930,150000
1809931,550000
1809942,1114700
1809945,550000
1809947,450000
1809951,150000
1809954,650000
1809955,400000
1809961,927000
1809963,350000
1809965,150000
1809971,0
1809972,200000
1809973,400000
1809977,350000
1809989,4436700
1809990,150000
1809991,0
1809997,350000
1810022,550000
1810030,0
1810047,2568500
1810051,550000
1810052,400000
1810059,400000
1810067,500000
1810077,538500
1810082,42800
1810083,400000
1810089,386500
1810091,400000
1810092,571000
1810106,0
1810112,400000
1810125,150000
1810143,550000
1810151,150000
1810153,400000
1810159,0
1810180,0
1810184,146200
1810185,290000
1810190,300000
1810194,495500
1810201,400000
1810222,400000
1810226,400000
1810230,426500
1810243,550000
1810275,0
1810294,400000
1810309,0
1810315,0
1810336,400000
1810339,0
1810352,350000
1810354,950000
1810355,350000
1810357,407500
1810364,400000
1810367,246300
1810378,312000
1810385,450000
1810392,0
1810397,631800
1810422,400000
1810428,450000
1810441,400000
1810444,405000
1810445,400000
1810452,0
1810460,250000
1810466,450000
1810472,450000
1810477,400000
1810482,0
1810493,0
1810498,735000
1810502,1567500
1810503,150000
1810509,0
1810513,499900
1810520,450000
1810549,550000
1810560,350000
1810564,350000
1810565,456100
1810567,550000
1810573,532000
1810580,550000
1810587,250000
1810591,250000
1810604,600000
1810622,550000
1810640,400000
1810646,150000
1810680,500000
1810687,954200
1810688,350000
1810692,150000
1810705,350000
1810714,650000
1810726,400000
1810746,643500
1810752,400000
1810753,150000
1810754,0
1810757,0
1810763,735000
1810772,550000
1810779,150000
1810793,500000
1810820,828000
1810836,300000
1810844,0
1810847,400000
1810849,900000
1810852,530000
1810853,400000
1810858,150000
1810859,0
1810860,150000
1810864,0
1810866,32000
1810867,150000
1810872,290000
1810875,0
1810877,400000
1810882,150000
1810887,150000
1810888,0
1810895,600000
1810902,0
1810906,150000
1810926,150000
1810938,400000
1810940,482300
1810951,550000
1810957,400000
1810971,0
1810973,174000
1810984,400000
1810986,682600
1811008,500000
1811012,400000
1811014,0
1811017,128000
1811020,550000
1811036,200000
1811042,224800
1811055,0
1811058,150000
1811060,414500
1811095,150000
1811096,0
1811097,150000
1811102,200000
1811110,750000
1811119,450000
1811120,450000
1811124,450000
1811128,400000
1811145,150000
1811149,0
1811154,150000
1811155,70000
1811156,0
1811158,150000
1811168,350000
1811172,350000
1811189,0
1811196,350000
1811212,300000
1811218,150000
1811223,450000
1811226,470000
1811233,221600
1811236,474500
1811242,655000
1811243,0
1811255,214500
1811256,450000
1811257,350000
1811260,400000
1811263,450000
1811273,350000
1811278,1177200
1811280,150000
1811295,250000
1811308,0
1811310,450000
1811313,600000
1811316,470000
1811322,872000
1811323,450000
1811328,350000
1811330,350000
1811332,150000
1811333,520000
1811336,450000
1811345,0
1811367,300000
1811368,350000
1811369,350000
1811374,450000
1811376,661800
1811393,0
1811395,350000
1811412,500000
1811415,0
1811416,450000
1811427,438000
1811430,0
1811433,350000
1811435,475200
1811437,350000
1811440,0
1811443,350000
1811445,350000
1811454,0
1811455,350000
1811460,0
1811477,650000
1811484,350000
1811486,500000
1811487,350000
1811489,450000
1811490,450000
1811493,150000
1811505,450000
1811506,450000
1811507,150000
1811515,450000
1811517,0
1811528,0
1811531,0
1811532,300000
1811535,0
1811549,452500
1811553,550000
1811554,739000
1811558,837500
1811563,195000
1811576,0
1811582,500000
1811588,0
1811599,0
1811607,150000
1811608,350000
1811611,450000
1811615,650000
1811617,450000
1811618,955800
1811620,897500
1811621,350000
1811624,450000
1811629,150000
1811630,450000
1811632,0
1811635,350000
1811636,191000
1811637,675300
1811638,450000
1811642,500000
1811643,250000
1811663,1415000
1811680,0
1811682,282500
1811686,150000
1811693,150000
1811695,150000
1811699,250000
1811704,0
1811707,350000
1811712,795000
1811727,500000
1811732,350000
1811738,740000
1811739,650000
1811747,150000
1811749,0
1811754,150000
1811763,2027500
1811764,628000
1811765,462200
1811768,450000
1811773,350000
1811777,450000
1811784,350000
1811787,1315000
1811796,450000
1811799,650000
1811801,400000
1811803,600000
1811807,150000
1811809,350000
1811821,700000
1811822,350000
1811835,0
1811839,443000
1811840,4544000
1811849,1378000
1811856,150000
1811859,1078500
1811864,450000
1811882,150000
1811883,150000
1811891,0
1811892,150000
1811900,150000
1811909,300000
1811923,389500
1811925,450000
1811927,350000
1811928,0
1811929,350000
1811939,630000
1811942,350000
1811949,650000
1811955,450000
1811956,0
1811970,400000
1811971,350000
1811984,0
1811989,350000
1812002,0
1812009,0
1812016,1055000
1812022,0
1812025,613000
1812029,0
1812034,130000
1812042,515000
1812044,748600
1812050,429000
1812052,0
1812053,150000
1812056,985000
1812060,339400
1812061,482400
1812063,0
1812070,434000
1812074,450000
1812079,450000
1812088,150000
1812103,443000
1812108,450000
1812114,450000
1812118,150000
1812121,356000
1812128,450000
1812129,0
1812134,350000
1812141,350000
1812154,0
1812160,600000
1812169,150000
1812175,500000
1812178,321000
1812180,350000
1812182,450000
1812184,350000
1812186,150000
1812191,587500
1812197,805000
1812201,350000
1812203,275000
1812205,350000
1812206,450000
1812207,450000
1812211,589400
1812217,350000
1812219,350000
1812221,500000
1812223,500000
1812224,150000
1812227,450000
1812233,150000
1812235,150000
1812247,450000
1812258,191000
1812263,250000
1812267,450000
1812271,0
1812277,350000
1812279,290000
1812283,0
1812285,0
1812286,402600
1812287,350000
1812291,0
1812295,250000
1812298,150000
1812305,0
1812308,350000
1812309,350000
1812312,0
1812318,0
1812319,0
1812320,0
1812327,261000
1812328,1117600
1812329,250000
1812331,450000
1812335,400000
1812339,350000
1812342,350000
1812348,150000
1812352,480000
1812360,350000
1812367,0
1812376,0
1812380,458500
1812393,600000
1812395,5400000
1812407,801900
1812408,450000
1812416,515000
1812419,350000
1812433,0
1812442,350000
1812446,0
1812449,250000
1812452,124000
1812455,0
1812464,578600
1812474,100000
1812479,250000
1812484,300000
1812491,600000
1812492,0
1812508,650000
1812511,350000
1812512,200000
1812513,350000
1812514,0
1812521,438000
1812529,0
1812537,750000
1812544,450000
1812546,350000
1812549,158800
1812553,350000
1812556,0
1812561,450000
1812563,433000
1812565,350000
1812566,0
1812570,1957800
1812574,350000
1812579,250000
1812582,450000
1812585,300000
1812589,750000
1812595,307500
1812607,500000
1812611,2590000
1812614,350000
1812616,350000
1812624,250000
1812626,450000
1812639,350000
1812640,542900
1812641,0
1812642,0
1812643,0
1812647,438000
1812648,557000
1812651,350000
1812655,437000
1812656,900000
1812657,0
1812660,0
1812663,501600
1812670,450000
1812680,610000
1812701,500000
1812710,450000
1812713,450000
1812717,550000
1812718,500000
1812719,0
1812730,150000
1812732,450000
1812736,1748100
1812740,350000
1812758,450000
1812764,9245800
1812766,440000
1812767,0
1812770,600000
1812771,150000
1812774,580300
1812782,650000
1812792,450000
1812794,520000
1812796,450000
1812797,350000
1812803,0
1812809,450000
1812810,0
1812813,450000
1812815,566500
1812821,0
1812831,124000
1812833,350000
1812837,350000
1812838,0
1812839,0
1812842,500000
1812847,581200
1812851,500000
1812853,650000
1812860,0
1812866,868500
1812869,150000
1812875,300000
1812877,0
1812878,0
1812880,450000
1812881,97000
1812888,450000
1812890,612000
1812892,600000
1812893,646900
1812894,450000
1812895,1493000
1812901,530000
1812904,150000
1812907,350000
1812909,350000
1812910,378700
1812919,250000
1812927,450000
1812929,920700
1812930,450000
1812931,1800000
1812933,530000
1812935,300000
1812938,0
1812947,350000
1812959,384300
1812963,375000
1812971,450000
1812976,500000
1812980,450000
1812992,150000
1812996,970000
1812997,521900
1813002,450000
1813008,0
1813013,350000
1813016,450000
1813019,450000
1813022,196800
1813027,0
1813029,450000
1813037,384300
1813039,0
1813042,431000
1813047,0
1813049,650000
1813051,350000
1813053,0
1813057,514400
1813073,500000
1813075,150000
1813078,0
1813081,581000
1813083,150000
1813087,350000
1813091,1030000
1813093,350000
1813096,350000
1813097,954800
1813098,600000
1813103,593800
1813111,0
1813116,716000
1813117,500000
1813120,600000
1813123,0
1813125,0
1813127,425000
1813140,150000
1813141,450000
1813142,550000
1813144,150000
1813146,0
1813152,388500
1813158,776300
1813166,98600
1813173,350000
1813181,150000
1813184,545000
1813185,500000
1813187,424000
1813189,484500
1813193,350000
1813195,600000
1813203,0
1813206,556500
1813207,1790000
1813211,650000
1813213,350000
1813216,2770100
1813225,200000
1813239,614700
1813243,450000
1813248,350000
1813249,350000
1813250,415000
1813251,690000
1813256,0
1813257,515000
1813259,914100
1813264,350000
1813274,250000
1813279,150000
1813280,0
1813284,615500
1813287,500000
1813292,350000
1813294,0
1813301,440000
1813302,0
1813305,501200
1813312,350000
1813314,450000
1813315,350000
1813323,350000
1813325,371300
1813329,450000
1813330,975000
1813339,750000
1813343,350000
1813345,600000
1813351,450000
1813353,600000
1813354,500000
1813360,2010500
1813367,250000
1813371,500000
1813375,450000
1813378,1030600
1813380,450000
1813382,150000
1813388,450000
1813392,900000
1813398,0
1813421,647600
1813424,350000
1813428,0
1813432,990000
1813434,923800
1813437,150000
1813438,0
1813443,680000
1813449,350000
1813458,0
1813462,450000
1813468,450000
1813472,150000
1813484,0
1813491,680000
1813496,0
1813499,350000
1813500,670000
1813501,600000
1813505,699800
1813506,388800
1813510,450000
1813518,680000
1813519,450000
1813521,350000
1813522,267000
1813527,529000
1813529,350000
1813530,580200
1813531,580000
1813550,450000
1813551,581000
1813552,600000
1813556,300000
1813565,755400
1813567,350000
1813574,717500
1813576,450000
1813580,450000
1813588,490000
1813590,0
1813598,200000
1813603,450000
1813604,670000
1813610,450000
1813613,350000
1813622,350000
1813631,560000
1813643,692000
1813644,450000
1813645,500000
1813657,142000
1813661,0
1813664,650000
1813667,150000
1813668,550000
1813669,666100
1813673,150000
1813675,650000
1813683,200000
1813687,650000
1813690,450000
1813692,350000
1813693,350000
1813695,530000
1813709,250000
1813711,450000
1813719,450000
1813722,450000
1813732,350000
1813733,350000
1813736,960000
1813737,150000
1813738,0
1813739,450000
1813744,350000
1813749,739000
1813750,832000
1813757,450000
1813768,450000
1813775,150000
1813777,150000
1813782,150000
1813788,0
1813789,200000
1813790,744800
1813793,492800
1813796,0
1813801,450000
1813802,530000
1813803,350000
1813804,0
1813812,350000
1813822,450000
1813831,620100
1813834,0
1813842,600000
1813843,0
1813845,0
1813848,620000
1813849,0
1813850,4179500
1813857,0
1813865,135000
1813868,500000
1813881,250000
1813883,300000
1813885,350000
1813886,3890000
1813890,150000
1813893,1018800
1813895,450000
1813899,909500
1813907,276000
1813908,150000
1813909,650000
1813911,150000
1813918,350000
1813921,800000
1813927,350000
1813930,650000
1813934,550000
1813941,950000
1813942,0
1813945,0
1813948,350000
1813951,0
1813954,339000
1813955,0
1813970,350000
1813972,450000
1813974,450000
1813979,350000
1813980,450000
1813986,650000
1813997,450000
1814004,750000
1814005,150000
1814009,484800
1814013,0
1814017,400000
1814022,2000000
1814024,590000
1814025,450000
1814027,138500
1814029,429000
1814043,250000
1814045,350000
1814049,4250000
1814051,469000
1814052,685600
1814056,450000
1814063,350000
1814065,300000
1814070,150000
1814074,83300
1814075,450000
1814077,991500
1814078,156600
1814080,450000
1814083,450000
1814088,485000
1814108,600000
1814112,350000
1814118,350000
1814122,650000
1814123,403500
1814127,450000
1814128,0
1814130,410000
1814140,663000
1814150,350000
1814151,150000
1814154,600000
1814155,580600
1814161,600000
1814166,238500
1814168,540000
1814171,418400
1814174,352000
1814177,1735000
1814178,450000
1814181,150000
1814183,500000
1814184,800000
1814187,657500
1814194,350000
1814197,108000
1814200,0
1814202,350000
1814205,450000
1814210,0
1814217,0
1814225,600000
1814226,450000
1814231,350000
1814232,400000
1814234,650000
1814250,450000
1814258,450000
1814259,902000
1814268,530000
1814272,0
1814277,350000
1814278,350000
1814286,720000
1814291,0
1814292,0
1814305,350000
1814309,650000
1814314,350000
1814318,0
1814320,0
1814327,2458300
1814335,350000
1814340,400000
1814345,250000
1814346,500000
1814351,498800
1814366,650000
1814367,267000
1814371,250000
1814377,993800
1814378,150000
1814382,700000
1814385,250000
1814389,500000
1814395,250000
1814396,0
1814414,450000
1814415,500000
1814416,0
1814428,350000
1814433,0
1814439,650000
1814445,500000
1814455,500000
1814460,550000
1814467,533600
1814469,650000
1814476,340000
1814491,532500
1814504,492700
1814505,300000
1814510,500000
1814512,550000
1814513,450000
1814520,450000
1814524,550000
1814525,800000
1814534,350000
1814535,334000
1814557,350000
1814578,450000
1814579,650000
1814581,489400
1814587,484900
1814593,350000
1814598,424500
1814600,0
1814608,500000
1814620,240000
1814643,755400
1814653,150000
1814655,450000
1814661,700000
1814670,600000
1814672,200000
1814679,600000
1814680,720000
1814683,0
1814691,890000
1814703,0
1814711,450000
1814713,150000
1814715,450000
1814729,500000
1814730,450000
1814751,659400
1814756,155000
1814758,260000
1814763,300000
1814768,150000
1814772,350000
1814778,340000
1814783,775000
1814790,645000
1814796,534000
1814807,350000
1814813,0
1814817,450000
1814822,0
1814826,1824700
1814832,650000
1814835,300000
1814839,450000
1814843,275000
1814848,782100
1814850,1100000
1814852,0
1814854,450000
1814858,160000
1814862,650000
1814871,650000
1814873,450000
1814875,0
1814877,350000
1814878,150000
1814883,150000
1814888,1482200
1814889,650000
1814890,700000
1814900,150000
1814901,630000
1814905,250000
1814909,450000
1814912,450000
1814915,0
1814917,250000
1814921,727800
1814930,700000
1814933,1035000
1814936,180000
1814938,150000
1814941,135000
1814942,150000
1814944,450000
1814945,150000
1814953,150000
1814954,250000
1814956,0
1814962,350000
1814967,0
1814969,500000
1814971,423000
1814979,775000
1814992,150000
1814994,300000
1815006,150000
1815012,350000
1815014,0
1815017,0
1815019,0
1815020,815600
1815029,450000
1815032,450000
1815037,0
1815042,644000
1815044,450000
1815046,350000
1815056,450000
1815058,150000
1815070,0
1815076,450000
1815081,500000
1815082,500000
1815086,680000
1815093,150000
1815095,500000
1815097,450000
1815109,350000
1815112,520000
1815113,600000
1815116,0
1815119,650000
1815124,450000
1815129,668000
1815131,200000
1815149,350000
1815152,0
1815156,0
1815157,2138800
1815159,350000
1815160,150000
1815162,350000
1815164,240000
1815168,417000
1815169,400000
1815171,350000
1815187,150000
1815188,600000
1815191,312000
1815192,0
1815197,812500
1815199,560000
1815204,500000
1815217,0
1815218,148000
1815220,774000
1815227,1280000
1815232,430000
1815239,350000
1815244,629200
1815246,450000
1815247,800000
1815249,150000
1815250,150000
1815259,500000
1815265,150000
1815271,742500
1815273,739700
1815275,450000
1815279,218000
1815283,450000
1815286,150000
1815292,500000
1815293,830000
1815294,450000
1815295,350000
1815296,730000
1815301,150000
1815302,350000
1815304,150000
1815305,150000
1815311,350000
1815312,0
1815316,350000
1815318,1146800
1815328,350000
1815330,150000
1815334,500000
1815342,401100
1815346,450000
1815347,913000
1815357,8094000
1815359,450000
1815360,0
1815361,150000
1815362,600000
1815369,0
1815371,350000
1815373,840000
1815375,825200
1815387,750000
1815389,500000
1815396,2831400
1815398,350000
1815403,594000
1815406,0
1815407,0
1815411,150000
1815417,500000
1815420,150000
1815425,0
1815427,0
1815428,3166000
1815430,157000
1815434,0
1815435,540000
1815438,850000
1815439,250000
1815443,0
1815458,750000
1815460,0
1815464,303800
1815466,0
1815476,350000
1815480,0
1815481,450000
1815484,500000
1815495,0
1815497,0
1815504,0
1815505,150000
1815507,0
1815508,2975000
1815513,0
1815519,300000
1815520,0
1815522,450000
1815523,350000
1815525,780000
1815526,150000
1815528,990000
1815531,150000
1815532,0
1815534,450000
1815536,150000
1815538,150000
1815543,200000
1815552,350000
1815559,0
1815560,270000
1815562,190000
1815564,450000
1815569,450000
1815578,150000
1815579,6504800
1815589,150000
1815590,750000
1815591,550000
1815595,552000
1815599,614000
1815603,500000
1815612,0
1815621,274000
1815629,350000
1815630,692000
1815638,97000
1815640,350000
1815641,154500
1815646,450000
1815652,0
1815654,450000
1815655,0
1815661,150000
1815666,0
1815669,350000
1815678,0
1815680,350000
1815683,500000
1815687,450000
1815688,0
1815689,450000
1815692,300000
1815696,450000
1815703,423000
1815714,350000
1815719,150000
1815720,972000
1815722,750000
1815724,500000
1815726,150000
1815730,0
1815731,980000
1815740,750000
1815747,1047500
1815750,800000
1815757,350000
1815759,376500
1815760,450000
1815762,0
1815767,150000
1815768,350000
1815771,200000
1815779,0
1815781,690000
1815788,503500
1815795,150000
1815796,350000
1815810,0
1815820,0
1815824,500000
1815825,450000
1815826,550000
1815828,523200
1815830,0
1815834,450000
1815842,350000
1815843,0
1815847,350000
1815848,150000
1815857,0
1815859,500000
1815869,0
1815874,450000
1815879,0
1815883,150000
1815886,650000
1815890,350000
1815901,450000
1815902,1990000
1815904,3282500
1815905,1082100
1815906,1200000
1815907,0
1815911,450000
1815912,350000
1815915,350000
1815916,673200
1815919,450000
1815929,411700
1815930,150000
1815939,210000
1815940,0
1815951,450000
1815957,350000
1815958,450000
1815959,428000
1815961,450000
1815963,700000
1815970,350000
1815975,450000
1815979,515000
1815980,150000
1815984,150000
1815985,150000
1815989,130000
1815990,650000
1815991,1179200
1815993,200000
1815998,400000
1816005,0
1816008,450000
1816011,150000
1816012,325000
1816016,450000
1816018,350000
1816020,787000
1816026,350000
1816031,450000
1816032,350000
1816035,0
1816047,500000
1816049,592000
1816056,0
1816058,150000
1816065,110000
1816077,394000
1816081,350000
1816082,150000
1816086,350000
1816093,350000
1816096,150000
1816099,450000
1816107,300000
1816108,397200
1816109,150000
1816110,150000
1816112,560000
1816113,450000
1816122,580000
1816127,600000
1816128,530000
1816144,0
1816145,1435500
1816149,300000
1816150,0
1816154,400000
1816158,0
1816169,350000
1816175,0
1816186,650000
1816188,590000
1816199,450000
1816201,150000
1816203,1387500
1816204,438000
1816207,320000
1816211,500000
1816212,192000
1816214,420400
1816215,150000
1816219,390000
1816220,0
1816223,350000
1816224,0
1816225,911600
1816227,450000
1816234,600000
1816236,520000
1816243,844000
1816247,500000
1816259,350000
1816263,450000
1816269,300000
1816270,0
1816273,0
1816275,1077300
1816277,0
1816279,500000
1816284,350000
1816285,0
1816286,122200
1816287,150000
1816288,450000
1816301,350000
1816302,350000
1816308,0
1816309,300000
1816310,0
1816311,450000
1816314,2157000
1816319,0
1816322,450000
1816323,600000
1816329,564000
1816336,150000
1816338,682000
1816340,350000
1816342,0
1816347,150000
1816349,650000
1816357,0
1816361,350000
1816368,350000
1816369,350000
1816378,691000
1816384,350000
1816386,150000
1816390,0
1816399,350000
1816401,850000
1816403,170000
1816404,450000
1816406,350000
1816407,457400
1816410,350000
1816413,0
1816420,481000
1816421,150000
1816422,600000
1816423,130000
1816431,450000
1816442,150000
1816445,350000
1816446,449000
1816448,150000
1816459,400000
1816463,500000
1816465,500000
1816466,450000
1816467,800000
1816468,0
1816470,350000
1816473,0
1816474,400000
1816497,500000
1816500,0
1816502,350000
1816504,150000
1816507,650000
1816512,0
1816513,450000
1816515,200000
1816516,1212500
1816523,450000
1816533,440600
1816536,500000
1816539,350000
1816543,0
1816554,450000
1816558,130000
1816563,0
1816567,0
1816576,450000
1816577,0
1816578,0
1816579,450000
1816582,598000
1816584,2202900
1816592,350000
1816602,830000
1816605,150000
1816608,440000
1816615,0
1816616,750000
1816624,350000
1816625,500000
1816629,350000
1816630,653100
1816631,147900
1816632,150000
1816633,108000
1816635,0
1816639,850000
1816651,0
1816653,650000
1816660,510000
1816661,500000
1816662,350000
1816663,620000
1816665,150000
1816675,500000
1816677,700000
1816678,500000
1816680,650000
1816690,150000
1816695,500000
1816696,578200
1816697,500000
1816709,450000
1816710,300000
1816711,593000
1816713,450000
1816715,650000
1816716,550000
1816721,150000
1816730,850000
1816731,0
1816734,450000
1816739,350000
1816740,450000
1816741,0
1816748,82000
1816750,1150800
1816751,740400
1816761,350000
1816765,680000
1816778,497700
1816784,1030000
1816785,30000
1816787,3109500
1816788,550000
1816791,448000
1816797,550000
1816799,450000
1816801,450000
1816806,500000
1816811,200000
1816814,450000
1816815,0
1816823,0
1816826,0
1816827,350000
1816830,150000
1816831,0
1816839,270400
1816840,450000
1816841,538000
1816844,150000
1816848,450000
1816849,450000
1816850,150000
1816851,680000
1816853,700000
1816854,150000
1816855,450000
1816857,590000
1816859,1168800
1816869,350000
1816877,899400
1816880,350000
1816884,0
1816888,150000
1816895,350000
1816900,150000
1816904,909600
1816908,450000
1816910,0
1816911,410000
1816916,0
1816917,630000
1816926,4913700
1816927,600000
1816930,441000
1816937,500000
1816938,659600
1816943,350000
1816948,450000
1816950,100000
1816953,500000
1816955,550000
1816960,400000
1816962,350000
1816965,0
1816966,650000
1816974,650000
1816976,0
1816978,0
1816988,0
1816993,0
1816994,700000
1816996,150000
1816999,450000
1817002,902600
1817016,650000
1817017,450000
1817020,350000
1817027,650000
1817034,0
1817036,350000
1817048,0
1817058,0
1817068,350000
1817077,150000
1817078,1029900
1817080,0
1817084,0
1817089,0
1817090,150000
1817105,150000
1817108,450000
1817110,750000
1817118,355300
1817126,450700
1817127,100000
1817129,250000
1817131,0
1817140,150000
1817144,150000
1817145,500000
1817149,0
1817154,600000
1817170,0
1817174,647500
1817184,550000
1817185,400000
1817186,0
1817189,418400
1817191,1124800
1817192,150000
1817196,0
1817197,1000000
1817201,1609600
1817207,750000
1817216,450000
1817219,400000
1817222,350000
1817224,31500
1817227,450000
1817228,450000
1817234,450000
1817236,0
1817244,350000
1817245,0
1817248,0
1817250,150000
1817253,878800
1817255,508200
1817256,350000
1817262,500000
1817264,412500
1817265,450000
1817272,514000
1817273,350000
1817275,650000
1817276,0
1817283,450000
1817287,350000
1817292,150000
1817295,226000
1817300,450000
1817302,0
1817304,388300
1817307,533000
1817309,500000
1817320,587000
1817322,350000
1817323,177300
1817327,0
1817330,0
1817331,827000
1817345,680000
1817348,350000
1817361,150000
1817363,0
1817370,0
1817372,450000
1817375,380000
1817381,0
1817382,150000
1817388,0
1817389,150000
1817391,450000
1817400,600000
1817405,590000
1817416,330000
1817421,350000
1817424,500000
1817428,0
1817432,275400
1817433,0
1817435,347400
1817436,600000
1817438,650000
1817439,650000
1817443,500000
1817445,400000
1817447,0
1817449,0
1817452,325000
1817455,806900
1817460,450000
1817461,450000
1817465,791000
1817466,450000
1817467,350000
1817471,350000
1817475,355300
1817477,0
1817480,150000
1817482,700000
1817491,1028900
1817492,4220000
1817505,150000
1817511,742300
1817516,450000
1817520,490000
1817526,450000
1817535,1015800
1817536,150000
1817540,150000
1817543,629000
1817548,450000
1817550,350000
1817561,550000
1817564,400000
1817567,731000
1817573,400000
1817575,350000
1817586,0
1817592,715000
1817596,467500
1817597,0
1817600,400000
1817607,250000
1817611,265200
1817613,0
1817615,650000
1817627,650000
1817628,490000
1817633,450000
1817634,468000
1817640,0
1817648,450000
1817650,800000
1817653,500000
1817654,350000
1817655,350000
1817657,350000
1817659,0
1817660,450000
1817664,450000
1817670,650000
1817672,650000
1817674,500000
1817680,756200
1817682,0
1817685,550000
1817687,0
1817690,0
1817693,0
1817694,0
1817699,120000
1817703,300000
1817710,440100
1817716,236000
1817720,450000
1817725,0
1817726,500000
1817739,450000
1817742,347500
1817745,519300
1817748,450000
1817751,650000
1817755,150000
1817761,500000
1817763,620000
1817768,450000
1817773,450000
1817776,517600
1817779,500000
1817780,0
1817785,459200
1817786,0
1817788,400000
1817790,503900
1817791,0
1817792,450000
1817796,490400
1817799,150000
1817808,979000
1817811,450000
1817813,445000
1817814,0
1817817,650000
1817818,350000
1817823,0
1817825,500000
1817831,150000
1817834,450000
1817841,750000
1817844,450000
1817850,1671300
1817853,450000
1817857,350000
1817858,450000
1817861,350000
1817862,725000
1817863,0
1817867,315000
1817876,0
1817877,0
1817878,500000
1817879,350000
1817880,600400
1817885,350000
1817886,400000
1817891,794800
1817894,0
1817897,650000
1817900,150000
1817901,650000
1817902,500000
1817904,450000
1817913,0
1817917,450000
1817924,650000
1817927,150000
1817928,358600
1817942,0
1817945,0
1817946,800000
1817949,1895600
1817951,450000
1817955,150000
1817956,700000
1817960,0
1817984,350000
1817996,600000
1818002,556900
1818011,400000
1818012,350000
1818015,150000
1818016,326700
1818021,400000
1818024,396000
1818028,700000
1818032,350000
1818040,290000
1818044,552600
1818048,0
1818051,880000
1818056,450000
1818057,586000
1818058,150000
1818063,0
1818065,519000
1818068,689200
1818069,0
1818071,690000
1818074,450000
1818079,350000
1818085,611300
1818091,1769600
1818096,450000
1818109,500000
1818112,547500
1818113,629000
1818118,450000
1818119,350000
1818128,326000
1818129,400000
1818131,694000
1818133,350000
1818134,0
1818136,0
1818139,150000
1818152,0
1818154,350000
1818156,450000
1818161,350000
1818162,450000
1818163,362000
1818169,680000
1818172,545500
1818174,350000
1818182,580000
1818183,0
1818188,700000
1818189,450000
1818190,450000
1818193,650000
1818197,350000
1818204,703500
1818205,450000
1818209,207000
1818218,0
1818223,350000
1818227,500000
1818231,293200
1818232,350000
1818233,150000
1818241,0
1818248,3885400
1818250,150000
1818261,250000
1818265,0
1818266,150000
1818270,0
1818276,400000
1818286,0
1818293,450000
1818295,459200
1818309,450000
1818326,0
1818329,600000
1818341,0
1818342,700000
1818345,0
1818346,598000
1818355,190000
1818361,150000
1818365,350000
1818371,1450000
1818380,350000
1818383,400000
1818398,590000
1818400,450000
1818408,537000
1818409,302000
1818418,350000
1818437,606000
1818438,450000
1818445,0
1818454,0
1818459,0
1818462,450000
1818464,859600
1818469,450000
1818479,450000
1818490,150000
1818498,567000
1818518,450000
1818523,350000
1818526,526500
1818527,445000
1818528,0
1818534,0
1818535,398500
1818537,0
1818538,0
1818539,760800
1818546,807000
1818548,0
1818551,150000
1818557,595000
1818559,868500
1818582,540000
1818585,450000
1818588,350000
1818593,850000
1818595,450000
1818612,135000
1818613,150000
1818618,212500
1818621,196000
1818622,4590000
1818628,450000
1818632,692000
1818638,119000
1818642,600000
1818646,0
1818647,350000
1818648,115000
1818649,0
1818651,957300
1818652,450000
1818654,260000
1818656,0
1818667,0
1818669,450000
1818676,450000
1818680,350000
1818682,0
1818683,450000
1818684,560000
1818686,140000
1818687,450000
1818695,1200000
1818707,780000
1818709,450000
1818710,475000
1818716,400000
1818718,450000
1818721,250000
1818723,450000
1818731,150000
1818733,165000
1818735,500000
1818740,485000
1818742,630000
1818749,250000
1818750,880000
1818752,630000
1818753,0
1818754,450000
1818758,0
1818764,450000
1818765,450000
1818767,559700
1818768,450000
1818770,550000
1818771,500000
1818774,0
1818778,700000
1818779,350000
1818788,600000
1818790,0
1818792,400000
1818794,448000
1818795,687100
1818796,0
1818798,683600
1818801,400000
1818812,608000
1818814,600000
1818816,350000
1818821,0
1818825,800000
1818828,400000
1818830,450000
1818833,97800
1818837,0
1818838,400000
1818840,0
1818842,500000
1818843,500000
1818847,250000
1818849,844000
1818852,0
1818855,680000
1818858,0
1818861,690000
1818866,0
1818875,0
1818877,750000
1818881,150000
1818882,0
1818885,600000
1818892,400000
1818893,0
1818899,700000
1818902,490000
1818908,350000
1818911,150000
1818912,350000
1818921,150000
1818922,350000
1818926,550000
1818927,400000
1818941,350000
1818942,512000
1818943,400000
1818944,400000
1818948,514000
1818949,2979900
1818953,477000
1818956,150000
1818959,0
1818962,700000
1818966,800000
1818974,0
1818976,0
1818982,400000
1818984,0
1818988,450000
1818990,0
1818991,550000
1818999,0
1819007,0
1819008,456200
1819012,850000
1819013,400000
1819015,520000
1819020,433800
1819024,488200
1819026,0
1819027,150000
1819041,0
1819042,350000
1819043,700000
1819050,0
1819051,798400
1819054,0
1819065,400000
1819067,660300
1819069,610000
1819071,400000
1819072,550000
1819079,150000
1819082,0
1819090,350000
1819093,900000
1819097,0
1819099,350000
1819105,650000
1819108,0
1819111,471000
1819125,400000
1819128,0
1819134,400000
1819136,483700
1819140,400000
1819144,550000
1819161,400000
1819163,0
1819166,1250000
1819167,450000
1819169,1980000
1819171,747500
1819184,350000
1819185,400000
1819186,400000
1819187,0
1819193,1147500
1819195,630000
1819197,550000
1819201,430500
1819203,0
1819208,400000
1819210,1985000
1819211,744000
1819214,150000
1819219,350000
1819220,350000
1819221,0
1819225,340000
1819232,350000
1819235,0
1819236,0
1819237,0
1819238,350000
1819239,400000
1819242,0
1819245,400000
1819249,1454300
1819250,536000
1819251,0
1819256,2220400
1819259,250000
1819261,500000
1819262,839600
1819264,400000
1819266,450000
1819269,150000
1819272,510000
1819277,0
1819285,400000
1819287,1062400
1819290,0
1819296,0
1819300,456000
1819304,900000
1819306,0
1819311,924800
1819318,0
1819319,150000
1819321,300000
1819332,600000
1819338,550000
1819342,0
1819345,0
1819353,550000
1819355,1027000
1819362,150000
1819363,150000
1819364,670000
1819371,250000
1819376,1524700
1819379,0
1819389,541000
1819390,567000
1819399,429600
1819411,150000
1819420,400000
1819421,400000
1819426,350000
1819427,300000
1819428,350000
1819431,150000
1819437,1541300
1819456,500000
1819457,745000
1819459,350000
1819460,550000
1819465,450000
1819476,550000
1819478,700000
1819482,400000
1819505,350000
1819508,0
1819509,400000
1819516,350000
1819523,150000
1819526,0
1819531,150000
1819533,144000
1819545,300000
1819547,700000
1819549,699400
1819553,400000
1819555,700000
1819557,300000
1819571,0
1819580,150000
1819594,150000
1819597,1017500
1819605,150000
1819611,450000
1819619,400000
1819622,450000
1819627,550000
1819628,150000
1819641,650000
1819642,550000
1819648,0
1819657,600000
1819663,1854500
1819664,115000
1819668,532200
1819674,350000
1819677,55000
1819686,0
1819687,433500
1819690,0
1819717,350000
1819728,400000
1819733,0
1819737,150000
1819739,450000
1819741,550000
1819742,450000
1819747,363700
1819750,288000
1819752,544000
1819754,150000
1819756,650000
1819763,730000
1819769,150000
1819770,450000
1819781,450000
1819784,128000
1819785,525500
1819790,0
1819798,400000
1819802,350000
1819805,400000
1819833,0
1819839,0
1819841,946000
1819844,479400
1819845,400000
1819869,450000
1819876,400000
1819887,400000
1819888,850000
1819893,400000
1819904,500000
1819906,700000
1819912,550000
1819914,400000
1819917,400000
1819924,400000
1819931,400000
1819932,0
1819939,600000
1819946,189500
1819955,400000
1819977,450000
1819986,400000
1819993,0
1820006,700000
1820007,506000
1820017,0
1820031,750000
1820032,480000
1820034,450000
1820037,250000
1820048,550000
1820049,0
1820051,150000
1820052,400000
1820063,0
1820065,1899700
1820088,350000
1820092,835000
1820094,500000
1820095,425000
1820097,0
1820112,500000
1820114,0
1820121,515600
1820126,400000
1820128,0
1820129,400000
1820133,775000
1820161,525100
1820163,150000
1820165,150000
1820170,0
1820177,83300
1820178,500000
1820192,0
1820212,400000
1820213,0
1820231,700000
1820233,534000
1820245,250000
1820248,472600
1820251,400000
1820257,350000
1820260,400000
1820261,400000
1820267,30000
1820278,0
1820279,400000
1820287,0
1820300,450000
1820308,150000
1820311,1080000
1820315,0
1820328,400000
1820330,400000
1820339,290000
1820340,600000
1820359,400000
1820392,0
1820393,440000
1820396,0
1820400,500000
1820428,450200
1820438,650000
1820441,350000
1820475,400000
1820491,400000
1820493,550000
1820495,400000
1820496,2641500
1820502,700000
1820512,218000
1820534,261000
1820541,750000
1820543,350000
1820550,800000
1820554,411500
1820555,0
1820559,0
1820566,750000
1820572,1427100
1820585,0
1820589,1255400
1820595,180000
1820601,105000
1820606,560000
1820616,330000
1820617,550000
1820634,400000
1820639,250000
1820641,0
1820655,0
1820674,400000
1820681,400000
1820684,240000
1820699,150000
1820717,250000
1820722,400000
1820734,832000
1820745,0
1820753,400000
1820756,150000
1820766,0
1820770,192000
1820780,0
1820783,245000
1820816,0
1820819,151100
1820829,600000
1820841,550000
1820845,1862000
1820847,450000
1820879,400000
1820880,400000
1820887,765000
1820894,550000
1820895,150000
1820897,400000
1820903,0
1820914,400000
1820923,450000
1820928,700000
1820931,360000
1820932,450000
1820944,483700
1820955,558500
1820961,350000
1820965,111300
1820980,140000
1821004,118000
1821010,0
1821011,0
1821028,500000
1821037,450000
1821039,200000
1821044,450000
1821059,350000
1821079,350000
1821092,350000
1821097,580000
1821099,144000
1821107,350000
1821115,1886000
1821123,150000
1821127,450000
1821140,0
1821144,600000
1821153,350000
1821158,0
1821160,450000
1821166,450000
1821173,0
1821177,220000
1821184,0
1821187,137500
1821190,500000
1821203,650000
1821211,250000
1821221,450000
1821224,450000
1821228,730000
1821246,350000
1821247,0
1821254,0
1821258,350000
1821259,450000
1821260,150000
1821263,810000
1821273,930000
1821278,500000
1821283,400000
1821284,0
1821296,193800
1821300,150000
1821307,350000
1821315,400000
1821319,520000
1821321,350000
1821322,500000
1821323,717000
1821334,974800
1821338,540000
1821339,450000
1821349,0
1821350,450000
1821353,1693000
1821357,0
1821365,1132600
1821367,450000
1821377,500000
1821381,350000
1821395,150000
1821399,609000
1821407,450000
1821415,0
1821425,600000
1821426,353500
1821441,439500
1821446,200000
1821461,180000
1821467,500000
1821469,700000
1821471,219000
1821474,450000
1821480,170000
1821512,350000
1821526,350000
1821530,450000
1821538,350000
1821541,550000
1821543,150000
1821544,450000
1821563,350000
1821571,0
1821577,350000
1821579,974800
1821582,7000
1821583,250000
1821585,510000
1821587,0
1821609,0
1821612,480000
1821614,350000
1821616,350000
1821623,555000
1821626,127000
1821635,170000
1821637,450000
1821642,135000
1821645,350000
1821646,450000
1821653,190000
1821655,287100
1821661,0
1821663,450000
1821667,350000
1821672,0
1821677,0
1821680,600000
1821684,360000
1821686,0
1821689,0
1821695,0
1821699,150000
1821704,350000
1821707,450000
1821708,350000
1821718,450000
1821719,0
1821727,450000
1821729,350000
1821731,478000
1821735,0
1821752,150000
1821753,0
1821759,450000
1821763,284500
1821769,600000
1821773,322500
1821779,145000
1821783,600000
1821785,450000
1821786,500000
1821788,450000
1821789,450000
1821795,0
1821798,0
1821803,350000
1821815,150000
1821819,0
1821820,18600
1821836,0
1821838,0
1821839,500000
1821848,0
1821850,320400
1821854,560000
1821855,199500
1821858,0
1821868,450000
1821870,350000
1821871,2251200
1821873,0
1821877,0
1821882,350000
1821883,0
1821884,600000
1821890,150000
1821894,0
1821902,1270000
1821903,0
1821907,200000
1821912,379000
1821915,0
1821917,500000
1821919,350000
1821939,450000
1821940,500000
1821945,350000
1821947,350000
1821951,450000
1821955,427400
1821964,700000
1821969,600000
1821990,0
1821992,450000
1821995,0
1821998,399800
1822004,190000
1822005,0
1822014,450000
1822021,350000
1822032,420000
1822044,1038900
1822048,500000
1822052,500100
1822054,500000
1822055,250000
1822076,0
1822082,450000
1822085,818000
1822087,0
1822090,450000
1822098,531000
1822111,350000
1822126,200000
1822133,1447300
1822139,450000
1822145,350000
1822150,0
1822152,350000
1822154,350000
1822156,489900
1822161,150000
1822165,180000
1822169,0
1822174,350000
1822176,0
1822190,400000
1822191,450000
1822194,0
1822199,400000
1822201,330000
1822202,0
1822203,0
1822207,450000
1822215,500000
1822216,450000
1822218,0
1822221,0
1822222,150000
1822224,500000
1822226,580000
1822229,658300
1822230,750000
1822231,450000
1822237,150000
1822240,0
1822243,250000
1822244,75000
1822253,150000
1822254,650000
1822256,450000
1822263,1527700
1822269,303900
1822272,150000
1822279,955000
1822280,433800
1822285,847500
1822291,350000
1822292,290000
1822295,500000
1822299,445000
1822300,0
1822305,495000
1822307,350000
1822310,235000
1822311,350000
1822312,545000
1822316,530000
1822324,350000
1822329,788000
1822331,150000
1822333,450000
1822335,1014800
1822336,0
1822337,1049000
1822339,500000
1822341,350000
1822345,0
1822355,0
1822356,500000
1822357,650000
1822366,235000
1822368,433800
1822372,350000
1822373,829800
1822377,350000
1822378,0
1822384,0
1822390,640000
1822396,600000
1822402,450000
1822416,500000
1822417,572600
1822421,450000
1822422,0
1822427,435000
1822432,14000
1822433,0
1822435,250000
1822442,540000
1822444,5180000
1822445,547000
1822446,580000
1822448,350000
1822452,150000
1822456,300000
1822464,540000
1822467,300000
1822470,712500
1822475,350000
1822483,591500
1822490,468500
1822495,450000
1822497,150000
1822505,700000
1822507,450000
1822510,150000
1822512,150000
1822516,580000
1822521,350000
1822523,305900
1822524,640000
1822526,450000
1822537,150000
1822538,522100
1822539,650000
1822542,800000
1822546,973900
1822555,450000
1822560,620000
1822565,0
1822570,350000
1822581,500000
1822584,450000
1822586,548400
1822589,750000
1822590,500000
1822592,495500
1822602,390000
1822608,0
1822613,450000
1822616,0
1822617,400000
1822625,450000
1822628,0
1822633,350000
1822638,150000
1822644,500000
1822648,350000
1822651,150000
1822658,495500
1822660,350000
1822663,700000
1822664,150000
1822670,450000
1822674,450000
1822676,350000
1822680,535000
1822683,450000
1822686,963000
1822688,118000
1822695,650000
1822703,450000
1822708,578000
1822710,250000
1822714,350000
1822716,543000
1822718,800000
1822726,600000
1822727,750000
1822737,350000
1822738,500000
1822747,611100
1822748,450000
1822751,1290000
1822754,773500
1822763,525000
1822766,0
1822774,302500
1822778,350000
1822797,195000
1822800,500000
1822803,1191500
1822805,350000
1822807,200000
1822811,0
1822813,600000
1822818,2466500
1822823,658000
1822826,0
1822831,650000
1822836,0
1822841,450000
1822843,450000
1822844,580000
1822845,350000
1822849,650000
1822852,350000
1822856,350000
1822858,0
1822868,350000
1822869,650000
1822874,1000000
1822879,150000
1822881,510300
1822889,0
1822890,350000
1822898,697100
1822899,850000
1822901,135000
1822903,0
1822905,798500
1822906,0
1822908,0
1822909,350000
1822912,0
1822913,589400
1822922,0
1822925,350000
1822928,589200
1822931,350000
1822942,350000
1822944,500000
1822951,450000
1822952,3400000
1822958,150000
1822960,0
1822962,850000
1822963,1500000
1822966,350000
1822973,0
1822977,550000
1822978,450000
1822982,150000
1822991,514000
1822998,150000
1823000,350000
1823003,150000
1823011,350000
1823013,350000
1823016,194000
1823019,450000
1823024,0
1823025,500000
1823029,350000
1823035,200000
1823043,250000
1823044,350000
1823047,150000
1823086,450000
1823089,150000
1823092,350000
1823098,218800
1823102,450000
1823103,450000
1823104,450000
1823109,470000
1823113,150000
1823117,450000
1823123,691000
1823125,180000
1823132,300000
1823142,950000
1823149,700000
1823152,450000
1823154,350000
1823156,700000
1823159,592000
1823162,974800
1823165,247000
1823166,450000
1823169,0
1823170,850000
1823171,500000
1823181,762200
1823182,350000
1823191,700000
1823196,2164000
1823203,450000
1823204,680000
1823206,450000
1823207,450000
1823209,650000
1823211,250000
1823220,0
1823223,569000
1823225,700000
1823230,0
1823233,600000
1823236,870000
1823237,150000
1823239,680000
1823240,450000
1823242,520000
1823243,0
1823245,450000
1823251,974800
1823257,100000
1823258,537000
1823259,0
1823267,1400000
1823275,0
1823286,125700
1823288,589000
1823289,60000
1823290,0
1823294,145000
1823299,150000
1823306,392200
1823307,150000
1823310,0
1823314,160000
1823317,130000
1823323,0
1823325,0
1823326,450000
1823332,450000
1823337,450000
1823342,590000
1823345,438000
1823350,450000
1823352,1790000
1823359,387800
1823362,350000
1823369,450000
1823378,450000
1823383,350000
1823385,775400
1823390,217500
1823391,1000000
1823395,450000
1823401,0
1823406,0
1823408,0
1823409,589000
1823414,450000
1823419,140000
1823424,500000
1823427,450000
1823428,428000
1823434,412000
1823435,500000
1823436,0
1823438,350000
1823440,680000
1823443,586900
1823444,500000
1823445,450000
1823449,1686400
1823453,509700
1823455,650000
1823463,0
1823468,490000
1823486,0
1823487,150000
1823489,180000
1823491,0
1823495,514100
1823496,3337400
1823512,1807000
1823515,0
1823518,0
1823522,1270500
1823525,350000
1823527,150000
1823528,0
1823530,612500
1823533,438000
1823538,0
1823541,0
1823542,530000
1823543,431000
1823562,486000
1823565,1096300
1823566,326500
1823577,350000
1823578,450000
1823580,334000
1823593,500000
1823594,0
1823599,373500
1823602,550000
1823604,450000
1823605,750000
1823608,2300000
1823613,350000
1823615,514900
1823616,400000
1823617,450000
1823628,350000
1823630,450000
1823633,350000
1823635,0
1823656,500000
1823665,600000
1823668,450000
1823669,0
1823670,892300
1823674,0
1823676,0
1823679,450000
1823686,725000
1823689,580000
1823690,0
1823692,0
1823710,0
1823714,0
1823718,404500
1823721,974800
1823724,571800
1823725,350000
1823726,250000
1823728,150000
1823729,150000
1823739,150000
1823748,0
1823749,381500
1823751,350000
1823752,572000
1823753,450000
1823764,420000
1823767,530000
1823768,816300
1823770,450000
1823779,182900
1823788,350000
1823792,150000
1823803,0
1823810,100000
1823830,450000
1823832,0
1823833,605300
1823843,0
1823851,0
1823853,628800
1823854,650000
1823855,350000
1823859,600000
1823862,500000
1823868,515000
1823875,0
1823877,0
1823878,450000
1823879,1000000
1823880,0
1823885,374500
1823893,800000
1823896,450000
1823907,495000
1823908,0
1823912,0
1823914,450000
1823915,300000
1823923,0
1823926,350000
1823938,450000
1823939,0
1823951,450000
1823957,450000
1823961,150000
1823972,0
1823973,0
1823975,100000
1823986,1224700
1823989,422700
1823995,350000
1823997,600000
1823999,350000
1824011,621100
1824018,505500
1824022,150000
1824023,500000
1824024,0
1824026,350000
1824029,378800
1824039,545000
1824042,600000
1824043,350000
1824047,658200
1824048,550000
1824053,350000
1824061,640000
1824062,400000
1824063,0
1824066,350000
1824073,150000
1824075,150000
1824082,600000
1824085,600000
1824086,258000
1824096,640000
1824100,500000
1824108,350000
1824115,650000
1824116,652500
1824117,450000
1824118,140000
1824121,680000
1824125,450000
1824129,855000
1824130,350000
1824139,450000
1824144,750000
1824148,351600
1824150,0
1824152,532000
1824157,409900
1824162,150000
1824166,350000
1824171,450000
1824181,0
1824183,250000
1824200,450000
1824202,450000
1824204,150000
1824205,433800
1824211,1072500
1824212,450000
1824213,1345000
1824216,568000
1824219,350000
1824220,570000
1824248,1149100
1824253,780900
1824255,450000
1824264,0
1824268,150000
1824274,431800
1824275,150000
1824276,200000
1824277,350000
1824281,930000
1824290,450000
1824292,966000
1824294,746600
1824295,0
1824303,1103900
1824305,587400
1824311,490600
1824317,0
1824318,450000
1824326,350000
1824345,2545800
1824351,2270700
1824362,610000
1824368,150000
1824370,450000
1824382,450000
1824386,400000
1824388,650000
1824393,0
1824413,550000
1824417,350000
1824418,150000
1824422,1454000
1824423,0
1824424,150000
1824433,500000
1824434,0
1824437,437000
1824438,850000
1824448,600000
1824460,355700
1824461,450000
1824471,440000
1824474,550000
1824475,250000
1824479,1751500
1824482,150000
1824501,241000
1824506,663800
1824514,875000
1824524,0
1824528,450000
1824530,473000
1824532,450000
1824535,0
1824538,450000
1824544,750000
1824546,0
1824547,300000
1824556,150000
1824567,359300
1824569,0
1824576,444000
1824578,0
1824582,100000
1824583,450000
1824585,370000
1824589,400000
1824592,515000
1824597,0
1824601,395600
1824612,600000
1824613,441200
1824615,1000000
1824625,0
1824636,0
1824641,400000
1824642,520000
1824648,350000
1824656,450000
1824661,0
1824662,506000
1824663,0
1824665,250000
1824671,450000
1824677,400000
1824684,108000
1824686,0
1824687,724000
1824695,450000
1824702,656000
1824704,0
1824716,0
1824719,450000
1824720,583000
1824722,350000
1824724,135000
1824728,350000
1824733,450000
1824744,540000
1824747,514000
1824752,785000
1824760,1018100
1824764,224100
1824767,350000
1824778,500000
1824780,350000
1824792,450000
1824793,250000
1824803,0
1824804,0
1824812,444100
1824815,450000
1824819,0
1824833,650000
1824837,250000
1824839,0
1824841,150000
1824845,722500
1824851,350000
1824860,350000
1824876,350000
1824879,350000
1824881,537000
1824884,350000
1824885,900000
1824886,200000
1824888,641900
1824890,0
1824892,450000
1824895,350000
1824899,622000
1824902,450000
1824905,2336000
1824910,784800
1824911,430000
1824918,456000
1824928,521200
1824935,500000
1824943,585000
1824949,237500
1824951,135000
1824954,1490200
1824965,680000
1824977,450000
1824983,400000
1824985,450000
1824987,450000
1824995,600000
1825003,552200
1825005,0
1825006,0
1825008,610700
1825010,150000
1825011,0
1825021,788800
1825024,144000
1825025,0
1825036,550000
1825046,150000
1825049,650000
1825052,600000
1825060,350000
1825065,650000
1825066,500000
1825067,735000
1825069,0
1825071,350000
1825079,300000
1825086,750000
1825094,450000
1825101,1617800
1825102,0
1825103,0
1825104,150000
1825128,435000
1825130,592000
1825134,469500
1825136,600000
1825138,500000
1825142,426000
1825143,350000
1825150,100000
1825151,450000
1825161,150000
1825166,0
1825173,242000
1825174,450000
1825177,700000
1825185,0
1825186,300000
1825194,350000
1825204,350000
1825205,1718300
1825207,450000
1825209,400000
1825210,300000
1825211,350000
1825213,350000
1825215,150000
1825216,0
1825231,300000
1825236,0
1825240,95000
1825242,450000
1825245,794100
1825246,598300
1825253,540000
1825260,600000
1825264,0
1825270,350000
1825272,1038600
1825274,250000
1825276,350000
1825278,0
1825281,694000
1825288,721000
1825289,140000
1825290,600000
1825292,598500
1825293,364000
1825295,200000
1825298,0
1825299,175000
1825302,45900
1825304,0
1825307,150000
1825312,150000
1825320,350000
1825323,0
1825325,540000
1825330,1379000
1825335,350000
1825337,0
1825338,1086000
1825347,296300
1825348,0
1825359,500000
1825364,549600
1825371,500000
1825381,714000
1825382,350000
1825383,450000
1825384,350000
1825386,605000
1825390,250000
1825393,1480000
1825397,450000
1825399,450000
1825404,450000
1825407,383200
1825409,0
1825413,350000
1825415,650000
1825417,350000
1825420,0
1825421,250000
1825422,350000
1825425,31500
1825427,450000
1825433,519800
1825442,500000
1825443,350000
1825446,150000
1825447,430400
1825449,350000
1825455,650000
1825457,250000
1825465,145000
1825467,150000
1825468,450000
1825469,805500
1825471,350000
1825476,265600
1825478,0
1825481,350000
1825486,150000
1825494,0
1825497,450000
1825509,500000
1825510,125000
1825511,350000
1825515,600000
1825517,678000
1825520,540000
1825528,150000
1825529,487800
1825532,550000
1825535,0
1825536,450000
1825539,350000
1825548,0
1825549,150000
1825554,0
1825556,550000
1825558,150000
1825561,1350800
1825562,350000
1825568,1346400
1825570,150000
1825571,350000
1825572,469000
1825581,450000
1825584,450000
1825593,520400
1825594,690000
1825597,450000
1825600,0
1825603,900000
1825606,663700
1825613,450000
1825615,350000
1825616,300000
1825617,250000
1825620,469200
1825625,250000
1825626,699000
1825632,350000
1825633,0
1825634,148000
1825636,500000
1825637,765000
1825640,450000
1825641,423400
1825642,150000
1825653,150000
1825661,555000
1825672,500000
1825683,450000
1825684,556800
1825691,450000
1825694,0
1825697,639100
1825708,110000
1825709,450000
1825711,600000
1825712,350000
1825719,342600
1825720,350000
1825732,150000
1825735,1302500
1825739,350000
1825741,0
1825754,450000
1825756,0
1825759,504900
1825762,520000
1825763,350000
1825765,150000
1825766,0
1825770,500000
1825773,600000
1825784,475600
1825785,150000
1825789,117000
1825798,450000
1825800,300000
1825803,410000
1825809,450000
1825818,450000
1825827,450000
1825835,0
1825838,158100
1825842,0
1825854,664100
1825863,540000
1825864,0
1825865,250000
1825877,805000
1825879,250000
1825880,350000
1825881,105000
1825883,450000
1825888,600000
1825889,350000
1825891,22400
1825901,759400
1825907,862700
1825909,250000
1825918,1450400
1825919,450000
1825921,500000
1825926,297500
1825937,0
1825939,250000
1825944,300000
1825948,0
1825951,350000
1825957,0
1825958,0
1825961,150000
1825967,0
1825970,450000
1825981,398000
1826000,350000
1826001,465000
1826008,1056200
1826010,0
1826011,0
1826013,450000
1826015,0
1826017,150000
1826021,200000
1826022,0
1826023,925500
1826032,650000
1826034,450000
1826039,150000
1826040,350000
1826042,650000
1826049,350000
1826057,350000
1826059,800000
1826061,350000
1826063,627500
1826064,450000
1826067,450000
1826068,0
1826069,0
1826078,568000
1826080,808100
1826084,550000
1826094,502100
1826096,0
1826102,250000
1826103,500000
1826119,0
1826121,730000
1826124,0
1826125,500000
1826129,350000
1826134,650000
1826138,622700
1826141,266600
1826144,0
1826157,0
1826158,526200
1826159,150000
1826161,790000
1826172,0
1826176,412000
1826180,0
1826181,164300
1826187,150000
1826190,440000
1826196,176200
1826202,350000
1826209,950000
1826214,250000
1826219,600000
1826222,554300
1826226,0
1826228,500000
1826232,0
1826235,450000
1826251,200000
1826256,600000
1826257,350000
1826263,332500
1826266,0
1826268,150000
1826271,250000
1826273,150000
1826275,156000
1826276,1583100
1826277,0
1826279,0
1826280,472400
1826282,429800
1826283,725000
1826289,450000
1826291,350000
1826292,450000
1826296,0
1826301,491900
1826302,300000
1826303,200000
1826306,660000
1826307,0
1826309,0
1826313,819800
1826314,500000
1826319,495000
1826320,2293000
1826325,0
1826326,0
1826329,500000
1826336,729100
1826337,652500
1826338,0
1826339,250000
1826346,600000
1826347,350000
1826348,350000
1826355,0
1826368,549200
1826371,600000
1826377,500000
1826380,650000
1826381,0
1826384,564800
1826387,453400
1826390,450000
1826391,450000
1826393,150000
1826394,637500
1826398,450000
1826399,150000
1826401,0
1826405,0
1826409,285000
1826413,350000
1826414,500000
1826415,275000
1826422,887000
1826430,0
1826432,864500
1826437,0
1826441,350000
1826444,250000
1826452,350000
1826461,450000
1826463,350000
1826465,0
1826468,150000
1826480,350000
1826482,450000
1826483,0
1826487,0
1826494,350000
1826496,449000
1826501,500000
1826502,350000
1826503,450000
1826504,0
1826507,436000
1826509,450000
1826513,0
1826514,450000
1826515,150000
1826516,0
1826517,0
1826518,798000
1826519,750000
1826529,1281500
1826531,566000
1826533,290000
1826534,444000
1826540,300000
1826546,450000
1826559,781100
1826562,350000
1826569,0
1826571,0
1826573,350000
1826581,150000
1826583,935000
1826585,250000
1826589,648200
1826595,450000
1826597,200000
1826601,0
1826605,300000
1826606,500000
1826612,450000
1826615,0
1826616,440900
1826618,600000
1826621,400000
1826626,0
1826634,300000
1826635,590000
1826639,0
1826642,459200
1826647,250000
1826648,150000
1826649,450000
1826650,500000
1826653,150000
1826655,0
1826657,0
1826664,848400
1826666,525000
1826677,530000
1826678,450000
1826680,550000
1826685,585000
1826689,530000
1826690,0
1826693,450000
1826696,144000
1826701,314000
1826702,450000
1826706,400000
1826708,150000
1826709,550100
1826711,299600
1826713,150000
1826715,0
1826717,0
1826722,350000
1826724,438000
1826726,0
1826734,515000
1826737,550000
1826741,450000
1826742,450000
1826744,0
1826752,0
1826753,350000
1826754,0
1826769,500000
1826770,554000
1826771,350000
1826778,861300
1826782,0
1826788,555000
1826790,500000
1826792,500000
1826795,680000
1826803,619300
1826805,0
1826808,350000
1826811,676800
1826813,900000
1826826,350000
1826840,153300
1826845,0
1826849,580000
1826858,300000
1826859,450000
1826864,350000
1826865,635000
1826866,650000
1826871,450000
1826880,800000
1826881,974300
1826882,500000
1826889,350000
1826890,540000
1826893,0
1826897,0
1826899,300000
1826907,300000
1826912,500000
1826913,500000
1826923,585100
1826924,150000
1826925,450000
1826927,350000
1826928,450000
1826929,450000
1826933,650000
1826935,350000
1826937,425000
1826940,350000
1826946,200000
1826953,0
1826957,400000
1826958,300000
1826965,726800
1826971,0
1826974,2101600
1826975,596500
1826983,0
1826985,350000
1826988,450000
1826990,300000
1826993,450000
1826994,350000
1826997,0
1826998,389500
1827001,849500
1827010,0
1827013,0
1827014,322500
1827018,568000
1827023,350000
1827027,616500
1827033,606000
1827040,350000
1827043,0
1827045,328000
1827053,240000
1827058,150000
1827065,0
1827074,479600
1827081,0
1827093,634500
1827094,350000
1827112,450000
1827114,650000
1827115,350000
1827118,140000
1827120,831900
1827121,994500
1827128,150000
1827132,200000
1827134,840000
1827136,350000
1827137,300000
1827138,73600
1827139,1030000
1827140,700000
1827145,450000
1827146,450000
1827154,650000
1827155,150000
1827156,450000
1827163,795100
1827166,350000
1827167,450000
1827168,424000
1827169,350000
1827172,0
1827173,500000
1827176,500000
1827179,140000
1827181,225000
1827184,600000
1827185,0
1827193,350000
1827201,248000
1827204,700000
1827207,407500
1827215,150000
1827217,600000
1827219,485000
1827229,450000
1827230,0
1827235,0
1827239,0
1827248,350000
1827254,0
1827256,350000
1827261,50000
1827266,150000
1827267,0
1827273,585000
1827274,1046600
1827278,135000
1827279,641000
1827283,500000
1827284,140000
1827288,640000
1827292,500000
1827295,200000
1827311,350000
1827312,300000
1827319,150000
1827325,0
1827326,0
1827328,450000
1827330,589000
1827333,300000
1827340,250000
1827346,0
1827353,92800
1827356,290000
1827377,450000
1827381,1350000
1827385,600000
1827390,500000
1827395,0
1827400,0
1827420,350000
1827428,450000
1827429,350000
1827433,650000
1827437,0
1827444,635000
1827447,0
1827454,499700
1827455,500000
1827462,0
1827465,692000
1827466,350000
1827468,267000
1827469,350000
1827474,500000
1827487,549300
1827491,300600
1827493,450000
1827494,450000
1827498,650000
1827506,0
1827509,0
1827510,600000
1827523,450000
1827524,350000
1827525,0
1827526,500000
1827529,0
1827530,150000
1827532,0
1827542,0
1827550,350000
1827564,150000
1827565,0
1827568,400000
1827570,0
1827575,591000
1827576,0
1827577,500000
1827579,450000
1827583,435000
1827587,0
1827594,0
1827596,350000
1827604,450000
1827621,150000
1827644,350000
1827652,350000
1827657,450000
1827663,19600
1827669,650000
1827680,500000
1827681,0
1827682,400000
1827686,0
1827687,424500
1827690,350000
1827701,760000
1827704,700000
1827707,0
1827709,0
1827710,200000
1827714,406300
1827715,450000
1827716,1700000
1827718,700000
1827721,0
1827731,134500
1827737,450000
1827738,0
1827751,0
1827754,450000
1827755,350000
1827762,700000
1827765,150000
1827766,350000
1827773,634500
1827776,0
1827784,650000
1827785,0
1827793,350000
1827801,2458100
1827807,350000
1827810,850000
1827813,550000
1827820,0
1827824,650800
1827825,600000
1827830,450000
1827832,500000
1827838,650000
1827839,600000
1827840,750000
1827841,350000
1827844,718600
1827859,0
1827863,487000
1827881,350000
1827890,970000
1827902,655200
1827907,350000
1827908,0
1827911,0
1827915,1282100
1827919,400000
1827920,0
1827922,0
1827923,500000
1827924,135000
1827927,900000
1827931,450000
1827932,350000
1827933,450000
1827935,450000
1827943,0
1827947,418000
1827948,127500
1827950,170000
1827956,651500
1827964,650000
1827971,0
1827977,643500
1827990,110400
1827995,350000
1827998,0
1828001,150000
1828005,500000
1828006,150000
1828007,0
1828008,500000
1828012,0
1828014,193500
1828015,250000
1828016,150000
1828017,150000
1828023,400000
1828024,0
1828033,450000
1828034,120000
1828036,533500
1828040,350000
1828041,423800
1828049,600000
1828050,650000
1828057,350000
1828062,679400
1828063,530000
1828065,450000
1828081,125000
1828082,0
1828085,350000
1828089,350000
1828092,250000
1828100,450000
1828107,502300
1828109,500000
1828113,0
1828130,150000
1828135,150000
1828140,0
1828148,0
1828150,521000
1828152,970000
1828160,350000
1828164,0
1828169,506000
1828175,988000
1828177,0
1828178,350000
1828191,823000
1828195,490000
1828200,350000
1828204,350000
1828205,150000
1828209,150000
1828211,735000
1828213,150000
1828219,1614400
1828220,0
1828226,350000
1828228,0
1828232,514100
1828237,450000
1828241,540000
1828242,300000
1828244,0
1828247,350000
1828248,350000
1828250,450000
1828251,421400
1828254,0
1828256,450000
1828261,350000
1828264,350000
1828266,350000
1828271,300000
1828273,495000
1828275,0
1828276,800000
1828285,546000
1828289,0
1828292,450000
1828295,750000
1828300,290000
1828306,450000
1828308,0
1828309,450000
1828310,350000
1828314,350000
1828315,1129000
1828323,350000
1828327,0
1828329,125000
1828330,0
1828331,0
1828341,350000
1828342,410200
1828344,350000
1828346,450000
1828348,0
1828350,450000
1828355,250000
1828356,0
1828363,500000
1828364,1667000
1828373,0
1828376,250000
1828379,0
1828380,554000
1828381,150000
1828388,540000
1828394,0
1828397,233000
1828402,350000
1828403,450000
1828406,350000
1828408,300000
1828430,450000
1828444,450000
1828452,310000
1828461,825000
1828462,0
1828464,292000
1828466,200000
1828470,0
1828478,0
1828483,350000
1828489,550000
1828492,150000
1828494,550000
1828505,450000
1828507,350000
1828517,653900
1828522,0
1828527,300000
1828532,350000
1828533,514100
1828536,772800
1828539,0
1828540,550000
1828541,150000
1828542,0
1828547,0
1828549,250000
1828551,150000
1828553,0
1828571,150000
1828578,0
1828583,589000
1828585,0
1828592,559500
1828595,400000
1828597,0
1828605,460000
1828607,570000
1828611,700000
1828614,1990000
1828616,550000
1828621,240000
1828624,450000
1828627,150000
1828629,350000
1828630,238000
1828640,350000
1828644,0
1828646,450000
1828648,0
1828653,450000
1828655,400500
1828656,550000
1828658,544000
1828667,350000
1828673,750000
1828676,244000
1828679,350000
1828682,665000
1828683,735000
1828688,518500
1828689,450000
1828691,400000
1828692,422000
1828694,0
1828697,150000
1828706,0
1828708,0
1828717,500000
1828721,150000
1828725,435000
1828726,450000
1828728,250000
1828732,550000
1828734,0
1828752,986000
1828760,718000
1828762,450000
1828764,350000
1828766,500000
1828767,350000
1828769,250000
1828780,690000
1828784,0
1828794,799500
1828798,426000
1828799,1074800
1828807,450000
1828808,0
1828809,398800
1828821,663000
1828833,530000
1828836,0
1828839,500000
1828841,159000
1828842,0
1828845,90000
1828847,350000
1828850,0
1828857,450000
1828860,200000
1828871,0
1828872,350000
1828873,0
1828885,400000
1828887,496400
1828888,450000
1828890,450000
1828893,450000
1828894,544900
1828903,500000
1828906,575000
1828911,307500
1828916,450000
1828927,118000
1828929,0
1828932,189000
1828933,0
1828941,0
1828943,150000
1828944,635000
1828951,0
1828957,350000
1828960,450000
1828963,400000
1828965,400000
1828975,136000
1828982,450000
1828984,496400
1828986,725000
1828989,0
1829000,0
1829005,450000
1829018,400000
1829023,400000
1829038,250000
1829039,450000
1829053,350000
1829055,320000
1829058,550000
1829074,625000
1829076,639600
1829077,550000
1829083,350000
1829089,774900
1829090,700000
1829095,350000
1829097,200000
1829101,430000
1829107,685000
1829114,500000
1829125,150000
1829131,150000
1829134,600000
1829140,350000
1829142,496400
1829147,400000
1829149,400000
1829151,0
1829158,300000
1829173,0
1829175,400000
1829177,0
1829181,335000
1829186,385000
1829191,695000
1829194,180000
1829196,400000
1829200,700000
1829213,1559500
1829220,300000
1829222,150000
1829225,150000
1829226,0
1829230,497200
1829242,150000
1829249,300000
1829254,400000
1829257,750000
1829263,400000
1829277,350000
1829284,165600
1829303,150000
1829304,755300
1829306,150000
1829312,398500
1829331,410000
1829347,583800
1829352,450000
1829361,650000
1829371,300000
1829373,0
1829383,550000
1829384,350000
1829389,250000
1829394,850000
1829396,0
1829398,500000
1829401,1044800
1829403,350000
1829405,640000
1829439,950000
1829450,8810500
1829451,400000
1829452,400000
1829454,400000
1829455,530000
1829456,400000
1829459,150000
1829460,400000
1829464,773000
1829479,550000
1829481,318500
1829483,325000
1829487,400000
1829495,28000
1829497,400000
1829505,370000
1829510,1050000
1829527,0
1829530,255000
1829534,400000
1829535,0
1829538,397900
1829539,400000
1829552,0
1829559,700000
1829562,400000
1829564,180000
1829566,500000
1829567,0
1829569,340000
1829590,9250000
1829596,300000
1829599,400000
1829604,0
1829606,550000
1829608,730000
1829609,0
1829619,624000
1829648,0
1829652,0
1829663,350000
1829664,44400
1829677,0
1829678,0
1829686,400000
1829687,550000
1829692,667500
1829694,490000
1829701,150000
1829706,0
1829707,550000
1829718,400000
1829720,550000
1829721,150000
1829723,0
1829726,550000
1829731,110000
1829739,550000
1829740,400000
1829753,400000
1829757,0
1829765,550000
1829769,550000
1829773,0
1829775,400000
1829780,835000
1829786,862900
1829804,350000
1829811,550000
1829821,1167800
1829822,319000
1829826,2985000
1829830,0
1829832,400000
1829833,400000
1829837,400000
1829843,130000
1829848,118000
1829858,0
1829863,500000
1829864,400000
1829865,470300
1829867,150000
1829868,0
1829869,150000
1829871,300000
1829873,0
1829876,550000
1829879,550000
1829881,250000
1829882,0
1829889,550000
1829892,0
1829905,7769800
1829906,0
1829907,2970000
1829911,700000
1829916,317400
1829921,684500
1829931,650000
1829932,0
1829933,625000
1829956,150000
1829957,236000
1829960,0
1829966,400000
1829974,842400
1829983,96000
1829989,400000
1829996,180000
1829997,587000
1830003,295300
1830006,550000
1830012,150000
1830019,250000
1830029,550000
1830032,400000
1830037,150000
1830053,561600
1830056,785000
1830061,540000
1830062,14000
1830071,0
1830076,150000
1830079,550000
1830084,500000
1830085,400000
1830091,530000
1830092,800000
1830093,574900
1830099,100000
1830101,654000
1830109,890000
1830116,445400
1830117,0
1830127,0
1830132,450000
1830133,489900
1830135,350000
1830143,400000
1830145,271700
1830161,0
1830164,0
1830167,0
1830169,350000
1830173,469800
1830178,350000
1830187,450000
1830196,325000
1830197,0
1830200,400000
1830208,350000
1830210,727200
1830217,350000
1830219,880000
1830220,152000
1830234,450000
1830240,400000
1830249,500000
1830250,650000
1830253,150000
1830255,0
1830281,798900
1830283,150000
1830291,1705000
1830295,0
1830296,150000
1830301,126300
1830319,0
1830326,470000
1830347,2929600
1830355,1090500
1830362,140000
1830366,1964800
1830381,856000
1830387,400000
1830394,0
1830396,3361800
1830405,576600
1830409,0
1830423,192000
1830427,150000
1830430,335000
1830437,550000
1830454,150000
1830457,719300
1830458,0
1830461,150000
1830469,400000
1830476,560000
1830480,0
1830489,250000
1830492,0
1830493,700000
1830500,377000
1830527,350000
1830529,450000
1830533,400000
1830534,205000
1830535,350000
1830538,0
1830548,450000
1830553,539900
1830558,420000
1830573,0
1830576,4108500
1830598,0
1830611,400000
1830621,540600
1830627,500000
1830635,0
1830636,670000
1830647,0
1830651,250000
1830658,3647100
1830666,0
1830667,464500
1830689,712800
1830692,300000
1830693,243100
1830698,605000
1830708,300000
1830710,864500
1830724,450000
1830755,0
1830758,400000
1830768,450000
1830770,200000
1830779,555600
1830784,0
1830785,150000
1830796,0
1830806,400000
1830813,400000
1830815,250000
1830816,500000
1830827,0
1830839,0
1830843,85000
1830874,0
1830885,315000
1830888,966100
1830892,202000
1830908,442000
1830909,250000
1830921,0
1830930,0
1830954,0
1830955,400000
1830973,3658100
1830982,150000
1830987,3439900
1831002,400000
1831003,450000
1831011,0
1831018,450000
1831028,0
1831046,935600
1831058,350000
1831061,550000
1831063,450000
1831066,0
1831076,0
1831082,400000
1831089,0
1831093,450000
1831095,0
1831098,400000
1831107,350000
1831114,500000
1831120,367500
1831134,700000
1831135,350000
1831136,150000
1831137,477500
1831139,150000
1831141,450000
1831154,574000
1831158,0
1831164,300000
1831185,0
1831197,889500
1831201,350000
1831202,450000
1831212,200000
1831217,530000
1831221,350000
1831229,586300
1831239,476600
1831247,250000
1831248,450000
1831254,0
1831255,0
1831257,205000
1831279,0
1831286,150000
1831289,450000
1831296,0
1831298,350000
1831302,620000
1831303,0
1831307,500000
1831309,433500
1831316,450000
1831325,350000
1831327,150000
1831329,1990000
1831338,150000
1831340,649800
1831342,448900
1831344,450000
1831345,450000
1831346,0
1831347,450000
1831358,0
1831364,350000
1831368,0
1831376,451800
1831379,350000
1831384,250000
1831389,240000
1831391,200000
1831409,0
1831432,350000
1831436,500000
1831446,59600
1831450,580000
1831455,839600
1831458,0
1831478,350000
1831479,0
1831480,0
1831484,150000
1831495,915800
1831497,2649000
1831504,148500
1831515,747000
1831521,500000
1831526,250000
1831556,350000
1831563,500000
1831574,250000
1831576,150000
1831579,0
1831581,0
1831585,450000
1831598,375000
1831637,0
1831638,1057200
1831641,285000
1831643,450000
1831658,350000
1831662,1148500
1831674,0
1831676,2131500
1831678,350000
1831691,450000
1831693,0
1831695,900000
1831697,150000
1831705,0
1831710,527000
1831722,390000
1831724,0
1831728,945000
1831738,655400
1831741,500000
1831742,150000
1831743,500000
1831744,495000
1831749,0
1831755,250000
1831761,144000
1831763,432000
1831764,900000
1831766,350000
1831772,660000
1831774,350000
1831777,2517700
1831779,1216400
1831783,450000
1831790,135000
1831792,975000
1831793,0
1831801,468000
1831812,350000
1831834,517200
1831854,958000
1831871,450000
1831875,400000
1831878,530000
1831884,400000
1831887,550100
1831888,0
1831893,203000
1831897,0
1831903,0
1831906,3063300
1831909,800000
1831913,0
1831918,21400
1831919,480000
1831936,1400000
1831938,300000
1831945,150000
1831949,200000
1831958,350000
1831971,337500
1831973,0
1831978,2600000
1831999,0
1832002,0
1832007,1000000
1832008,380000
1832012,450000
1832017,0
1832020,0
1832022,150000
1832024,292000
1832025,0
1832037,250000
1832040,350000
1832041,300000
1832042,0
1832043,0
1832045,0
1832046,0
1832052,350000
1832054,0
1832056,350000
1832061,469700
1832064,250000
1832065,600000
1832069,0
1832070,0
1832079,450000
1832084,0
1832093,583000
1832098,410700
1832104,400000
1832115,350000
1832116,0
1832117,150000
1832122,450000
1832135,150000
1832141,420000
1832149,150000
1832152,330000
1832160,450000
1832162,500000
1832165,438000
1832168,840100
1832172,227600
1832173,250000
1832176,990000
1832180,350000
1832182,450000
1832186,2800000
1832191,651100
1832205,250000
1832207,0
1832211,350000
1832213,250000
1832215,500000
1832217,350000
1832230,651500
1832231,250000
1832238,450000
1832241,1990000
1832244,350000
1832249,0
1832258,150000
1832260,742500
1832266,0
1832267,250000
1832269,600000
1832272,0
1832283,397500
1832291,450000
1832292,450000
1832299,350000
1832303,350000
1832313,1400000
1832314,0
1832316,450000
1832321,0
1832328,310000
1832329,450000
1832333,550000
1832334,150000
1832350,567900
1832352,0
1832356,250000
1832359,149400
1832372,350000
1832374,2000000
1832376,350000
1832377,500000
1832378,200000
1832387,375000
1832395,1087000
1832397,250000
1832398,185000
1832400,450000
1832406,211000
1832409,140000
1832412,350000
1832422,450000
1832430,0
1832433,160000
1832435,420000
1832440,872500
1832443,674000
1832444,210000
1832447,350000
1832461,330000
1832463,150000
1832471,150000
1832472,410000
1832476,0
1832485,135000
1832486,500000
1832491,630000
1832494,300000
1832503,0
1832508,695300
1832513,350000
1832516,7202500
1832519,300000
1832524,1105600
1832525,200000
1832527,0
1832531,5890500
1832535,598300
1832546,1400000
1832547,499800
1832556,300000
1832557,450000
1832559,719000
1832563,0
1832565,350000
1832574,250000
1832581,350000
1832586,943600
1832590,1000000
1832593,350000
1832598,450000
1832603,473500
1832605,135000
1832624,0
1832627,350000
1832631,0
1832632,0
1832635,155000
1832636,450000
1832638,648000
1832655,499800
1832659,650000
1832662,1826600
1832663,2031000
1832670,350000
1832675,596000
1832685,321800
1832692,0
1832697,0
1832706,150000
1832709,0
1832716,450000
1832721,1310600
1832726,400000
1832727,500000
1832733,90000
1832737,250000
1832741,0
1832744,350000
1832751,450000
1832760,499800
1832770,450000
1832771,555000
1832774,450000
1832779,0
1832780,500000
1832797,0
1832802,250000
1832804,450000
1832810,392000
1832821,0
1832824,350000
1832825,350000
1832846,0
1832859,0
1832860,150000
1832863,0
1832871,0
1832879,250000
1832886,350000
1832890,500000
1832892,140000
1832893,651500
1832898,0
1832899,130000
1832900,350000
1832901,150000
1832903,250000
1832906,2069900
1832919,410000
1832925,450000
1832927,0
1832935,480000
1832937,346500
1832940,135000
1832941,268100
1832953,1693000
1832956,450000
1832958,250000
1832959,190000
1832964,0
1832975,150000
1832976,640000
1832983,150000
1832985,450000
1832987,420000
1832990,340000
1832991,150000
1832995,150000
1832997,535000
1832999,0
1833010,0
1833015,450000
1833020,450000
1833021,594000
1833029,350000
1833037,1000000
1833040,289000
1833041,321800
1833057,150000
1833058,250000
1833066,350000
1833076,300000
1833083,500000
1833085,199500
1833090,450000
1833091,142000
1833095,350000
1833097,350000
1833098,131000
1833103,330000
1833106,450000
1833118,500000
1833124,700000
1833127,152500
1833129,350000
1833134,450000
1833143,350000
1833145,0
1833146,350000
1833151,250000
1833154,0
1833156,400000
1833157,0
1833158,190000
1833160,787500
1833161,514100
1833162,810000
1833176,350000
1833180,211000
1833181,450000
1833182,450000
1833190,0
1833192,214500
1833196,250000
1833198,350000
1833200,150000
1833205,0
1833210,350000
1833219,0
1833227,150000
1833228,0
1833235,0
1833241,341800
1833254,1168000
1833256,0
1833259,150000
1833260,1284700
1833262,0
1833263,165000
1833266,300000
1833270,450000
1833286,300000
1833294,350000
1833298,447500
1833302,448500
1833307,150000
1833308,450000
1833309,0
1833311,450000
1833315,500000
1833321,0
1833332,800000
1833334,350000
1833336,350000
1833339,0
1833345,300000
1833350,0
1833356,490000
1833357,350000
1833387,0
1833388,0
1833389,644000
1833390,390000
1833391,0
1833395,750000
1833404,350000
1833406,530000
1833414,469200
1833421,928000
1833427,250000
1833429,250000
1833435,400000
1833438,0
1833442,525800
1833455,350000
1833472,450000
1833475,480000
1833477,165000
1833483,350000
1833486,140000
1833487,520000
1833506,350000
1833508,0
1833510,250000
1833516,550000
1833526,150000
1833528,0
1833545,400000
1833548,398000
1833568,534500
1833573,250000
1833580,500000
1833582,1042000
1833585,250000
1833593,150000
1833594,339500
1833598,0
1833606,250000
1833607,250000
1833617,150000
1833626,0
1833633,250000
1833644,200000
1833649,0
1833650,0
1833658,435000
1833662,0
1833663,0
1833671,980100
1833672,0
1833677,25200
1833685,0
1833690,0
1833691,400000
1833695,0
1833699,154000
1833702,445500
1833709,0
1833710,250000
1833718,150000
1833723,152500
1833728,0
1833733,250000
1833744,250000
1833748,350000
1833750,150000
1833756,700000
1833760,0
1833764,300000
1833766,0
1833772,350800
1833775,350000
1833778,250000
1833779,250000
1833781,150000
1833789,250000
1833817,283600
1833819,344500
1833820,250000
1833825,300000
1833827,250000
1833830,0
1833834,250000
1833835,192800
1833841,150000
1833842,250000
1833847,397500
1833852,300000
1833857,0
1833864,0
1833873,200000
1833874,588500
1833876,910900
1833877,500000
1833885,441600
1833887,400000
1833893,0
1833895,250000
1833901,250000
1833905,550000
1833906,130000
1833919,250000
1833921,300000
1833935,250000
1833944,150000
1833945,540000
1833947,150000
1833953,310000
1833954,0
1833956,1300400
1833975,295000
1833980,150000
1833985,0
1833991,799600
1834022,150000
1834026,150000
1834029,0
1834032,488000
1834033,250000
1834035,250000
1834049,330000
1834052,150000
1834061,488000
1834068,150000
1834070,0
1834073,150000
1834092,800200
1834098,646400
1834102,0
1834117,250000
1834118,0
1834125,135000
1834130,748000
1834131,350000
1834132,250000
1834139,0
1834141,250000
1834143,450000
1834144,900000
1834151,250000
1834175,666000
1834184,320000
1834185,0
1834197,575000
1834199,250000
1834207,0
1834210,250000
1834218,294000
1834226,150000
1834237,400000
1834242,150000
1834247,350000
1834248,550000
1834258,0
1834265,250000
1834269,150000
1834275,250000
1834289,150000
1834291,891000
1834293,150000
1834295,250000
1834301,400000
1834307,900800
1834311,400000
1834313,0
1834318,350000
1834334,0
1834337,0
1834343,150000
1834354,350000
1834358,795000
1834363,419000
1834372,0
1834377,250000
1834383,150000
1834387,250000
1834390,500000
1834392,400000
1834410,250000
1834411,484000
1834422,0
1834427,0
1834428,450500
1834440,200000
1834445,0
1834454,0
1834455,250000
1834459,109000
1834464,510000
1834468,250000
1834473,350000
1834480,341600
1834487,150000
1834491,150000
1834515,250000
1834518,150000
1834519,618800
1834522,0
1834532,334000
1834534,600000
1834536,150000
1834537,500000
1834538,0
1834542,0
1834552,0
1834558,0
1834568,564600
1834578,933100
1834579,150000
1834588,250000
1834592,659000
1834599,120000
1834603,250000
1834604,250000
1834608,0
1834613,0
1834618,250000
1834623,801300
1834624,0
1834640,780000
1834644,0
1834651,250000
1834652,0
1834662,500000
1834665,316700
1834669,250000
1834671,250000
1834683,250000
1834689,250000
1834690,150000
1834707,0
1834710,3304900
1834717,190000
1834720,250000
1834726,600000
1834730,250000
1834739,250000
1834741,470000
1834745,300000
1834750,0
1834753,250000
1834756,650000
1834760,1030000
1834777,635000
1834788,250000
1834789,0
1834792,350000
1834793,0
1834795,791100
1834798,0
1834811,200000
1834813,150000
1834815,208500
1834817,675000
1834824,0
1834832,250000
1834835,250000
1834836,300000
1834840,0
1834842,550500
1834847,0
1834851,544000
1834852,0
1834853,150000
1834870,145000
1834874,2600000
1834882,420000
1834883,555000
1834895,0
1834908,150000
1834910,0
1834924,289000
1834932,150000
1834940,0
1834944,400000
1834951,350000
1834957,300000
1834965,170000
1834966,150000
1834976,250000
1834980,150000
1834981,0
1834985,455000
1834987,0
1834992,0
1834997,758000
1834999,250000
1835001,400000
1835007,537500
1835008,150000
1835013,375000
1835016,250000
1835022,500000
1835036,200000
1835042,509600
1835062,958000
1835068,168300
1835069,325600
1835073,0
1835075,400000
1835076,353300
1835084,389900
1835088,300000
1835101,0
1835106,250000
1835108,833000
1835115,150000
1835117,450000
1835122,0
1835123,350000
1835128,150000
1835129,450000
1835132,0
1835138,0
1835148,0
1835152,1248000
1835154,150000
1835163,250000
1835173,309000
1835174,170400
1835175,0
1835176,150000
1835180,120000
1835182,650000
1835183,86700
1835187,1900000
1835188,943000
1835189,150000
1835198,398200
1835204,300000
1835205,0
1835209,250000
1835211,2550000
1835214,550000
1835226,150000
1835230,150000
1835233,399000
1835248,1194300
1835254,417500
1835271,500000
1835279,150000
1835281,976800
1835285,150000
1835288,480000
1835289,650000
1835292,0
1835293,270000
1835294,150000
1835298,250000
1835302,400000
1835306,1874700
1835307,0
1835318,0
1835327,0
1835334,810000
1835339,512500
1835350,561500
1835353,150000
1835354,150000
1835357,350000
1835360,155000
1835365,2081500
1835366,0
1835370,350000
1835381,337500
1835383,0
1835385,3571000
1835387,150000
1835390,70000
1835393,0
1835410,150000
1835415,0
1835420,700000
1835457,650000
1835464,0
1835467,200000
1835476,200000
1835495,0
1835498,316500
1835506,350000
1835509,250000
1835510,250000
1835512,150000
1835513,250000
1835516,0
1835518,250000
1835520,150000
1835521,268500
1835522,0
1835532,150000
1835541,2900000
1835563,370000
1835566,150000
1835567,150000
1835571,0
1835572,0
1835573,283500
1835579,785500
1835589,250000
1835595,301000
1835611,250000
1835617,700000
1835621,0
1835622,250000
1835636,320000
1835645,0
1835655,340100
1835659,350000
1835665,400000
1835679,350000
1835684,250000
1835701,250000
1835707,350000
1835722,0
1835727,200000
1835743,400000
1835747,502500
1835751,350000
1835756,400000
1835760,150000
1835769,0
1835771,420000
1835772,0
1835780,0
1835789,150000
1835791,350000
1835792,150000
1835793,860000
1835794,365000
1835796,0
1835802,1108900
1835804,150000
1835810,140000
1835814,150000
1835815,150000
1835824,0
1835828,0
1835836,850000
1835860,150000
1835869,200000
1835872,150000
1835873,182500
1835875,250000
1835876,250000
1835891,200000
1835898,200000
1835909,350000
1835916,250000
1835923,150000
1835926,0
1835927,1098000
1835928,333000
1835946,0
1835953,450000
1835956,110000
1835957,152000
1835960,0
1835968,350000
1835970,475000
1835972,0
1835979,237600
1835980,544000
1835983,0
1835997,350000
1836000,0
1836005,515500
1836010,150000
1836019,640000
1836021,350000
1836035,140000
1836063,0
1836071,500000
1836073,760400
1836084,250000
1836093,838400
1836096,350000
1836103,250000
1836106,150000
1836112,150000
1836130,150000
1836137,150000
1836138,150000
1836152,170000
1836168,400000
1836170,250000
1836184,140000
1836187,0
1836199,150000
1836204,0
1836206,539000
1836216,296000
1836224,0
1836226,438000
1836248,405000
1836254,0
1836255,150000
1836257,150000
1836258,0
1836259,400000
1836269,450000
1836272,250000
1836275,250000
1836279,0
1836285,0
1836286,550000
1836291,250000
1836302,150000
1836310,570000
1836311,250000
1836313,150000
1836324,200000
1836331,439000
1836334,250000
1836335,0
1836338,114400
1836339,150000
1836340,0
1836342,2202200
1836349,0
1836351,350000
1836353,150000
1836358,450000
1836360,0
1836361,150000
1836367,0
1836370,150000
1836378,500000
1836381,400000
1836383,150000
1836392,180000
1836395,985500
1836402,130000
1836403,180000
1836409,0
1836410,0
1836413,0
1836415,0
1836421,0
1836422,400000
1836433,400000
1836439,0
1836442,0
1836444,0
1836453,250000
1836459,250000
1836461,150000
1836462,250000
1836464,0
1836471,348600
1836472,0
1836477,350000
1836482,245000
1836484,829000
1836488,152000
1836494,439800
1836502,250000
1836507,1516000
1836520,0
1836526,250000
1836527,150000
1836528,663200
1836531,348000
1836534,0
1836544,650000
1836545,300000
1836554,150000
1836571,350000
1836574,524700
1836575,250000
1836582,14000
1836583,0
1836595,0
1836606,386000
1836608,0
1836622,0
1836627,850000
1836633,112000
1836634,150000
1836635,250000
1836636,150000
1836638,400000
1836639,400000
1836642,158400
1836644,350000
1836645,534500
1836653,647500
1836657,897500
1836661,250000
1836667,370000
1836670,0
1836679,150000
1836683,150000
1836688,240000
1836692,0
1836699,507600
1836702,150000
1836703,0
1836704,1430700
1836706,150000
1836712,250000
1836736,145000
1836744,3040100
1836757,150000
1836758,195000
1836759,60000
1836762,200000
1836766,0
1836781,630000
1836785,0
1836786,410700
1836790,0
1836791,112000
1836793,0
1836803,250000
1836804,0
1836819,0
1836831,150000
1836832,150000
1836833,0
1836836,150000
1836837,0
1836838,250000
1836841,0
1836846,250000
1836852,322000
1836859,0
1836864,146000
1836869,353100
1836873,214000
1836874,0
1836875,340000
1836883,0
1836885,0
1836896,130000
1836900,350000
1836904,0
1836909,150000
1836912,350000
1836915,150000
1836925,250000
1836928,382000
1836932,0
1836934,0
1836939,0
1836941,121500
1836945,300000
1836953,400000
1836954,250000
1836957,600000
1836966,150000
1836970,150000
1836991,0
1836996,150000
1836997,450000
1837001,760000
1837003,500000
1837004,750000
1837007,0
1837012,350000
1837019,358600
1837021,690000
1837032,150000
1837047,250000
1837056,300000
1837059,150000
1837065,0
1837068,452400
1837072,0
1837076,200000
1837080,400000
1837081,150000
1837085,300000
1837086,0
1837089,400000
1837092,5400000
1837094,150000
1837103,220000
1837112,250000
1837119,0
1837120,500000
1837131,0
1837132,0
1837135,512000
1837137,249200
1837159,300000
1837162,250000
1837168,150000
1837170,130000
1837172,150000
1837173,400000
1837176,300000
1837180,0
1837181,577000
1837184,0
1837190,0
1837194,0
1837195,300000
1837199,670000
1837203,1050000
1837216,153000
1837220,150000
1837228,150000
1837234,0
1837238,350000
1837245,41300
1837252,13800800
1837254,515300
1837255,250000
1837261,0
1837262,0
1837276,250000
1837280,150000
1837290,0
1837294,0
1837298,700000
1837300,262000
1837301,250000
1837303,150000
1837304,150000
1837308,268000
1837313,250000
1837315,250000
1837323,476800
1837326,468700
1837331,250000
1837339,150000
1837341,0
1837355,0
1837356,0
1837364,254200
1837384,400000
1837387,150000
1837390,250000
1837401,0
1837412,1200000
1837422,0
1837427,200000
1837437,0
1837438,350000
1837446,0
1837454,350000
1837456,0
1837457,643000
1837461,350000
1837463,174000
1837469,0
1837481,740000
1837485,313700
1837497,450000
1837499,702900
1837504,290000
1837505,250000
1837506,0
1837510,853600
1837514,0
1837516,149000
1837517,300000
1837528,0
1837537,0
1837541,0
1837544,150000
1837550,0
1837551,195000
1837552,250000
1837553,112000
1837554,150000
1837556,500000
1837560,0
1837564,0
1837568,1150000
1837569,0
1837578,0
1837579,545000
1837582,24500
1837584,450000
1837587,250000
1837593,470000
1837594,250000
1837597,300000
1837598,0
1837599,250000
1837607,0
1837610,150000
1837618,150000
1837619,150000
1837623,0
1837631,100000
1837636,250000
1837642,400000
1837649,790000
1837659,250000
1837660,0
1837666,96000
1837670,0
1837672,150000
1837673,135000
1837674,130800
1837676,250000
1837681,370000
1837683,250000
1837686,648400
1837701,150000
1837708,150000
1837710,0
1837717,600000
1837734,0
1837736,250000
1837738,0
1837743,150000
1837759,316000
1837769,483600
1837771,150000
1837780,150000
1837787,112000
1837798,150000
1837800,174000
1837803,150000
1837805,0
1837806,150000
1837809,150000
1837811,550000
1837816,1175300
1837818,390000
1837835,70000
1837836,150000
1837840,990000
1837841,300000
1837849,240000
1837860,580000
1837867,610500
1837868,150000
1837874,429000
1837882,218900
1837883,550000
1837889,150000
1837899,250000
1837906,150000
1837907,250000
1837908,250000
1837915,125000
1837919,150000
1837920,0
1837925,250000
1837930,0
1837931,350000
1837932,250000
1837934,0
1837939,144000
1837945,250000
1837947,400000
1837952,300000
1837953,400000
1837955,776100
1837956,250000
1837957,500000
1837963,505200
1837964,350000
1837967,0
1837970,840000
1837971,400000
1837972,0
1837975,0
1837980,250000
1837982,23100
1838004,150000
1838007,819600
1838010,250000
1838016,113600
1838018,344100
1838022,150000
1838023,772300
1838030,450000
1838034,0
1838040,250000
1838046,3080000
1838056,250000
1838057,531600
1838058,250000
1838059,1588000
1838060,150000
1838071,0
1838083,150000
1838085,250000
1838088,651000
1838089,250000
1838091,200000
1838093,400000
1838094,0
1838095,0
1838098,150000
1838101,0
1838124,580000
1838131,1000000
1838134,350000
1838136,375000
1838137,250000
1838155,0
1838163,560000
1838166,0
1838174,250000
1838177,0
1838188,250000
1838191,250000
1838192,255000
1838195,150000
1838206,0
1838219,10078300
1838220,150000
1838225,568000
1838227,150000
1838230,1900000
1838242,0
1838246,150000
1838250,250000
1838253,250000
1838255,0
1838257,400000
1838259,150000
1838264,974000
1838265,500000
1838267,0
1838272,0
1838275,150000
1838276,400000
1838278,500000
1838292,52500
1838304,0
1838318,400000
1838321,250000
1838323,250000
1838327,250000
1838329,150000
1838330,350000
1838333,550000
1838336,0
1838337,150000
1838341,250000
1838350,450000
1838362,0
1838364,441600
1838365,400000
1838366,140000
1838369,904500
1838378,38500
1838381,251100
1838382,443000
1838385,2200400
1838395,140000
1838398,350000
1838402,400000
1838404,250000
1838407,600000
1838411,294000
1838412,556500
1838420,766800
1838424,140000
1838428,150000
1838433,150000
1838439,400000
1838440,270000
1838445,0
1838459,525000
1838462,0
1838472,2018400
1838476,150000
1838480,0
1838486,150000
1838491,328500
1838497,306000
1838508,30800
1838514,588000
1838516,350000
1838517,150000
1838527,150000
1838528,0
1838533,0
1838534,150000
1838539,0
1838548,150000
1838549,654500
1838550,150000
1838554,0
1838557,0
1838561,700000
1838564,125000
1838572,150000
1838580,450000
1838582,300000
1838584,112000
1838596,0
1838598,619300
1838599,250000
1838600,450000
1838611,150000
1838615,0
1838638,0
1838640,500000
1838641,195000
1838643,700000
1838652,279500
1838669,400000
1838670,0
1838672,150000
1838674,250000
1838680,0
1838699,250000
1838702,1050000
1838704,0
1838716,716600
1838718,350000
1838722,266900
1838727,150000
1838730,321300
1838734,350000
1838737,300000
1838747,144000
1838749,300000
1838753,1000000
1838758,400000
1838760,0
1838762,479700
1838776,0
1838778,250000
1838791,150000
1838802,400000
1838808,0
1838810,0
1838813,500000
1838816,0
1838823,0
1838828,0
1838830,345000
1838838,105000
1838843,250000
1838854,504300
1838856,326000
1838858,150000
1838868,650000
1838871,0
1838872,442000
1838875,400000
1838877,0
1838878,300000
1838880,60000
1838887,570000
1838889,500000
1838898,203000
1838909,444500
1838915,0
1838916,0
1838919,250000
1838922,0
1838928,0
1838945,322500
1838946,150000
1838947,0
1838959,200000
1838971,350000
1838976,139000
1838985,0
1838987,0
1838990,0
1838994,350000
1838998,250000
1839011,350000
1839013,450000
1839020,907900
1839026,250000
1839034,150000
1839037,0
1839039,300000
1839049,418000
1839056,140000
1839059,387600
1839060,250000
1839063,0
1839064,965000
1839077,150000
1839087,0
1839096,0
1839099,150000
1839108,0
1839111,150000
1839121,350000
1839122,400000
1839128,150000
1839131,99000
1839138,0
1839145,350000
1839148,362700
1839154,253500
1839156,350000
1839157,148000
1839158,0
1839159,50000
1839160,150000
1839162,0
1839176,0
1839186,1000000
1839187,150000
1839191,150000
1839195,350000
1839196,150000
1839202,240000
1839204,150000
1839211,0
1839217,300000
1839221,203000
1839236,300000
1839237,905500
1839238,873500
1839244,206000
1839249,320000
1839253,0
1839256,450000
1839261,220000
1839293,500000
1839301,0
1839304,0
1839315,0
1839317,450000
1839337,150000
1839341,550000
1839351,320000
1839356,469500
1839357,150000
1839361,0
1839364,0
1839387,0
1839392,300000
1839394,461500
1839408,0
1839412,0
1839416,282700
1839419,250000
1839420,0
1839421,386000
1839422,300000
1839424,240500
1839425,300000
1839426,0
1839432,225000
1839440,150000
1839443,150000
1839445,250000
1839449,225000
1839455,417500
1839461,403000
1839479,450000
1839482,0
1839495,150000
1839498,300000
1839505,450000
1839507,588600
1839514,0
1839521,150000
1839528,225000
1839529,150000
1839537,300000
1839553,0
1839555,150000
1839558,300000
1839559,256200
1839563,0
1839568,3162700
1839573,0
1839576,560000
1839584,450000
1839595,150000
1839597,300000
1839602,0
1839605,549500
1839607,250000
1839616,941600
1839617,0
1839620,300000
1839623,0
1839630,0
1839636,350000
1839640,300000
1839642,150000
1839643,372000
1839646,427500
1839670,533500
1839680,300000
1839682,0
1839684,300000
1839687,150000
1839688,0
1839692,0
1839694,150000
1839701,450000
1839707,0
1839721,325000
1839722,450000
1839729,655200
1839732,350000
1839749,0
1839751,515000
1839755,568000
1839756,150000
1839762,0
1839767,250000
1839768,0
1839792,0
1839796,0
1839797,200000
1839799,150000
1839800,300000
1839806,0
1839820,450000
1839825,300000
1839827,300000
1839829,350000
1839837,250000
1839839,132200
1839844,300000
1839845,170000
1839851,0
1839853,0
1839860,450000
1839863,8200
1839879,450000
1839883,0
1839888,500000
1839903,220000
1839905,0
1839906,350000
1839907,350000
1839913,240000
1839918,450000
1839919,0
1839920,0
1839927,450000
1839932,200000
1839937,400000
1839950,500000
1839957,350000
1839971,421800
1839974,150000
1839975,582000
1839976,568000
1839981,0
1839983,250000
1839984,660000
1839986,70000
1839999,1092200
1840000,600000
1840004,450000
1840009,800000
1840011,450000
1840017,0
1840041,0
1840056,150000
1840058,440000
1840061,300000
1840063,0
1840066,150000
1840069,0
1840076,0
1840083,0
1840084,119000
1840085,450000
1840106,200000
1840110,450000
1840111,300000
1840113,150000
1840115,300000
1840117,0
1840127,0
1840128,0
1840135,0
1840142,383200
1840145,258500
1840149,300000
1840158,490000
1840159,300000
1840161,0
1840170,350000
1840171,300000
1840179,150000
1840193,150000
1840199,700000
1840205,300000
1840213,250000
1840229,116000
1840236,516100
1840244,450000
1840252,0
1840265,350000
1840271,200000
1840277,0
1840278,0
1840281,0
1840283,600000
1840287,414000
1840292,250000
1840300,0
1840318,450000
1840327,300000
1840332,0
1840338,0
1840344,150000
1840352,300000
1840371,188700
1840376,450000
1840395,0
1840397,459900
1840399,0
1840405,0
1840412,450000
1840425,79700
1840427,12229300
1840428,880000
1840433,150000
1840434,500000
1840440,0
1840447,450000
1840453,350000
1840455,600000
1840457,300000
1840464,0
1840468,500000
1840480,150000
1840491,300000
1840497,350000
1840501,0
1840514,894600
1840526,319100
1840531,500000
1840557,350000
1840580,0
1840593,1033400
1840602,498500
1840609,300000
1840611,518000
1840628,150000
1840641,0
1840648,0
1840649,0
1840653,300000
1840659,515600
1840661,242000
1840676,500000
1840686,250000
1840689,300000
1840691,0
1840697,0
1840701,200000
1840707,0
1840718,350000
1840725,492000
1840753,0
1840760,700000
1840765,350000
1840769,300000
1840781,349500
1840798,150000
1840808,1300000
1840811,339000
1840818,300000
1840836,485600
1840844,300000
1840845,550000
1840858,0
1840874,450000
1840883,236300
1840896,150000
1840902,650000
1840929,350000
1840932,478000
1840938,222000
1840943,400000
1840953,200000
1840969,700000
1840970,119000
1840977,0
1840982,150000
1840986,350000
1840987,0
1840990,0
1840999,600000
1841006,300000
1841034,0
1841039,250000
1841040,412500
1841048,450000
1841076,0
1841077,800000
1841088,4134000
1841091,255400
1841115,505000
1841138,150000
1841148,0
1841152,350000
1841154,0
1841157,150000
1841159,150000
1841160,350000
1841165,350000
1841166,0
1841180,0
1841181,0
1841182,385000
1841187,350000
1841189,400000
1841198,150000
1841202,350000
1841210,350000
1841233,282800
1841234,350000
1841242,150000
1841243,150000
1841250,355000
1841254,350000
1841255,400000
1841257,0
1841258,350000
1841268,150000
1841274,0
1841276,22400
1841284,150000
1841290,270000
1841295,350000
1841299,350000
1841302,150000
1841305,350000
1841310,450000
1841312,0
1841317,150000
1841319,250000
1841322,350000
1841323,150000
1841330,150000
1841334,0
1841341,600000
1841344,600000
1841347,350000
1841350,208000
1841356,281700
1841358,924000
1841361,0
1841363,177500
1841368,350000
1841371,831600
1841378,1000000
1841389,350000
1841399,350000
1841400,500000
1841406,350000
1841408,0
1841411,350000
1841413,350000
1841414,0
1841424,0
1841430,150000
1841436,350000
1841459,753500
1841465,350000
1841470,0
1841475,150000
1841477,450000
1841481,374500
1841491,480000
1841505,0
1841507,0
1841518,0
1841519,280000
1841522,324500
1841535,450000
1841542,650000
1841546,1830000
1841553,210000
1841554,266700
1841565,150000
1841572,0
1841582,150000
1841587,150000
1841588,0
1841601,0
1841602,0
1841606,300000
1841608,650000
1841621,150000
1841637,315000
1841646,0
1841658,0
1841687,0
1841697,150000
1841719,88000
1841721,0
1841724,675000
1841735,150000
1841739,0
1841743,500000
1841745,290000
1841751,250000
1841756,1400000
1841761,250000
1841762,310000
1841769,400000
1841778,0
1841780,0
1841781,350000
1841784,639000
1841786,250000
1841792,300000
1841795,0
1841800,1269500
1841806,800000
1841807,300000
1841812,0
1841814,692700
1841816,200000
1841820,245000
1841821,150000
1841824,150000
1841826,376000
1841833,0
1841839,350000
1841841,200000
1841850,0
1841860,400000
1841866,300000
1841879,0
1841881,399000
1841882,96000
1841886,340000
1841891,200000
1841893,0
1841897,150000
1841902,186500
1841906,250000
1841907,300000
1841914,350000
1841924,299000
1841935,350000
1841948,152500
1841952,150000
1841955,460000
1841957,152800
1841963,150000
1841970,202000
1841975,450000
1841980,350000
1841981,500000
1841982,250000
1841984,350000
1841987,175000
1841993,0
1841994,160500
1842003,490000
1842004,138000
1842013,2945300
1842022,1160800
1842025,150000
1842026,350000
1842031,195000
1842032,395000
1842038,72000
1842041,570000
1842045,0
1842048,140000
1842053,0
1842054,150000
1842062,0
1842065,0
1842069,344000
1842080,0
1842082,951800
1842083,250000
1842086,269300
1842088,170000
1842096,250000
1842097,350000
1842099,0
1842102,250000
1842106,0
1842108,250000
1842109,250000
1842112,0
1842116,250000
1842117,150000
1842124,250000
1842147,300000
1842150,150000
1842159,404600
1842160,150000
1842169,240000
1842170,400000
1842173,250000
1842175,250000
1842180,250000
1842187,250000
1842190,150000
1842192,150000
1842194,273000
1842209,0
1842211,550000
1842215,400000
1842224,0
1842233,350000
1842234,150000
1842237,0
1842241,0
1842244,150000
1842254,0
1842258,0
1842259,250000
1842268,144000
1842281,550000
1842282,150000
1842285,350000
1842288,0
1842298,0
1842299,250000
1842301,150000
1842309,0
1842310,0
1842313,344800
1842321,0
1842323,0
1842325,1100300
1842328,250000
1842332,400000
1842336,300000
1842346,100000
1842348,0
1842349,1239000
1842350,0
1842351,250000
1842354,0
1842357,0
1842361,324000
1842365,0
1842372,250000
1842375,148000
1842379,554400
1842380,557200
1842391,165000
1842397,324000
1842403,200000
1842411,0
1842413,167000
1842415,150000
1842422,200000
1842435,329600
1842444,150000
1842445,607800
1842447,550000
1842452,300000
1842454,150000
1842460,187000
1842472,670800
1842475,250000
1842477,473800
1842482,150000
1842484,350000
1842488,150000
1842489,248000
1842490,145000
1842491,292500
1842492,225000
1842499,150000
1842503,1990000
1842504,150000
1842507,635000
1842515,150000
1842526,150000
1842531,500000
1842532,90000
1842533,432000
1842536,150000
1842538,0
1842539,0
1842540,285000
1842548,100000
1842555,0
1842563,150000
1842569,150000
1842584,400000
1842594,300000
1842598,350000
1842603,150000
1842606,0
1842609,300000
1842624,315000
1842626,1718100
1842631,550000
1842636,200000
1842637,350000
1842638,150000
1842653,558000
1842654,2203600
1842661,0
1842664,400000
1842666,0
1842668,250000
1842671,550000
1842672,300000
1842673,300000
1842675,350000
1842679,125000
1842683,220000
1842685,250000
1842689,150000
1842692,475000
1842703,562700
1842708,250000
1842717,476000
1842718,140000
1842725,450000
1842737,390000
1842739,0
1842749,150000
1842754,350000
1842758,250000
1842759,250000
1842764,400000
1842765,0
1842773,795000
1842780,300000
1842788,0
1842792,250000
1842795,250000
1842801,143400
1842822,550000
1842824,150000
1842827,250000
1842830,470000
1842831,250000
1842845,146600
1842846,0
1842853,0
1842860,150000
1842868,277500
1842871,0
1842872,4584500
1842873,250000
1842875,0
1842889,250000
1842897,150000
1842911,250000
1842912,0
1842916,325000
1842923,0
1842924,332500
1842925,0
1842945,0
1842948,0
1842949,150000
1842950,400000
1842952,0
1842977,0
1842982,533000
1842983,175000
1842986,150000
1842987,150000
1842988,150000
1842992,250000
1842997,350000
1842999,0
1843000,150000
1843004,52800
1843005,673700
1843010,300000
1843012,585700
1843013,150000
1843014,350000
1843022,148300
1843024,0
1843033,150000
1843040,0
1843043,150000
1843059,250000
1843061,0
1843066,150000
1843067,190000
1843072,150000
1843073,250000
1843075,610000
1843083,1218500
1843085,250000
1843090,0
1843092,949900
1843097,313200
1843098,0
1843116,123600
1843121,225000
1843129,150000
1843134,550000
1843139,0
1843142,350000
1843143,250000
1843145,150000
1843159,0
1843163,455000
1843166,0
1843168,0
1843169,350000
1843180,300000
1843181,350000
1843182,250000
1843183,300000
1843185,150000
1843192,150000
1843207,500000
1843209,0
1843217,250000
1843219,400000
1843224,610000
1843227,300000
1843230,392000
1843239,255000
1843240,150000
1843247,0
1843253,380000
1843257,150000
1843261,250000
1843263,2789600
1843270,707500
1843271,350000
1843276,250000
1843280,425000
1843296,0
1843299,1493500
1843301,400000
1843303,400000
1843308,150000
1843310,0
1843326,0
1843328,150000
1843345,150000
1843348,392000
1843364,150000
1843366,150000
1843380,150000
1843386,150000
1843389,400000
1843391,250000
1843408,300000
1843414,150000
1843423,150000
1843430,0
1843435,250000
1843436,350000
1843451,150000
1843457,150000
1843459,150000
1843460,580000
1843462,0
1843463,150000
1843465,250000
1843466,250000
1843468,599400
1843471,150000
1843478,250000
1843505,105000
1843518,200000
1843522,0
1843525,250000
1843528,263000
1843534,150000
1843537,250000
1843545,429000
1843546,460000
1843550,150000
1843554,150000
1843555,40000
1843556,350000
1843557,350000
1843569,250000
1843574,0
1843576,300000
1843595,150000
1843600,610000
1843604,280000
1843618,250000
1843620,250000
1843621,102900
1843622,150000
1843635,250000
1843638,250000
1843653,350000
1843654,460000
1843656,791000
1843668,420000
1843671,250000
1843683,250000
1843684,400000
1843690,300000
1843692,250000
1843694,450000
1843697,476300
1843700,0
1843708,250000
1843709,400000
1843710,920000
1843714,350000
1843716,532000
1843719,350000
1843722,99000
1843730,349200
1843733,105600
1843734,119000
1843735,140000
1843748,524400
1843750,630000
1843768,250000
1843772,300000
1843779,150000
1843782,350000
1843786,565000
1843788,400000
1843789,0
1843792,250000
1843794,731400
1843795,150000
1843799,284300
1843801,250000
1843807,140000
1843817,250000
1843840,250000
1843844,0
1843845,0
1843850,200000
1843853,0
1843857,0
1843858,350000
1843860,350000
1843862,350000
1843866,394000
1843869,350000
1843870,258000
1843877,400000
1843882,250000
1843888,0
1843891,450000
1843899,300000
1843900,300000
1843909,140000
1843919,500000
1843932,388000
1843937,250000
1843940,350000
1843968,725000
1843969,0
1843970,350000
1843975,392000
1843980,129000
1843982,86700
1843990,144000
1843995,296800
1843996,582000
1843997,150000
1844001,250000
1844002,0
1844015,150000
1844016,1400000
1844017,420000
1844023,0
1844026,250000
1844042,140000
1844051,0
1844059,144000
1844064,0
1844079,392000
1844084,292400
1844093,541000
1844094,300000
1844095,150000
1844100,200000
1844101,150000
1844102,725000
1844105,73200
1844110,0
1844111,0
1844112,80000
1844116,642000
1844119,350000
1844124,150000
1844125,500000
1844138,300000
1844139,0
1844142,350000
1844148,298200
1844156,204000
1844161,150000
1844164,150000
1844166,150000
1844179,500000
1844181,350000
1844182,0
1844185,250000
1844186,250000
1844190,350000
1844203,250000
1844211,398000
1844212,36800
1844216,0
1844220,350000
1844222,0
1844223,0
1844225,300000
1844227,975000
1844228,1144000
1844229,0
1844233,0
1844237,350000
1844239,250000
1844247,250000
1844253,307500
1844260,0
1844261,506000
1844263,185000
1844268,350000
1844271,450000
1844278,250000
1844287,210300
1844289,0
1844307,250000
1844309,250000
1844310,350000
1844324,450000
1844332,320000
1844336,474800
1844338,414000
1844344,300000
1844351,350000
1844358,0
1844360,281200
1844365,150000
1844379,494000
1844380,267300
1844386,500000
1844393,0
1844394,250000
1844405,0
1844412,0
1844417,0
1844423,618900
1844426,78000
1844432,292500
1844435,250000
1844441,150000
1844442,1064500
1844443,150000
1844445,0
1844450,0
1844456,315100
1844457,150000
1844458,215700
1844463,500000
1844467,0
1844485,0
1844489,500000
1844491,0
1844493,350000
1844494,0
1844499,250000
1844513,150000
1844529,150000
1844530,9195900
1844534,0
1844537,400000
1844539,0
1844540,0
1844543,150000
1844544,0
1844545,500000
1844549,1244200
1844551,0
1844555,0
1844557,105200
1844562,150000
1844565,0
1844576,0
1844583,0
1844587,615000
1844591,384000
1844593,0
1844596,150000
1844601,350000
1844604,1410800
1844605,650000
1844606,213000
1844610,195000
1844617,0
1844621,0
1844627,120000
1844630,250000
1844634,300000
1844638,200000
1844641,642000
1844644,0
1844646,400000
1844649,568500
1844651,350000
1844658,450000
1844665,0
1844667,0
1844672,0
1844675,350000
1844677,513000
1844685,350000
1844686,250000
1844687,350000
1844689,0
1844691,250000
1844692,0
1844696,0
1844706,156000
1844710,250000
1844714,250000
1844717,562500
1844731,150000
1844734,150000
1844747,250000
1844771,0
1844780,150000
1844782,0
1844788,829000
1844795,150000
1844805,485000
1844819,68600
1844821,250000
1844828,250000
1844838,465000
1844839,470000
1844846,0
1844864,350000
1844869,0
1844871,0
1844876,120000
1844881,0
1844886,0
1844895,200000
1844911,250000
1844913,350000
1844915,0
1844935,150000
1844939,500000
1844945,2562600
1844948,550000
1844956,500000
1844968,399800
1844978,150000
1844979,340000
1844981,0
1844982,800000
1844994,591500
1844995,150000
1844996,0
1844998,0
1845008,2081000
1845015,150000
1845018,300000
1845020,0
1845022,300000
1845026,350000
1845027,150000
1845029,150000
1845030,0
1845042,0
1845044,350000
1845045,0
1845048,550000
1845049,150000
1845053,900000
1845059,0
1845062,0
1845065,145500
1845070,23800
1845079,0
1845081,150000
1845084,500000
1845095,471500
1845098,150000
1845103,600000
1845106,300000
1845111,500000
1845114,150000
1845119,0
1845126,0
1845133,924000
1845144,150000
1845147,350000
1845150,350000
1845151,350000
1845157,300000
1845158,1000000
1845159,150000
1845163,159600
1845165,0
1845168,88500
1845174,1000000
1845182,450000
1845192,150000
1845196,350000
1845202,0
1845203,723500
1845214,0
1845221,561400
1845224,2048400
1845244,450000
1845246,396200
1845249,0
1845255,250000
1845269,0
1845270,150000
1845298,167500
1845301,500000
1845304,350000
1845313,0
1845315,983500
1845317,0
1845320,0
1845323,350000
1845329,0
1845335,0
1845338,728000
1845341,615000
1845348,816000
1845353,0
1845356,304000
1845358,800000
1845360,690000
1845365,350000
1845366,350000
1845368,0
1845372,159000
1845376,0
1845379,406000
1845382,140000
1845383,150000
1845385,150000
1845396,400000
1845400,0
1845401,699200
1845405,0
1845411,350000
1845415,325300
1845428,500000
1845429,631700
1845434,990200
1845443,150000
1845448,340000
1845456,350000
1845457,250000
1845471,435000
1845472,150000
1845475,490000
1845492,568500
1845495,119000
1845511,350000
1845516,0
1845517,675200
1845522,150000
1845544,300000
1845557,0
1845558,350000
1845560,0
1845564,155900
1845565,350000
1845567,579200
1845575,300000
1845577,500000
1845580,180000
1845581,0
1845584,359400
1845586,0
1845587,150000
1845592,150000
1845594,0
1845596,350000
1845597,150000
1845605,0
1845609,500000
1845621,2300000
1845630,350000
1845633,247500
1845636,0
1845639,150000
1845643,500000
1845648,300000
1845650,404500
1845652,388200
1845655,2790500
1845659,0
1845674,530600
1845680,0
1845683,350000
1845685,374500
1845687,105000
1845688,0
1845691,330000
1845694,350000
1845705,150000
1845707,0
1845710,0
1845716,450000
1845718,1129700
1845723,0
1845728,350000
1845735,650000
1845737,150000
1845745,347800
1845747,350000
1845752,500000
1845754,400000
1845766,150000
1845769,140000
1845773,0
1845776,660000
1845777,150000
1845779,0
1845780,700000
1845791,550000
1845795,350000
1845796,350000
1845801,0
1845808,350000
1845813,142500
1845817,0
1845818,0
1845819,0
1845823,150000
1845824,347800
1845830,1000000
1845834,300000
1845842,350000
1845847,150000
1845861,0
1845862,150000
1845863,468000
1845867,0
1845873,340000
1845882,0
1845884,0
1845887,150000
1845888,0
1845891,350000
1845892,1724400
1845896,438100
1845899,650000
1845903,150000
1845907,0
1845910,350000
1845912,0
1845916,0
1845920,350000
1845921,0
1845928,600000
1845933,0
1845940,350000
1845941,150000
1845944,0
1845948,150000
1845949,350000
1845951,101400
1845953,687800
1845956,350000
1845962,0
1845968,150000
1845971,350000
1845973,0
1845978,0
1845985,0
1845989,407500
1845990,350000
1846003,150000
1846011,700200
1846013,478700
1846015,150000
1846017,150000
1846020,350000
1846022,144600
1846028,537400
1846031,350000
1846039,117900
1846042,0
1846043,150000
1846044,0
1846046,350000
1846047,100000
1846051,740500
1846063,300000
1846067,990000
1846069,0
1846074,170000
1846075,0
1846078,350000
1846084,150000
1846085,401500
1846087,110900
1846088,350000
1846089,350000
1846099,500000
1846100,150000
1846107,350000
1846109,150000
1846117,0
1846120,519000
1846127,400000
1846128,0
1846131,433300
1846135,500000
1846136,350000
1846145,350000
1846150,858100
1846156,150000
1846158,0
1846162,901800
1846166,150000
1846169,0
1846170,350000
1846175,150000
1846178,250000
1846179,300000
1846181,480000
1846184,350000
1846189,107100
1846190,0
1846199,935100
1846200,150000
1846204,53600
1846209,350000
1846210,199000
1846215,600000
1846220,120000
1846226,500000
1846229,448000
1846232,450000
1846236,850000
1846237,0
1846240,451900
1846262,150000
1846266,200000
1846271,1050000
1846275,0
1846282,0
1846287,250000
1846290,278400
1846293,550000
1846302,137500
1846303,0
1846306,796500
1846312,0
1846316,377200
1846320,0
1846321,538000
1846322,234200
1846325,500000
1846330,500000
1846337,150000
1846345,0
1846348,1150000
1846354,348000
1846356,350000
1846359,150000
1846366,350000
1846368,533700
1846371,150000
1846375,0
1846378,500000
1846383,148000
1846385,760000
1846398,150000
1846399,650000
1846402,0
1846412,348000
1846417,418500
1846418,350000
1846427,414000
1846430,0
1846441,435400
1846444,350000
1846447,350000
1846452,300000
1846457,350000
1846459,577000
1846462,339300
1846463,0
1846466,0
1846470,0
1846481,435000
1846483,467500
1846485,550000
1846486,0
1846488,1006700
1846489,350000
1846500,150000
1846503,144000
1846507,150000
1846512,0
1846518,0
1846519,500000
1846522,0
1846523,650000
1846530,0
1846544,500000
1846545,0
1846548,130000
1846549,0
1846553,0
1846562,350000
1846565,0
1846569,314300
1846578,350000
1846580,350000
1846582,416000
1846591,738500
1846596,264700
1846598,300000
1846599,1116600
1846602,150000
1846604,150000
1846610,150000
1846611,0
1846616,0
1846621,0
1846623,350000
1846629,150000
1846643,350000
1846645,0
1846646,350000
1846658,150000
1846674,350000
1846683,150000
1846685,350000
1846687,502500
1846688,150000
1846689,350000
1846692,650000
1846694,500000
1846695,150000
1846699,0
1846702,21000
1846705,950000
1846708,0
1846711,150000
1846713,250000
1846724,0
1846731,150000
1846738,0
1846744,350000
1846748,150000
1846749,1789800
1846752,0
1846755,150000
1846756,435000
1846757,550000
1846765,367000
1846769,200000
1846776,0
1846784,350000
1846786,476000
1846787,0
1846788,670000
1846789,694000
1846796,150000
1846800,350000
1846801,486000
1846803,0
1846811,270000
1846825,328000
1846829,500000
1846832,0
1846837,250000
1846848,0
1846849,430000
1846855,0
1846861,350000
1846868,300000
1846873,150000
1846877,0
1846879,0
1846884,0
1846885,500000
1846886,150000
1846892,350000
1846899,150000
1846902,412700
1846908,0
1846917,324500
1846918,350000
1846920,150000
1846921,350000
1846926,321000
1846932,659900
1846936,650000
1846939,501300
1846942,150000
1846948,150000
1846952,619000
1846957,250000
1846958,300500
1846967,580000
1846968,445800
1846973,200000
1846983,300000
1846984,0
1846986,0
1846989,0
1846996,150000
1846999,150000
1847000,35000
1847004,500000
1847008,581600
1847011,88000
1847012,0
1847016,0
1847019,250000
1847026,0
1847043,144000
1847046,0
1847052,650000
1847054,688000
1847057,0
1847062,0
1847063,250000
1847064,24291800
1847069,350000
1847075,400000
1847078,1201400
1847079,130000
1847097,0
1847100,0
1847103,110000
1847109,150000
1847113,0
1847119,435500
1847120,150000
1847127,0
1847131,350000
1847135,590000
1847142,350000
1847144,290000
1847148,403500
1847149,0
1847150,180000
1847159,150000
1847160,88000
1847169,100000
1847174,0
1847178,128000
1847180,300000
1847181,250000
1847186,300000
1847191,300000
1847197,483000
1847199,297000
1847203,628000
1847205,408000
1847209,500000
1847211,250000
1847217,0
1847222,850000
1847231,150000
1847240,150000
1847244,175800
1847246,405000
1847251,350000
1847252,90000
1847255,150000
1847261,0
1847264,500000
1847270,150000
1847275,310000
1847280,150000
1847289,465000
1847303,0
1847309,0
1847320,792000
1847327,0
1847342,150000
1847345,0
1847349,0
1847351,150000
1847356,0
1847359,245000
1847361,405000
1847362,350000
1847367,0
1847369,418500
1847373,128600
1847375,322800
1847377,150000
1847378,296300
1847379,0
1847385,350000
1847393,250000
1847399,150000
1847402,0
1847403,350000
1847404,150000
1847407,350000
1847414,0
1847418,0
1847427,0
1847431,350000
1847440,500000
1847443,500000
1847460,0
1847465,694000
1847466,350000
1847470,350000
1847477,448500
1847481,225000
1847483,300000
1847489,0
1847494,350000
1847503,430000
1847505,650000
1847512,350000
1847516,0
1847518,500000
1847519,0
1847521,350000
1847525,200000
1847526,130000
1847527,350000
1847530,350000
1847531,0
1847538,514500
1847539,150000
1847540,0
1847541,220000
1847554,350000
1847555,150000
1847562,85000
1847563,590900
1847565,429800
1847567,250000
1847595,718500
1847615,300000
1847617,350000
1847631,350000
1847634,150000
1847644,0
1847656,150000
1847657,0
1847662,0
1847665,375000
1847667,738500
1847670,350000
1847672,214400
1847677,100000
1847680,0
1847691,744000
1847692,348000
1847695,568500
1847703,325000
1847707,513000
1847719,150000
1847721,150000
1847733,0
1847735,650000
1847738,0
1847744,0
1847745,250000
1847746,0
1847747,150000
1847751,250000
1847759,350000
1847766,397500
1847774,150000
1847779,148000
1847790,336800
1847795,350000
1847797,150000
1847806,0
1847810,1600000
1847824,0
1847825,150000
1847828,440000
1847835,300000
1847846,0
1847847,350000
1847853,350000
1847857,1293600
1847861,150000
1847866,150000
1847868,150000
1847874,146000
1847877,0
1847882,350000
1847895,300000
1847904,697000
1847916,150000
1847925,250000
1847926,150000
1847927,0
1847928,200000
1847932,150000
1847937,0
1847938,150000
1847946,476000
1847950,130000
1847955,565000
1847957,0
1847965,0
1847969,150000
1847973,0
1847982,394500
1847991,0
1847996,0
1848001,1780000
1848007,533000
1848009,350000
1848015,160500
1848019,350000
1848023,300000
1848026,104200
1848028,75000
1848030,388000
1848038,752000
1848045,500000
1848046,459300
1848051,350000
1848052,0
1848055,269100
1848057,150000
1848061,150000
1848067,240000
1848071,350000
1848072,0
1848074,464000
1848075,750000
1848081,0
1848082,350000
1848084,0
1848085,335000
1848093,360000
1848094,1846000
1848101,0
1848102,500000
1848104,350000
1848109,250000
1848110,2451600
1848119,400000
1848122,450000
1848123,0
1848129,500000
1848132,0
1848138,0
1848141,350000
1848143,1000000
1848144,150000
1848152,0
1848153,3079500
1848156,150000
1848158,692000
1848160,150000
1848167,150000
1848172,0
1848173,0
1848181,0
1848202,0
1848203,400000
1848208,350000
1848209,100000
1848219,350000
1848221,800000
1848228,180000
1848242,400000
1848246,300000
1848253,150000
1848267,340000
1848274,350000
1848276,0
1848278,150000
1848284,0
1848287,0
1848296,528400
1848298,150000
1848300,260000
1848306,150000
1848327,0
1848338,300000
1848354,0
1848362,600000
1848372,280000
1848380,150000
1848389,0
1848399,0
1848400,150000
1848405,0
1848408,0
1848411,737700
1848414,324000
1848415,150000
1848421,400000
1848423,0
1848426,349000
1848444,300000
1848446,0
1848447,150000
1848456,148000
1848460,300000
1848475,150000
1848477,200000
1848480,140000
1848485,250000
1848486,150000
1848507,150000
1848525,503000
1848526,0
1848527,350000
1848529,150000
1848534,350000
1848545,600000
1848551,400000
1848552,150000
1848556,300000
1848564,605000
1848570,150000
1848572,334200
1848576,542700
1848588,100000
1848589,300000
1848590,990000
1848592,350000
1848620,0
1848627,470900
1848638,300000
1848648,400000
1848657,350000
1848669,350000
1848671,300000
1848676,0
1848724,350000
1848727,300000
1848730,588000
1848737,418000
1848748,300000
1848753,350000
1848754,1212100
1848757,31500
1848760,1590000
1848763,400000
1848780,300000
1848795,300000
1848804,0
1848826,1376800
1848832,350000
1848833,300000
1848837,150000
1848838,300000
1848842,300000
1848845,150000
1848847,562000
1848858,0
1848863,0
1848866,150000
1848869,0
1848879,0
1848910,300000
1848913,300000
1848915,0
1848916,38500
1848917,450000
1848919,370300
1848923,0
1848925,0
1848927,150000
1848931,0
1848939,475500
1848943,0
1848952,90000
1848953,350000
1848961,0
1848963,300000
1848964,300000
1848970,300000
1848977,300000
1848987,845000
1848991,150000
1848999,200000
1849003,250000
1849007,0
1849015,550000
1849018,450000
1849023,500000
1849026,0
1849028,424500
1849038,795000
1849039,370000
1849041,0
1849069,150000
1849074,150000
1849083,150000
1849086,0
1849097,180000
1849099,0
1849101,450000
1849108,0
1849114,0
1849123,0
1849128,350000
1849131,100000
1849155,346300
1849172,0
1849173,324500
1849174,850300
1849176,605600
1849183,0
1849184,0
1849192,150000
1849193,490000
1849196,150000
1849209,450000
1849210,379600
1849211,119500
1849218,150000
1849222,480000
1849228,0
1849235,0
1849245,0
1849251,56800
1849254,441200
1849255,150000
1849256,350000
1849266,429000
1849269,350000
1849270,282400
1849280,0
1849290,150000
1849316,300000
1849318,350000
1849331,136200
1849338,500000
1849353,364500
1849361,150000
1849364,447000
1849365,250000
1849373,250000
1849387,250000
1849389,350000
1849391,350000
1849404,2795000
1849409,350000
1849413,800000
1849414,500000
1849454,300000
1849456,300000
1849460,200000
1849462,500000
1849468,0
1849479,475200
1849482,975000
1849483,400000
1849491,0
1849502,155500
1849507,0
1849513,150000
1849534,350000
1849537,220000
1849549,350000
1849556,350000
1849559,320000
1849564,182500
1849570,300000
1849573,0
1849577,0
1849583,0
1849587,0
1849593,0
1849602,300000
1849630,500000
1849632,300000
1849652,117000
1849653,0
1849659,0
1849660,0
1849674,0
1849676,0
1849681,250000
1849683,0
1849690,0
1849695,0
1849702,150000
1849718,0
1849719,450000
1849743,0
1849765,425000
1849773,300000
1849806,342500
1849826,0
1849830,150000
1849831,333500
1849832,150000
1849835,450000
1849846,0
1849851,400000
1849860,440000
1849889,350000
1849891,364500
1849896,450000
1849898,275000
1849905,464500
1849908,500000
1849916,0
1849923,2315800
1849926,300000
1849936,231600
1849937,400000
1849939,450000
1849941,800000
1849954,361400
1849955,0
1849957,123600
1849960,605800
1849968,300000
1849972,0
1849976,900000
1849984,200000
1849989,300000
1849992,357300
1849994,300000
1849998,0
1850008,212900
1850021,500000
1850022,0
1850026,145500
1850031,300000
1850040,370000
1850045,250000
1850046,229400
1850055,0
1850058,300000
1850072,150000
1850073,150000
1850076,140000
1850081,951900
1850103,100000
1850108,150000
1850120,350000
1850121,150000
1850123,350000
1850128,0
1850141,200000
1850144,500000
1850145,2446800
1850150,800000
1850165,500000
1850166,0
1850169,0
1850174,150000
1850183,0
1850194,140000
1850195,340000
1850205,500000
1850209,530000
1850211,650000
1850215,350000
1850231,350000
1850236,0
1850239,24000
1850255,0
1850256,1156000
1850260,150000
1850262,130000
1850265,513000
1850266,350000
1850267,0
1850270,336000
1850278,0
1850279,407300
1850281,150000
1850289,0
1850310,252000
1850315,0
1850317,150000
1850320,325000
1850328,650000
1850329,0
1850333,500000
1850340,0
1850341,250000
1850344,0
1850350,350000
1850351,150000
1850358,350000
1850369,2049400
1850381,0
1850386,0
1850390,0
1850392,0
1850398,0
1850401,469200
1850408,250000
1850412,0
1850417,150000
1850420,350000
1850428,350000
1850431,887800
1850434,350000
1850440,550000
1850442,350000
1850447,350000
1850448,801000
1850449,450000
1850461,157000
1850465,0
1850476,350000
1850484,0
1850485,0
1850507,300000
1850519,1280400
1850521,1173900
1850526,0
1850540,350000
1850552,350000
1850553,474800
1850557,500000
1850559,150000
1850565,0
1850567,0
1850569,350000
1850590,0
1850624,578000
1850626,0
1850628,539600
1850638,520000
1850642,0
1850643,0
1850646,0
1850649,150000
1850659,188600
1850662,500000
1850663,0
1850670,350000
1850672,350000
1850673,150000
1850683,498300
1850685,0
1850699,450400
1850700,0
1850701,150000
1850702,0
1850706,0
1850708,407400
1850711,500000
1850712,150000
1850716,598000
1850718,350000
1850725,350000
1850730,329200
1850749,350000
1850752,350000
1850762,350000
1850764,500000
1850772,350000
1850774,254900
1850777,250000
1850786,150000
1850807,0
1850808,500000
1850809,459000
1850819,150000
1850826,48700
1850843,0
1850850,0
1850856,0
1850869,200000
1850870,0
1850876,350000
1850894,0
1850899,150000
1850905,225000
1850925,0
1850929,350000
1850934,0
1850936,350000
1850937,150000
1850943,350000
1850944,200000
1850947,350000
1850948,0
1850954,0
1850960,250000
1850963,150000
1850968,0
1850972,0
1850977,363300
1850990,0
1850991,300000
1850993,400000
1851000,350000
1851007,200000
1851009,0
1851018,150000
1851031,150000
1851033,150000
1851035,0
1851043,0
1851053,235000
1851061,300000
1851062,334700
1851064,298000
1851067,350000
1851072,350000
1851076,350000
1851086,500000
1851088,650000
1851093,423000
1851097,0
1851103,355000
1851106,168000
1851114,585000
1851124,150000
1851128,150000
1851132,150000
1851135,350000
1851155,440000
1851157,0
1851158,118000
1851162,350000
1851172,0
1851196,188000
1851202,150000
1851204,0
1851206,350000
1851207,400000
1851208,195000
1851217,350000
1851219,145000
1851226,520000
1851229,0
1851230,150000
1851246,557000
1851256,650000
1851260,0
1851261,202500
1851262,492100
1851266,240000
1851270,204000
1851276,0
1851277,350000
1851283,190000
1851285,860400
1851293,1105300
1851300,0
1851302,353600
1851303,725000
1851304,150000
1851323,179000
1851327,480000
1851332,349000
1851333,0
1851335,399500
1851342,150000
1851353,0
1851355,0
1851357,0
1851359,150000
1851365,150000
1851366,300000
1851367,0
1851370,455000
1851371,0
1851378,1215800
1851380,500000
1851382,478000
1851387,0
1851390,0
1851393,150000
1851404,150000
1851415,236000
1851419,388200
1851421,400000
1851423,350000
1851426,410000
1851436,150000
1851438,500000
1851442,350000
1851449,350000
1851458,0
1851460,49000
1851471,0
1851487,0
1851489,151000
1851491,450000
1851505,0
1851513,300000
1851514,450000
1851517,300000
1851518,252000
1851531,0
1851535,150000
1851541,453700
1851553,558000
1851555,150000
1851567,586500
1851568,500000
1851573,0
1851581,150000
1851584,150000
1851591,150000
1851606,150000
1851610,150000
1851614,213400
1851618,350000
1851626,0
1851627,0
1851629,0
1851639,150000
1851642,150000
1851643,350000
1851645,995000
1851657,220000
1851661,0
1851663,180000
1851673,150000
1851689,650000
1851691,0
1851696,0
1851699,150000
1851708,500000
1851709,250000
1851714,0
1851732,887800
1851733,350000
1851745,350000
1851747,350000
1851749,3173600
1851755,500000
1851761,250000
1851764,603600
1851765,0
1851768,350000
1851782,0
1851788,150000
1851791,300000
1851796,0
1851799,150000
1851807,350000
1851811,163500
1851812,500000
1851818,350000
1851819,653600
1851821,500000
1851824,150000
1851826,0
1851827,0
1851829,150000
1851833,0
1851845,0
1851851,0
1851860,844000
1851863,150000
1851870,150000
1851883,150000
1851886,350000
1851895,959000
1851903,150000
1851904,0
1851915,0
1851916,150000
1851927,490000
1851931,250000
1851938,0
1851942,405000
1851949,130000
1851957,500000
1851969,350000
1851976,765500
1851977,150000
1851994,1199500
1851998,0
1851999,0
1852001,254000
1852008,350000
1852012,871800
1852015,70000
1852018,0
1852021,493100
1852029,318900
1852032,665500
1852034,699900
1852039,150000
1852044,150000
1852045,150000
1852070,250000
1852077,0
1852087,0
1852097,300000
1852098,150000
1852101,150000
1852117,250000
1852130,607500
1852133,0
1852138,0
1852139,444000
1852143,342000
1852145,400000
1852146,0
1852148,0
1852151,0
1852153,250000
1852156,0
1852160,531500
1852161,150000
1852163,400000
1852166,500000
1852168,150000
1852174,366000
1852176,150000
1852188,0
1852190,0
1852196,470000
1852200,0
1852203,150000
1852207,0
1852211,0
1852212,150000
1852219,150000
1852221,150000
1852237,0
1852245,528400
1852252,250000
1852253,555500
1852260,652500
1852268,300000
1852273,150000
1852274,330000
1852275,250000
1852281,652500
1852288,150000
1852297,300000
1852302,0
1852310,652500
1852326,150000
1852329,350000
1852335,150000
1852337,430000
1852338,0
1852341,0
1852349,0
1852353,369000
1852355,523400
1852360,300000
1852365,498400
1852368,690300
1852372,150000
1852385,593700
1852387,150000
1852388,0
1852390,150000
1852402,0
1852406,0
1852407,308100
1852408,0
1852413,414000
1852414,0
1852415,0
1852418,203500
1852420,150000
1852427,0
1852432,200000
1852443,200000
1852445,300000
1852455,0
1852459,461400
1852467,350000
1852478,750000
1852483,500000
1852491,150000
1852503,0
1852507,0
1852508,298000
1852524,0
1852534,300000
1852535,350000
1852552,800000
1852562,350000
1852568,149900
1852569,203000
1852579,250000
1852581,200000
1852582,0
1852583,550000
1852585,0
1852588,294000
1852590,150000
1852594,350000
1852601,280000
1852608,219700
1852610,0
1852611,300000
1852617,200000
1852622,0
1852627,464600
1852632,150000
1852637,130000
1852640,150000
1852646,150000
1852653,310000
1852657,650000
1852659,150000
1852663,701400
1852672,780000
1852675,250000
1852683,500000
1852697,250000
1852712,419200
1852720,152500
1852723,887800
1852726,150000
1852732,730000
1852737,0
1852758,164000
1852759,141900
1852769,150000
1852772,250000
1852774,0
1852779,150000
1852790,150000
1852806,0
1852807,300000
1852814,0
1852819,157800
1852823,350000
1852829,250000
1852831,220000
1852849,0
1852851,350000
1852866,0
1852872,0
1852873,500000
1852881,574000
1852894,500000
1852901,300000
1852903,250000
1852906,350000
1852907,0
1852920,150000
1852931,350000
1852933,429100
1852946,520000
1852949,150000
1852955,250000
1852964,640000
1852968,300000
1852978,429800
1852979,0
1852995,0
1853007,0
1853008,150000
1853009,817000
1853012,0
1853014,0
1853017,130000
1853019,130000
1853027,490000
1853031,150000
1853042,150000
1853047,150000
1853051,250000
1853055,0
1853056,0
1853057,120000
1853058,1000000
1853062,150000
1853066,500000
1853080,0
1853092,499000
1853093,0
1853097,0
1853098,300000
1853105,0
1853109,0
1853122,0
1853124,1018700
1853125,340000
1853131,218000
1853139,427400
1853140,0
1853143,300000
1853146,0
1853153,0
1853157,300000
1853170,0
1853173,0
1853185,135000
1853189,0
1853196,354000
1853201,0
1853202,209500
1853206,0
1853208,177500
1853215,253500
1853217,250000
1853220,855000
1853226,650000
1853239,0
1853244,150000
1853259,350000
1853260,237500
1853261,992100
1853268,0
1853269,0
1853274,1521500
1853282,0
1853287,141900
1853288,247400
1853304,30000
1853310,350000
1853311,1658300
1853314,0
1853324,275600
1853335,170000
1853336,0
1853346,539000
1853348,0
1853350,100000
1853363,0
1853382,0
1853385,150000
1853387,0
1853389,290000
1853390,150000
1853393,748000
1853400,400000
1853404,0
1853407,0
1853414,150000
1853416,0
1853418,0
1853420,535000
1853433,150000
1853442,0
1853449,0
1853450,3547000
1853461,0
1853462,350000
1853465,140000
1853466,0
1853473,611800
1853480,388300
1853499,350000
1853504,150000
1853511,804000
1853518,396000
1853531,0
1853536,0
1853548,231000
1853583,0
1853589,617700
1853591,120000
1853599,0
1853600,0
1853611,877000
1853617,730000
1853619,200000
1853627,350000
1853630,0
1853633,0
1853635,350000
1853640,150000
1853651,0
1853664,150000
1853674,0
1853678,249900
1853685,0
1853687,150000
1853690,300000
1853697,350000
1853700,195000
1853701,0
1853704,300000
1853710,150000
1853715,0
1853717,350000
1853721,358200
1853724,424600
1853727,740000
1853728,150000
1853738,280000
1853746,150000
1853760,150000
1853765,229800
1853775,419400
1853781,1788000
1853793,490000
1853797,150000
1853816,0
1853822,358400
1853827,810000
1853835,513800
1853844,140000
1853850,150000
1853854,150000
1853858,0
1853859,350000
1853860,150000
1853877,150000
1853878,150000
1853879,291400
1853884,0
1853885,0
1853889,0
1853891,0
1853895,1441500
1853896,0
1853897,0
1853903,400000
1853908,350000
1853910,0
1853911,150000
1853921,150000
1853925,0
1853930,350000
1853936,200000
1853948,350000
1853952,150000
1853953,0
1853954,486000
1853958,480000
1853969,150000
1853973,698000
1853979,350000
1853981,0
1853993,150000
1853995,149000
1854000,550000
1854006,0
1854009,253500
1854014,150000
1854015,0
1854023,531600
1854024,609000
1854026,0
1854041,0
1854052,0
1854059,150000
1854060,150000
1854066,150000
1854073,150000
1854076,150000
1854077,150000
1854079,0
1854080,0
1854083,125000
1854096,150000
1854102,429600
1854106,925700
1854108,0
1854113,150000
1854117,500000
1854119,302000
1854120,350000
1854122,150000
1854123,150000
1854124,150000
1854142,484500
1854146,990000
1854150,0
1854158,150000
1854159,400000
1854172,150000
1854184,0
1854186,0
1854187,0
1854189,213900
1854191,340700
1854208,150000
1854210,300000
1854218,0
1854221,350000
1854224,1074200
1854226,150000
1854229,250000
1854230,400000
1854232,250000
1854233,350000
1854234,1200000
1854238,0
1854245,750000
1854252,400000
1854257,54400
1854259,0
1854264,213900
1854277,0
1854281,0
1854297,0
1854298,150000
1854315,316000
1854318,0
1854325,537000
1854342,150000
1854344,150000
1854354,719500
1854361,0
1854362,0
1854363,350000
1854364,150000
1854369,250000
1854370,0
1854372,278000
1854375,494000
1854376,150000
1854383,400000
1854391,211500
1854396,150000
1854398,0
1854399,0
1854417,400000
1854418,303000
1854428,500000
1854433,0
1854437,150000
1854438,0
1854440,150000
1854444,130000
1854445,0
1854459,0
1854465,150000
1854466,0
1854467,150000
1854470,597000
1854471,0
1854473,374500
1854476,500000
1854479,0
1854486,150000
1854488,350000
1854493,315900
1854498,1150000
1854505,384000
1854507,120800
1854515,150000
1854523,204000
1854527,150000
1854540,0
1854542,150000
1854550,400000
1854552,295500
1854557,0
1854558,200000
1854560,590000
1854568,0
1854570,350000
1854574,0
1854575,522500
1854582,150000
1854584,200000
1854585,0
1854586,0
1854589,400000
1854590,0
1854597,1000000
1854599,350000
1854603,142000
1854605,0
1854607,150000
1854609,1411900
1854611,0
1854612,350000
1854628,150000
1854629,150000
1854630,110000
1854634,150000
1854637,0
1854646,350000
1854647,0
1854649,500000
1854653,246000
1854656,1800000
1854658,150000
1854663,94000
1854666,0
1854677,250000
1854678,0
1854679,400000
1854686,0
1854696,391800
1854699,150000
1854702,150000
1854703,350000
1854706,350000
1854708,440000
1854713,150000
1854714,0
1854718,0
1854720,150000
1854732,338500
1854738,150000
1854739,530000
1854744,403800
1854764,0
1854767,354300
1854771,150000
1854775,466000
1854777,150000
1854778,350000
1854785,150000
1854788,0
1854790,350000
1854794,250000
1854808,630000
1854816,300000
1854817,450000
1854822,150000
1854825,350000
1854826,173800
1854837,250000
1854851,0
1854858,340000
1854861,0
1854863,150000
1854866,524900
1854869,0
1854874,230900
1854875,350000
1854881,0
1854894,0
1854897,0
1854905,300000
1854911,279500
1854915,325000
1854916,558500
1854925,150000
1854930,0
1854931,0
1854934,150000
1854937,150000
1854945,350000
1854946,230000
1854947,550000
1854949,0
1854952,0
1854955,0
1854958,150000
1854962,0
1854963,350000
1854969,150000
1854974,147600
1854982,0
1854990,0
1855003,0
1855012,150000
1855018,0
1855022,1350000
1855025,0
1855027,0
1855028,721600
1855044,0
1855048,500000
1855054,150000
1855065,150000
1855068,110000
1855069,350000
1855077,285000
1855078,0
1855079,150000
1855083,622900
1855085,350000
1855087,450000
1855094,450000
1855097,0
1855098,0
1855103,150000
1855112,0
1855113,70000
1855125,350000
1855129,150000
1855160,0
1855161,250000
1855191,250000
1855199,0
1855201,400000
1855203,0
1855205,0
1855206,150000
1855210,140000
1855212,0
1855215,0
1855218,0
1855220,544500
1855230,330000
1855232,0
1855237,150000
1855245,700000
1855255,0
1855257,150000
1855258,0
1855263,150000
1855264,0
1855270,0
1855273,262000
1855276,500000
1855279,285000
1855283,142000
1855289,0
1855291,150000
1855303,200000
1855304,362000
1855315,0
1855319,621900
1855321,0
1855323,495600
1855329,150000
1855330,350000
1855331,0
1855337,0
1855346,150000
1855352,589900
1855353,150000
1855367,379000
1855371,150000
1855376,0
1855381,0
1855385,415000
1855399,350000
1855408,0
1855409,50000
1855421,351500
1855422,0
1855424,135000
1855425,150000
1855432,166000
1855433,0
1855444,0
1855449,150000
1855450,0
1855453,250000
1855454,84800
1855457,250000
1855460,400000
1855463,0
1855470,150000
1855484,0
1855487,0
1855491,700000
1855493,350000
1855499,250000
1855501,490000
1855515,0
1855522,410400
1855526,0
1855528,550000
1855544,150000
1855551,550000
1855561,195000
1855568,0
1855573,0
1855575,505000
1855579,300000
1855583,150000
1855587,0
1855609,200000
1855615,833500
1855622,345000
1855625,0
1855633,0
1855641,0
1855649,0
1855652,150000
1855653,250000
1855661,0
1855663,150000
1855674,0
1855677,150000
1855682,0
1855684,465500
1855690,0
1855693,0
1855702,150000
1855712,350000
1855714,0
1855715,150000
1855725,150000
1855726,150000
1855729,0
1855732,367000
1855752,0
1855757,337300
1855769,0
1855770,150000
1855772,0
1855773,260000
1855780,0
1855784,490000
1855787,1618700
1855791,0
1855793,0
1855799,0
1855803,150000
1855805,150000
1855811,312000
1855816,150000
1855818,480000
1855821,0
1855824,150000
1855836,150000
1855840,150000
1855841,0
1855846,360000
1855853,550000
1855859,0
1855861,0
1855865,150000
1855866,0
1855868,0
1855870,579100
1855876,192000
1855877,263500
1855882,0
1855884,0
1855890,200000
1855893,0
1855895,250000
1855897,250000
1855903,279300
1855906,400000
1855908,550000
1855913,310000
1855921,150000
1855924,0
1855926,350000
1855928,500000
1855930,280000
1855935,400000
1855939,500000
1855945,200000
1855949,250000
1855958,407400
1855960,348100
1855974,800000
1855977,140000
1855986,577500
1855991,200000
1856002,0
1856004,0
1856011,360000
1856012,0
1856024,200000
1856026,578000
1856031,550000
1856035,100000
1856042,100000
1856045,0
1856049,0
1856053,126000
1856058,0
1856060,527400
1856066,350000
1856069,0
1856078,550000
1856082,350000
1856084,400000
1856086,200000
1856095,0
1856101,645000
1856102,0
1856105,350000
1856107,300000
1856110,150000
1856113,400000
1856123,150000
1856127,150000
1856128,1003500
1856129,0
1856130,0
1856134,0
1856136,150000
1856140,914000
1856149,7576000
1856164,770000
1856169,174000
1856173,250000
1856175,350000
1856179,100000
1856190,150000
1856192,200000
1856202,200000
1856210,150000
1856214,150000
1856220,150000
1856222,0
1856225,605200
1856229,400000
1856236,0
1856238,310000
1856240,100000
1856243,150000
1856247,246600
1856251,573000
1856255,150000
1856257,190000
1856267,150000
1856269,270000
1856271,400000
1856277,165000
1856279,150000
1856281,598000
1856282,140000
1856283,0
1856293,150000
1856297,350000
1856299,300000
1856300,1517000
1856310,675600
1856313,400000
1856318,990000
1856323,661000
1856324,521000
1856325,150000
1856330,0
1856331,0
1856335,150000
1856337,0
1856341,0
1856356,520000
1856362,350000
1856368,300000
1856373,498000
1856379,0
1856398,330000
1856399,250000
1856400,150000
1856417,707500
1856421,250000
1856428,350000
1856432,199500
1856435,150000
1856438,150000
1856441,0
1856450,294000
1856461,150000
1856463,0
1856477,444000
1856484,150000
1856492,0
1856498,740200
1856501,1214000
1856514,400000
1856516,915800
1856519,250000
1856527,150000
1856528,225000
1856529,0
1856532,535000
1856534,0
1856541,100000
1856554,350000
1856557,0
1856564,0
1856578,500000
1856584,500000
1856592,150000
1856593,350000
1856605,294000
1856607,280000
1856619,262800
1856623,140000
1856636,0
1856643,118000
1856646,150000
1856659,250000
1856666,0
1856672,150000
1856675,0
1856677,379000
1856689,0
1856692,557500
1856695,0
1856697,350000
1856703,150000
1856710,810600
1856713,250000
1856720,140000
1856727,150000
1856736,0
1856737,0
1856747,1030000
1856757,0
1856768,400000
1856774,278000
1856779,500000
1856784,0
1856790,0
1856794,350000
1856797,0
1856809,400000
1856810,350000
1856816,950000
1856817,350000
1856824,700000
1856833,150000
1856841,339900
1856845,350000
1856851,350000
1856858,400000
1856861,250000
1856873,150000
1856874,0
1856882,0
1856891,0
1856893,621800
1856900,150000
1856901,1014400
1856906,150000
1856907,0
1856909,200000
1856910,250000
1856920,465000
1856922,0
1856924,290600
1856929,747200
1856930,350000
1856931,150000
1856949,0
1856953,350000
1856954,0
1856957,300000
1856961,400000
1856984,150000
1856985,382000
1856989,0
1856999,144000
1857002,803500
1857003,0
1857009,400000
1857015,150000
1857027,265000
1857028,254800
1857032,0
1857034,165000
1857040,350000
1857047,142000
1857050,550000
1857057,400000
1857058,799000
1857066,790300
1857074,259500
1857084,350000
1857087,150000
1857089,374500
1857094,0
1857096,376500
1857097,0
1857100,350000
1857107,0
1857122,560000
1857124,250000
1857131,145600
1857139,250000
1857140,350000
1857149,0
1857153,150000
1857155,0
1857157,0
1857160,0
1857183,374800
1857186,0
1857191,250000
1857196,330000
1857199,0
1857200,650000
1857201,105000
1857202,400000
1857207,0
1857208,650000
1857215,350000
1857217,0
1857223,0
1857229,75000
1857240,2600000
1857241,100000
1857251,400000
1857259,252000
1857273,250000
1857278,405600
1857281,500000
1857285,150000
1857290,150000
1857291,1850000
1857294,150000
1857300,1338300
1857301,0
1857308,620000
1857316,350000
1857323,827000
1857325,1938000
1857326,0
1857327,492000
1857329,153900
1857331,150000
1857337,0
1857344,300000
1857354,0
1857366,120000
1857371,300000
1857382,350000
1857383,350000
1857392,0
1857393,141000
1857401,144500
1857407,350000
1857409,0
1857410,0
1857413,150000
1857423,350000
1857432,240000
1857435,1336500
1857439,550000
1857442,0
1857444,180000
1857454,400800
1857466,150000
1857481,400000
1857494,291000
1857497,150000
1857499,0
1857502,0
1857503,142000
1857510,190200
1857513,0
1857517,325000
1857538,144000
1857542,350000
1857546,0
1857548,228000
1857549,150000
1857565,426000
1857569,0
1857570,342500
1857571,0
1857574,404900
1857583,0
1857587,350000
1857609,150000
1857641,150000
1857658,140000
1857683,225000
1857687,480000
1857688,0
1857707,375500
1857712,150000
1857713,350000
1857722,150000
1857731,150000
1857733,500000
1857735,150000
1857737,350000
1857738,123000
1857741,0
1857746,628000
1857750,382800
1857752,150000
1857774,0
1857778,400000
1857779,450000
1857785,650000
1857788,0
1857789,540000
1857791,800000
1857793,260000
1857800,1050000
1857807,0
1857831,0
1857836,622500
1857838,300000
1857840,150000
1857841,350000
1857859,1000000
1857862,0
1857869,166300
1857871,1277700
1857872,0
1857874,0
1857882,0
1857893,350000
1857895,0
1857903,0
1857912,0
1857924,0
1857926,0
1857934,650000
1857938,0
1857955,0
1857957,150000
1857958,0
1857965,190000
1857966,0
1857980,0
1857982,150000
1857987,488000
1857996,0
1857999,0
1858027,61900
1858033,0
1858041,0
1858044,63000
1858046,200000
1858049,0
1858051,350000
1858056,0
1858058,350000
1858065,67000
1858066,100000
1858067,0
1858068,0
1858085,510900
1858094,300000
1858098,300000
1858099,0
1858104,0
1858107,444000
1858111,0
1858126,0
1858133,150000
1858141,400000
1858174,350000
1858180,225000
1858191,510000
1858193,0
1858199,150000
1858205,150000
1858210,300000
1858215,198000
1858222,0
1858228,26600
1858233,150000
1858239,350000
1858242,0
1858252,150000
1858258,985000
1858268,400000
1858269,150000
1858270,3100000
1858273,1000000
1858288,350000
1858295,150000
1858315,0
1858358,0
1858382,82800
1858387,150000
1858404,0
1858418,1800000
1858422,150000
1858434,150000
1858437,390000
1858460,0
1858462,150000
1858484,0
1858507,0
1858510,1367500
1858523,0
1858545,0
1858549,0
1858559,350000
1858602,150000
1858603,350000
1858618,0
1858627,250000
1858637,320000
1858639,0
1858640,0
1858648,0
1858651,150000
1858669,300000
1858673,0
1858702,200000
1858703,0
1858709,284000
1858714,150000
1858725,150000
1858732,150000
1858743,250000
1858744,150000
1858768,350000
1858777,500000
1858794,0
1858796,150000
1858800,130000
1858803,150000
1858806,500000
1858810,150000
1858812,390000
1858821,0
1858834,150000
1858842,150000
1858846,358000
1858854,150000
1858855,378000
1858860,0
1858869,0
1858871,150000
1858878,0
1858881,317000
1858883,0
1858886,350000
1858890,0
1858891,150000
1858903,374500
1858904,578000
1858912,420000
1858920,150000
1858924,250000
1858931,200000
1858939,0
1858947,150000
1858953,0
1858955,100000
1858961,0
1858965,1079000
1858968,500000
1858973,385000
1858977,276300
1858980,150000
1858985,0
1859016,150000
1859018,0
1859021,539000
1859023,400000
1859024,150000
1859028,150000
1859039,277800
1859046,240800
1859047,0
1859052,309600
1859059,150000
1859072,150000
1859073,397000
1859080,0
1859083,0
1859084,0
1859093,550000
1859097,0
1859099,150000
1859107,466100
1859113,250000
1859115,302500
1859123,357800
1859133,150000
1859136,0
1859170,150000
1859172,0
1859176,150000
1859180,455000
1859186,150000
1859190,350000
1859193,250000
1859197,350000
1859201,6900000
1859207,0
1859210,150000
1859218,150000
1859241,354000
1859245,374500
1859253,1500000
1859256,0
1859266,0
1859267,300000
1859273,0
1859275,0
1859282,308100
1859286,330000
1859287,374500
1859292,1446900
1859294,385000
1859306,950000
1859318,0
1859319,2121600
1859329,0
1859337,250000
1859339,150000
1859349,334500
1859351,150000
1859363,150000
1859370,370000
1859381,250000
1859386,0
1859389,286800
1859393,300000
1859407,150000
1859413,350000
1859414,0
1859417,180000
1859418,337000
1859421,350000
1859429,3000000
1859433,250000
1859435,0
1859437,150000
1859440,0
1859443,0
1859444,189200
1859447,150000
1859450,350500
1859453,400000
1859455,0
1859465,79800
1859471,350000
1859478,576500
1859480,335000
1859485,250000
1859495,0
1859510,195000
1859517,0
1859523,150000
1859525,350000
1859528,0
1859530,0
1859537,250000
1859539,0
1859544,0
1859551,0
1859557,140000
1859558,0
1859569,0
1859587,150000
1859589,771000
1859595,368200
1859596,304800
1859597,0
1859601,371300
1859607,200000
1859608,186000
1859610,452400
1859611,0
1859612,500000
1859613,150000
1859633,0
1859636,0
1859641,150000
1859642,164000
1859645,150000
1859649,530000
1859651,300000
1859654,326000
1859661,267900
1859670,0
1859672,150000
1859678,200000
1859680,1000000
1859693,150000
1859696,450000
1859700,300000
1859710,450000
1859717,869000
1859719,0
1859721,0
1859722,200000
1859723,0
1859731,0
1859735,150000
1859736,395100
1859740,0
1859745,600000
1859753,60000
1859754,0
1859759,150000
1859767,0
1859769,450000
1859776,150000
1859798,0
1859800,0
1859813,921400
1859817,150000
1859820,250000
1859821,420000
1859826,389400
1859832,350000
1859845,374500
1859846,150000
1859848,120000
1859855,150000
1859865,0
1859867,150000
1859878,470000
1859887,751000
1859891,400000
1859895,150000
1859899,920000
1859901,300000
1859905,200000
1859914,150000
1859916,150000
1859926,0
1859927,550000
1859944,430000
1859947,235000
1859952,250000
1859960,350000
1859962,150000
1859967,65000
1859970,0
1859974,150000
1859977,0
1859983,0
1859992,150000
1859993,250000
1860003,150000
1860010,200000
1860011,150000
1860030,350000
1860037,150000
1860048,350000
1860053,250000
1860056,250000
1860062,0
1860078,418500
1860079,0
1860086,472500
1860089,150000
1860093,150000
1860101,206000
1860102,205000
1860103,301500
1860113,915000
1860124,270000
1860127,350000
1860131,250000
1860134,0
1860136,720000
1860148,150000
1860149,429100
1860154,300000
1860165,0
1860168,150000
1860170,140000
1860171,400000
1860173,174500
1860178,400000
1860184,260000
1860188,350000
1860189,150000
1860195,308000
1860207,464500
1860216,0
1860217,240000
1860222,0
1860224,400000
1860226,510000
1860232,400000
1860238,0
1860243,868000
1860244,350000
1860248,250000
1860254,725000
1860257,0
1860261,145000
1860269,0
1860279,150000
1860300,0
1860306,0
1860311,1514000
1860324,150000
1860326,390000
1860329,390000
1860338,250000
1860340,200000
1860341,670600
1860350,0
1860353,120000
1860356,150000
1860359,370000
1860362,350000
1860363,150000
1860378,300000
1860395,300000
1860397,300000
1860398,0
1860399,546800
1860403,0
1860405,200000
1860422,362000
1860430,0
1860431,400000
1860440,0
1860443,320000
1860449,150000
1860451,4350000
1860452,974400
1860453,0
1860455,150000
1860461,0
1860466,0
1860470,350000
1860474,345200
1860490,120000
1860494,419300
1860507,542300
1860508,160000
1860509,943600
1860516,119500
1860521,577400
1860523,0
1860525,585000
1860526,350000
1860528,0
1860534,542300
1860539,150000
1860540,0
1860542,350000
1860548,21400
1860549,929300
1860558,606200
1860562,300000
1860563,0
1860568,150000
1860570,140000
1860574,200000
1860575,780000
1860576,550000
1860584,550000
1860588,502000
1860593,150000
1860597,661500
1860610,0
1860611,0
1860621,652500
1860622,0
1860628,443600
1860643,300000
1860651,150000
1860654,250000
1860655,663500
1860658,342000
1860661,566600
1860662,87000
1860665,400000
1860666,200000
1860669,821200
1860675,0
1860679,400000
1860680,150000
1860682,150000
1860687,357000
1860693,680000
1860698,150000
1860699,284000
1860708,0
1860713,400000
1860714,0
1860716,875000
1860733,5100000
1860735,0
1860740,300000
1860743,550000
1860746,400000
1860749,150000
1860751,0
1860752,0
1860753,400000
1860757,0
1860762,150000
1860765,0
1860766,415000
1860767,482400
1860772,130000
1860780,150000
1860783,500000
1860785,28000
1860793,0
1860799,250000
1860806,150000
1860810,300000
1860817,450000
1860819,652500
1860823,390000
1860824,0
1860830,150000
1860831,291900
1860835,150000
1860842,150000
1860843,594000
1860848,150000
1860851,409000
1860857,394000
1860863,500000
1860864,0
1860876,450000
1860884,318000
1860892,0
1860894,150000
1860895,250000
1860896,150000
1860900,437200
1860909,889000
1860918,150000
1860921,0
1860922,540000
1860923,190500
1860925,691200
1860926,250000
1860942,0
1860950,587000
1860952,0
1860954,0
1860967,400000
1860970,0
1860977,350000
1860980,150000
1860986,0
1860994,0
1860999,430000
1861014,350000
1861015,370000
1861022,150000
1861025,350000
1861027,250000
1861031,150000
1861034,0
1861037,124500
1861038,0
1861040,8400
1861042,0
1861046,0
1861050,150000
1861054,325000
1861059,324000
1861061,675000
1861065,150000
1861074,200000
1861077,0
1861085,150000
1861086,945000
1861089,45000
1861092,150000
1861097,150000
1861106,150000
1861107,100000
1861109,150000
1861123,0
1861130,150000
1861132,300000
1861133,200000
1861137,150000
1861140,350000
1861145,150000
1861156,150000
1861157,155000
1861161,350000
1861165,500000
1861185,0
1861190,150000
1861191,671000
1861198,300000
1861206,137500
1861216,150000
1861219,0
1861232,0
1861237,0
1861241,0
1861244,300000
1861250,150000
1861257,350000
1861260,0
1861276,0
1861285,100000
1861286,450000
1861288,300000
1861291,374500
1861293,0
1861305,150000
1861318,328000
1861320,400000
1861333,695500
1861344,150000
1861348,3635200
1861356,300000
1861369,0
1861375,155000
1861395,350000
1861399,150000
1861423,150000
1861424,0
1861431,0
1861436,150000
1861438,300000
1861453,150000
1861461,0
1861463,569000
1861466,200000
1861467,104300
1861469,400000
1861474,250000
1861477,150000
1861478,150000
1861481,350000
1861500,422400
1861503,0
1861507,150000
1861514,350000
1861518,330000
1861520,0
1861525,400000
1861527,250000
1861532,150000
1861533,502500
1861534,300000
1861546,0
1861552,500000
1861553,250000
1861557,300000
1861558,950000
1861570,0
1861578,150000
1861580,137100
1861582,350000
1861586,420000
1861591,420000
1861592,685500
1861597,252000
1861604,490000
1861610,0
1861615,200000
1861616,428000
1861617,420000
1861619,400000
1861621,160000
1861637,250000
1861642,1189500
1861644,387000
1861645,150000
1861649,0
1861661,450000
1861668,350000
1861671,450000
1861674,0
1861688,150000
1861691,0
1861700,150000
1861705,0
1861710,287500
1861712,150000
1861715,0
1861727,350000
1861731,330000
1861734,700000
1861748,0
1861752,0
1861759,550000
1861761,175500
1861764,0
1861765,747000
1861771,150000
1861772,150000
1861775,1569000
1861779,0
1861784,0
1861786,220500
1861794,800000
1861797,0
1861798,350000
1861803,150000
1861807,489100
1861821,470400
1861823,856000
1861824,126000
1861825,450000
1861830,647600
1861833,2204800
1861836,150000
1861839,0
1861847,320000
1861848,0
1861851,484900
1861853,308100
1861863,300000
1861868,0
1861873,300000
1861881,0
1861883,0
1861884,764100
1861896,300000
1861910,350000
1861912,350000
1861919,173500
1861922,500000
1861933,350000
1861938,800000
1861939,1489000
1861941,0
1861954,0
1861955,400000
1861957,0
1861959,420000
1861970,150000
1861981,0
1861993,250000
1861994,500000
1862000,156000
1862001,150000
1862003,150000
1862009,0
1862014,1547800
1862017,500000
1862021,0
1862022,0
1862023,150000
1862027,350000
1862029,100000
1862035,0
1862036,250800
1862044,350000
1862048,350000
1862049,0
1862052,401100
1862057,0
1862061,243000
1862066,180000
1862067,300000
1862074,0
1862075,1449000
1862076,0
1862078,100000
1862084,0
1862087,150000
1862089,213900
1862093,1280000
1862106,150000
1862107,150000
1862122,860000
1862127,0
1862133,445000
1862135,1375000
1862137,350000
1862140,490000
1862149,250000
1862158,0
1862167,990000
1862173,0
1862185,0
1862195,0
1862204,0
1862208,250000
1862209,250000
1862211,355000
1862219,296000
1862231,150000
1862232,0
1862234,250000
1862236,300000
1862238,0
1862248,0
1862253,790000
1862256,0
1862260,390000
1862267,295600
1862270,500000
1862271,210000
1862274,150000
1862281,500000
1862283,0
1862284,0
1862302,490100
1862307,150000
1862311,300000
1862312,0
1862339,650000
1862348,490000
1862360,500000
1862367,300000
1862372,360300
1862380,180000
1862386,0
1862404,371600
1862409,150000
1862413,150000
1862425,0
1862428,205700
1862431,335000
1862434,180000
1862442,140000
1862446,150000
1862448,144000
1862451,1973800
1862455,150000
1862458,0
1862465,267000
1862467,219000
1862488,775000
1862491,150000
1862492,145500
1862494,550000
1862501,0
1862502,0
1862503,324400
1862504,238000
1862513,150000
1862524,525100
1862525,200000
1862531,0
1862534,310000
1862547,150000
1862548,362000
1862559,350000
1862561,0
1862569,213000
1862581,0
1862591,0
1862600,350000
1862603,0
1862609,500000
1862613,0
1862622,0
1862636,0
1862646,390000
1862651,125000
1862652,332000
1862657,0
1862661,350000
1862663,296000
1862664,0
1862667,537500
1862668,0
1862672,3578300
1862695,0
1862696,100000
1862708,150000
1862712,150000
1862718,300000
1862726,0
1862728,0
1862733,150000
1862734,300000
1862749,0
1862750,300000
1862756,228000
1862758,326000
1862767,170000
1862768,174900
1862771,400000
1862774,617000
1862776,516800
1862777,350000
1862790,0
1862796,418000
1862797,0
1862801,366600
1862806,500000
1862813,650000
1862818,0
1862824,350000
1862826,52500
1862832,350000
1862835,300000
1862839,350000
1862841,250000
1862850,450000
1862851,400000
1862852,350000
1862860,400000
1862872,0
1862877,250000
1862885,650000
1862886,150000
1862887,0
1862888,150000
1862890,150000
1862894,600000
1862898,0
1862901,504000
1862908,0
1862910,350000
1862916,200000
1862924,350000
1862935,0
1862947,650000
1862951,399500
1862953,330000
1862954,150000
1862955,0
1862957,0
1862962,0
1862968,0
1862976,329400
1862979,500000
1862980,0
1862990,200000
1863014,1000000
1863020,0
1863026,0
1863028,150000
1863029,0
1863030,500000
1863035,350000
1863049,150000
1863050,600000
1863053,300000
1863061,0
1863067,791200
1863072,0
1863076,500000
1863085,481400
1863087,143800
1863090,140000
1863096,213000
1863100,1617400
1863101,0
1863106,285000
1863107,270000
1863109,0
1863122,289000
1863127,150000
1863130,0
1863132,272300
1863158,0
1863163,0
1863172,0
1863173,0
1863176,0
1863186,0
1863207,192000
1863208,450000
1863209,0
1863213,0
1863222,941000
1863227,450000
1863230,172000
1863235,250000
1863239,420900
1863240,400000
1863246,0
1863259,558000
1863261,0
1863262,150000
1863267,0
1863271,236000
1863274,350000
1863277,1000000
1863279,0
1863286,150000
1863292,220000
1863293,300000
1863306,400000
1863310,365500
1863313,200000
1863314,0
1863315,530000
1863324,548400
1863328,395000
1863335,350000
1863341,0
1863345,534500
1863353,0
1863354,0
1863355,322200
1863364,0
1863367,350000
1863372,150000
1863376,0
1863387,540400
1863395,400000
1863402,250500
1863403,240000
1863404,0
1863408,400000
1863412,150000
1863420,0
1863437,0
1863455,0
1863457,150000
1863458,670500
1863459,150000
1863465,250000
1863476,150000
1863483,250000
1863488,315000
1863491,332000
1863498,260000
1863509,250000
1863512,150000
1863515,250000
1863518,0
1863519,0
1863523,630200
1863529,0
1863531,0
1863532,0
1863537,0
1863540,578200
1863541,617400
1863555,354000
1863566,500000
1863571,135000
1863572,0
1863580,1144000
1863581,150000
1863585,617400
1863587,150000
1863592,380000
1863601,0
1863602,400000
1863610,264000
1863613,202400
1863617,250000
1863632,1828700
1863633,300000
1863634,350000
1863646,560000
1863649,400000
1863653,450000
1863655,250000
1863658,250000
1863660,470000
1863665,0
1863669,663000
1863676,150000
1863677,0
1863678,831300
1863679,250000
1863683,400000
1863685,180000
1863688,375300
1863690,485000
1863699,250000
1863701,300000
1863706,490000
1863709,150000
1863711,0
1863715,564000
1863717,0
1863718,150000
1863724,150000
1863734,200000
1863737,0
1863739,194000
1863751,0
1863754,498900
1863756,350000
1863757,0
1863759,150000
1863760,350000
1863764,550000
1863765,99000
1863766,0
1863770,150000
1863772,0
1863773,0
1863781,150000
1863782,0
1863783,130000
1863785,364500
1863786,0
1863787,0
1863790,140000
1863797,200000
1863808,0
1863815,400000
1863816,0
1863819,350000
1863827,0
1863843,0
1863847,0
1863858,0
1863861,300000
1863865,0
1863870,0
1863874,0
1863878,180000
1863882,0
1863883,0
1863884,600000
1863886,600000
1863887,350000
1863889,0
1863891,150000
1863901,250000
1863904,400000
1863905,0
1863909,0
1863911,0
1863915,564000
1863917,0
1863920,0
1863921,250000
1863922,493000
1863925,0
1863929,150000
1863934,0
1863938,0
1863941,0
1863947,150000
1863948,400000
1863949,0
1863950,0
1863951,385000
1863952,150000
1863959,0
1863962,150000
1863965,350000
1863972,150000
1863973,150000
1863977,150000
1863979,0
1863980,0
1863983,504400
1863989,225000
1863992,490000
1863993,0
1863995,0
1863996,150000
1863998,0
1864001,700000
1864006,0
1864021,400000
1864022,140000
1864023,350000
1864029,300000
1864030,150000
1864035,0
1864036,150000
1864040,0
1864041,0
1864043,350000
1864045,575000
1864060,150000
1864066,350000
1864071,200000
1864073,200000
1864074,800000
1864082,369600
1864084,0
1864085,150000
1864087,0
1864097,0
1864103,350000
1864106,319000
1864119,0
1864127,350000
1864128,140000
1864133,47700
1864136,150000
1864142,200000
1864145,500000
1864147,400000
1864149,579600
1864151,350000
1864155,150000
1864158,350000
1864160,0
1864163,150000
1864172,0
1864175,74000
1864179,0
1864181,975000
1864193,150000
1864197,125000
1864199,144000
1864201,350000
1864210,223000
1864212,26600
1864218,913000
1864222,350000
1864225,152500
1864230,290000
1864232,0
1864236,322000
1864237,150000
1864242,150000
1864246,474800
1864247,0
1864251,0
1864253,150000
1864263,0
1864264,0
1864266,300000
1864274,150000
1864287,150000
1864289,0
1864290,500000
1864291,0
1864293,0
1864303,300000
1864304,150000
1864307,550000
1864329,250000
1864330,250000
1864332,0
1864341,150000
1864373,446900
1864376,350000
1864379,523600
1864383,150000
1864384,0
1864393,0
1864395,0
1864396,500000
1864402,0
1864406,270900
1864407,127500
1864409,150000
1864413,0
1864429,150000
1864434,359000
1864438,150000
1864443,550000
1864448,650000
1864450,150000
1864453,385000
1864461,150000
1864472,550000
1864474,150000
1864477,150000
1864483,150000
1864486,200000
1864489,150000
1864490,150000
1864491,400000
1864495,0
1864501,0
1864502,0
1864514,500000
1864520,150000
1864523,279000
1864525,240000
1864526,826000
1864527,150000
1864530,70000
1864535,700000
1864541,350000
1864542,350000
1864547,150000
1864551,328000
1864565,0
1864569,10500
1864581,150000
1864587,150000
1864589,0
1864591,0
1864592,0
1864598,0
1864625,0
1864631,34300
1864636,150000
1864640,913000
1864645,150000
1864655,150000
1864669,391500
1864675,439000
1864678,0
1864685,190000
1864686,150000
1864712,550000
1864720,325000
1864734,0
1864735,300000
1864742,447800
1864744,0
1864749,85000
1864757,472300
1864764,500000
1864772,0
1864773,690000
1864776,300000
1864784,0
1864789,700000
1864792,250000
1864796,353300
1864797,1360900
1864798,200000
1864814,150000
1864822,150000
1864825,150000
1864833,146000
1864838,200000
1864839,150000
1864841,250000
1864855,0
1864865,1965000
1864866,0
1864867,118500
1864868,250000
1864876,415000
1864882,609400
1864883,645000
1864885,162000
1864900,0
1864904,0
1864905,0
1864908,340700
1864924,0
1864925,82500
1864929,367500
1864939,150000
1864941,0
1864947,0
1864953,350000
1864955,680000
1864957,162000
1864960,449000
1864963,250000
1864969,300000
1864975,0
1864981,1326300
1864989,525000
1864994,0
1864999,144000
1865000,0
1865003,150000
1865004,0
1865009,0
1865015,0
1865016,0
1865021,400000
1865022,350000
1865029,2715000
1865034,625000
1865047,300000
1865050,0
1865053,321800
1865055,870000
1865056,150000
1865059,150000
1865066,0
1865069,350000
1865073,350000
1865081,150000
1865090,0
1865093,334000
1865101,0
1865103,0
1865104,78000
1865108,188200
1865117,350000
1865119,3390000
1865121,189000
1865132,588600
1865134,315800
1865151,0
1865156,940000
1865161,0
1865166,436000
1865167,315000
1865168,450000
1865170,350000
1865172,150000
1865174,1750000
1865176,300000
1865180,523700
1865181,785400
1865185,150000
1865186,150000
1865199,200000
1865200,350000
1865207,0
1865214,350000
1865229,600000
1865232,600000
1865233,0
1865245,143400
1865247,0
1865262,0
1865287,150000
1865288,130000
1865292,240000
1865300,150000
1865313,250000
1865316,200000
1865320,0
1865321,0
1865331,436300
1865338,0
1865339,250000
1865344,420000
1865352,0
1865375,292500
1865384,150000
1865388,489500
1865392,250000
1865394,150000
1865396,0
1865406,150000
1865412,350000
1865426,999000
1865431,150000
1865446,0
1865450,0
1865456,170000
1865458,500000
1865460,146000
1865465,250000
1865473,500000
1865476,400000
1865479,650000
1865484,0
1865491,300000
1865497,385000
1865506,300000
1865507,350000
1865511,312000
1865512,356000
1865514,150000
1865516,100000
1865518,150000
1865524,500000
1865526,310000
1865530,150000
1865540,5333400
1865544,495000
1865545,0
1865546,0
1865549,361000
1865555,0
1865573,631000
1865579,0
1865586,0
1865593,0
1865595,0
1865597,400000
1865600,0
1865607,0
1865608,150000
1865609,400000
1865616,0
1865619,0
1865630,324000
1865647,0
1865652,466100
1865656,150000
1865660,350000
1865668,404400
1865669,0
1865670,150000
1865676,913000
1865677,278600
1865678,146000
1865684,0
1865688,385000
1865701,634000
1865708,2407000
1865710,350000
1865711,459000
1865716,0
1865722,350000
1865724,350000
1865725,550000
1865728,150000
1865730,385200
1865747,0
1865749,1160800
1865754,0
1865755,200000
1865770,150000
1865787,150000
1865789,500000
1865798,530000
1865814,571100
1865818,0
1865823,150000
1865824,657000
1865826,400000
1865848,146000
1865851,0
1865852,137100
1865866,150000
1865867,0
1865885,500000
1865895,585000
1865901,225000
1865903,0
1865905,350000
1865912,0
1865917,0
1865928,759000
1865941,347500
1865945,225000
1865949,0
1865953,630000
1865961,367000
1865967,167500
1865970,0
1865972,350000
1865990,350000
1865993,490000
1866013,413000
1866036,508000
1866064,402000
1866079,144000
1866086,100000
1866097,0
1866103,500000
1866118,923400
1866121,483000
1866133,0
1866141,250000
1866145,0
1866173,1010000
1866174,0
1866177,313200
1866184,0
1866185,0
1866203,0
1866211,364500
1866219,766800
1866222,300000
1866225,0
1866236,325000
1866242,0
1866250,0
1866257,0
1866279,568900
1866288,0
1866291,400000
1866326,450000
1866333,150000
1866338,150000
1866346,150000
1866348,450000
1866349,400000
1866358,150000
1866359,0
1866363,400000
1866367,150000
1866371,150000
1866372,150000
1866382,1588000
1866385,0
1866398,200000
1866400,0
1866405,400000
1866407,400000
1866411,250000
1866415,0
1866436,597000
1866445,250000
1866446,0
1866448,550000
1866449,0
1866456,800000
1866463,120000
1866480,150000
1866482,150000
1866492,358200
1866498,0
1866509,150000
1866514,150000
1866522,325400
1866523,150000
1866529,400000
1866545,364500
1866546,150000
1866547,300000
1866550,150000
1866556,123000
1866557,0
1866559,432000
1866561,200000
1866562,150000
1866563,250000
1866564,637400
1866565,0
1866576,1000000
1866589,100000
1866595,239800
1866598,0
1866600,250000
1866601,0
1866606,310000
1866610,333800
1866611,0
1866614,0
1866629,150000
1866630,528000
1866634,0
1866638,238000
1866640,300000
1866643,250000
1866655,448100
1866659,0
1866660,402700
1866673,711200
1866692,0
1866698,150000
1866704,2692800
1866706,150000
1866707,0
1866708,0
1866709,0
1866715,0
1866721,317600
1866727,372500
1866728,0
1866736,542300
1866737,400000
1866742,550000
1866745,0
1866751,75000
1866752,517400
1866762,542300
1866768,542300
1866772,928000
1866775,624800
1866778,0
1866782,0
1866783,505100
1866785,350000
1866791,691500
1866795,137900
1866800,561300
1866803,0
1866807,144000
1866809,1060000
1866812,703000
1866817,600000
1866830,350000
1866832,410000
1866837,613200
1866842,680000
1866844,193500
1866847,477600
1866852,0
1866854,0
1866855,400000
1866859,489300
1866871,508700
1866874,0
1866879,500000
1866881,485200
1866882,150000
1866883,95000
1866887,595000
1866891,471700
1866893,400000
1866901,0
1866920,599400
1866923,498900
1866925,0
1866931,624000
1866932,450000
1866944,150000
1866954,992600
1866955,96000
1866957,150000
1866961,461400
1866962,690300
1866967,0
1866985,0
1866993,1022900
1866999,150000
1867011,0
1867025,400000
1867026,0
1867028,0
1867038,150000
1867044,270000
1867046,650000
1867047,200000
1867052,0
1867056,0
1867058,366000
1867060,126000
1867080,250000
1867081,400000
1867083,0
1867084,500000
1867089,320400
1867090,150000
1867098,725000
1867103,250000
1867104,350000
1867105,150000
1867112,150000
1867113,334500
1867116,350000
1867123,200000
1867127,0
1867137,240000
1867148,130000
1867149,334500
1867152,150000
1867163,150000
1867165,350000
1867167,349000
1867171,350000
1867175,150000
1867186,150000
1867187,672000
1867193,200000
1867197,381500
1867202,0
1867203,334500
1867212,299300
1867213,0
1867214,0
1867222,150000
1867227,300000
1867229,150000
1867233,200000
1867234,200000
1867251,150000
1867261,200000
1867265,144000
1867267,395000
1867277,250000
1867278,0
1867279,350000
1867280,0
1867283,0
1867284,221200
1867285,150000
1867290,0
1867291,250000
1867297,400000
1867299,0
1867300,200000
1867304,0
1867306,334500
1867307,300000
1867308,360000
1867316,419900
1867320,270900
1867334,700000
1867335,334500
1867339,0
1867344,0
1867348,300000
1867349,0
1867367,0
1867368,350000
1867374,0
1867384,177400
1867387,0
1867399,250000
1867401,150000
1867416,300000
1867417,300000
1867420,0
1867425,0
1867429,520000
1867432,354100
1867435,350000
1867439,0
1867446,200000
1867464,300000
1867465,200000
1867471,600000
1867490,150000
1867493,400000
1867503,334500
1867510,150000
1867512,150000
1867513,250000
1867520,300000
1867530,200000
1867537,150000
1867544,334500
1867550,0
1867552,550000
1867558,0
1867567,400000
1867569,174300
1867571,150000
1867572,700000
1867576,0
1867582,0
1867585,350000
1867587,148500
1867590,150000
1867592,577800
1867605,0
1867609,400000
1867613,350000
1867614,140000
1867615,140000
1867618,150000
1867619,0
1867621,711300
1867635,400000
1867640,0
1867641,0
1867642,170000
1867643,0
1867646,200000
1867662,300000
1867665,540000
1867671,250000
1867674,180000
1867678,350000
1867699,150000
1867702,136400
1867705,205200
1867706,150000
1867708,150000
1867711,0
1867715,0
1867722,150000
1867756,200000
1867760,300000
1867764,150000
1867771,150000
1867772,350000
1867775,350000
1867787,0
1867799,400000
1867800,350000
1867812,325000
1867819,150000
1867821,0
1867827,623300
1867828,0
1867831,150000
1867836,0
1867838,300000
1867841,379600
1867843,83000
1867867,150000
1867870,150000
1867873,150000
1867876,0
1867878,150000
1867888,200000
1867890,581500
1867893,0
1867901,0
1867908,0
1867910,1016600
1867912,0
1867913,500000
1867924,350000
1867925,0
1867926,500000
1867927,300000
1867929,350000
1867933,127500
1867938,100000
1867948,350000
1867953,486000
1867958,0
1867972,0
1867979,305000
1867984,0
1867988,150000
1867991,140000
1867994,0
1867998,150000
1868002,250000
1868008,231000
1868010,330000
1868014,0
1868017,412000
1868024,140000
1868029,0
1868035,200000
1868046,150000
1868054,0
1868059,0
1868060,350000
1868069,548200
1868070,0
1868072,350000
1868081,150000
1868084,469500
1868088,0
1868097,659200
1868098,150000
1868099,0
1868101,150000
1868102,150000
1868107,247200
1868114,150000
1868117,900000
1868120,140000
1868125,200000
1868131,500000
1868133,847500
1868141,0
1868151,501600
1868157,250000
1868167,300000
1868169,0
1868172,500000
1868173,0
1868176,0
1868177,0
1868189,285000
1868192,0
1868193,0
1868197,644000
1868198,550000
1868213,350000
1868214,300000
1868226,200000
1868232,420000
1868233,150000
1868250,0
1868252,150000
1868257,0
1868259,250000
1868265,300000
1868273,126000
1868277,0
1868283,265000
1868285,650000
1868291,350000
1868299,548200
1868302,200000
1868304,300000
1868306,150000
1868308,0
1868312,0
1868318,134000
1868321,350000
1868330,150000
1868332,144000
1868344,570000
1868347,0
1868348,292500
1868350,290000
1868351,516800
1868359,300000
1868361,345000
1868367,0
1868372,500000
1868377,350000
1868379,300000
1868381,617000
1868383,0
1868388,150000
1868389,0
1868394,150000
1868396,144000
1868403,150000
1868404,649000
1868409,350000
1868424,450000
1868433,0
1868435,0
1868441,775500
1868443,0
1868444,0
1868450,150000
1868452,0
1868471,500000
1868481,0
1868482,550000
1868483,350000
1868484,200000
1868485,150000
1868489,0
1868492,700000
1868500,144000
1868508,150000
1868510,150000
1868512,350000
1868514,0
1868518,214400
1868520,700000
1868527,350000
1868543,490000
1868553,170000
1868560,166000
1868561,80000
1868566,500000
1868567,550000
1868582,200000
1868586,0
1868593,350000
1868595,145000
1868599,150000
1868600,150000
1868602,0
1868607,250000
1868613,200000
1868615,250000
1868619,150000
1868631,150000
1868635,350000
1868642,540000
1868643,949000
1868647,0
1868651,650000
1868652,0
1868667,150000
1868669,0
1868674,4400000
1868678,0
1868680,150000
1868683,350000
1868695,0
1868701,459000
1868702,0
1868704,350000
1868719,521400
1868722,119000
1868728,0
1868731,908000
1868738,574000
1868740,350000
1868745,0
1868746,192000
1868747,144000
1868749,350000
1868752,530000
1868753,650000
1868757,540000
1868758,400000
1868764,350000
1868773,300000
1868775,100000
1868778,0
1868791,250000
1868794,0
1868796,220000
1868800,150000
1868804,0
1868809,150000
1868820,350000
1868824,350000
1868828,350000
1868839,350000
1868845,237600
1868847,350000
1868850,100000
1868851,0
1868857,350000
1868863,264000
1868873,500000
1868884,496300
1868894,350000
1868898,500000
1868899,150000
1868903,500000
1868905,0
1868910,350000
1868915,150000
1868916,300000
1868917,0
1868918,0
1868925,820000
1868926,400000
1868931,0
1868934,500000
1868936,150000
1868937,0
1868939,350000
1868940,0
1868944,0
1868945,0
1868948,350000
1868959,0
1868960,0
1868967,500000
1868974,150000
1868990,150000
1868995,0
1868997,310000
1868998,650000
1869003,1000000
1869007,500000
1869031,350000
1869035,110000
1869038,139600
1869045,350000
1869050,0
1869056,0
1869061,0
1869062,150000
1869075,580000
1869082,547500
1869084,0
1869090,348800
1869094,350000
1869104,488000
1869112,150000
1869113,0
1869119,209000
1869130,0
1869138,350000
1869140,350000
1869144,130000
1869149,0
1869151,350000
1869154,0
1869155,500000
1869162,200000
1869164,451300
1869169,207300
1869171,150000
1869173,400000
1869176,350000
1869177,350000
1869195,0
1869199,0
1869202,150000
1869208,150000
1869209,496100
1869211,145500
1869213,150000
1869215,0
1869216,440900
1869217,520000
1869219,427400
1869225,350000
1869231,0
1869232,500000
1869237,300000
1869238,450000
1869240,0
1869259,0
1869261,500000
1869271,350000
1869273,200000
1869285,500000
1869296,144000
1869300,0
1869301,0
1869308,600000
1869328,575000
1869334,800000
1869337,363800
1869342,150000
1869347,500000
1869349,245000
1869353,150000
1869368,0
1869374,197200
1869375,193100
1869380,300000
1869383,0
1869385,0
1869394,450000
1869400,0
1869404,150000
1869415,396000
1869420,350000
1869432,150000
1869441,481000
1869445,350000
1869449,380000
1869451,500000
1869455,614800
1869456,0
1869457,370000
1869462,500000
1869465,500000
1869468,175200
1869472,500000
1869484,630000
1869485,342000
1869486,150000
1869487,822000
1869493,2481800
1869495,0
1869501,500000
1869513,550000
1869518,575000
1869519,150000
1869523,150000
1869540,776600
1869548,350000
1869550,200000
1869556,150000
1869558,0
1869563,200000
1869564,0
1869570,388000
1869579,150000
1869581,350000
1869588,390000
1869589,350000
1869594,0
1869599,300000
1869603,400000
1869607,0
1869610,0
1869612,372700
1869617,147600
1869624,122500
1869625,0
1869627,195400
1869629,150000
1869632,0
1869637,0
1869640,926500
1869641,572200
1869643,204000
1869644,760000
1869652,0
1869653,300000
1869658,486000
1869664,350000
1869665,354300
1869666,530000
1869667,350000
1869672,0
1869675,350000
1869689,0
1869699,0
1869704,300000
1869706,750000
1869715,350000
1869718,1060000
1869722,0
1869724,150000
1869731,460500
1869733,150000
1869736,0
1869738,0
1869739,0
1869740,0
1869741,140000
1869745,0
1869746,0
1869747,350000
1869751,0
1869763,0
1869768,396000
1869778,350000
1869781,165000
1869782,646000
1869784,150000
1869788,350000
1869791,410000
1869792,100000
1869798,170000
1869800,0
1869822,200000
1869824,0
1869831,0
1869838,0
1869840,0
1869843,150000
1869844,0
1869849,0
1869850,150000
1869851,2397800
1869865,421200
1869869,150000
1869874,350000
1869877,290000
1869894,300000
1869910,150000
1869915,360000
1869921,144000
1869922,0
1869928,200000
1869933,400000
1869934,350000
1869946,852000
1869948,350000
1869951,150000
1869952,0
1869955,150000
1869962,500000
1869967,135000
1869969,400000
1869971,0
1869974,500000
1869981,0
1869988,0
1869992,150000
1869998,785000
1869999,400000
1870000,950000
1870005,0
1870010,150000
1870015,150000
1870017,0
1870019,0
1870020,150000
1870021,0
1870023,150000
1870025,350000
1870029,522600
1870030,350000
1870033,8294000
1870036,150000
1870037,350000
1870044,150000
1870047,500000
1870054,200000
1870056,310000
1870058,150000
1870062,500000
1870065,470000
1870066,350000
1870067,374500
1870077,350000
1870078,350000
1870081,0
1870083,191800
1870084,0
1870085,0
1870089,400000
1870094,0
1870098,0
1870102,200000
1870105,250000
1870109,0
1870111,550000
1870112,150000
1870116,350000
1870118,0
1870123,350000
1870124,550000
1870127,176400
1870131,350000
1870137,373900
1870141,150000
1870143,550000
1870147,350000
1870149,350000
1870152,150000
1870155,400000
1870156,259000
1870167,500000
1870182,300000
1870192,650000
1870193,300000
1870202,150000
1870203,271500
1870205,285000
1870206,446800
1870214,0
1870218,0
1870227,350000
1870237,150000
1870239,412100
1870243,200000
1870260,350000
1870262,0
1870270,0
1870271,0
1870274,177000
1870287,150000
1870307,150000
1870313,150000
1870319,533600
1870323,150000
1870324,0
1870333,150000
1870337,350000
1870340,0
1870342,350000
1870345,350000
1870355,0
1870356,591300
1870358,0
1870360,675000
1870361,350000
1870374,0
1870378,650000
1870385,0
1870392,350000
1870394,0
1870401,0
1870402,250000
1870416,350000
1870420,356000
1870421,476000
1870430,579500
1870439,500000
1870445,350000
1870446,0
1870455,1177200
1870457,0
1870461,0
1870462,0
1870466,0
1870471,0
1870476,1000000
1870477,0
1870499,720000
1870501,150000
1870503,300000
1870505,150000
1870509,298000
1870515,0
1870518,0
1870521,164000
1870524,150000
1870526,389100
1870534,100000
1870540,1000000
1870558,469000
1870564,340000
1870569,150000
1870581,200000
1870585,0
1870589,0
1870592,800000
1870599,0
1870602,700000
1870612,535500
1870614,144000
1870618,500000
1870622,350000
1870624,350000
1870626,1000000
1870629,100000
1870632,0
1870633,0
1870636,500000
1870639,0
1870643,250000
1870647,250000
1870649,150000
1870653,350000
1870656,630000
1870666,150000
1870667,0
1870670,400000
1870671,489600
1870673,0
1870674,150000
1870675,99000
1870680,495000
1870683,0
1870684,667000
1870685,0
1870687,350000
1870693,350000
1870695,0
1870713,335800
1870718,850000
1870722,150000
1870727,0
1870728,350000
1870732,150000
1870733,350000
1870734,245900
1870735,0
1870736,304000
1870751,288000
1870757,150000
1870777,381600
1870778,0
1870779,0
1870783,400000
1870797,150000
1870803,350000
1870807,0
1870808,0
1870810,0
1870812,312000
1870818,500000
1870828,458600
1870833,150000
1870839,200000
1870841,150000
1870856,150000
1870860,517000
1870862,400000
1870864,350000
1870870,0
1870872,581500
1870879,0
1870881,0
1870885,0
1870899,132400
1870900,350000
1870907,0
1870913,0
1870927,0
1870932,350000
1870949,0
1870953,350000
1870956,350000
1870957,1000000
1870967,150000
1870969,497600
1870972,0
1870977,0
1870978,150000
1870983,350000
1870984,0
1870987,0
1870990,350000
1870995,350000
1870999,599500
1871017,150000
1871019,0
1871023,154000
1871026,250000
1871036,150000
1871040,0
1871041,0
1871044,0
1871047,350000
1871048,250000
1871061,150000
1871063,0
1871071,577800
1871072,150000
1871084,150000
1871086,0
1871090,140000
1871092,350000
1871096,350000
1871104,0
1871105,0
1871106,350000
1871112,0
1871119,400000
1871121,320000
1871133,474800
1871138,0
1871143,350000
1871144,350000
1871146,0
1871149,200000
1871153,150000
1871155,650000
1871164,200000
1871169,150000
1871175,0
1871180,675000
1871182,0
1871184,150000
1871196,500000
1871197,0
1871218,464000
1871226,0
1871229,0
1871231,233000
1871232,1379700
1871240,290000
1871243,500000
1871249,350000
1871260,550000
1871265,0
1871267,0
1871272,0
1871274,150000
1871275,0
1871281,650000
1871286,500000
1871297,0
1871298,300000
1871299,0
1871309,150000
1871311,650000
1871312,150000
1871315,0
1871318,0
1871339,0
1871340,356300
1871341,150000
1871345,0
1871346,470000
1871349,399500
1871351,350000
1871352,200000
1871358,650000
1871365,500000
1871370,150000
1871374,150000
1871378,142500
1871381,0
1871386,410000
1871394,500000
1871395,300000
1871400,150000
1871410,4125200
1871422,150000
1871437,0
1871439,0
1871442,0
1871446,350000
1871447,0
1871450,0
1871452,150000
1871469,2342900
1871485,270000
1871486,430000
1871488,350000
1871504,221000
1871514,450000
1871553,0
1871561,350000
1871566,600000
1871568,0
1871575,750000
1871579,64000
1871583,550000
1871594,500000
1871598,412300
1871600,144000
1871601,0
1871602,0
1871617,0
1871633,0
1871634,369500
1871635,350000
1871647,0
1871648,0
1871652,300000
1871653,0
1871660,304000
1871661,400000
1871663,150000
1871669,670500
1871681,500000
1871688,500000
1871698,0
1871712,300000
1871723,0
1871727,350000
1871729,627600
1871741,580400
1871746,0
1871751,0
1871753,350000
1871754,0
1871758,0
1871766,0
1871769,350000
1871770,0
1871772,350000
1871773,150000
1871776,267500
1871781,350000
1871785,150000
1871787,0
1871793,350000
1871795,0
1871803,450000
1871810,0
1871815,3528000
1871816,150000
1871822,148300
1871825,500000
1871826,150000
1871829,0
1871836,0
1871839,725000
1871841,0
1871846,500000
1871847,0
1871855,435000
1871856,165000
1871862,250000
1871863,350000
1871865,0
1871873,640000
1871874,0
1871879,0
1871882,350000
1871886,0
1871889,120000
1871891,150000
1871900,450000
1871901,0
1871907,400000
1871910,350000
1871920,150000
1871922,0
1871928,0
1871929,350000
1871932,0
1871947,0
1871949,500000
1871950,150000
1871968,400000
1871971,300000
1871973,0
1871975,669100
1871977,150000
1871981,0
1871983,0
1871990,0
1871991,150000
1871994,383600
1871998,395600
1872003,130000
1872008,0
1872020,0
1872033,0
1872057,370500
1872059,850000
1872066,500800
1872070,550000
1872071,150000
1872072,83000
1872075,410000
1872077,150000
1872086,500000
1872087,400000
1872091,144000
1872093,485000
1872103,0
1872115,0
1872120,150000
1872122,243600
1872123,0
1872140,150000
1872142,913000
1872143,584500
1872165,350000
1872170,400000
1872171,338000
1872180,400000
1872181,0
1872188,449000
1872191,500000
1872192,150000
1872200,0
1872208,150000
1872211,350000
1872215,1116900
1872229,0
1872232,140000
1872237,500000
1872239,340000
1872240,0
1872259,0
1872264,350000
1872269,400000
1872277,300000
1872295,0
1872296,550000
1872302,628000
1872306,0
1872307,0
1872317,300000
1872318,0
1872319,350000
1872320,592600
1872321,128700
1872323,200000
1872331,0
1872336,459500
1872348,150000
1872354,0
1872365,150000
1872369,150000
1872374,500000
1872375,0
1872385,350000
1872392,250000
1872394,0
1872395,0
1872399,495200
1872429,300000
1872432,150000
1872440,775000
1872456,150000
1872457,0
1872458,0
1872465,350000
1872477,350000
1872480,523400
1872483,148000
1872485,550000
1872497,300000
1872502,0
1872525,885700
1872529,1167000
1872535,150000
1872547,0
1872559,150000
1872570,350000
1872571,505000
1872580,150000
1872581,615000
1872582,0
1872585,0
1872586,550000
1872588,984000
1872595,350000
1872596,350000
1872599,150000
1872604,350000
1872618,862000
1872622,350000
1872628,350000
1872632,0
1872636,0
1872639,150000
1872641,0
1872642,150000
1872643,130000
1872655,2790000
1872659,350000
1872660,350000
1872663,250000
1872664,0
1872671,0
1872677,206100
1872679,444000
1872680,0
1872685,0
1872688,0
1872689,0
1872690,100000
1872694,200000
1872695,0
1872700,506300
1872706,350000
1872711,0
1872713,0
1872716,824700
1872726,0
1872738,280000
1872739,0
1872740,0
1872743,0
1872747,500000
1872751,0
1872756,200000
1872757,535000
1872759,0
1872763,0
1872765,0
1872767,793600
1872768,0
1872772,350000
1872776,350000
1872777,0
1872783,350000
1872785,0
1872791,205000
1872795,0
1872799,500000
1872807,258000
1872808,730000
1872812,777500
1872819,390000
1872820,0
1872822,1698900
1872837,0
1872839,0
1872845,0
1872852,350000
1872854,693000
1872858,0
1872864,500000
1872871,0
1872873,130000
1872874,0
1872878,0
1872887,1151100
1872891,0
1872901,0
1872903,0
1872907,0
1872908,0
1872914,0
1872916,300000
1872917,400000
1872924,150000
1872926,100000
1872929,0
1872946,480600
1872954,0
1872960,0
1872961,0
1872973,0
1872980,204000
1872987,0
1872998,0
1873003,350000
1873009,300000
1873019,300000
1873027,300000
1873034,300000
1873045,500000
1873053,80000
1873054,1428700
1873059,150000
1873062,0
1873064,0
1873066,0
1873071,350000
1873072,0
1873077,350000
1873084,0
1873091,200000
1873103,426400
1873112,500000
1873116,150000
1873120,343200
1873121,350000
1873122,0
1873123,300000
1873124,0
1873129,0
1873131,300000
1873138,350000
1873143,358000
1873150,0
1873152,166100
1873154,520000
1873163,1011500
1873167,0
1873177,0
1873194,600000
1873202,0
1873205,600000
1873209,296000
1873212,0
1873214,650000
1873218,300000
1873219,0
1873220,350000
1873225,300000
1873229,650000
1873242,593400
1873244,100000
1873246,0
1873258,200000
1873270,135000
1873271,250000
1873277,150000
1873278,3383900
1873288,450000
1873297,0
1873303,300000
1873314,400000
1873330,780000
1873332,37300
1873336,300000
1873351,450000
1873362,583500
1873363,150000
1873369,200000
1873383,63000
1873387,150000
1873393,466100
1873394,0
1873403,433400
1873411,200000
1873418,0
1873429,150000
1873450,150000
1873451,0
1873466,0
1873497,150000
1873498,726000
1873499,200000
1873503,150000
1873512,0
1873513,0
1873517,150000
1873521,493200
1873570,212500
1873584,350000
1873588,150000
1873610,0
1873620,480000
1873624,0
1873630,750000
1873643,2000000
1873645,150000
1873647,500000
1873648,300000
1873653,150000
1873655,0
1873656,130000
1873671,0
1873673,0
1873698,150000
1873708,494800
1873710,150000
1873715,709800
1873719,300000
1873726,750000
1873731,0
1873738,700000
1873747,0
1873755,300000
1873776,150000
1873817,519000
1873834,0
1873839,0
1873841,0
1873853,750000
1873866,350000
1873873,150000
1873881,0
1873896,0
1873906,250000
1873910,0
1873934,150000
1873941,175000
1873942,400000
1873949,650000
1873951,294000
1873955,0
1873957,181000
1873963,400000
1873965,545800
1873975,150000
1873986,0
1873993,0
1874001,0
1874011,400000
1874012,300000
1874024,1670300
1874048,200000
1874053,0
1874068,1002500
1874075,150000
1874079,0
1874082,0
1874099,500000
1874106,0
1874115,0
1874119,0
1874122,0
1874124,550000
1874134,0
1874142,190000
1874148,0
1874156,150000
1874159,150000
1874170,150000
1874171,150000
1874176,0
1874177,150000
1874178,430000
1874194,8500
1874203,0
1874211,473100
1874212,350000
1874214,300000
1874223,150000
1874236,350000
1874238,110000
1874241,350000
1874250,300000
1874286,0
1874292,150000
1874293,324400
1874297,300000
1874298,350000
1874307,562500
1874308,0
1874312,350000
1874327,640000
1874334,0
1874348,843200
1874352,0
1874370,0
1874383,0
1874388,150000
1874396,0
1874397,0
1874401,324000
1874420,150000
1874421,300000
1874422,150000
1874441,0
1874442,374000
1874443,180000
1874454,450000
1874466,0
1874469,0
1874473,457000
1874484,150000
1874531,459700
1874543,300000
1874545,0
1874550,0
1874560,96000
1874561,400000
1874569,300000
1874570,150000
1874574,200000
1874576,350000
1874578,0
1874594,0
1874603,0
1874605,0
1874638,350000
1874645,150000
1874650,0
1874651,0
1874671,0
1874672,300000
1874690,276000
1874696,150000
1874697,225000
1874714,439000
1874719,174900
1874723,150000
1874730,0
1874739,150000
1874740,517700
1874742,350000
1874744,140000
1874752,0
1874755,130000
1874764,150000
1874768,150000
1874770,0
1874771,300000
1874772,230000
1874777,0
1874781,674000
1874801,150000
1874805,300000
1874806,408800
1874815,0
1874823,150000
1874834,350000
1874838,330000
1874842,400000
1874848,350000
1874853,150000
1874861,350000
1874862,150000
1874877,151600
1874878,0
1874883,513000
1874886,0
1874890,500000
1874898,0
1874900,150000
1874901,0
1874905,400000
1874913,200000
1874916,509000
1874921,350000
1874934,780000
1874937,350000
1874939,0
1874944,142500
1874949,150000
1874960,0
1874963,200000
1874968,212500
1874970,0
1874971,0
1874976,500000
1874980,500100
1874984,150000
1874996,350000
1874999,150000
1875002,140700
1875006,500000
1875009,30100
1875011,375000
1875013,150000
1875037,0
1875049,130000
1875056,350000
1875059,0
1875062,150000
1875067,385000
1875069,170000
1875098,150000
1875100,1000000
1875109,591000
1875111,150000
1875126,232000
1875133,150000
1875134,315000
1875139,518000
1875140,0
1875142,0
1875148,150000
1875149,150000
1875156,500000
1875158,200000
1875165,0
1875173,600000
1875174,0
1875178,650000
1875187,150000
1875197,66700
1875200,150000
1875204,350000
1875206,200000
1875223,666000
1875224,597000
1875232,643500
1875233,120000
1875241,310000
1875242,0
1875249,0
1875262,0
1875268,0
1875284,250000
1875296,500000
1875300,0
1875317,150000
1875330,150000
1875332,0
1875333,0
1875347,0
1875354,350000
1875365,461600
1875367,0
1875369,200000
1875372,150000
1875402,0
1875403,197500
1875405,0
1875412,0
1875424,350000
1875426,350000
1875433,350000
1875434,150000
1875436,0
1875443,350000
1875444,350000
1875448,326700
1875466,0
1875479,350000
1875483,0
1875485,500000
1875491,500000
1875494,0
1875501,150000
1875503,360000
1875506,350000
1875509,200000
1875511,250000
1875520,536800
1875529,0
1875533,652500
1875539,150000
1875541,280000
1875542,652500
1875553,0
1875554,0
1875566,200000
1875571,0
1875577,0
1875579,0
1875580,652500
1875582,150000
1875590,492500
1875594,144000
1875597,652500
1875598,120000
1875604,507000
1875606,630000
1875610,0
1875612,200000
1875617,531000
1875621,679000
1875627,667500
1875638,633500
1875646,0
1875650,661500
1875652,95000
1875653,150000
1875660,646100
1875664,400000
1875677,0
1875684,652500
1875688,150000
1875691,652500
1875693,0
1875694,816500
1875704,300000
1875706,652500
1875708,240000
1875710,469900
1875711,135000
1875713,400000
1875722,300000
1875724,350000
1875728,450000
1875731,652500
1875732,0
1875733,150000
1875741,150000
1875747,475000
1875749,652500
1875752,150000
1875762,532000
1875763,0
1875776,350000
1875777,294000
1875798,150000
1875799,311000
1875803,0
1875804,150000
1875806,350000
1875809,239900
1875818,0
1875819,0
1875820,0
1875821,220000
1875833,150000
1875835,100000
1875841,0
1875862,0
1875870,150000
1875871,0
1875888,1135500
1875897,911300
1875899,143400
1875903,75600
1875921,150000
1875925,825000
1875926,540000
1875932,592500
1875934,0
1875942,350000
1875949,308000
1875953,399000
1875958,0
1875959,350000
1875961,272900
1875976,400000
1875986,0
1875987,350000
1875988,200000
1876006,0
1876007,0
1876009,135300
1876010,150000
1876013,362800
1876027,0
1876030,0
1876033,200000
1876034,350000
1876042,0
1876045,150000
1876061,0
1876074,757100
1876085,171000
1876088,350000
1876091,0
1876096,457400
1876102,0
1876104,150000
1876109,500000
1876110,300000
1876115,0
1876116,0
1876121,0
1876122,0
1876126,0
1876127,500000
1876135,0
1876146,0
1876147,73500
1876154,419200
1876157,0
1876173,500000
1876176,180000
1876181,350000
1876185,350000
1876188,0
1876190,150000
1876203,0
1876206,777500
1876207,200000
1876215,305000
1876218,400000
1876219,150000
1876220,0
1876221,350000
1876222,1387400
1876225,590000
1876235,400000
1876245,0
1876246,500000
1876251,150000
1876253,350000
1876258,150000
1876261,300000
1876269,810300
1876275,0
1876280,0
1876284,150000
1876291,565000
1876300,550000
1876302,477700
1876317,353000
1876320,0
1876321,0
1876325,1364700
1876326,350000
1876329,0
1876333,350000
1876334,0
1876339,0
1876341,260400
1876354,2500000
1876360,150000
1876361,332500
1876363,608000
1876365,1306900
1876368,150000
1876373,0
1876376,150000
1876382,430800
1876385,200000
1876388,332900
1876391,400000
1876406,300000
1876422,340000
1876423,150000
1876426,0
1876427,0
1876429,350000
1876430,0
1876432,0
1876436,0
1876438,150000
1876439,550000
1876442,0
1876444,541000
1876445,0
1876447,0
1876448,0
1876450,150000
1876454,0
1876459,150000
1876464,330000
1876470,350000
1876473,150000
1876476,588100
1876483,0
1876485,155500
1876492,150000
1876505,200000
1876522,589300
1876528,150000
1876530,0
1876533,250000
1876535,150000
1876538,272500
1876552,375000
1876554,150000
1876555,500000
1876562,500000
1876563,310000
1876564,0
1876565,310000
1876575,101100
1876580,190900
1876583,150000
1876584,150000
1876588,287600
1876615,0
1876619,0
1876621,200000
1876629,347600
1876641,419900
1876648,350000
1876651,450000
1876652,150000
1876659,550000
1876669,350000
1876671,350000
1876673,150000
1876677,150000
1876678,400000
1876683,400000
1876684,0
1876698,255000
1876702,150000
1876703,200000
1876727,0
1876729,130000
1876735,0
1876736,150000
1876742,250000
1876748,350000
1876749,180000
1876755,170000
1876760,427500
1876773,300000
1876774,0
1876783,350000
1876794,200000
1876795,0
1876796,464800
1876806,0
1876808,300000
1876815,0
1876817,150000
1876822,0
1876828,0
1876830,0
1876832,144000
1876848,0
1876856,150000
1876857,230000
1876865,0
1876868,0
1876879,350000
1876880,400000
1876882,817600
1876886,150000
1876888,0
1876889,142000
1876891,500000
1876893,0
1876894,150000
1876907,112000
1876913,400000
1876914,150000
1876918,650000
1876920,150000
1876921,0
1876937,200000
1876943,150000
1876946,320000
1876956,0
1876963,600000
1876974,0
1876987,150000
1876990,400000
1876992,150000
1876999,297000
1877001,0
1877009,0
1877014,0
1877020,150000
1877024,350000
1877025,150000
1877032,150000
1877034,150000
1877036,0
1877039,0
1877046,500000
1877050,350000
1877063,200000
1877067,250000
1877079,120000
1877081,277600
1877088,0
1877090,150000
1877094,432500
1877095,350000
1877103,451200
1877109,0
1877131,150000
1877145,577500
1877146,150000
1877148,0
1877149,0
1877153,0
1877154,0
1877159,150000
1877160,0
1877179,348200
1877184,794000
1877185,750000
1877191,200000
1877203,150000
1877207,150000
1877210,0
1877212,135000
1877221,0
1877227,150000
1877232,150000
1877238,350000
1877264,350000
1877266,150000
1877273,801500
1877274,0
1877278,350000
1877281,0
1877288,868000
1877303,150000
1877306,150000
1877310,150000
1877312,0
1877315,0
1877320,150000
1877321,350000
1877324,225000
1877325,350000
1877338,150000
1877342,0
1877353,277600
1877367,554000
1877381,550000
1877388,300000
1877393,0
1877395,150000
1877401,500000
1877403,0
1877405,0
1877408,0
1877425,0
1877426,105000
1877428,677400
1877429,350000
1877442,70000
1877450,150000
1877454,500000
1877458,350000
1877466,0
1877476,680000
1877486,150000
1877487,0
1877497,142000
1877505,0
1877506,0
1877509,585000
1877510,908000
1877521,150000
1877525,0
1877529,0
1877530,895000
1877533,0
1877538,300000
1877541,0
1877542,500000
1877548,0
1877552,0
1877560,150000
1877582,0
1877601,350000
1877604,0
1877621,729000
1877637,0
1877638,0
1877641,150000
1877645,150000
1877646,500000
1877648,123000
1877659,611300
1877663,300000
1877665,0
1877673,300000
1877682,650000
1877684,150000
1877686,0
1877701,150000
1877704,400000
1877721,0
1877722,188600
1877724,0
1877735,150000
1877736,0
1877737,150000
1877740,204700
1877741,150000
1877748,0
1877757,0
1877770,250000
1877778,150000
1877779,150000
1877781,350000
1877783,350000
1877786,350000
1877796,400000
1877806,375000
1877810,150000
1877812,150000
1877814,300000
1877828,0
1877836,0
1877844,370000
1877861,1639000
1877862,0
1877879,453700
1877885,137300
1877886,350000
1877887,540000
1877890,0
1877904,350000
1877911,0
1877913,298000
1877918,550000
1877919,0
1877924,0
1877926,500000
1877938,0
1877939,350000
1877944,140000
1877947,737600
1877956,0
1877962,350000
1877966,0
1877967,150000
1877974,0
1877980,150000
1877984,350000
1877995,0
1878000,350000
1878005,200000
1878008,867400
1878026,0
1878028,150000
1878030,0
1878032,200000
1878044,0
1878049,0
1878050,350000
1878053,154800
1878054,0
1878055,0
1878063,125000
1878078,650000
1878085,0
1878088,1089000
1878098,300000
1878105,150000
1878107,450000
1878112,400000
1878113,192000
1878115,500000
1878127,150000
1878130,0
1878138,0
1878140,500000
1878168,409600
1878170,350000
1878177,150000
1878180,1084900
1878183,0
1878184,0
1878193,150000
1878197,350000
1878203,299000
1878204,150000
1878205,0
1878209,0
1878212,150000
1878216,948000
1878217,0
1878228,0
1878242,150000
1878244,0
1878247,0
1878249,350000
1878250,310000
1878252,200000
1878255,600000
1878256,398000
1878260,0
1878275,200000
1878285,120300
1878290,0
1878306,150000
1878313,0
1878318,44600
1878320,420000
1878321,1291000
1878325,0
1878329,150000
1878333,547600
1878347,350000
1878352,150000
1878357,150000
1878367,0
1878368,0
1878380,150000
1878384,150000
1878385,0
1878386,150000
1878390,349000
1878394,625000
1878403,400000
1878426,350000
1878428,150000
1878429,350000
1878433,615000
1878434,0
1878437,150000
1878441,55000
1878442,400000
1878450,200000
1878453,150000
1878454,0
1878469,140000
1878472,350000
1878473,0
1878476,0
1878486,350000
1878496,379400
1878500,0
1878506,781200
1878516,150000
1878520,350000
1878522,350000
1878535,125000
1878543,378000
1878553,0
1878558,350000
1878566,550000
1878570,350000
1878571,150000
1878575,0
1878578,0
1878586,0
1878595,0
1878597,600000
1878598,0
1878603,508000
1878605,119000
1878623,0
1878631,0
1878632,350000
1878636,0
1878637,330000
1878641,673000
1878642,200000
1878643,150000
1878647,400000
1878659,283500
1878660,400000
1878670,650000
1878671,0
1878676,90000
1878686,0
1878692,350000
1878693,559500
1878696,0
1878699,175000
1878700,0
1878704,350000
1878714,300000
1878716,150000
1878719,0
1878730,300000
1878736,0
1878741,350000
1878743,650000
1878747,0
1878752,0
1878754,350000
1878766,153000
1878773,150000
1878774,0
1878780,350000
1878782,150000
1878786,0
1878793,0
1878801,650000
1878803,0
1878804,350000
1878814,494300
1878822,1276600
1878827,150000
1878829,150000
1878833,150000
1878834,0
1878843,150000
1878855,143700
1878861,0
1878867,125000
1878871,974800
1878888,150000
1878891,545000
1878911,0
1878919,150000
1878920,100000
1878922,0
1878924,0
1878928,451800
1878929,200000
1878933,439000
1878936,0
1878939,388000
1878943,125000
1878958,150000
1878959,300000
1878962,1000000
1878966,0
1878975,350000
1878978,350000
1878979,0
1878984,330000
1878992,427900
1878997,200000
1879004,0
1879006,0
1879008,0
1879011,350000
1879012,150000
1879019,350000
1879024,0
1879027,150000
1879030,250000
1879031,150000
1879034,150000
1879037,650000
1879042,350000
1879046,350000
1879049,496100
1879050,640000
1879057,0
1879067,1167300
1879068,607500
1879074,52900
1879075,350000
1879077,0
1879078,150000
1879079,150000
1879080,200000
1879086,0
1879092,0
1879095,0
1879098,350000
1879104,150000
1879112,120000
1879114,0
1879119,150000
1879125,272000
1879127,150000
1879134,920100
1879135,490000
1879138,150000
1879142,350000
1879148,400000
1879162,0
1879173,453000
1879174,500000
1879182,0
1879187,350000
1879188,500000
1879191,619800
1879194,150000
1879197,300000
1879199,150000
1879208,350000
1879213,0
1879215,350000
1879217,350000
1879222,166800
1879223,350000
1879226,150000
1879236,0
1879238,0
1879241,150000
1879246,200000
1879249,500000
1879252,420800
1879255,0
1879265,150000
1879268,0
1879275,600000
1879278,0
1879284,0
1879290,550000
1879291,800000
1879293,150000
1879294,0
1879295,0
1879310,0
1879311,813000
1879318,350000
1879319,0
1879323,485900
1879332,0
1879337,0
1879339,350000
1879343,500000
1879348,350000
1879352,0
1879354,0
1879355,200000
1879361,300000
1879367,0
1879383,150000
1879386,0
1879387,300000
1879391,350000
1879393,0
1879395,383200
1879401,0
1879403,442100
1879409,350000
1879410,0
1879416,150000
1879419,0
1879422,0
1879431,150000
1879440,455600
1879442,0
1879443,480000
1879445,0
1879447,656300
1879448,0
1879453,400000
1879454,0
1879455,0
1879458,500000
1879463,0
1879470,499700
1879472,97300
1879473,240000
1879476,0
1879480,350000
1879481,150000
1879482,0
1879484,574900
1879494,530000
1879497,350000
1879502,0
1879507,0
1879511,229400
1879512,280000
1879525,0
1879527,317000
1879529,312000
1879533,429000
1879537,0
1879538,0
1879541,150000
1879543,150000
1879552,0
1879554,301000
1879557,150000
1879561,0
1879565,350000
1879570,350000
1879580,125000
1879584,588500
1879585,0
1879591,0
1879596,302000
1879602,0
1879603,250000
1879606,0
1879613,648900
1879618,500000
1879619,150000
1879629,125000
1879631,505300
1879637,150000
1879639,150000
1879644,900100
1879645,150000
1879650,600000
1879651,300000
1879664,412000
1879668,0
1879672,793000
1879675,1800000
1879687,0
1879694,680000
1879706,0
1879710,1027000
1879722,0
1879732,500000
1879733,0
1879739,495000
1879746,350000
1879747,750000
1879759,350000
1879771,300000
1879775,0
1879778,0
1879787,150000
1879794,0
1879796,0
1879799,0
1879805,350000
1879806,315000
1879816,150000
1879841,150000
1879842,350000
1879849,0
1879855,0
1879861,0
1879863,150000
1879865,0
1879867,150000
1879870,150000
1879871,0
1879879,374000
1879882,930000
1879889,490000
1879890,0
1879908,0
1879910,0
1879911,350000
1879917,0
1879924,350000
1879933,350000
1879945,0
1879948,400000
1879952,87000
1879954,450000
1879960,85000
1879961,150000
1879963,300000
1879964,120000
1879965,610000
1879967,350000
1879977,0
1879979,450000
1879992,0
1879994,0
1880000,500000
1880007,350000
1880010,0
1880012,350000
1880014,0
1880024,0
1880025,572500
1880030,350000
1880032,150000
1880037,350000
1880049,535000
1880060,0
1880063,150000
1880066,0
1880071,150000
1880075,150000
1880077,0
1880090,350000
1880093,0
1880095,0
1880098,350000
1880102,754000
1880104,350000
1880110,200000
1880113,140000
1880116,0
1880119,150000
1880121,567500
1880127,0
1880130,0
1880131,0
1880133,0
1880139,350000
1880157,0
1880162,150000
1880163,150000
1880164,125000
1880172,150000
1880174,0
1880183,150000
1880184,0
1880198,350000
1880203,500000
1880210,380000
1880218,0
1880221,500000
1880222,304000
1880224,251200
1880226,490000
1880230,0
1880234,650000
1880235,350000
1880237,180000
1880238,270500
1880243,483000
1880247,350000
1880248,350000
1880267,650000
1880270,450000
1880277,1017000
1880278,200000
1880286,0
1880287,0
1880288,500000
1880289,350000
1880298,0
1880299,150000
1880302,0
1880310,147600
1880318,0
1880327,470000
1880330,400000
1880337,480000
1880341,786400
1880357,150000
1880366,150000
1880370,350000
1880371,355500
1880374,0
1880397,150000
1880404,0
1880405,0
1880408,350000
1880409,450000
1880410,0
1880426,150000
1880439,335000
1880443,490000
1880445,350000
1880455,345000
1880456,0
1880458,150000
1880461,350000
1880463,0
1880464,0
1880465,0
1880474,150000
1880475,0
1880477,93000
1880478,0
1880483,150000
1880484,0
1880488,261000
1880490,481900
1880494,0
1880499,150000
1880514,350000
1880540,300000
1880541,150000
1880549,500000
1880550,0
1880551,350000
1880560,350000
1880562,400000
1880567,0
1880576,464000
1880582,459000
1880584,0
1880588,742600
1880608,319800
1880618,0
1880619,0
1880620,490000
1880627,0
1880628,150000
1880630,0
1880635,0
1880637,500000
1880646,150000
1880649,350000
1880650,150000
1880659,125000
1880668,200000
1880677,350000
1880681,0
1880682,200000
1880683,150000
1880688,300000
1880690,375000
1880697,688000
1880702,0
1880704,135000
1880713,1303700
1880722,448000
1880732,510800
1880738,409800
1880741,400000
1880744,0
1880747,404000
1880753,650000
1880759,140000
1880761,350000
1880769,125000
1880771,150000
1880774,555000
1880777,350000
1880788,300000
1880791,1225000
1880795,150000
1880802,880000
1880805,0
1880808,350000
1880819,150000
1880820,300000
1880835,336200
1880837,150000
1880840,0
1880841,0
1880848,350000
1880856,0
1880858,393000
1880859,0
1880864,350000
1880871,300000
1880877,0
1880885,416700
1880890,0
1880894,0
1880898,399800
1880901,300000
1880912,790000
1880919,242000
1880925,673900
1880929,0
1880934,327000
1880935,345000
1880949,350000
1880954,150000
1880962,500000
1880964,0
1880977,0
1880979,0
1880982,150000
1880984,1708700
1880985,500000
1880994,661000
1880996,0
1881000,150000
1881007,0
1881013,150000
1881023,0
1881029,150000
1881030,150000
1881031,161000
1881032,370000
1881033,1050000
1881034,0
1881036,450000
1881042,713800
1881058,357800
1881059,1098000
1881065,300000
1881066,175000
1881067,118000
1881073,0
1881075,350000
1881080,120000
1881082,850000
1881084,550000
1881086,350000
1881088,350000
1881091,350000
1881095,0
1881101,150000
1881112,646000
1881116,85000
1881118,350000
1881128,150000
1881136,350000
1881140,200000
1881149,150000
1881161,294000
1881164,350000
1881166,530900
1881180,150000
1881185,350000
1881201,150000
1881208,400000
1881211,531000
1881212,150000
1881224,123500
1881226,150000
1881232,0
1881236,0
1881241,125000
1881246,0
1881250,125000
1881252,160000
1881254,547000
1881265,0
1881279,0
1881283,350000
1881293,150000
1881296,114000
1881301,0
1881314,0
1881329,315000
1881331,0
1881334,150000
1881335,400000
1881336,300000
1881345,150000
1881356,550000
1881360,150000
1881362,150000
1881363,694000
1881377,250000
1881384,1600000
1881387,400000
1881396,0
1881403,550000
1881407,750000
1881409,0
1881410,0
1881411,450000
1881424,300000
1881426,0
1881437,150000
1881440,300000
1881455,0
1881456,149000
1881460,200000
1881461,154000
1881462,410000
1881463,350000
1881468,350000
1881473,0
1881474,830000
1881478,0
1881483,150000
1881491,150000
1881492,300000
1881494,0
1881498,150000
1881501,0
1881503,0
1881509,675000
1881510,0
1881516,400000
1881525,140000
1881528,300000
1881532,300000
1881540,0
1881542,0
1881554,0
1881559,350000
1881571,150000
1881576,0
1881581,0
1881586,0
1881602,0
1881614,0
1881619,261100
1881642,665000
1881648,0
1881654,316000
1881659,486600
1881675,150000
1881704,0
1881707,300000
1881712,300000
1881713,0
1881714,695000
1881717,280800
1881719,0
1881721,350000
1881731,370000
1881745,129600
1881761,0
1881764,935800
1881768,400000
1881771,342000
1881775,0
1881778,0
1881786,150000
1881791,0
1881796,350000
1881799,300000
1881825,300000
1881854,200000
1881856,0
1881860,324500
1881863,450000
1881866,0
1881874,650000
1881877,300000
1881893,0
1881901,0
1881902,150000
1881904,450000
1881906,0
1881926,644000
1881934,0
1881943,150000
1881948,0
1881965,200000
1881968,400000
1881988,0
1881999,0
1882008,0
1882012,310000
1882034,544000
1882037,521400
1882038,0
1882046,500000
1882056,300000
1882068,390000
1882078,350000
1882081,650000
1882083,150000
1882087,300000
1882089,350000
1882096,300000
1882104,426600
1882105,400000
1882110,0
1882121,150000
1882126,1056500
1882145,150000
1882149,350000
1882154,300000
1882162,300000
1882163,0
1882165,0
1882167,1285100
1882187,532000
1882193,453700
1882203,300000
1882218,300000
1882225,540300
1882249,300000
1882261,810400
1882266,1542200
1882267,330000
1882287,0
1882311,340000
1882334,500000
1882348,0
1882350,150000
1882353,300000
1882360,500000
1882361,150000
1882373,52500
1882376,150000
1882401,1158200
1882405,0
1882415,144000
1882423,300000
1882427,126000
1882431,150000
1882432,800000
1882438,0
1882451,300000
1882452,542100
1882461,0
1882486,450000
1882494,0
1882498,0
1882499,390000
1882512,150000
1882524,0
1882527,472400
1882561,573000
1882562,150000
1882580,300000
1882581,425000
1882601,0
1882603,0
1882642,300000
1882662,200000
1882665,295000
1882670,300000
1882672,290000
1882679,1200000
1882694,1051800
1882698,421200
1882711,0
1882717,150000
1882724,0
1882727,150000
1882740,497300
1882752,150000
1882755,440000
1882764,0
1882773,463000
1882782,570000
1882790,0
1882794,300000
1882812,685000
1882814,0
1882822,150000
1882823,0
1882826,500000
1882830,0
1882832,150000
1882834,500000
1882847,320000
1882851,150000
1882858,685000
1882868,775000
1882877,650000
1882885,823200
1882888,350000
1882899,150000
1882900,0
1882907,350000
1882916,0
1882926,0
1882947,236200
1882964,500000
1882972,350000
1882975,150000
1882989,149000
1882992,350000
1882999,0
1883002,600000
1883027,0
1883032,350000
1883043,0
1883053,280000
1883059,0
1883089,150000
1883096,0
1883097,500000
1883098,217500
1883101,0
1883109,150000
1883111,150000
1883115,150000
1883116,500000
1883119,650000
1883122,120200
1883125,409500
1883128,150000
1883132,548700
1883133,0
1883146,350000
1883150,150000
1883155,60000
1883156,0
1883158,350000
1883162,1769200
1883182,387300
1883191,500000
1883195,300000
1883214,150000
1883223,200000
1883226,150000
1883228,0
1883233,237000
1883238,449600
1883242,0
1883247,0
1883250,369500
1883251,150000
1883254,0
1883257,150000
1883260,150000
1883274,294000
1883285,150000
1883286,505000
1883336,0
1883337,876000
1883338,150000
1883342,498000
1883345,525000
1883348,211500
1883351,1000000
1883356,150000
1883358,150000
1883360,150000
1883366,150000
1883368,150000
1883371,0
1883374,150000
1883378,150000
1883388,0
1883389,429900
1883393,68000
1883405,350000
1883411,0
1883425,500000
1883441,178500
1883442,0
1883445,300000
1883446,600000
1883452,0
1883455,350000
1883461,0
1883465,400000
1883466,650000
1883472,550000
1883480,150000
1883485,150000
1883492,450000
1883501,0
1883506,150000
1883522,310000
1883523,550000
1883539,550000
1883548,350000
1883552,350000
1883560,0
1883565,350000
1883571,310000
1883572,150000
1883573,300000
1883574,650000
1883582,350000
1883583,0
1883585,0
1883587,500000
1883588,0
1883593,350000
1883599,200000
1883605,1241900
1883616,164300
1883619,350000
1883625,750000
1883643,350000
1883653,0
1883665,650000
1883671,150000
1883697,301600
1883702,0
1883705,0
1883709,411700
1883712,8890000
1883715,150000
1883721,125000
1883725,150000
1883726,0
1883728,0
1883734,350000
1883739,0
1883743,0
1883744,350000
1883750,0
1883756,8890000
1883757,167500
1883759,0
1883762,150000
1883767,494700
1883781,17690000
1883786,0
1883791,334500
1883805,350000
1883813,350000
1883817,0
1883819,150000
1883825,150000
1883827,660000
1883832,16261000
1883836,0
1883837,0
1883838,350000
1883841,350000
1883848,350000
1883854,0
1883865,0
1883867,150000
1883878,500000
1883884,550000
1883887,500000
1883891,500000
1883901,725000
1883913,0
1883916,350000
1883919,478000
1883924,350000
1883926,150000
1883931,0
1883936,150000
1883937,400000
1883942,0
1883944,407000
1883945,150000
1883975,150000
1883977,500000
1883979,0
1883980,500000
1883989,90000
1883998,0
1883999,0
1884005,500000
1884008,600000
1884011,150000
1884028,350000
1884033,150000
1884034,0
1884042,21890000
1884048,0
1884049,0
1884050,0
1884063,503300
1884065,0
1884068,0
1884073,650000
1884097,350000
1884105,713600
1884108,0
1884118,0
1884123,150000
1884131,150000
1884137,5150000
1884154,224300
1884156,1161000
1884162,0
1884164,150000
1884169,500000
1884170,15490000
1884171,938200
1884183,0
1884186,150000
1884191,0
1884198,8930000
1884202,500000
1884207,150000
1884213,400000
1884217,890700
1884225,490000
1884230,140000
1884239,0
1884240,0
1884252,214800
1884254,350000
1884255,150000
1884256,332200
1884259,0
1884270,656300
1884278,0
1884280,340000
1884284,320000
1884286,150000
1884290,1289700
1884293,300000
1884294,500000
1884296,135000
1884299,450000
1884302,150000
1884306,250000
1884307,150000
1884316,403100
1884318,231200
1884324,0
1884326,550000
1884331,400000
1884334,0
1884335,400000
1884336,0
1884338,1100000
1884341,334500
1884346,0
1884347,0
1884366,150000
1884372,0
1884374,750000
1884378,350000
1884379,0
1884386,0
1884397,350000
1884412,289600
1884413,450000
1884415,334500
1884416,567000
1884417,125000
1884421,350000
1884437,150000
1884451,0
1884459,150000
1884460,350000
1884464,517000
1884465,580000
1884469,600000
1884474,490300
1884476,189000
1884479,0
1884480,100000
1884484,140000
1884486,150000
1884505,334500
1884508,450000
1884517,150000
1884519,0
1884523,407000
1884526,570000
1884528,0
1884529,0
1884532,500000
1884541,314500
1884552,137300
1884561,374000
1884563,120000
1884571,200000
1884575,150000
1884582,250000
1884590,0
1884595,0
1884605,341200
1884611,232000
1884631,150000
1884637,650000
1884641,150000
1884644,592000
1884655,0
1884658,150000
1884659,350000
1884666,150000
1884671,0
1884676,350000
1884679,150000
1884693,472000
1884695,240000
1884703,686000
1884707,150000
1884710,413900
1884714,150000
1884715,550000
1884719,0
1884724,150000
1884725,350000
1884740,500000
1884741,550000
1884742,150000
1884743,0
1884746,180000
1884749,125000
1884757,28700
1884767,600000
1884770,350000
1884771,0
1884778,400000
1884785,0
1884791,843600
1884799,30000
1884800,320000
1884808,0
1884815,253500
1884816,0
1884818,350000
1884819,150000
1884825,0
1884828,150000
1884834,400000
1884838,150000
1884842,0
1884843,350000
1884844,150000
1884854,2440000
1884860,479500
1884861,1000000
1884862,150000
1884865,375000
1884869,2191400
1884875,531000
1884881,350000
1884888,500000
1884896,0
1884901,150000
1884904,0
1884908,0
1884927,0
1884931,0
1884935,350000
1884936,0
1884940,350000
1884944,0
1884951,0
1884952,1052000
1884954,350000
1884957,350000
1884967,150000
1884980,300000
1885000,0
1885001,238000
1885007,440000
1885010,200000
1885011,150000
1885027,0
1885029,500000
1885033,150000
1885036,0
1885037,120000
1885042,150000
1885055,150000
1885059,300000
1885094,504600
1885096,0
1885100,0
1885101,500000
1885105,400000
1885112,150000
1885113,1981400
1885115,0
1885118,331600
1885122,150000
1885123,445800
1885124,428000
1885126,861500
1885133,0
1885139,271200
1885141,335400
1885144,150000
1885149,150000
1885153,630000
1885156,164500
1885159,581000
1885168,500000
1885170,650000
1885173,125000
1885175,0
1885185,650000
1885186,439400
1885197,0
1885203,150000
1885208,0
1885210,468000
1885220,0
1885222,400000
1885223,0
1885229,0
1885230,0
1885232,425000
1885235,719700
1885237,500000
1885240,150000
1885303,350000
1885313,350000
1885314,150000
1885318,730700
1885324,656300
1885327,0
1885342,150000
1885348,0
1885355,850000
1885357,150000
1885359,350000
1885363,431800
1885367,548000
1885378,0
1885379,444400
1885381,518500
1885385,544400
1885389,926000
1885391,0
1885392,378700
1885397,150000
1885402,0
1885403,157000
1885410,1299000
1885421,0
1885423,0
1885432,0
1885434,870500
1885445,350000
1885446,150000
1885451,690000
1885456,500000
1885457,0
1885462,0
1885465,350000
1885467,0
1885482,0
1885488,451000
1885489,150000
1885500,533000
1885521,150000
1885522,400000
1885526,0
1885530,500000
1885547,144000
1885548,250800
1885551,150000
1885552,458800
1885575,500000
1885579,232500
1885581,555000
1885582,596800
1885583,150000
1885586,573800
1885591,0
1885594,341400
1885597,290000
1885607,350000
1885611,150000
1885617,350000
1885632,0
1885633,0
1885636,0
1885647,400000
1885648,0
1885657,0
1885672,500000
1885678,140000
1885681,347500
1885696,0
1885709,0
1885714,150000
1885723,0
1885729,502900
1885731,0
1885732,436000
1885734,500000
1885736,150000
1885739,150000
1885741,534300
1885751,500000
1885752,400000
1885759,364000
1885762,0
1885768,0
1885769,0
1885772,0
1885775,0
1885778,0
1885796,1016700
1885798,375000
1885802,750100
1885808,0
1885814,150000
1885815,150000
1885819,150000
1885822,0
1885826,150000
1885830,862700
1885833,0
1885840,150000
1885841,235000
1885849,0
1885854,450000
1885855,514000
1885867,245100
1885869,0
1885875,561600
1885880,0
1885892,130000
1885893,0
1885920,700000
1885922,0
1885923,504900
1885924,557200
1885931,285000
1885935,0
1885938,365400
1885952,0
1885958,0
1885971,140000
1885981,400000
1885984,0
1885987,0
1886000,415000
1886001,100000
1886016,533400
1886032,150000
1886042,153200
1886054,314500
1886060,680000
1886063,350000
1886069,500000
1886075,350000
1886081,589000
1886082,536000
1886083,468000
1886085,0
1886089,350000
1886094,350000
1886097,0
1886100,146000
1886101,400000
1886102,150000
1886116,150000
1886120,172400
1886126,350000
1886128,0
1886131,0
1886136,0
1886146,950000
1886147,350000
1886160,150000
1886170,350000
1886172,500000
1886177,100000
1886178,323000
1886180,650000
1886184,370000
1886185,23800
1886197,190000
1886200,300000
1886201,0
1886204,350000
1886217,589000
1886222,369600
1886239,380000
1886241,0
1886252,0
1886254,150000
1886263,0
1886268,0
1886273,390000
1886275,574000
1886276,500000
1886279,150000
1886280,350000
1886283,500000
1886313,150000
1886318,0
1886323,650000
1886326,151600
1886330,349600
1886340,0
1886350,0
1886370,180000
1886372,400000
1886377,150000
1886380,350000
1886869,135000
1886900,350000
1886902,350000
1886906,180000
1886913,500000
1886935,350000
1886944,0
1886959,150000
1886961,190000
1886964,0
1886982,500000
1886987,150000
1886988,50000
1886991,275000
1886993,635000
1886998,105000
1887001,150000
1887010,0
1887019,1614800
1887020,150000
1887030,150000
1887035,150000
1887038,0
1887039,140000
1887040,0
1887046,150000
1887048,330000
1887052,514000
1887056,150000
1887058,450000
1887060,150000
1887078,150000
1887080,550000
1887087,500000
1887090,350000
1887100,350000
1887117,579000
1887123,150000
1887124,900000
1887126,0
1887131,150000
1887135,515200
1887138,350000
1887140,330000
1887147,250000
1887151,0
1887161,0
1887171,350000
1887174,0
1887181,0
1887184,350000
1887187,0
1887193,0
1887196,350000
1887197,150000
1887198,550000
1887203,666000
1887205,269700
1887206,0
1887207,322400
1887210,0
1887217,44400
1887221,150000
1887227,0
1887228,350000
1887231,350000
1887241,1065000
1887246,0
1887249,150000
1887250,400000
1887251,400000
1887253,150000
1887254,0
1887257,194800
1887258,350000
1887261,140000
1887273,0
1887293,0
1887304,388800
1887305,0
1887313,983400
1887316,650000
1887324,150000
1887326,362400
1887329,406000
1887338,350000
1887341,350000
1887342,411100
1887351,150000
1887357,135000
1887359,0
1887364,754000
1887373,150000
1887379,0
1887383,350000
1887390,350000
1887394,500000
1887397,0
1887398,0
1887399,550000
1887402,550000
1887406,0
1887409,844900
1887412,150000
1887415,140000
1887419,0
1887430,200000
1887437,500000
1887441,350000
1887447,140000
1887456,0
1887469,0
1887477,221600
1887481,350000
1887483,126000
1887507,0
1887510,150000
1887511,350000
1887513,495000
1887514,0
1887519,0
1887520,350000
1887527,350000
1887551,852300
1887552,17500
1887562,0
1887569,150000
1887579,350000
1887581,125000
1887586,350000
1887594,500000
1887595,103000
1887604,0
1887607,144000
1887611,0
1887620,500000
1887625,300000
1887629,0
1887631,0
1887633,300000
1887652,150000
1887653,450000
1887659,511600
1887661,500000
1887662,1900200
1887664,0
1887671,625000
1887677,673200
1887678,550000
1887690,584800
1887693,421800
1887705,145000
1887707,350000
1887713,389200
1887717,450000
1887723,0
1887731,180000
1887732,338000
1887734,0
1887735,300000
1887736,350000
1887744,589000
1887756,0
1887764,732400
1887765,607500
1887767,550000
1887770,150000
1887781,0
1887784,0
1887789,1653400
1887791,512900
1887792,0
1887800,187600
1887804,150000
1887807,350000
1887808,0
1887815,500000
1887831,350000
1887838,0
1887840,250000
1887842,0
1887850,763800
1887852,300000
1887857,0
1887858,557400
1887863,350000
1887867,350000
1887873,350000
1887874,600000
1887875,0
1887876,0
1887878,0
1887879,1068600
1887881,350000
1887883,200000
1887884,334600
1887903,148500
1887906,335000
1887914,399400
1887915,278500
1887916,350000
1887918,500000
1887925,0
1887926,350000
1887942,700000
1887944,350000
1887952,463000
1887954,926800
1887959,371300
1887983,2013000
1887984,150000
1887985,0
1888001,150000
1888002,0
1888003,0
1888007,450000
1888008,300000
1888014,350000
1888015,350000
1888016,515500
1888018,140000
1888024,150000
1888025,350000
1888029,0
1888036,0
1888047,150000
1888049,0
1888065,200000
1888066,140000
1888067,0
1888072,150000
1888074,150000
1888083,360000
1888085,0
1888091,150000
1888104,0
1888111,0
1888119,0
1888121,463000
1888130,403000
1888133,0
1888142,350000
1888147,150000
1888149,350000
1888153,226000
1888154,0
1888162,350000
1888164,150000
1888168,200000
1888170,1300000
1888183,0
1888187,300000
1888188,150000
1888190,0
1888198,0
1888199,250000
1888205,150000
1888206,0
1888209,150000
1888217,150000
1888218,0
1888226,0
1888227,350000
1888230,350000
1888234,0
1888237,200000
1888242,350000
1888244,300000
1888248,500000
1888256,350000
1888262,154000
1888263,0
1888270,350000
1888273,455100
1888277,350000
1888279,150000
1888280,150000
1888292,0
1888293,339500
1888297,230000
1888300,399000
1888306,150000
1888313,400000
1888314,150000
1888316,350000
1888317,589000
1888326,150000
1888333,0
1888335,330000
1888336,102700
1888349,400000
1888351,466000
1888360,0
1888367,150000
1888378,150000
1888381,500000
1888395,350000
1888402,300000
1888404,350000
1888407,200000
1888408,270000
1888412,0
1888413,589200
1888431,645000
1888434,462000
1888437,0
1888456,622500
1888466,300000
1888470,500000
1888473,0
1888477,0
1888478,445000
1888483,350000
1888484,0
1888486,813000
1888493,150000
1888496,62500
1888501,0
1888516,150000
1888523,0
1888533,318100
1888555,600000
1888556,385800
1888559,1800000
1888567,350000
1888568,0
1888569,400000
1888573,0
1888576,0
1888577,0
1888582,344000
1888585,545000
1888595,1500000
1888606,150000
1888618,0
1888621,0
1888625,573500
1888628,150000
1888629,500000
1888638,350000
1888639,150000
1888649,150000
1888664,150000
1888669,150000
1888674,0
1888679,150000
1888683,400000
1888687,300000
1888689,750000
1888700,350000
1888702,200000
1888706,0
1888710,150000
1888711,200000
1888715,150000
1888718,150000
1888731,500000
1888740,199600
1888742,650000
1888744,350000
1888747,350000
1888749,550000
1888764,350000
1888769,500000
1888778,1800000
1888780,0
1888783,350000
1888784,0
1888787,446000
1888792,150000
1888793,116000
1888798,150000
1888806,150000
1888817,150000
1888823,508000
1888826,150000
1888830,300000
1888832,974700
1888850,0
1888859,211500
1888861,883400
1888862,150000
1888863,0
1888871,350000
1888879,500000
1888880,0
1888891,150000
1888893,0
1888897,250000
1888898,0
1888910,150000
1888911,650000
1888912,580000
1888917,350000
1888925,337800
1888926,552000
1888934,2029600
1888939,0
1888946,350000
1888950,625000
1888951,350000
1888957,150000
1888972,0
1888973,910600
1888981,150000
1888993,0
1888996,200000
1888999,150000
1889000,510000
1889001,480000
1889002,900000
1889003,415000
1889011,350000
1889012,0
1889014,150000
1889015,0
1889016,500000
1889017,150000
1889020,243800
1889026,0
1889029,0
1889038,150000
1889044,150000
1889049,150000
1889051,350000
1889052,500000
1889053,650000
1889069,350000
1889073,0
1889076,150000
1889087,350000
1889106,340000
1889107,135000
1889108,150000
1889114,666000
1889120,500000
1889130,0
1889134,350000
1889137,150000
1889142,350000
1889143,0
1889148,0
1889169,300000
1889170,400000
1889181,150000
1889182,513200
1889183,375000
1889185,150000
1889187,150000
1889190,0
1889198,0
1889199,500000
1889201,471000
1889204,0
1889210,2290000
1889211,198000
1889220,150000
1889227,0
1889229,350000
1889235,465000
1889240,150000
1889241,150000
1889242,168000
1889244,150000
1889259,150000
1889264,300000
1889265,666000
1889266,0
1889267,350000
1889269,150000
1889271,0
1889280,0
1889285,150000
1889286,350000
1889295,500000
1889308,150000
1889310,150000
1889312,0
1889315,624700
1889320,0
1889340,555000
1889341,450000
1889347,350000
1889349,150000
1889358,350000
1889363,120000
1889364,150000
1889370,350000
1889376,150000
1889378,0
1889382,150000
1889387,267000
1889398,150000
1889411,500000
1889417,150000
1889426,150000
1889432,200000
1889435,350000
1889438,666000
1889449,150000
1889452,0
1889463,150000
1889473,550000
1889481,150000
1889490,306000
1889494,700000
1889495,180000
1889501,840000
1889515,189000
1889544,150000
1889545,623400
1889558,0
1889560,439800
1889564,150000
1889567,650000
1889572,1150000
1889574,0
1889578,0
1889580,85000
1889597,792000
1889602,0
1889603,350000
1889606,850000
1889607,550000
1889609,700000
1889611,690000
1889613,350000
1889623,350000
1889626,550000
1889631,143000
1889646,150000
1889647,350000
1889669,150000
1889676,180000
1889688,320000
1889692,0
1889698,300000
1889699,0
1889707,594000
1889710,150000
1889740,150000
1889742,550000
1889767,0
1889771,0
1889772,478100
1889774,0
1889775,150000
1889786,150000
1889800,0
1889807,675000
1889809,150000
1889812,144000
1889813,500000
1889821,350000
1889826,350000
1889840,0
1889845,650000
1889861,150000
1889866,131300
1889874,400000
1889876,350000
1889881,250000
1889883,0
1889886,350000
1889888,600000
1889889,300000
1889891,350000
1889895,350000
1889896,150000
1889900,0
1889906,589000
1889911,0
1889913,300000
1889914,0
1889915,200000
1889926,0
1889927,0
1889938,200000
1889939,0
1889943,0
1889945,0
1889948,350000
1889956,0
1889988,150000
1889992,150000
1889997,496000
1890004,0
1890005,500000
1890019,200000
1890025,140000
1890028,350000
1890030,0
1890042,150000
1890046,350000
1890055,140000
1890057,300000
1890058,1000000
1890062,150000
1890071,150000
1890073,40000
1890074,601500
1890080,450000
1890092,217600
1890095,0
1890097,150000
1890104,150000
1890106,200000
1890113,250000
1890120,450000
1890121,0
1890128,474000
1890130,516900
1890149,0
1890153,670000
1890155,500000
1890161,0
1890163,500000
1890164,450000
1890166,0
1890169,428000
1890176,0
1890186,150000
1890190,650000
1890191,350000
1890200,360000
1890204,479400
1890213,0
1890215,0
1890231,150000
1890235,500000
1890237,300000
1890240,455700
1890243,73600
1890245,150000
1890247,0
1890250,274500
1890265,150000
1890271,550000
1890279,150000
1890286,0
1890287,150000
1890288,0
1890290,74000
1890302,0
1890310,150000
1890331,0
1890334,500000
1890351,100000
1890361,150000
1890365,770000
1890369,0
1890371,0
1890376,550000
1890377,0
1890380,100000
1890388,0
1890399,140000
1890400,450000
1890410,135000
1890418,0
1890425,442000
1890428,150000
1890429,150000
1890435,450000
1890441,594000
1890445,350000
1890447,300000
1890454,350000
1890456,150000
1890461,402900
1890466,465000
1890468,400000
1890474,300000
1890480,1320000
1890495,350000
1890498,0
1890505,500000
1890512,0
1890513,208000
1890518,300000
1890521,0
1890533,0
1890538,450000
1890542,350000
1890543,400000
1890554,0
1890565,300000
1890567,150000
1890569,126000
1890571,142000
1890574,500000
1890586,350000
1890588,140000
1890589,0
1890607,390000
1890608,347700
1890614,150000
1890618,300000
1890630,150000
1890633,200000
1890641,500000
1890643,350000
1890649,0
1890657,160000
1890666,0
1890671,300000
1890684,0
1890691,350000
1890692,990000
1890693,180000
1890694,521000
1890706,350000
1890721,0
1890724,924700
1890736,306600
1890740,1014800
1890741,150000
1890751,300000
1890757,400000
1890758,2029300
1890766,0
1890774,350000
1890783,1000000
1890808,350000
1890809,0
1890831,460000
1890833,0
1890848,350000
1890883,150000
1890909,500000
1890917,0
1890921,0
1890956,150000
1890972,406600
1890983,150000
1891013,1183500
1891017,300000
1891019,670000
1891028,0
1891047,0
1891052,150000
1891055,0
1891057,0
1891073,500000
1891074,600000
1891080,0
1891090,45500
1891094,300000
1891109,0
1891122,0
1891125,594000
1891131,446000
1891142,112000
1891143,0
1891156,321800
1891162,0
1891169,452400
1891171,0
1891193,0
1891194,306000
1891227,150000
1891241,300000
1891265,150000
1891269,0
1891270,350000
1891275,450000
1891282,350000
1891301,10006700
1891304,0
1891308,0
1891310,494500
1891314,0
1891340,300000
1891354,250000
1891361,150000
1891386,0
1891388,500000
1891390,0
1891392,514000
1891396,0
1891415,0
1891428,550000
1891433,0
1891466,500000
1891493,0
1891494,450000
1891497,350000
1891509,492000
1891525,300000
1891533,0
1891540,0
1891555,324200
1891558,208000
1891559,0
1891562,0
1891578,150000
1891588,0
1891600,0
1891618,150000
1891619,0
1891640,500000
1891650,500000
1891673,112000
1891683,300000
1891695,611600
1891707,400000
1891709,150000
1891715,156500
1891728,300000
1891739,0
1891807,300000
1891822,300000
1891832,450000
1891835,350000
1891845,347000
1891856,350000
1891877,350000
1891887,0
1891904,650000
1891922,350000
1891932,320000
1891934,150000
1891937,654800
1891948,0
1891968,0
1891978,0
1891986,400000
1891995,0
1892000,700000
1892004,980100
1892025,0
1892049,0
1892053,150000
1892055,350000
1892074,150000
1892077,150000
1892109,563700
1892113,0
1892117,0
1892134,0
1892135,717000
1892142,0
1892154,450000
1892161,150000
1892166,300000
1892176,500000
1892177,760800
1892187,0
1892193,400000
1892208,0
1892211,400000
1892259,150000
1892263,0
1892270,300000
1892272,1624500
1892275,350000
1892293,500000
1892295,690000
1892297,0
1892300,0
1892301,0
1892313,150000
1892315,0
1892316,0
1892327,150000
1892328,0
1892329,0
1892335,224000
1892344,0
1892357,0
1892363,150000
1892365,350000
1892367,500000
1892383,150000
1892387,350000
1892401,350000
1892415,350000
1892418,890000
1892429,0
1892434,790300
1892464,410000
1892467,280000
1892478,350000
1892482,300000
1892488,0
1892496,400000
1892499,350000
1892508,550000
1892511,344000
1892521,550000
1892533,150000
1892538,350000
1892559,150000
1892565,300000
1892567,350000
1892605,577000
1892613,150000
1892629,150000
1892630,150000
1892632,0
1892644,500000
1892652,150000
1892654,180000
1892668,350000
1892670,0
1892674,500000
1892675,150000
1892694,500000
1892698,0
1892701,350000
1892715,350000
1892725,167500
1892727,150000
1892729,0
1892751,0
1892752,0
1892783,350000
1892789,0
1892803,0
1892805,350000
1892809,0
1892812,350000
1892818,589000
1892821,980200
1892829,970200
1892843,0
1892894,350000
1892903,400000
1892905,350000
1892909,150000
1892925,350000
1892927,150000
1892937,742500
1892966,0
1892971,0
1892988,0
1892997,127500
1893014,0
1893017,350000
1893027,500000
1893030,150000
1893035,0
1893046,0
1893051,0
1893056,350000
1893100,350000
1893109,200000
1893111,500000
1893112,0
1893115,0
1893127,350000
1893134,0
1893154,400000
1893161,150000
1893165,60000
1893179,0
1893188,350000
1893210,61300
1893217,0
1893218,150000
1893222,150000
1893225,105000
1893228,0
1893234,1613700
1893243,1090000
1893245,350000
1893247,0
1893253,350000
1893259,0
1893274,350000
1893279,0
1893282,0
1893284,150000
1893290,0
1893308,0
1893312,0
1893317,341600
1893330,200000
1893336,175000
1893342,0
1893350,0
1893355,0
1893360,732800
1893369,494000
1893386,0
1893403,400000
1893404,0
1893425,650000
1893445,150000
1893447,150000
1893452,159200
1893477,407000
1893486,0
1893490,347500
1893498,350000
1893502,200000
1893512,150000
1893519,150000
1893523,578800
1893529,680000
1893535,0
1893549,200000
1893553,350000
1893565,474000
1893586,500000
1893588,0
1893597,150000
1893600,0
1893604,150000
1893605,350000
1893607,150000
1893608,350000
1893625,400000
1893634,840000
1893637,0
1893639,424500
1893651,350000
1893657,150000
1893661,320000
1893667,358000
1893675,0
1893699,350000
1893712,188000
1893731,109000
1893737,400000
1893742,0
1893745,0
1893750,1026500
1893752,232000
1893766,150000
1893768,350000
1893781,150000
1893783,300000
1893788,200000
1893793,415000
1893796,150000
1893809,500000
1893811,0
1893815,350000
1893818,350000
1893821,0
1893837,0
1893855,140000
1893861,500000
1893875,132300
1893876,0
1893878,150000
1893886,550000
1893889,150000
1893897,600000
1893915,530000
1893923,370000
1893937,445500
1893940,0
1893941,0
1893944,350000
1893948,350000
1893949,430000
1893957,650000
1893960,0
1893974,300000
1893983,4050000
1893996,150000
1894006,550000
1894010,600000
1894018,150000
1894019,1799000
1894027,0
1894033,0
1894034,120000
1894039,594000
1894052,200000
1894053,500000
1894080,140000
1894082,500000
1894083,0
1894085,135000
1894100,400000
1894113,350000
1894118,150000
1894126,548400
1894145,0
1894147,350000
1894153,150000
1894154,350000
1894155,300000
1894162,150000
1894179,144000
1894188,120000
1894195,0
1894196,150000
1894204,350000
1894209,0
1894213,415000
1894215,195000
1894218,0
1894227,350000
1894228,150000
1894229,790000
1894246,150000
1894248,485000
1894265,800000
1894274,307000
1894275,350000
1894283,350000
1894288,150000
1894290,0
1894293,400000
1894296,350000
1894309,500000
1894310,0
1894314,130000
1894319,350000
1894328,350000
1894342,629000
1894343,371300
1894355,0
1894357,0
1894363,0
1894375,0
1894382,0
1894390,650000
1894403,0
1894406,150000
1894407,150000
1894414,500000
1894415,350000
1894417,940000
1894424,0
1894426,350000
1894441,350000
1894451,350000
1894452,0
1894454,150000
1894459,350000
1894464,0
1894483,0
1894487,0
1894491,0
1894520,150000
1894535,0
1894544,200000
1894547,0
1894552,0
1894553,0
1894557,400000
1894563,642800
1894565,200000
1894566,0
1894575,250000
1894584,350000
1894590,127000
1894597,302000
1894607,400000
1894616,2410800
1894624,300000
1894629,400000
1894655,0
1894667,150000
1894670,150000
1894672,350000
1894678,0
1894682,700000
1894684,500000
1894687,0
1894693,200000
1894697,0
1894709,1973700
1894713,350000
1894722,0
1894729,150000
1894738,350000
1894743,140000
1894744,377000
1894753,0
1894755,415400
1894769,150000
1894782,212500
1894787,150000
1894791,150000
1894801,150000
1894814,350000
1894816,0
1894832,381000
1894852,350000
1894854,150000
1894855,350000
1894866,0
1894883,150000
1894922,350000
1894923,300000
1894933,0
1894936,650000
1894944,1428500
1894959,0
1894960,620000
1894977,0
1895003,500000
1895016,200000
1895021,350000
1895024,150000
1895029,150000
1895033,350000
1895050,0
1895059,140000
1895063,300000
1895101,446900
1895111,650000
1895117,650000
1895118,350000
1895123,598500
1895133,350000
1895140,200000
1895148,0
1895150,500000
1895161,150000
1895173,135000
1895176,550000
1895187,0
1895189,0
1895196,220000
1895197,0
1895200,165000
1895209,150000
1895214,400000
1895216,465000
1895221,350000
1895225,0
1895233,485000
1895235,500000
1895246,250000
1895251,150000
1895252,200000
1895276,398500
1895280,200000
1895282,0
1895288,500000
1895296,589900
1895297,350000
1895305,500000
1895317,150000
1895322,350000
1895329,350000
1895335,0
1895336,0
1895338,150000
1895340,400000
1895354,500000
1895356,573000
1895366,350000
1895368,150000
1895372,0
1895374,0
1895381,350000
1895383,500000
1895393,0
1895400,0
1895408,382000
1895409,150000
1895412,400000
1895417,350000
1895427,0
1895447,0
1895455,668300
1895469,150000
1895470,142000
1895471,150000
1895473,450000
1895480,0
1895483,350000
1895492,450000
1895493,0
1895502,350000
1895509,400000
1895513,500000
1895521,500000
1895542,500000
1895552,150000
1895558,1188000
1895561,1240000
1895562,0
1895567,150000
1895573,473800
1895580,400000
1895581,0
1895591,142000
1895603,0
1895604,506000
1895614,0
1895618,202600
1895624,0
1895649,650000
1895659,150000
1895664,509500
1895675,0
1895678,350000
1895682,500000
1895684,350000
1895687,405000
1895704,150000
1895706,150000
1895707,400000
1895712,150000
1895716,350000
1895717,459400
1895724,150000
1895727,0
1895744,1173200
1895745,0
1895748,800000
1895751,350000
1895752,350000
1895756,793000
1895759,350000
1895760,1000000
1895771,429800
1895776,114000
1895778,123000
1895791,0
1895795,400000
1895801,66000
1895807,255500
1895810,700000
1895823,150000
1895828,0
1895829,225000
1895839,0
1895842,0
1895850,0
1895859,150000
1895860,350000
1895863,850000
1895864,500000
1895877,350000
1895878,150000
1895885,350000
1895894,500000
1895897,0
1895902,400000
1895904,0
1895918,223000
1895938,0
1895950,350000
1895968,0
1895970,785000
1895973,150000
1895980,0
1895985,350000
1895989,990000
1895992,350000
1896000,0
1896007,350000
1896008,150000
1896010,200000
1896012,3147800
1896014,0
1896027,337500
1896028,1089600
1896030,500000
1896039,300000
1896042,350000
1896046,350000
1896049,0
1896059,150000
1896068,309600
1896074,0
1896078,560000
1896101,500000
1896108,200000
1896111,847400
1896119,500000
1896125,150000
1896138,350000
1896145,0
1896149,592000
1896151,0
1896153,150000
1896161,0
1896162,350000
1896163,0
1896165,0
1896168,0
1896170,0
1896174,300000
1896176,150000
1896177,350000
1896180,144000
1896183,150000
1896212,500000
1896220,350000
1896233,350000
1896235,360000
1896242,0
1896263,0
1896270,150000
1896274,0
1896275,0
1896284,844100
1896290,500000
1896291,150000
1896295,974800
1896302,0
1896330,150000
1896331,500000
1896372,436700
1896377,150000
1896379,0
1896380,0
1896385,150000
1896388,200000
1896396,550000
1896402,150000
1896405,300000
1896411,150000
1896414,350000
1896422,755000
1896425,407100
1896431,330000
1896456,0
1896466,350000
1896492,152700
1896504,150000
1896506,150000
1896522,150000
1896526,150000
1896529,0
1896533,500000
1896544,150000
1896568,304000
1896569,350000
1896574,150000
1896582,852000
1896602,150000
1896627,120000
1896632,150000
1896650,490000
1896672,370000
1896683,0
1896707,0
1896713,654700
1896720,650000
1896721,500000
1896729,100000
1896732,450000
1896739,500000
1896747,150000
1896758,144000
1896764,0
1896767,0
1896770,237000
1896781,34300
1896788,581000
1896796,500000
1896799,678000
1896804,526500
1896810,705000
1896813,410000
1896820,645500
1896826,508000
1896837,300000
1896854,0
1896856,150000
1896864,0
1896879,0
1896892,400000
1896894,0
1896903,350000
1896914,0
1896921,650000
1896925,320000
1896934,550000
1896944,150000
1896945,1700500
1896946,0
1896948,0
1896952,0
1896964,150000
1896967,350000
1896974,350000
1896982,0
1896995,0
1897004,0
1897007,350000
1897011,0
1897017,0
1897019,442800
1897022,0
1897032,330900
1897057,500000
1897059,300000
1897075,500000
1897078,0
1897086,300000
1897089,200000
1897094,0
1897100,0
1897101,0
1897117,0
1897118,43700
1897123,0
1897131,340000
1897132,0
1897133,0
1897135,0
1897140,920000
1897145,0
1897155,150000
1897159,0
1897164,350000
1897175,589400
1897178,0
1897182,500000
1897191,350000
1897194,650000
1897201,0
1897216,350000
1897218,0
1897221,0
1897232,0
1897234,0
1897238,150000
1897244,150000
1897247,0
1897249,0
1897255,0
1897257,0
1897259,0
1897263,0
1897273,330000
1897276,440100
1897286,350000
1897294,0
1897308,0
1897314,350000
1897325,0
1897333,7572700
1897336,120000
1897337,350000
1897344,130000
1897350,150000
1897354,350000
1897355,318000
1897359,0
1897376,1230000
1897378,500000
1897384,115000
1897389,500000
1897402,150000
1897419,250000
1897421,150000
1897422,565000
1897428,0
1897436,150000
1897438,350000
1897453,150000
1897454,500000
1897463,350000
1897472,150000
1897518,230000
1897534,0
1897540,498000
1897544,572000
1897547,660000
1897556,250000
1897562,425000
1897566,392000
1897568,150000
1897587,520000
1897593,650000
1897603,350000
1897604,500000
1897605,150000
1897606,650000
1897619,1000000
1897621,200000
1897624,300000
1897632,8400
1897635,150000
1897642,150000
1897643,350000
1897651,0
1897670,0
1897675,0
1897687,139000
1897698,200000
1897717,500000
1897732,150000
1897734,350000
1897738,500000
1897748,0
1897753,160000
1897756,897400
1897758,350000
1897761,150000
1897763,150000
1897765,140000
1897768,650000
1897782,0
1897783,0
1897785,338000
1897795,150000
1897798,150000
1897800,0
1897802,396300
1897803,800000
1897805,0
1897812,0
1897814,200000
1897823,240000
1897824,110000
1897837,0
1897843,148000
1897853,150000
1897858,336600
1897862,350000
1897866,150000
1897869,400000
1897874,0
1897876,230000
1897882,358000
1897888,500000
1897913,350000
1897918,350000
1897921,320000
1897924,150000
1897928,0
1897937,0
1897950,830000
1897955,0
1897958,350000
1897965,500000
1897973,0
1897976,350000
1897979,500000
1897985,150000
1897987,275000
1897994,150000
1898001,387600
1898006,137500
1898013,0
1898026,150000
1898029,580000
1898030,321600
1898038,0
1898055,942000
1898068,0
1898071,770000
1898077,700000
1898088,350000
1898098,350000
1898101,0
1898103,824800
1898109,0
1898114,350000
1898118,150000
1898129,300000
1898144,450000
1898148,150000
1898155,700000
1898160,492000
1898176,500000
1898177,325000
1898182,150000
1898186,680000
1898215,0
1898219,475000
1898220,350000
1898226,150000
1898229,400000
1898246,710600
1898250,379000
1898264,179800
1898266,150000
1898272,190000
1898275,350000
1898281,370000
1898282,0
1898284,200000
1898290,350000
1898299,335000
1898306,500000
1898307,478000
1898309,500000
1898314,150000
1898318,0
1898321,242600
1898324,300000
1898325,671000
1898330,385500
1898331,350000
1898351,350000
1898356,0
1898358,1060500
1898367,0
1898371,150000
1898377,150000
1898379,150000
1898380,570000
1898381,640000
1898383,200000
1898385,150000
1898387,150000
1898389,150000
1898396,150000
1898401,0
1898402,450000
1898405,650000
1898410,500000
1898413,56000
1898415,456000
1898421,150000
1898422,290000
1898428,350000
1898431,0
1898438,466900
1898452,0
1898459,350000
1898462,150000
1898464,125000
1898469,350000
1898476,350000
1898484,0
1898490,0
1898494,650000
1898497,600000
1898503,0
1898524,150000
1898537,150000
1898546,800000
1898563,0
1898566,350000
1898570,650000
1898572,125000
1898584,500000
1898601,656000
1898603,500000
1898618,0
1898624,0
1898642,150300
1898643,125000
1898651,350000
1898652,150000
1898657,0
1898665,0
1898668,300000
1898675,350000
1898688,729600
1898700,650000
1898701,150000
1898708,400000
1898719,0
1898733,400000
1898734,809000
1898735,350000
1898737,150000
1898738,200000
1898739,617200
1898744,0
1898746,120000
1898753,150000
1898754,0
1898759,548000
1898762,0
1898763,150000
1898764,150000
1898765,350000
1898773,150000
1898803,500000
1898804,483400
1898811,400000
1898816,150000
1898817,1000000
1898819,550000
1898820,386000
1898821,250000
1898822,0
1898823,150000
1898828,150000
1898831,150000
1898839,375000
1898841,350000
1898842,150000
1898845,0
1898852,150000
1898856,500000
1898859,373000
1898861,350000
1898885,0
1898886,350000
1898888,730000
1898909,321000
1898910,500000
1898919,150000
1898929,0
1898933,350000
1898943,650000
1898949,350000
1898966,150000
1898968,150000
1898972,118000
1898973,388000
1898975,150000
1898993,0
1898997,150000
1899000,180000
1899006,500000
1899008,650000
1899028,83200
1899032,0
1899037,0
1899050,151600
1899059,553600
1899064,304800
1899088,350000
1899092,150000
1899099,0
1899105,0
1899111,0
1899122,138000
1899123,647400
1899125,846800
1899135,399000
1899139,352000
1899140,409200
1899143,292900
1899148,400000
1899151,0
1899152,0
1899157,150000
1899170,650000
1899178,150000
1899216,0
1899223,350000
1899226,350000
1899229,0
1899230,350000
1899232,400000
1899233,149000
1899235,550000
1899236,750000
1899238,760000
1899246,200000
1899248,0
1899253,350000
1899258,0
1899261,350000
1899266,290000
1899282,350000
1899299,500000
1899311,200000
1899318,350000
1899319,350000
1899320,0
1899327,0
1899343,150000
1899371,350000
1899372,0
1899374,0
1899377,350000
1899383,500000
1899384,180000
1899385,150000
1899400,350000
1899407,425000
1899434,500000
1899437,0
1899439,700000
1899443,462000
1899445,0
1899446,0
1899449,140000
1899461,350000
1899463,587000
1899466,500000
1899468,350000
1899477,350000
1899479,0
1899481,450000
1899486,150000
1899495,0
1899498,0
1899499,0
1899500,800000
1899504,300000
1899508,126200
1899513,500000
1899514,500000
1899526,500000
1899529,350000
1899535,0
1899541,350000
1899542,300000
1899549,150000
1899550,0
1899559,500000
1899575,0
1899589,150000
1899594,752000
1899597,0
1899601,0
1899607,338000
1899641,445400
1899645,150000
1899646,760000
1899655,0
1899661,500000
1899670,120000
1899692,0
1899696,174000
1899704,350000
1899721,150000
1899724,370000
1899726,730000
1899732,350000
1899741,0
1899753,537100
1899757,150000
1899766,650000
1899779,0
1899781,350000
1899782,500000
1899788,180000
1899797,150000
1899813,0
1899815,0
1899828,140000
1899833,286600
1899845,350000
1899851,0
1899855,150000
1899867,335000
1899885,150000
1899889,140000
1899900,150000
1899902,350000
1899909,350000
1899914,234500
1899921,400000
1899923,350000
1899925,350000
1899928,715000
1899937,150000
1899938,0
1899950,156000
1899951,0
1899959,617900
1900008,1000000
1900015,350000
1900021,0
1900028,479800
1900030,567000
1900033,350000
1900038,150000
1900043,500000
1900044,500000
1900056,457500
1900071,0
1900077,0
1900092,300000
1900097,338000
1900100,368900
1900111,350000
1900112,2735000
1900118,0
1900128,200000
1900131,0
1900134,300000
1900162,150000
1900167,350000
1900171,108000
1900172,0
1900176,650000
1900178,104000
1900184,400000
1900197,628500
1900201,0
1900210,350000
1900212,110000
1900217,385000
1900244,535000
1900259,447500
1900283,350000
1900284,335000
1900298,0
1900301,650000
1900303,0
1900304,0
1900308,0
1900311,400000
1900317,300000
1900318,0
1900320,445700
1900324,0
1900329,150000
1900333,850000
1900344,200000
1900352,330000
1900368,650000
1900371,980000
1900373,200000
1900375,110000
1900383,150000
1900402,350000
1900407,0
1900409,0
1900417,200000
1900419,560000
1900422,150000
1900435,150000
1900439,326000
1900454,350000
1900456,450000
1900466,150000
1900473,350000
1900476,635500
1900480,350000
1900492,298500
1900495,150000
1900500,0
1900501,1103000
1900504,600000
1900507,600000
1900513,650000
1900514,350000
1900523,350000
1900527,350000
1900540,0
1900555,0
1900558,150000
1900561,150000
1900566,500000
1900568,397100
1900572,300000
1900580,350000
1900600,492000
1900622,250000
1900624,800000
1900634,350000
1900640,150000
1900644,150000
1900645,430000
1900650,150000
1900653,600000
1900674,0
1900684,500000
1900688,550000
1900689,492000
1900716,280900
1900720,150000
1900729,150000
1900733,0
1900742,0
1900748,350000
1900755,319200
1900759,378000
1900760,306800
1900764,0
1900775,1905500
1900779,100000
1900782,492400
1900784,300000
1900792,378000
1900803,450000
1900804,378000
1900806,118000
1900807,150000
1900826,150000
1900831,0
1900845,378000
1900859,683100
1900860,0
1900869,607500
1900882,0
1900901,150000
1900921,378000
1900936,450000
1900940,400000
1900958,153400
1900967,0
1900968,135000
1900974,378000
1900975,219700
1900979,362000
1900984,500000
1900996,350000
1901006,0
1901019,400000
1901026,310000
1901030,700000
1901033,325000
1901034,200000
1901039,400000
1901058,400000
1901079,150000
1901080,0
1901083,325000
1901089,350000
1901104,150000
1901106,325000
1901108,350000
1901111,0
1901113,450000
1901117,0
1901119,0
1901126,160000
1901140,144000
1901145,150000
1901154,325000
1901156,217500
1901193,372000
1901195,300000
1901201,770100
1901203,150000
1901205,794000
1901210,300000
1901223,0
1901236,450000
1901247,670900
1901248,0
1901251,0
1901255,142000
1901256,450000
1901266,1133600
1901280,150000
1901294,585000
1901304,150000
1901307,600000
1901309,0
1901313,177000
1901322,0
1901331,510000
1901337,350000
1901345,0
1901347,450000
1901349,100000
1901353,300000
1901363,400000
1901370,400000
1901376,170000
1901378,150000
1901380,0
1901381,0
1901387,396000
1901395,150000
1901397,0
1901401,150000
1901410,0
1901415,100000
1901418,218000
1901431,450000
1901460,414000
1901464,530000
1901477,350000
1901484,0
1901492,360700
1901503,300000
1901512,444000
1901515,0
1901524,110000
1901541,450000
1901547,652800
1901557,388500
1901563,1000000
1901566,400000
1901577,150000
1901582,0
1901592,350000
1901600,300000
1901603,300000
1901605,0
1901614,406000
1901621,300000
1901626,0
1901628,150000
1901632,0
1901636,1050000
1901643,130000
1901649,631600
1901656,0
1901666,638600
1901673,475800
1901679,300000
1901687,719600
1901695,71900
1901701,150000
1901707,150000
1901716,300000
1901720,1133600
1901732,170000
1901746,150000
1901750,500000
1901755,300000
1901767,150000
1901781,350000
1901784,150000
1901797,735800
1901801,150000
1901805,261300
1901816,0
1901825,150000
1901838,130000
1901865,500000
1901870,150000
1901892,300000
1901905,350000
1901913,1000000
1901923,525000
1901942,144000
1901956,350000
1901957,150000
1901959,0
1901983,400000
1901988,580000
1902035,1068000
1902043,350000
1902049,396000
1902062,0
1902070,160000
1902072,190000
1902076,0
1902078,0
1902080,719600
1902084,150000
1902106,286000
1902112,150000
1902135,277200
1902145,120000
1902146,150000
1902153,0
1902158,300000
1902160,0
1902163,0
1902168,451200
1902173,450000
1902180,350000
1902185,0
1902196,0
1902201,0
1902205,200000
1902206,150000
1902208,350000
1902245,200000
1902246,0
1902252,0
1902292,404600
1902293,850000
1902298,498000
1902311,150000
1902327,150000
1902363,300000
1902378,150000
1902380,397500
1902382,150000
1902404,0
1902415,275300
1902423,500000
1902430,550000
1902437,150000
1902459,108000
1902464,150000
1902472,325900
1902503,300000
1902510,1061000
1902541,150000
1902546,600000
1902559,300000
1902560,300000
1902576,0
1902587,11250000
1902599,300000
1902600,1199300
1902614,0
1902619,300000
1902631,0
1902637,742500
1902650,450000
1902673,150000
1902683,300000
1902684,300000
1902696,150000
1902700,370000
1902722,150000
1902757,0
1902758,0
1902773,450000
1902789,150000
1902791,2173800
1902793,350000
1902794,350000
1902801,500000
1902826,550000
1902836,300000
1902837,0
1902845,300000
1902850,500000
1902859,299000
1902863,400000
1902864,300000
1902867,150000
1902870,11560000
1902875,421600
1902877,300000
1902884,200000
1902888,150000
1902897,0
1902904,757200
1902919,740000
1902934,0
1902940,696400
1902950,500000
1902963,447800
1902969,150000
1902971,0
1902977,150000
1902983,0
1903001,432000
1903011,0
1903013,350000
1903020,150000
1903031,500000
1903032,0
1903033,789000
1903038,576800
1903057,150000
1903062,150000
1903064,390000
1903066,397600
1903067,0
1903076,0
1903080,500000
1903093,350000
1903096,537000
1903107,150000
1903110,0
1903116,150000
1903131,0
1903132,150000
1903135,0
1903138,0
1903148,0
1903179,150000
1903181,500000
1903182,150000
1903185,150000
1903186,150000
1903202,0
1903215,350000
1903229,0
1903230,350000
1903245,550000
1903252,500000
1903263,105600
1903287,350000
1903305,0
1903313,120000
1903314,550000
1903319,0
1903320,320000
1903325,544500
1903329,150000
1903350,150000
1903359,150000
1903367,340000
1903405,0
1903424,500000
1903425,150000
1903433,150000
1903435,605000
1903441,150000
1903461,997200
1903466,350000
1903469,891000
1903473,350000
1903477,350000
1903479,0
1903484,335000
1903485,0
1903520,150000
1903551,8390400
1903552,0
1903553,130000
1903560,430000
1903582,0
1903603,150000
1903614,150000
1903618,300000
1903631,0
1903639,380000
1903641,249000
1903642,350000
1903657,0
1903658,0
1903716,150000
1903726,0
1903741,500000
1903742,250000
1903744,350000
1903752,300000
1903759,350000
1903774,0
1903794,0
1903822,150000
1903837,0
1903840,150000
1903858,0
1903861,150000
1903864,0
1903867,1385600
1903871,300000
1903883,350000
1903885,150000
1903897,150000
1903903,544500
1903914,150000
1903916,0
1903922,142500
1903925,0
1903929,470000
1903932,2910600
1903948,283000
1903956,0
1903957,350000
1903967,500000
1904006,350000
1904057,150000
1904061,465000
1904078,150000
1904080,515000
1904081,350000
1904090,658000
1904099,0
1904105,110000
1904123,264000
1904141,442000
1904146,550000
1904147,0
1904155,350000
1904156,891000
1904157,1158100
1904159,350000
1904165,150000
1904175,350000
1904189,150000
1904190,350000
1904195,200000
1904206,429200
1904218,0
1904221,0
1904227,150000
1904229,0
1904232,400000
1904234,212500
1904243,150000
1904245,530000
1904249,0
1904250,500000
1904263,400000
1904264,150000
1904275,500000
1904279,543000
1904295,500000
1904301,135000
1904312,520000
1904315,350000
1904319,1000000
1904324,150000
1904326,150000
1904334,461700
1904338,0
1904340,350000
1904356,350000
1904357,140000
1904364,150000
1904365,300000
1904371,0
1904376,300000
1904378,346500
1904384,350000
1904385,350000
1904388,350000
1904406,0
1904416,200000
1904425,350000
1904429,350000
1904431,0
1904438,150000
1904442,0
1904447,150000
1904448,200000
1904455,350000
1904462,420000
1904464,0
1904467,500000
1904471,150000
1904473,1079000
1904475,150000
1904476,350000
1904479,350000
1904498,150000
1904506,75900
1904507,400000
1904511,350000
1904512,400000
1904525,450000
1904527,0
1904534,344400
1904548,300000
1904558,691000
1904562,346000
1904582,350000
1904597,350000
1904602,250000
1904603,350000
1904613,150000
1904614,350000
1904633,150000
1904635,358500
1904641,0
1904643,350000
1904654,0
1904662,0
1904666,150000
1904692,150000
1904701,0
1904702,0
1904712,100000
1904713,500000
1904716,935600
1904728,0
1904736,1191400
1904751,0
1904762,350000
1904763,320000
1904767,350000
1904791,0
1904792,350000
1904794,814000
1904796,350000
1904799,0
1904803,500000
1904810,272000
1904817,0
1904819,0
1904827,180000
1904828,350000
1904837,150000
1904856,356000
1904861,350000
1904864,500000
1904868,150000
1904879,550000
1904880,300000
1904891,350000
1904904,350000
1904909,150000
1904917,426800
1904930,0
1904936,650000
1904943,0
1904944,0
1904949,350000
1904951,350000
1904960,350000
1904976,150000
1904981,500000
1904994,150000
1905012,350000
1905022,150000
1905052,0
1905059,350000
1905060,490000
1905072,0
1905076,690000
1905081,0
1905082,200800
1905107,150000
1905115,685000
1905121,993000
1905127,398000
1905134,500000
1905149,150000
1905163,0
1905172,0
1905186,100000
1905189,150000
1905191,130000
1905195,461300
1905202,150000
1905213,350000
1905220,1115600
1905232,150000
1905233,0
1905234,350000
1905241,194500
1905243,650000
1905248,350000
1905251,372000
1905252,0
1905253,0
1905260,0
1905265,556000
1905274,462500
1905279,462800
1905285,0
1905288,804300
1905310,350000
1905321,350000
1905330,500000
1905333,200600
1905335,150000
1905347,350000
1905360,850000
1905379,1673400
1905387,0
1905394,0
1905395,0
1905401,0
1905403,0
1905405,0
1905416,150000
1905423,0
1905436,0
1905440,150000
1905445,150000
1905465,0
1905468,0
1905469,150000
1905508,0
1905519,150000
1905523,350000
1905525,130000
1905545,0
1905553,658000
1905559,650000
1905563,40000
1905564,90000
1905569,650000
1905580,1000000
1905590,620000
1905593,350000
1905610,500000
1905617,350000
1905628,725000
1905633,150000
1905635,140000
1905651,725000
1905657,0
1905683,0
1905688,0
1905697,500000
1905702,300000
1905704,550000
1905706,500000
1905716,450000
1905718,0
1905720,0
1905722,0
1905726,150000
1905732,200000
1905738,321800
1905746,0
1905748,500000
1905752,350000
1905757,1499900
1905774,200000
1905791,500000
1905794,515000
1905796,0
1905800,150000
1905812,0
1905814,350000
1905825,0
1905832,500000
1905840,500000
1905842,0
1905845,500000
1905861,150000
1905874,210000
1905878,150000
1905882,490000
1905887,0
1905888,0
1905896,150000
1905898,500000
1905913,0
1905914,0
1905922,470000
1905929,674500
1905938,0
1905945,350000
1905966,267100
1905970,152500
1905977,421200
1906001,159300
1906004,354600
1906013,500000
1906014,0
1906028,1815000
1906032,500000
1906038,10500000
1906040,150000
1906042,150000
1906043,150000
1906056,525000
1906060,350000
1906071,500000
1906075,507000
1906077,350000
1906095,1230000
1906100,350000
1906104,0
1906115,500000
1906117,0
1906144,0
1906148,150000
1906152,350000
1906156,500000
1906159,350000
1906163,150000
1906164,340000
1906174,150000
1906179,836600
1906182,150000
1906188,350000
1906190,580500
1906195,150000
1906207,350000
1906209,350000
1906220,350000
1906224,719600
1906225,350000
1906242,0
1906245,405900
1906254,500000
1906259,324900
1906272,877400
1906292,300000
1906293,150000
1906317,150000
1906328,500000
1906339,200000
1906346,120000
1906349,0
1906351,350000
1906389,271000
1906393,0
1906395,403500
1906404,0
1906409,350000
1906413,350000
1906430,350000
1906432,500000
1906437,0
1906453,350000
1906460,811200
1906473,0
1906476,500000
1906481,0
1906484,0
1906507,73000
1906514,450000
1906543,150000
1906551,350000
1906559,500000
1906571,650000
1906595,527500
1906598,124200
1906606,300000
1906620,0
1906638,1650000
1906650,350000
1906660,350000
1906664,144000
1906691,350000
1906699,650000
1906710,966600
1906713,350000
1906726,250000
1906766,450000
1906774,600000
1906777,400000
1906782,700000
1906784,150000
1906790,400000
1906795,0
1906798,229400
1906811,400000
1906817,350000
1906821,285000
1906827,150000
1906835,330000
1906837,705500
1906842,350000
1906847,951300
1906851,350000
1906856,500000
1906857,350000
1906858,0
1906868,850000
1906872,400000
1906873,350000
1906874,500000
1906887,0
1906900,150000
1906905,0
1906910,350000
1906913,0
1906915,500000
1906918,517500
1906944,400000
1906953,290000
1906958,150000
1906959,400000
1906963,0
1906975,0
1906976,350000
1906992,350000
1906994,650000
1907000,0
1907004,300000
1907006,502000
1907007,462500
1907015,350000
1907031,700000
1907034,0
1907045,0
1907048,750000
1907056,0
1907069,542800
1907071,450000
1907073,0
1907085,400000
1907087,530000
1907098,0
1907101,350000
1907102,258000
1907104,300000
1907127,245000
1907133,120000
1907140,300000
1907144,350000
1907150,150000
1907151,0
1907163,0
1907166,281500
1907191,450000
1907197,500000
1907214,284700
1907217,400000
1907223,0
1907227,150000
1907231,0
1907248,150000
1907288,700000
1907289,150000
1907292,0
1907293,150000
1907295,150000
1907296,150000
1907310,0
1907314,500000
1907316,350000
1907321,250000
1907324,200000
1907327,0
1907340,350000
1907377,135000
1907378,470000
1907381,860000
1907388,350000
1907391,312000
1907397,148500
1907405,0
1907414,1328800
1907431,803800
1907439,150000
1907440,0
1907441,0
1907445,170000
1907448,500000
1907454,320000
1907457,400000
1907471,172000
1907478,650000
1907480,350000
1907488,350000
1907490,247500
1907492,0
1907497,530000
1907507,717400
1907514,350000
1907516,165600
1907522,0
1907532,350000
1907534,450000
1907551,350000
1907552,386700
1907555,0
1907558,0
1907561,900000
1907570,150000
1907571,550000
1907572,350000
1907574,373000
1907578,150000
1907593,0
1907609,360000
1907612,150000
1907616,354000
1907625,557600
1907646,150000
1907653,0
1907655,700000
1907656,2802200
1907663,350000
1907679,350000
1907680,342300
1907684,316100
1907688,492000
1907690,350000
1907692,300000
1907696,0
1907705,336900
1907707,350000
1907710,300000
1907712,200000
1907713,0
1907720,150000
1907728,474800
1907739,150000
1907744,150000
1907756,150000
1907767,150000
1907772,300000
1907773,137500
1907775,350000
1907776,500000
1907789,150000
1907796,400000
1907828,400000
1907830,300000
1907832,350000
1907839,450000
1907842,150000
1907844,233000
1907850,430000
1907851,0
1907853,500000
1907867,500000
1907873,150000
1907882,130000
1907885,85000
1907893,350000
1907897,1177300
1907901,99000
1907906,0
1907908,350000
1907919,500000
1907924,150000
1907930,300000
1907931,110400
1907935,248500
1907939,350000
1907947,0
1907953,150000
1907959,1029800
1907967,350000
1907969,0
1907982,500000
1907986,350000
1907988,600000
1907993,565900
1908007,650000
1908009,0
1908011,233100
1908013,150000
1908027,0
1908037,676300
1908047,776600
1908050,0
1908059,900000
1908066,150000
1908070,0
1908072,508500
1908076,350000
1908090,0
1908096,0
1908097,150000
1908104,0
1908110,250000
1908114,350000
1908115,150000
1908119,0
1908142,394000
1908145,0
1908147,150000
1908152,350000
1908156,453000
1908158,400000
1908166,0
1908177,144000
1908178,467800
1908187,250000
1908189,0
1908196,350000
1908200,350000
1908206,300000
1908211,150000
1908212,350000
1908217,588400
1908219,294000
1908221,150000
1908222,150000
1908230,150000
1908242,497000
1908244,130000
1908249,0
1908254,150000
1908263,620000
1908271,150000
1908273,0
1908281,550000
1908285,0
1908287,250000
1908288,150000
1908290,130000
1908291,0
1908292,0
1908295,150000
1908301,150000
1908310,0
1908316,121800
1908322,0
1908324,135000
1908331,1001200
1908339,0
1908344,550000
1908376,1000000
1908380,0
1908382,150000
1908389,0
1908391,0
1908392,150000
1908404,150000
1908406,0
1908409,350000
1908418,350000
1908420,130000
1908423,130000
1908433,150000
1908434,541400
1908459,112500
1908465,290000
1908478,199000
1908486,300000
1908492,200000
1908494,500000
1908503,506400
1908510,0
1908511,350000
1908516,150000
1908517,0
1908520,0
1908524,650000
1908526,401800
1908533,120000
1908535,799000
1908538,1500000
1908552,699900
1908553,350000
1908566,0
1908568,500000
1908569,1004900
1908571,120000
1908579,130000
1908580,0
1908595,0
1908596,350000
1908601,700000
1908603,0
1908605,44500
1908607,140000
1908613,0
1908616,0
1908623,550000
1908631,350000
1908632,350000
1908634,350000
1908639,330000
1908648,400000
1908658,792000
1908659,300000
1908660,150000
1908663,150000
1908666,542500
1908672,342000
1908677,150000
1908682,150000
1908685,350000
1908693,300000
1908696,150000
1908715,0
1908717,150000
1908723,610000
1908736,409000
1908737,0
1908739,420800
1908747,150000
1908751,180000
1908752,0
1908758,290000
1908764,150000
1908775,0
1908781,0
1908788,0
1908791,0
1908792,350000
1908816,0
1908822,350000
1908827,0
1908828,480000
1908829,128000
1908830,150000
1908843,150000
1908844,0
1908845,300000
1908852,800000
1908858,0
1908864,485000
1908867,150000
1908871,350000
1908885,544000
1908896,350000
1908905,0
1908908,1388800
1908913,77000
1908914,454400
1908916,0
1908922,448500
1908924,150000
1908934,0
1908935,0
1908936,150000
1908938,550000
1908940,130000
1908941,150000
1908942,350000
1908961,350000
1908964,350000
1908965,446400
1908966,0
1908969,0
1908973,650000
1908976,0
1908981,300000
1908996,150000
1908998,174000
1908999,465600
1909003,168000
1909006,951600
1909017,38400
1909019,0
1909020,150000
1909021,0
1909026,0
1909027,500000
1909028,150000
1909029,0
1909030,668100
1909034,350000
1909055,250000
1909059,350000
1909063,350000
1909067,0
1909070,130000
1909071,500000
1909082,1015000
1909093,400000
1909105,0
1909111,850000
1909113,500000
1909116,0
1909121,607400
1909123,150000
1909127,377000
1909131,1140800
1909133,17500
1909148,800000
1909153,150000
1909156,150000
1909158,0
1909159,150000
1909164,1585000
1909170,79700
1909175,653500
1909187,150000
1909199,0
1909200,0
1909208,150000
1909216,400000
1909217,0
1909240,0
1909241,150000
1909243,150000
1909246,350000
1909248,350000
1909249,300000
1909250,239200
1909251,1099000
1909263,650000
1909270,350000
1909287,0
1909293,350000
1909294,150000
1909295,100000
1909303,574700
1909310,95000
1909315,120000
1909316,0
1909317,165000
1909327,350000
1909344,350000
1909350,150000
1909357,350000
1909360,461000
1909364,0
1909365,115000
1909369,0
1909372,0
1909375,0
1909388,702000
1909393,350000
1909395,1102600
1909397,350000
1909402,985100
1909404,450000
1909405,250000
1909427,500000
1909438,0
1909444,350000
1909449,0
1909456,350000
1909461,0
1909467,0
1909480,500000
1909484,350000
1909487,350000
1909495,0
1909498,150000
1909506,0
1909515,0
1909518,350000
1909519,0
1909521,550000
1909524,350000
1909530,0
1909546,0
1909555,435000
1909568,427000
1909569,150000
1909594,150000
1909595,120000
1909597,375500
1909600,350000
1909602,150000
1909603,0
1909606,150000
1909609,350000
1909616,650000
1909628,0
1909631,400000
1909632,150000
1909633,170000
1909648,350000
1909662,150000
1909663,1344700
1909665,518400
1909668,284000
1909685,650000
1909686,500000
1909690,300000
1909698,300000
1909701,444000
1909710,350000
1909714,300000
1909716,0
1909719,0
1909720,0
1909722,350000
1909733,180000
1909751,150000
1909752,500000
1909760,493600
1909762,150000
1909774,0
1909781,150000
1909787,0
1909802,750000
1909804,0
1909818,0
1909819,0
1909823,0
1909825,0
1909841,350000
1909847,300000
1909858,0
1909860,350000
1909862,350000
1909868,0
1909876,140000
1909880,150000
1909883,350000
1909892,350000
1909900,350000
1909913,336000
1909918,350000
1909929,147000
1909931,0
1909932,363800
1909938,673900
1909940,150000
1909960,150000
1909977,225000
1909984,150000
1909985,0
1909988,0
1910007,200000
1910012,200000
1910017,350000
1910019,360000
1910034,780000
1910038,350000
1910039,500000
1910041,607100
1910047,640700
1910052,0
1910063,324000
1910067,0
1910087,0
1910088,140000
1910090,250000
1910100,0
1910103,150000
1910114,644000
1910116,450000
1910121,0
1910122,0
1910133,150000
1910137,0
1910143,350000
1910144,350000
1910149,150000
1910152,150000
1910172,350000
1910182,0
1910193,500000
1910194,350000
1910196,312900
1910198,0
1910213,500000
1910215,533800
1910226,350000
1910227,0
1910228,337600
1910237,0
1910240,812800
1910254,350000
1910257,500000
1910260,350000
1910267,300000
1910269,500000
1910276,150000
1910278,505000
1910279,150000
1910281,350000
1910283,350000
1910284,350000
1910287,0
1910291,350000
1910298,350000
1910303,150000
1910306,150000
1910307,350000
1910310,350000
1910311,150000
1910329,0
1910337,0
1910343,850000
1910347,350000
1910352,350000
1910355,435000
1910360,550000
1910363,396000
1910364,0
1910365,0
1910377,150000
1910385,780000
1910409,0
1910415,683000
1910419,0
1910420,0
1910422,150000
1910428,650000
1910434,572500
1910447,545600
1910450,250000
1910452,0
1910465,0
1910467,563800
1910477,490100
1910495,0
1910501,350000
1910507,0
1910508,450000
1910515,0
1910517,145500
1910518,283500
1910525,120000
1910529,0
1910536,0
1910542,350000
1910544,481500
1910546,400000
1910548,350000
1910571,625000
1910578,482000
1910588,181500
1910592,0
1910597,100000
1910598,150000
1910600,0
1910601,0
1910609,550000
1910611,150000
1910619,678300
1910627,0
1910638,0
1910639,635000
1910653,0
1910657,350000
1910674,321600
1910692,250000
1910701,150000
1910702,150000
1910707,396100
1910709,350000
1910716,0
1910729,350000
1910731,350000
1910754,350000
1910778,290000
1910781,962000
1910786,500000
1910787,0
1910792,0
1910800,350000
1910801,300000
1910807,240000
1910812,150000
1910818,748500
1910821,485800
1910837,150000
1910840,150000
1910864,350000
1910866,0
1910868,0
1910886,350000
1910889,0
1910896,150000
1910903,500000
1910905,156000
1910919,500000
1910920,127000
1910926,500000
1910940,150000
1910949,150000
1910980,0
1910984,450000
1910986,0
1911002,350000
1911003,0
1911016,0
1911027,300000
1911030,350000
1911036,110000
1911055,350000
1911064,0
1911070,190000
1911071,150000
1911075,350000
1911085,0
1911094,500000
1911098,0
1911103,489800
1911104,93400
1911107,350000
1911114,500000
1911134,544000
1911141,1495000
1911148,203500
1911164,350000
1911185,150000
1911202,30100
1911203,350000
1911207,1511000
1911217,425000
1911245,450000
1911256,0
1911259,0
1911260,150000
1911279,350000
1911286,1495000
1911287,150000
1911289,150000
1911305,362000
1911318,250000
1911325,0
1911326,0
1911330,500000
1911338,350000
1911344,350000
1911362,0
1911373,515000
1911375,0
1911377,300000
1911383,350000
1911394,450000
1911403,296700
1911404,300000
1911414,300000
1911417,150000
1911421,150000
1911435,350000
1911461,350000
1911467,449000
1911472,300000
1911474,0
1911484,300000
1911485,350000
1911487,300000
1911493,350000
1911494,500000
1911495,300000
1911502,0
1911508,350000
1911510,0
1911516,148000
1911522,0
1911525,350000
1911527,350000
1911532,0
1911539,233000
1911545,0
1911546,0
1911547,300000
1911549,150000
1911561,500000
1911572,0
1911575,150000
1911577,0
1911620,940100
1911635,0
1911644,350000
1911645,200000
1911656,315000
1911671,350000
1911680,400000
1911685,0
1911693,140000
1911697,7396400
1911699,350000
1911700,0
1911725,0
1911733,350000
1911736,300000
1911739,0
1911752,550000
1911753,650000
1911756,0
1911762,350000
1911764,0
1911771,669200
1911776,150000
1911778,150000
1911788,0
1911789,413800
1911792,150000
1911793,350000
1911798,0
1911802,0
1911804,350000
1911807,350000
1911818,867800
1911824,150000
1911827,0
1911840,350000
1911854,150000
1911866,140000
1911882,510000
1911895,415000
1911898,0
1911899,400000
1911907,327100
1911908,300000
1911932,0
1911934,130000
1911938,150000
1911947,350000
1911949,0
1911959,150000
1911980,200000
1911985,135000
1912014,0
1912021,350000
1912027,150000
1912061,1740000
1912067,350000
1912069,350000
1912070,350000
1912072,300000
1912075,300000
1912079,300000
1912088,0
1912106,119000
1912121,150000
1912131,300000
1912139,350000
1912145,900000
1912159,150000
1912161,120000
1912175,327200
1912181,0
1912190,350000
1912211,0
1912215,375000
1912230,300000
1912254,150000
1912271,150000
1912277,454800
1912279,0
1912313,300000
1912325,801600
1912331,119000
1912340,375000
1912356,150000
1912362,150000
1912369,0
1912381,350000
1912386,140000
1912393,226000
1912403,0
1912407,1900800
1912424,651600
1912437,0
1912438,150000
1912441,150000
1912476,1623600
1912477,277200
1912478,440000
1912506,0
1912534,0
1912535,300000
1912536,1240900
1912547,150000
1912548,150000
1912566,1854500
1912595,0
1912602,720000
1912630,752900
1912643,410200
1912646,150000
1912649,150000
1912661,208000
1912676,0
1912693,149000
1912695,350000
1912701,350000
1912708,184000
1912724,150000
1912771,0
1912778,550000
1912799,516800
1912840,300000
1912863,310000
1912869,0
1912885,500000
1912894,200000
1912898,150000
1912934,0
1912969,602000
1912971,674100
1912979,150000
1912986,150000
1912993,373800
1912997,0
1913004,750000
1913007,300000
1913017,220000
1913038,300000
1913044,753200
1913062,318000
1913103,300000
1913111,0
1913113,300000
1913124,250000
1913126,0
1913135,400000
1913157,150000
1913166,300000
1913185,1090600
1913205,0
1913231,0
1913236,0
1913262,980100
1913271,318000
1913274,0
1913281,90000
1913289,96000
1913293,300000
1913328,120000
1913329,0
1913332,0
1913333,200000
1913338,400000
1913339,350000
1913344,450000
1913350,150000
1913358,450000
1913417,300000
1913434,0
1913435,150000
1913440,170000
1913449,300000
1913454,120000
1913463,0
1913482,450000
1913510,650000
1913516,619800
1913518,0
1913533,0
1913534,547400
1913537,150000
1913545,180000
1913547,300000
1913558,205500
1913568,150000
1913570,350000
1913571,150000
1913598,350000
1913599,500000
1913614,350000
1913619,0
1913626,592500
1913629,150000
1913635,709100
1913648,150000
1913663,930000
1913665,11900
1913678,150000
1913680,0
1913682,0
1913699,0
1913701,0
1913702,350000
1913707,0
1913715,226000
1913724,500000
1913758,557500
1913760,672800
1913766,0
1913767,180000
1913777,350000
1913795,490000
1913801,290000
1913805,150000
1913807,150000
1913821,200000
1913830,1663200
1913837,150000
1913855,300000
1913856,0
1913862,0
1913868,150000
1913870,150000
1913875,68800
1913876,0
1913877,150000
1913878,150000
1913894,126000
1913905,500000
1913910,182500
1913917,350000
1913926,150000
1913934,0
1913940,35000
1913950,157900
1913961,0
1913963,350000
1913967,0
1913975,500000
1913980,140000
1913984,0
1913989,0
1913992,500000
1914000,300000
1914004,200000
1914012,0
1914015,414000
1914020,310000
1914021,0
1914030,0
1914044,537800
1914053,200000
1914055,0
1914056,688500
1914058,860000
1914062,500000
1914069,0
1914071,0
1914098,0
1914107,300000
1914116,350000
1914118,0
1914119,350000
1914131,150000
1914132,500000
1914143,2008000
1914165,500000
1914178,0
1914182,150000
1914183,520000
1914184,350000
1914189,0
1914199,498700
1914214,150000
1914217,0
1914225,0
1914230,427400
1914241,524800
1914258,156200
1914267,350000
1914272,0
1914279,0
1914281,530000
1914294,0
1914295,120000
1914296,350000
1914299,150000
1914301,120000
1914302,500000
1914313,150000
1914316,0
1914317,0
1914327,150000
1914329,350000
1914330,0
1914336,364000
1914347,260000
1914353,200000
1914355,350000
1914357,350000
1914359,200000
1914361,350000
1914365,150000
1914367,150000
1914368,150000
1914387,350000
1914390,400000
1914400,200000
1914412,0
1914415,1161500
1914419,150000
1914422,0
1914430,0
1914436,150000
1914437,200000
1914438,300000
1914444,200000
1914456,0
1914469,223500
1914470,350000
1914471,300000
1914472,400000
1914479,350000
1914486,350000
1914490,350000
1914492,300000
1914493,200000
1914500,0
1914501,350000
1914508,0
1914515,1249000
1914518,350000
1914523,350000
1914532,0
1914537,650000
1914561,150000
1914565,0
1914575,350000
1914587,300000
1914588,350000
1914591,350000
1914595,500000
1914596,350000
1914606,200000
1914612,200000
1914615,350000
1914618,350000
1914622,0
1914623,143000
1914636,350000
1914647,350000
1914665,384000
1914666,0
1914672,150000
1914676,730000
1914689,150000
1914691,350000
1914707,150000
1914715,310400
1914726,140000
1914728,1494600
1914732,350000
1914738,0
1914743,0
1914746,350000
1914747,380800
1914752,150000
1914756,686000
1914761,0
1914762,0
1914768,0
1914769,0
1914779,383500
1914780,0
1914792,400000
1914795,350000
1914810,290000
1914813,0
1914814,731500
1914815,150000
1914816,143000
1914822,500000
1914833,350000
1914842,0
1914850,0
1914851,350000
1914860,200000
1914863,0
1914871,579000
1914880,400000
1914894,0
1914906,203000
1914914,253300
1914915,150000
1914925,0
1914931,350000
1914935,500000
1914937,500000
1914939,0
1914944,0
1914981,350000
1914982,400000
1914997,200000
1915015,72000
1915017,350000
1915022,150000
1915033,350000
1915048,200000
1915050,500000
1915051,150000
1915052,350000
1915056,350000
1915060,557500
1915066,650000
1915073,0
1915075,150000
1915083,393600
1915086,350000
1915087,330800
1915110,350000
1915113,350000
1915129,500000
1915135,350000
1915148,479800
1915150,0
1915160,550000
1915161,390000
1915164,350000
1915166,200000
1915182,550000
1915183,513800
1915204,200000
1915210,513800
1915229,280000
1915240,650000
1915241,150000
1915248,400000
1915253,330000
1915255,0
1915257,650000
1915261,0
1915263,150000
1915268,143000
1915270,200000
1915285,250000
1915286,200000
1915294,150000
1915297,150000
1915301,350000
1915308,350000
1915310,150000
1915314,350000
1915316,130000
1915318,500000
1915319,435000
1915325,500000
1915338,350000
1915349,0
1915350,593100
1915352,0
1915353,370000
1915359,350000
1915362,0
1915369,494000
1915371,350000
1915375,350000
1915379,0
1915405,350000
1915410,0
1915412,363800
1915415,0
1915425,0
1915430,1687200
1915432,363800
1915436,500000
1915441,0
1915451,622000
1915452,400000
1915456,350000
1915462,1985400
1915470,500000
1915472,150000
1915476,550000
1915478,394000
1915486,350000
1915488,350000
1915500,350000
1915504,150000
1915508,0
1915511,150000
1915515,0
1915528,290000
1915546,258700
1915551,1118300
1915566,258000
1915588,400000
1915595,5450000
1915604,145000
1915605,175000
1915610,150000
1915617,150000
1915631,300000
1915633,350000
1915650,150000
1915651,0
1915654,150000
1915656,632000
1915661,0
1915666,359000
1915676,150000
1915683,0
1915686,0
1915687,341600
1915688,0
1915697,100000
1915701,350000
1915702,0
1915705,500000
1915709,300000
1915711,350000
1915713,0
1915716,0
1915726,0
1915732,300000
1915734,619100
1915735,0
1915737,350000
1915741,0
1915742,363800
1915752,0
1915753,150000
1915758,400000
1915764,300000
1915767,0
1915770,0
1915777,350000
1915778,350000
1915789,0
1915795,0
1915798,824800
1915802,200000
1915804,500000
1915805,0
1915818,0
1915820,0
1915822,0
1915823,0
1915828,0
1915830,3090900
1915837,0
1915846,0
1915852,0
1915854,350000
1915868,320000
1915869,350000
1915874,150000
1915877,137500
1915878,0
1915880,637600
1915886,0
1915888,667400
1915893,0
1915900,150000
1915901,0
1915912,350000
1915922,0
1915932,194500
1915936,650000
1915944,16000
1915947,324100
1915963,0
1915964,350000
1915965,0
1915966,955000
1915967,0
1915969,169300
1915973,0
1915982,350000
1915984,500000
1915987,150000
1915991,0
1915995,299600
1915997,120000
1916000,348000
1916001,648500
1916003,350000
1916007,150000
1916012,350000
1916021,0
1916023,323200
1916024,0
1916027,35000
1916039,450000
1916041,150000
1916043,210000
1916048,350000
1916057,200000
1916060,300000
1916069,431000
1916078,500000
1916098,350000
1916100,350000
1916101,256000
1916102,500000
1916111,150000
1916118,119000
1916137,356400
1916140,350000
1916142,900000
1916146,0
1916150,0
1916154,500000
1916156,0
1916159,200000
1916169,0
1916191,0
1916197,426000
1916201,300000
1916203,450000
1916219,0
1916224,350000
1916231,350000
1916237,610000
1916241,150000
1916254,0
1916261,150000
1916262,1184000
1916275,0
1916281,50000
1916283,150000
1916294,200000
1916295,231400
1916298,0
1916303,0
1916314,0
1916325,75000
1916343,400000
1916350,0
1916356,300000
1916364,200000
1916367,350000
1916374,502600
1916390,350000
1916392,712300
1916393,630000
1916394,500000
1916395,0
1916396,350000
1916398,200000
1916407,150000
1916417,0
1916434,290000
1916436,550000
1916439,0
1916447,0
1916451,0
1916453,350000
1916454,150000
1916458,0
1916470,650000
1916473,0
1916476,400000
1916478,150000
1916486,608000
1916487,250000
1916499,500000
1916509,150000
1916511,0
1916512,0
1916518,500000
1916530,0
1916535,0
1916549,613800
1916560,350000
1916564,0
1916567,150000
1916568,0
1916569,475000
1916573,350000
1916574,0
1916592,145000
1916593,650000
1916606,0
1916607,300000
1916612,300000
1916614,140000
1916618,304000
1916619,1000000
1916622,150000
1916626,150000
1916627,0
1916628,350000
1916631,150000
1916648,350000
1916651,350000
1916654,0
1916663,200000
1916667,479400
1916671,0
1916674,500000
1916690,350000
1916691,889200
1916696,934500
1916699,150000
1916708,670000
1916716,170000
1916722,350000
1916724,0
1916732,531000
1916736,350000
1916737,350000
1916742,0
1916744,0
1916749,0
1916751,350000
1916754,477500
1916756,157400
1916758,0
1916769,0
1916773,350000
1916784,1250000
1916786,150000
1916789,0
1916792,0
1916795,350000
1916799,293100
1916800,0
1916808,450000
1916815,194500
1916822,1488000
1916825,0
1916826,350000
1916828,350000
1916833,426500
1916835,170000
1916836,350000
1916838,0
1916840,0
1916858,350000
1916860,0
1916861,350000
1916866,0
1916875,639000
1916894,605900
1916896,350000
1916900,0
1916912,500000
1916915,150000
1916919,350000
1916930,150000
1916932,154000
1916933,350000
1916948,350000
1916950,150000
1916953,0
1916958,1294000
1916959,350000
1916962,0
1916975,350000
1916985,500000
1916990,350000
1916995,0
1917003,350000
1917023,350000
1917029,350000
1917030,150000
1917031,0
1917039,350000
1917040,394000
1917048,350000
1917059,0
1917061,0
1917063,350000
1917065,350000
1917066,645000
1917068,0
1917070,350000
1917077,150000
1917085,350000
1917097,272500
1917101,650000
1917102,0
1917104,350000
1917106,580000
1917128,200000
1917130,500000
1917139,350000
1917143,350000
1917147,500000
1917153,5487900
1917154,350000
1917156,350000
1917161,0
1917174,350000
1917176,0
1917177,0
1917178,195000
1917179,0
1917181,0
1917186,164400
1917197,0
1917202,500000
1917204,0
1917228,500000
1917242,724000
1917244,350000
1917246,150000
1917252,150000
1917263,140000
1917265,500000
1917267,0
1917274,623500
1917276,150000
1917298,0
1917315,700000
1917317,350000
1917325,300000
1917332,450000
1917337,500000
1917339,200000
1917341,0
1917350,350000
1917355,420000
1917356,0
1917357,0
1917358,150000
1917359,400000
1917376,500000
1917387,150000
1917396,737500
1917405,150000
1917406,500000
1917411,0
1917414,200000
1917420,0
1917422,180000
1917429,350000
1917431,150000
1917449,444400
1917450,350000
1917451,150000
1917463,350000
1917480,0
1917483,323500
1917486,0
1917488,840000
1917496,150000
1917498,150000
1917499,0
1917500,0
1917510,0
1917523,650000
1917531,300000
1917544,150000
1917550,350000
1917551,0
1917564,500000
1917565,150000
1917568,350000
1917571,135000
1917572,0
1917582,440000
1917596,150000
1917604,0
1917607,0
1917615,0
1917631,500000
1917637,0
1917645,480000
1917647,350000
1917649,500000
1917663,0
1917664,0
1917672,400000
1917678,350000
1917685,143000
1917711,120000
1917735,350000
1917741,260000
1917745,196000
1917751,514700
1917752,0
1917756,0
1917757,0
1917766,0
1917771,150000
1917779,150000
1917782,550000
1917785,500000
1917788,0
1917795,500000
1917810,0
1917825,140000
1917830,0
1917838,150000
1917841,0
1917842,150000
1917845,135000
1917858,0
1917860,0
1917866,0
1917875,500000
1917876,0
1917877,119000
1917891,150000
1917892,0
1917896,0
1917899,0
1917901,0
1917903,130000
1917918,350000
1917919,0
1917924,350000
1917928,350000
1917938,350000
1917943,0
1917944,201200
1917945,350000
1917948,60800
1917954,494500
1917959,350000
1917962,150000
1917965,0
1917968,835300
1918000,150000
1918003,0
1918008,1018000
1918027,500000
1918033,350000
1918045,350000
1918047,0
1918048,0
1918061,200000
1918068,0
1918072,422000
1918085,0
1918096,0
1918097,350000
1918103,350000
1918113,350000
1918115,500000
1918121,1000000
1918128,500000
1918130,0
1918140,350000
1918143,650000
1918166,350000
1918169,0
1918171,350000
1918177,350000
1918192,0
1918194,730000
1918195,370000
1918199,1050900
1918205,800000
1918209,150000
1918215,59200
1918216,975000
1918224,0
1918235,0
1918237,0
1918238,0
1918243,350000
1918244,350000
1918261,0
1918264,150000
1918272,350000
1918273,0
1918279,0
1918280,0
1918282,500000
1918287,69600
1918293,0
1918294,0
1918297,0
1918300,0
1918306,350000
1918309,0
1918312,650000
1918317,415000
1918323,650000
1918335,350000
1918340,497700
1918345,150000
1918348,350000
1918349,0
1918350,150000
1918369,0
1918370,97400
1918372,605900
1918375,0
1918377,350000
1918380,492500
1918384,750000
1918389,0
1918399,350000
1918408,300000
1918412,350000
1918422,150000
1918426,350000
1918430,650000
1918437,108000
1918438,150000
1918448,320000
1918449,0
1918450,150000
1918471,0
1918475,150000
1918483,0
1918484,150000
1918486,463000
1918490,0
1918503,135000
1918512,0
1918516,485000
1918523,350000
1918537,0
1918540,500000
1918542,500000
1918546,110000
1918547,350000
1918550,0
1918551,150000
1918557,422500
1918558,1000000
1918563,350000
1918567,350000
1918571,450000
1918592,350000
1918593,350000
1918595,150000
1918599,200000
1918605,0
1918612,0
1918613,620000
1918627,0
1918628,710000
1918635,154000
1918636,400000
1918644,350000
1918647,492500
1918655,0
1918656,0
1918659,325000
1918660,150000
1918661,599000
1918665,0
1918666,500000
1918668,0
1918671,550000
1918675,0
1918680,0
1918682,500000
1918688,0
1918695,583000
1918700,0
1918704,0
1918706,350000
1918707,748000
1918708,550000
1918709,0
1918710,350000
1918712,0
1918715,149500
1918717,0
1918728,0
1918732,500000
1918736,350000
1918738,0
1918742,143000
1918744,250000
1918745,182600
1918748,0
1918755,190000
1918756,546400
1918761,0
1918767,150000
1918771,150000
1918772,0
1918775,0
1918776,150000
1918777,0
1918782,0
1918784,2726900
1918789,150000
1918799,0
1918802,350000
1918805,150000
1918807,0
1918808,0
1918814,500000
1918822,0
1918826,0
1918829,950000
1918837,150000
1918838,470000
1918841,500000
1918842,293000
1918843,0
1918844,640000
1918858,0
1918862,150000
1918863,350000
1918866,0
1918874,0
1918877,350000
1918902,650000
1918907,0
1918911,550000
1918914,150000
1918920,350000
1918927,607000
1918942,350000
1918951,150000
1918964,250000
1918968,350000
1918970,0
1918976,0
1918978,650000
1918984,1598500
1918987,1270000
1918992,500000
1918995,199300
1919022,350000
1919025,0
1919028,750000
1919029,650000
1919040,0
1919046,0
1919048,400000
1919049,260000
1919057,568300
1919070,0
1919071,0
1919078,0
1919080,150000
1919085,0
1919089,0
1919102,350000
1919103,150000
1919104,350000
1919105,1693000
1919110,284000
1919117,350000
1919136,0
1919139,350000
1919144,0
1919145,0
1919147,500000
1919149,697600
1919153,150000
1919154,370000
1919165,350000
1919169,0
1919171,0
1919181,0
1919190,350000
1919199,0
1919207,150000
1919211,361400
1919217,800000
1919223,150000
1919236,517600
1919243,368500
1919244,0
1919245,500000
1919247,139000
1919251,350000
1919252,150000
1919258,0
1919262,130000
1919265,350000
1919276,150000
1919289,135000
1919290,1036600
1919291,0
1919295,150000
1919298,0
1919304,570600
1919308,280000
1919309,638000
1919312,350000
1919314,650000
1919323,642200
1919325,120000
1919326,350000
1919340,0
1919341,500000
1919345,350000
1919346,0
1919348,0
1919349,0
1919350,350000
1919355,350000
1919356,0
1919360,1024500
1919361,150000
1919363,350000
1919366,940000
1919369,0
1919370,200000
1919371,120000
1919372,650000
1919376,0
1919377,500000
1919388,390000
1919390,0
1919396,0
1919407,597000
1919409,355000
1919410,500000
1919411,350000
1919412,350000
1919422,0
1919435,0
1919437,0
1919450,350000
1919451,517600
1919454,150000
1919460,0
1919465,622000
1919467,0
1919474,980500
1919475,439800
1919485,150000
1919486,150000
1919500,150000
1919503,0
1919507,929900
1919512,0
1919515,0
1919519,645000
1919522,150000
1919523,0
1919534,0
1919536,400000
1919560,0
1919564,150000
1919581,640000
1919585,350000
1919599,0
1919628,400000
1919633,350000
1919639,0
1919650,350000
1919654,0
1919661,0
1919665,0
1919670,0
1919679,456000
1919687,500000
1919691,0
1919696,150000
1919701,350000
1919702,500000
1919709,0
1919714,0
1919730,400000
1919733,650000
1919737,0
1919738,350000
1919742,350000
1919745,250000
1919750,600000
1919757,180000
1919766,350000
1919774,0
1919790,0
1919795,190000
1919799,547000
1919804,350000
1919805,566100
1919806,400000
1919821,404700
1919826,500000
1919828,140000
1919833,350000
1919840,0
1919862,623900
1919863,0
1919870,400000
1919885,0
1919896,197500
1919898,350000
1919917,350000
1919921,350000
1919933,350000
1919935,530000
1919949,650000
1919956,150000
1919963,0
1919968,200000
1919970,0
1919977,348000
1919980,0
1919990,350000
1919995,0
1920001,0
1920007,300000
1920013,500000
1920021,225000
1920030,0
1920034,0
1920047,350000
1920058,535800
1920084,500000
1920088,350000
1920090,350000
1920092,150000
1920097,350000
1920104,0
1920108,0
1920110,350000
1920117,0
1920136,1100000
1920138,150000
1920152,150000
1920162,150000
1920163,0
1920165,200000
1920183,350000
1920190,150000
1920197,404700
1920202,190000
1920211,491300
1920216,500000
1920229,150000
1920231,350000
1920236,0
1920249,73500
1920251,150000
1920261,190000
1920265,350000
1920267,350000
1920270,0
1920285,143000
1920289,150000
1920296,350000
1920298,0
1920300,369500
1920305,150000
1920306,350000
1920350,400000
1920360,300000
1920362,350000
1920364,350000
1920387,400000
1920405,0
1920416,350000
1920433,400000
1920442,150000
1920464,350000
1920466,500000
1920468,350000
1920470,5059000
1920475,297000
1920491,0
1920498,350000
1920509,150000
1920513,150000
1920515,0
1920518,257800
1920520,300000
1920527,1000000
1920544,150000
1920549,175000
1920551,0
1920554,350000
1920561,423500
1920562,400000
1920568,775300
1920582,150000
1920589,300000
1920591,980100
1920598,0
1920599,0
1920602,350000
1920608,0
1920615,150000
1920631,0
1920634,300000
1920637,755600
1920652,420000
1920669,750000
1920675,0
1920676,350000
1920678,150000
1920680,187000
1920693,150000
1920698,0
1920706,0
1920709,100000
1920710,425000
1920711,0
1920722,0
1920724,300000
1920733,0
1920740,170000
1920745,0
1920759,300000
1920777,150000
1920779,0
1920781,498000
1920791,1296000
1920793,0
1920796,0
1920804,776000
1920807,300000
1920808,0
1920811,0
1920812,450000
1920823,500000
1920832,0
1920853,587900
1920867,0
1920877,300000
1920889,150000
1920890,250000
1920905,150000
1920907,160000
1920916,575000
1920959,2089400
1920971,0
1920976,285000
1920982,300000
1920997,0
1921000,142000
1921003,300000
1921025,350000
1921033,300000
1921044,0
1921046,0
1921058,392000
1921059,150000
1921072,305000
1921085,150000
1921091,150000
1921099,0
1921102,0
1921106,300000
1921107,0
1921114,0
1921132,125000
1921151,150000
1921166,140000
1921170,478000
1921174,150000
1921175,138600
1921179,237000
1921199,500000
1921210,150000
1921214,0
1921233,150000
1921237,1090000
1921243,300000
1921246,150000
1921249,150000
1921251,150000
1921253,498200
1921280,150000
1921286,0
1921289,0
1921312,350000
1921315,0
1921317,866300
1921321,200000
1921332,150000
1921357,450000
1921377,0
1921389,0
1921392,150000
1921407,0
1921431,0
1921442,0
1921446,500000
1921449,200000
1921470,100000
1921477,0
1921491,150000
1921492,0
1921499,300000
1921525,350000
1921536,350000
1921545,150000
1921569,150000
1921575,150000
1921596,503900
1921606,0
1921616,650000
1921624,543500
1921637,0
1921642,398000
1921654,350000
1921655,450000
1921657,200000
1921664,300000
1921666,0
1921669,150000
1921691,150000
1921694,500000
1921697,190000
1921705,474800
1921721,300000
1921751,400000
1921753,0
1921765,600000
1921771,360000
1921779,210000
1921784,150000
1921800,0
1921820,0
1921824,300000
1921826,464400
1921842,300000
1921847,160000
1921866,0
1921870,150000
1921881,0
1921885,350000
1921886,450000
1921887,300000
1921894,0
1921900,150000
1921909,150000
1921919,346500
1921926,150000
1921931,0
1921942,434500
1921943,350000
1921971,0
1921999,674300
1922003,408000
1922005,280000
1922012,0
1922020,0
1922022,500000
1922030,300000
1922046,650000
1922053,412500
1922062,380000
1922064,0
1922070,144000
1922096,0
1922145,300000
1922151,200000
1922152,200000
1922156,0
1922158,120000
1922170,120000
1922177,450000
1922187,300000
1922207,563700
1922222,0
1922223,0
1922226,450000
1922228,639000
1922229,400000
1922250,400000
1922260,283500
1922283,827000
1922289,350000
1922302,597500
1922307,182000
1922312,300000
1922350,350000
1922351,0
1922370,288500
1922380,150000
1922382,0
1922383,0
1922387,350000
1922416,0
1922425,327000
1922429,0
1922430,150000
1922447,350000
1922456,350000
1922458,321700
1922474,350000
1922488,550000
1922495,79000
1922506,0
1922509,0
1922524,500000
1922529,0
1922532,151000
1922553,0
1922566,150000
1922569,350000
1922573,350000
1922580,150000
1922584,550000
1922590,150000
1922616,515300
1922621,350000
1922628,0
1922633,150000
1922650,500000
1922681,193500
1922692,550000
1922697,0
1922705,630000
1922714,660000
1922724,500000
1922732,150000
1922737,0
1922739,350000
1922752,250000
1922780,0
1922783,500000
1922788,350000
1922802,0
1922810,0
1922816,350000
1922817,0
1922840,0
1922841,250000
1922842,383600
1922849,0
1922851,204000
1922859,311500
1922863,457500
1922868,0
1922880,350000
1922888,0
1922901,150000
1922907,125000
1922919,250000
1922939,200000
1922942,0
1922953,566100
1922955,0
1922967,350000
1922968,485000
1922969,0
1922973,350000
1922993,0
1922995,0
1922998,142000
1923007,350000
1923020,350000
1923035,150000
1923036,350000
1923042,300000
1923050,350000
1923053,150000
1923062,350000
1923069,350000
1923079,1006600
1923097,530000
1923098,620000
1923109,0
1923115,0
1923122,150000
1923133,350000
1923148,706000
1923151,0
1923152,604800
1923158,250000
1923176,350000
1923186,350000
1923211,310000
1923214,350000
1923219,0
1923228,350000
1923233,350000
1923236,0
1923241,150000
1923243,135800
1923245,150000
1923256,350000
1923261,50000
1923262,550000
1923267,350000
1923271,9308000
1923278,480200
1923279,500000
1923287,250000
1923300,859800
1923312,350000
1923313,350000
1923319,100000
1923327,300000
1923338,350000
1923365,571600
1923370,0
1923382,624600
1923386,300000
1923388,67000
1923392,0
1923394,0
1923398,150000
1923401,150000
1923441,130000
1923442,350000
1923445,0
1923450,500000
1923457,0
1923464,350000
1923473,350000
1923480,150000
1923483,350000
1923488,0
1923518,0
1923522,514000
1923523,350000
1923534,0
1923539,989100
1923560,870600
1923566,350000
1923567,0
1923569,0
1923572,0
1923573,350000
1923578,350000
1923586,250000
1923592,616200
1923599,0
1923607,350000
1923613,530000
1923617,0
1923628,0
1923631,300000
1923635,150000
1923647,281500
1923652,500000
1923656,974800
1923657,400000
1923666,350000
1923668,350000
1923674,193000
1923675,350000
1923685,390000
1923697,312000
1923706,0
1923707,0
1923712,150000
1923714,150000
1923715,56000
1923732,0
1923734,500000
1923740,956500
1923742,200000
1923751,0
1923752,700000
1923753,0
1923758,150000
1923759,0
1923762,0
1923772,0
1923784,500000
1923785,100000
1923792,239600
1923801,730000
1923802,200000
1923806,446000
1923807,350000
1923808,0
1923809,0
1923816,0
1923820,0
1923821,150000
1923834,135000
1923836,350000
1923841,350000
1923843,350000
1923845,150000
1923848,0
1923850,200000
1923855,262000
1923862,62000
1923864,350000
1923872,0
1923874,0
1923876,0
1923878,500000
1923884,150000
1923905,220500
1923906,0
1923908,0
1923911,474800
1923920,150000
1923922,0
1923926,620500
1923930,0
1923939,350000
1923943,0
1923951,431500
1923953,150000
1923966,149200
1923969,0
1923983,350000
1923984,350000
1923997,0
1924001,0
1924003,350000
1924004,0
1924019,497400
1924025,474800
1924034,497400
1924035,474800
1924039,100000
1924044,150000
1924047,450000
1924048,150000
1924052,0
1924054,0
1924062,250000
1924069,0
1924074,0
1924077,150000
1924080,0
1924082,0
1924084,119000
1924085,459000
1924093,0
1924095,150000
1924100,350000
1924122,0
1924125,350000
1924129,0
1924135,350000
1924153,200000
1924161,450000
1924163,500000
1924170,150000
1924173,101400
1924179,0
1924182,200000
1924192,350000
1924200,150000
1924201,834400
1924210,140000
1924211,300000
1924213,0
1924224,100000
1924226,150000
1924227,350000
1924228,150000
1924234,200000
1924235,0
1924242,500000
1924245,200000
1924246,390600
1924249,350000
1924266,500000
1924267,301400
1924270,480000
1924273,200000
1924287,341000
1924289,300000
1924290,532100
1924299,150000
1924300,0
1924303,150000
1924305,380000
1924310,0
1924316,150000
1924321,332400
1924334,200000
1924335,0
1924339,0
1924342,300000
1924343,566000
1924344,550000
1924349,350000
1924351,0
1924355,350000
1924363,350000
1924364,149000
1924367,150000
1924395,659300
1924402,200000
1924408,63000
1924410,0
1924411,350000
1924415,150000
1924417,200000
1924422,545000
1924426,681400
1924428,206700
1924430,150000
1924432,484500
1924433,150000
1924448,0
1924451,0
1924456,964600
1924466,150000
1924474,0
1924475,0
1924479,150000
1924482,150000
1924492,120000
1924505,350000
1924506,300000
1924519,150000
1924527,150000
1924530,248000
1924538,300000
1924541,700000
1924545,138000
1924546,350000
1924547,350000
1924554,60000
1924569,500000
1924571,150000
1924574,150000
1924578,0
1924579,150000
1924583,350000
1924592,550000
1924599,150000
1924606,0
1924610,140000
1924611,165000
1924623,308400
1924625,500000
1924633,350000
1924651,251300
1924657,350000
1924668,200000
1924673,814900
1924675,491800
1924677,400000
1924678,0
1924683,0
1924686,0
1924688,500000
1924689,0
1924690,500000
1924695,250000
1924696,2766000
1924710,1949000
1924714,0
1924728,350000
1924740,500000
1924744,0
1924745,500000
1924758,454000
1924763,350000
1924764,350000
1924776,650000
1924780,120000
1924783,0
1924799,500000
1924801,0
1924804,2954300
1924816,350000
1924822,200000
1924826,300000
1924839,0
1924841,350000
1924860,350000
1924864,350000
1924866,150000
1924872,500000
1924874,0
1924881,359500
1924883,340000
1924894,350000
1924898,350000
1924902,150000
1924911,150000
1924917,0
1924934,650000
1924939,350000
1924943,140000
1924947,500000
1924952,513000
1924955,472500
1924962,350000
1924982,350000
1924983,150000
1924994,350000
1924996,500000
1925000,0
1925009,309200
1925020,144000
1925022,350000
1925029,350000
1925030,180000
1925032,150000
1925033,150000
1925044,350000
1925046,0
1925062,800000
1925064,150000
1925079,150000
1925081,0
1925082,680000
1925084,0
1925109,0
1925113,350000
1925116,0
1925121,150000
1925123,350000
1925128,841500
1925129,339800
1925132,500000
1925136,350000
1925137,0
1925141,348000
1925143,140000
1925155,721500
1925157,1508500
1925159,0
1925164,500000
1925167,125000
1925170,150000
1925181,350000
1925182,149000
1925190,125000
1925193,0
1925203,350000
1925204,730000
1925206,135800
1925213,350000
1925215,350000
1925218,665000
1925219,350000
1925222,0
1925229,760500
1925238,370000
1925239,350000
1925242,600000
1925244,350000
1925247,390000
1925250,150000
1925254,350000
1925280,0
1925282,0
1925284,150000
1925288,578400
1925289,291700
1925306,350000
1925319,510000
1925321,430000
1925322,490000
1925324,150000
1925327,0
1925330,461000
1925332,350000
1925333,800000
1925338,350000
1925340,350000
1925344,0
1925348,152500
1925350,350000
1925354,350000
1925360,0
1925362,150000
1925366,140000
1925371,0
1925402,150000
1925406,400000
1925409,350000
1925411,300000
1925422,544100
1925424,350000
1925427,105000
1925443,320500
1925457,350000
1925460,0
1925465,150000
1925467,0
1925470,0
1925479,150000
1925482,660000
1925493,150000
1925497,0
1925498,350000
1925508,0
1925509,1044500
1925513,350000
1925516,68000
1925523,0
1925528,107500
1925536,235500
1925542,150000
1925546,150000
1925548,350000
1925557,150000
1925560,0
1925573,780000
1925577,0
1925592,0
1925593,500000
1925594,0
1925598,644000
1925601,500000
1925603,200000
1925604,200000
1925608,953500
1925620,440000
1925626,200000
1925629,0
1925630,201500
1925640,500000
1925643,500000
1925644,650000
1925653,500000
1925675,350000
1925696,150000
1925697,350000
1925718,0
1925723,381500
1925750,0
1925781,300000
1925789,400000
1925790,75000
1925792,150000
1925796,0
1925799,370000
1925802,0
1925808,350000
1925814,350000
1925816,150000
1925819,0
1925822,350000
1925825,150000
1925827,0
1925829,0
1925846,150000
1925854,150000
1925855,200000
1925861,200000
1925865,500000
1925866,350000
1925870,350000
1925877,150000
1925890,350000
1925893,0
1925898,350000
1925900,150000
1925902,399500
1925903,500000
1925907,0
1925908,150000
1925910,300000
1925911,600000
1925912,350000
1925914,350000
1925917,161600
1925930,499000
1925935,500000
1925937,350000
1925938,350000
1925955,0
1925959,350000
1925962,703500
1925967,0
1925970,500000
1925983,229500
1925989,0
1925990,0
1925997,509000
1926014,150000
1926018,350000
1926020,1242500
1926027,350000
1926034,0
1926035,350000
1926036,0
1926049,90000
1926051,550000
1926054,150000
1926055,0
1926058,350000
1926067,748000
1926075,140000
1926078,150000
1926088,0
1926100,150000
1926102,0
1926103,350000
1926104,0
1926110,0
1926112,262000
1926132,0
1926147,350000
1926152,0
1926158,750000
1926161,350000
1926166,150000
1926170,0
1926173,500000
1926174,480000
1926176,350000
1926179,350000
1926183,0
1926187,495000
1926188,150000
1926189,689800
1926194,350000
1926198,0
1926201,391000
1926206,663000
1926211,350000
1926213,1000000
1926216,150000
1926218,0
1926223,0
1926226,0
1926231,350000
1926232,350000
1926244,600000
1926251,350000
1926259,0
1926266,500000
1926267,400000
1926270,400000
1926274,350000
1926278,494000
1926281,375000
1926284,0
1926291,154000
1926295,500000
1926306,150000
1926308,350000
1926312,618000
1926327,0
1926330,150000
1926335,400000
1926340,650000
1926355,255000
1926366,350000
1926369,0
1926371,350000
1926372,144000
1926392,107300
1926393,150000
1926395,0
1926401,300000
1926405,350000
1926418,1150000
1926428,119000
1926432,159200
1926439,498100
1926445,350000
1926448,350000
1926452,3350000
1926457,350000
1926471,0
1926473,350000
1926480,650000
1926483,350000
1926491,350000
1926498,0
1926513,0
1926517,100000
1926529,371100
1926532,350000
1926538,0
1926541,0
1926545,150000
1926548,0
1926554,200000
1926557,150000
1926561,385900
1926564,150000
1926568,0
1926579,0
1926580,350000
1926591,150000
1926596,0
1926610,494000
1926617,0
1926618,320000
1926623,150000
1926625,200000
1926634,3274000
1926635,300000
1926637,350000
1926641,350000
1926644,350000
1926646,233500
1926648,350000
1926655,1000000
1926660,744500
1926669,350000
1926698,0
1926708,490000
1926710,550000
1926711,134700
1926713,150000
1926720,0
1926724,350000
1926729,150000
1926744,0
1926754,400000
1926759,0
1926762,0
1926771,0
1926784,0
1926785,0
1926807,0
1926815,480000
1926818,150000
1926819,850000
1926824,650000
1926833,150000
1926834,295600
1926837,878000
1926848,300000
1926855,0
1926861,0
1926862,94000
1926863,575500
1926868,100000
1926872,120000
1926880,0
1926882,527000
1926886,170000
1926887,150000
1926892,400000
1926907,500000
1926908,0
1926910,0
1926911,316000
1926913,0
1926924,480000
1926928,400000
1926930,150000
1926933,150000
1926937,350000
1926939,0
1926940,150000
1926943,500000
1926945,708600
1926956,0
1926986,0
1926987,350000
1926996,200000
1926997,150000
1927003,602500
1927005,350000
1927007,0
1927008,650000
1927017,150000
1927021,350000
1927029,0
1927040,500000
1927041,650000
1927047,150000
1927050,0
1927051,300000
1927054,400000
1927060,350000
1927062,490000
1927065,150000
1927066,350000
1927067,0
1927087,830000
1927101,300000
1927106,400000
1927111,350000
1927114,150000
1927116,350000
1927118,150000
1927123,0
1927132,0
1927136,150000
1927139,0
1927144,150000
1927148,0
1927151,0
1927169,313400
1927172,450000
1927185,347000
1927189,855000
1927204,150000
1927206,350000
1927218,853500
1927220,150000
1927230,412400
1927239,144000
1927247,0
1927254,350000
1927256,350000
1927262,240000
1927265,350000
1927267,200000
1927268,336000
1927269,350000
1927273,350000
1927276,0
1927282,380000
1927283,350000
1927288,150000
1927292,322500
1927300,500000
1927304,0
1927311,700000
1927323,150000
1927330,0
1927332,300000
1927333,150000
1927338,0
1927340,350000
1927343,428000
1927351,0
1927352,0
1927353,150000
1927357,644000
1927359,586000
1927366,0
1927369,500000
1927376,350000
1927378,148400
1927379,0
1927399,150000
1927401,125000
1927402,500000
1927403,350000
1927407,150000
1927413,0
1927415,0
1927416,0
1927419,718000
1927421,150000
1927433,0
1927443,0
1927451,0
1927455,140000
1927459,870000
1927464,150000
1927467,0
1927470,0
1927475,350000
1927476,0
1927488,300000
1927492,400000
1927502,525600
1927504,0
1927511,350000
1927513,650000
1927516,0
1927529,0
1927534,387500
1927537,300000
1927541,478000
1927544,0
1927548,140000
1927551,350000
1927555,350000
1927557,150000
1927558,350000
1927560,0
1927561,400000
1927584,500000
1927597,150000
1927601,650000
1927603,603500
1927609,0
1927629,330000
1927650,148400
1927651,150000
1927655,521500
1927682,0
1927687,350000
1927689,0
1927693,350000
1927696,476200
1927697,0
1927698,650000
1927699,834000
1927702,0
1927706,178000
1927709,150000
1927710,0
1927711,350000
1927717,650000
1927725,350000
1927728,350000
1927734,0
1927735,500000
1927736,0
1927738,325000
1927739,250000
1927764,350000
1927766,450000
1927771,600000
1927783,390000
1927790,0
1927798,1000000
1927806,573400
1927807,150000
1927816,450000
1927824,0
1927826,150000
1927827,260000
1927832,350000
1927833,497300
1927841,345000
1927847,0
1927858,0
1927863,175000
1927865,350000
1927875,150000
1927882,150000
1927883,350000
1927884,140000
1927888,500000
1927901,0
1927910,0
1927911,0
1927914,0
1927922,650000
1927930,0
1927944,812600
1927947,0
1927949,350000
1927950,0
1927962,0
1927963,300000
1927967,350000
1927971,403000
1927988,214400
1927989,150000
1927997,461000
1928002,0
1928008,1060000
1928011,239000
1928013,300000
1928020,338000
1928028,500000
1928039,472000
1928043,2472000
1928044,130000
1928051,500000
1928055,0
1928056,0
1928057,150000
1928070,105000
1928076,418300
1928085,350000
1928086,1387400
1928088,500000
1928090,424000
1928097,0
1928103,170000
1928104,150000
1928109,350000
1928116,400000
1928120,446000
1928121,3150000
1928125,350000
1928126,0
1928133,350000
1928134,350000
1928136,0
1928137,150000
1928141,200000
1928145,0
1928150,500000
1928154,300000
1928169,500000
1928175,350000
1928176,350000
1928177,500000
1928196,200000
1928202,430000
1928211,0
1928213,350000
1928215,170000
1928217,300000
1928239,150000
1928242,350000
1928243,350000
1928248,564500
1928250,0
1928258,22500
1928259,350000
1928270,478000
1928272,150000
1928278,350000
1928279,107500
1928293,195000
1928295,0
1928298,350000
1928299,0
1928306,675000
1928320,0
1928323,150000
1928324,107500
1928326,0
1928328,219600
1928336,140000
1928337,628600
1928338,350000
1928342,0
1928352,350000
1928360,150000
1928362,140000
1928367,119000
1928369,0
1928370,0
1928371,0
1928387,150000
1928391,673200
1928396,0
1928415,0
1928425,150000
1928427,150000
1928471,227500
1928477,150000
1928478,200000
1928485,135000
1928488,653800
1928495,444600
1928506,150000
1928521,1322000
1928524,150000
1928528,396000
1928533,350000
1928536,0
1928546,1860000
1928555,150000
1928564,550000
1928573,150000
1928576,677000
1928578,150000
1928582,150000
1928587,0
1928595,525000
1928598,320000
1928620,0
1928627,300000
1928629,1474800
1928630,190000
1928633,180000
1928638,450000
1928642,350000
1928644,350000
1928645,693000
1928649,350000
1928650,890000
1928653,150000
1928656,341600
1928663,350000
1928670,350000
1928675,352000
1928685,0
1928689,0
1928690,0
1928693,0
1928694,317600
1928705,587400
1928727,650000
1928735,0
1928736,1128500
1928747,336000
1928750,350000
1928753,0
1928756,121700
1928757,650000
1928758,0
1928761,350000
1928778,350000
1928786,350000
1928791,0
1928808,766400
1928814,355000
1928817,962500
1928822,350000
1928825,0
1928835,500000
1928844,0
1928845,0
1928849,0
1928853,463600
1928859,0
1928875,0
1928878,77100
1928880,995000
1928893,1768000
1928909,0
1928910,1930500
1928911,0
1928913,0
1928925,350000
1928930,442500
1928943,350000
1928966,711000
1928983,0
1928995,547500
1928996,472500
1929003,0
1929010,350000
1929019,497500
1929020,0
1929021,500000
1929025,0
1929029,322400
1929034,650000
1929035,490000
1929039,0
1929045,350000
1929050,350000
1929054,0
1929065,400000
1929067,0
1929069,391000
1929073,643500
1929078,281000
1929084,165000
1929087,150000
1929095,0
1929098,350000
1929108,350000
1929109,350000
1929112,0
1929117,150000
1929118,0
1929119,150000
1929122,69600
1929139,150000
1929144,300000
1929152,891800
1929157,0
1929168,350000
1929169,321800
1929174,150000
1929177,0
1929178,247100
1929181,294000
1929204,0
1929209,350000
1929211,520000
1929214,300000
1929237,1000000
1929241,150000
1929250,150000
1929253,0
1929257,500000
1929261,0
1929262,150000
1929266,695000
1929267,500000
1929268,397000
1929270,350000
1929275,0
1929277,300000
1929282,300000
1929284,0
1929288,150000
1929295,150000
1929299,200000
1929305,300000
1929310,350000
1929311,0
1929315,0
1929328,500000
1929346,0
1929348,0
1929351,0
1929355,711800
1929364,0
1929370,395600
1929375,150000
1929379,0
1929392,150000
1929395,170000
1929402,350000
1929409,0
1929412,290000
1929415,300000
1929420,150000
1929422,150000
1929429,150000
1929435,300000
1929436,398000
1929439,150000
1929441,0
1929443,150000
1929447,119000
1929451,0
1929457,0
1929459,0
1929461,0
1929462,350000
1929465,350000
1929478,150000
1929481,300000
1929487,340000
1929495,0
1929497,516000
1929502,350000
1929513,0
1929528,1367400
1929529,140000
1929534,350000
1929581,350000
1929583,0
1929586,585000
1929589,150000
1929600,300000
1929606,350000
1929617,0
1929633,150000
1929637,0
1929642,390000
1929645,150000
1929648,150000
1929652,300000
1929656,320000
1929670,0
1929671,300000
1929673,150000
1929691,1969700
1929695,185000
1929697,0
1929701,0
1929704,600000
1929708,150000
1929714,0
1929722,150000
1929746,0
1929748,1065700
1929761,0
1929764,300000
1929770,394000
1929787,660000
1929788,43000
1929794,440000
1929800,300000
1929808,0
1929811,1957500
1929812,150000
1929815,390000
1929816,400000
1929821,0
1929833,0
1929834,350000
1929851,250000
1929853,300000
1929866,0
1929868,171600
1929874,695000
1929877,350000
1929881,750000
1929885,631000
1929890,0
1929908,350000
1929912,800000
1929921,0
1929926,418700
1929943,300000
1929948,347900
1929962,150000
1929975,0
1929982,0
1929988,0
1929998,390000
1930014,300000
1930015,512500
1930030,0
1930040,490100
1930069,747000
1930071,300000
1930098,144000
1930101,150000
1930119,450000
1930131,150000
1930139,340200
1930147,250000
1930151,300000
1930158,0
1930167,200000
1930175,0
1930176,0
1930182,0
1930189,208000
1930209,83600
1930211,350000
1930213,150000
1930220,268000
1930221,150000
1930223,500000
1930225,148000
1930234,0
1930255,500000
1930257,300000
1930267,0
1930270,150000
1930281,200000
1930289,300000
1930305,0
1930328,394000
1930345,0
1930355,350000
1930359,161800
1930368,750000
1930382,0
1930384,850000
1930386,400000
1930418,200000
1930455,405000
1930465,0
1930468,0
1930470,0
1930476,350000
1930477,0
1930480,200000
1930506,300000
1930529,544500
1930532,300000
1930561,0
1930563,0
1930564,300000
1930578,0
1930583,450000
1930595,250000
1930604,300000
1930616,0
1930630,512500
1930636,300000
1930653,400000
1930663,0
1930666,0
1930671,0
1930678,450000
1930696,0
1930713,350000
1930724,0
1930733,0
1930737,0
1930752,360000
1930765,350000
1930766,150000
1930767,485400
1930770,0
1930796,350000
1930805,950000
1930822,0
1930823,0
1930854,270000
1930865,300000
1930866,150000
1930873,350000
1930874,144000
1930902,0
1930913,194000
1930914,1937300
1930929,139000
1930935,628000
1930941,400000
1930945,400000
1930951,350000
1930959,350000
1930961,0
1930973,0
1930977,500000
1930978,140000
1930981,300000
1930993,0
1931005,0
1931009,0
1931023,300000
1931047,0
1931064,300000
1931069,500000
1931084,150000
1931091,370000
1931103,150000
1931112,150000
1931143,300000
1931146,350000
1931147,0
1931155,150000
1931157,150000
1931160,350000
1931165,300000
1931171,150000
1931176,400000
1931183,0
1931196,600000
1931200,900000
1931210,150000
1931213,350000
1931227,0
1931233,0
1931249,150000
1931257,0
1931262,0
1931269,150000
1931282,0
1931293,350000
1931295,350000
1931298,0
1931302,0
1931305,400000
1931317,350000
1931327,200000
1931328,650000
1931336,350000
1931338,150000
1931342,500000
1931355,0
1931364,140000
1931366,500000
1931368,0
1931369,0
1931370,150000
1931371,150000
1931376,350000
1931381,0
1931389,150000
1931430,540000
1931431,0
1931436,680000
1931439,500000
1931452,0
1931453,527000
1931454,150000
1931465,350000
1931468,350000
1931484,0
1931490,350000
1931501,500000
1931506,800600
1931515,150000
1931526,150000
1931527,760000
1931529,350000
1931536,200000
1931541,350000
1931551,537800
1931567,350000
1931569,0
1931573,150000
1931575,350000
1931576,350000
1931580,0
1931581,0
1931589,150000
1931592,150000
1931595,100100
1931597,150000
1931605,350000
1931607,350000
1931628,0
1931631,0
1931642,350000
1931645,0
1931657,0
1931661,0
1931667,537500
1931686,350000
1931696,0
1931701,150000
1931721,545000
1931732,200000
1931738,500000
1931740,130000
1931745,0
1931748,0
1931750,390000
1931752,150000
1931760,253500
1931761,0
1931763,0
1931776,350000
1931782,400000
1931789,150000
1931791,150000
1931805,0
1931817,150000
1931827,500000
1931856,500000
1931869,500000
1931870,350000
1931878,500000
1931879,0
1931884,688000
1931885,0
1931893,650000
1931913,350000
1931914,350000
1931922,150000
1931923,0
1931931,350000
1931936,0
1931939,400000
1931944,0
1931947,300000
1931949,650000
1931950,350000
1931967,500000
1931970,450000
1931971,350000
1931986,350000
1931995,350000
1931996,350000
1932003,0
1932004,399000
1932006,350000
1932012,350000
1932017,1019800
1932019,0
1932025,350000
1932027,734100
1932032,400000
1932033,150000
1932037,500000
1932043,350000
1932045,350000
1932057,150000
1932061,1225600
1932062,350000
1932080,400000
1932081,0
1932084,0
1932094,0
1932097,350000
1932103,350000
1932105,350000
1932111,150000
1932120,0
1932121,0
1932123,330000
1932131,150000
1932133,150000
1932145,150000
1932148,0
1932153,150000
1932158,0
1932162,0
1932164,0
1932167,323500
1932168,950000
1932174,0
1932192,350000
1932197,896800
1932198,132200
1932204,0
1932205,350000
1932207,0
1932216,150000
1932221,350000
1932231,400000
1932235,150000
1932237,130000
1932242,350000
1932244,350000
1932247,150000
1932249,150000
1932252,150000
1932254,150000
1932255,350000
1932258,500000
1932259,0
1932264,235900
1932268,350000
1932271,550000
1932275,350000
1932279,0
1932296,350000
1932297,75000
1932311,0
1932315,0
1932316,0
1932317,0
1932318,650000
1932324,0
1932325,235000
1932331,150000
1932334,150000
1932335,107000
1932338,350000
1932340,350000
1932341,300000
1932348,500000
1932349,150000
1932358,250000
1932359,380000
1932373,0
1932382,289000
1932384,350000
1932385,0
1932391,0
1932395,350000
1932403,310000
1932411,350000
1932412,530000
1932413,150000
1932414,730000
1932424,336000
1932436,350000
1932438,883000
1932442,200000
1932445,400000
1932460,350000
1932464,0
1932481,200000
1932483,150000
1932487,150000
1932503,350000
1932507,0
1932508,0
1932510,0
1932511,611200
1932523,200000
1932535,495000
1932538,350000
1932551,531000
1932560,150000
1932566,0
1932581,1170400
1932583,0
1932584,174500
1932594,0
1932595,0
1932599,150000
1932603,0
1932605,350000
1932607,150000
1932610,140000
1932613,306000
1932615,0
1932625,350000
1932630,0
1932639,327200
1932651,0
1932665,0
1932666,350000
1932682,0
1932684,0
1932692,240000
1932696,200000
1932712,119000
1932716,250000
1932721,250000
1932722,0
1932727,350000
1932728,0
1932732,200000
1932736,150000
1932738,150000
1932743,0
1932748,150000
1932756,200000
1932758,0
1932772,100000
1932774,590000
1932775,223500
1932790,140000
1932799,300000
1932800,150000
1932805,350000
1932807,250000
1932809,631600
1932811,1017300
1932816,350000
1932843,592000
1932848,350000
1932852,150000
1932864,150000
1932867,0
1932874,250000
1932875,150000
1932880,278000
1932883,350000
1932884,340000
1932891,300000
1932893,150000
1932903,350000
1932907,350000
1932910,350000
1932911,0
1932912,0
1932913,350000
1932920,1000000
1932922,0
1932924,150000
1932936,469000
1932940,200000
1932943,350000
1932946,671000
1932950,156000
1932953,0
1932955,1150000
1932957,644000
1932959,0
1932961,350000
1932980,0
1932997,385000
1933009,161600
1933010,350000
1933024,350000
1933025,200000
1933043,500000
1933044,350000
1933045,0
1933046,0
1933049,350000
1933053,350000
1933068,500000
1933072,0
1933081,0
1933083,500000
1933091,350000
1933092,492000
1933095,350000
1933097,0
1933102,120000
1933106,619000
1933117,0
1933118,350000
1933132,0
1933134,350000
1933137,200000
1933144,105000
1933148,0
1933149,200000
1933155,144000
1933156,462000
1933158,350000
1933165,144000
1933166,150000
1933167,0
1933178,0
1933186,350000
1933194,350000
1933228,0
1933229,350000
1933242,288500
1933251,390000
1933258,43000
1933265,350000
1933270,634000
1933280,350000
1933296,350000
1933305,161600
1933308,0
1933310,350000
1933311,0
1933316,350000
1933325,350000
1933328,400000
1933332,0
1933341,0
1933342,350000
1933345,150000
1933349,550000
1933351,150000
1933356,350000
1933375,0
1933377,350000
1933385,0
1933387,350000
1933388,150000
1933389,350000
1933395,0
1933398,0
1933401,150000
1933402,0
1933404,650000
1933410,500000
1933411,309500
1933423,200000
1933444,200000
1933445,1305100
1933448,2383000
1933457,350000
1933462,350000
1933466,350000
1933475,150000
1933482,350000
1933488,0
1933489,350000
1933492,206900
1933499,320000
1933504,150000
1933506,300000
1933507,0
1933513,350000
1933525,0
1933530,300000
1933541,702700
1933542,350000
1933556,350000
1933557,150000
1933565,350000
1933570,0
1933594,432000
1933600,150000
1933601,500000
1933603,0
1933610,0
1933612,0
1933614,550000
1933618,350000
1933621,350000
1933626,651700
1933635,150000
1933640,150000
1933642,410000
1933649,0
1933652,200000
1933659,0
1933664,350000
1933665,350000
1933666,200000
1933669,200000
1933672,144000
1933679,150000
1933680,350000
1933687,1000000
1933693,350000
1933702,150000
1933706,200000
1933708,487800
1933709,350000
1933711,350000
1933730,566000
1933739,150000
1933743,500000
1933744,350000
1933747,0
1933754,450000
1933758,350000
1933760,444000
1933761,0
1933764,350000
1933767,350000
1933770,650000
1933772,350000
1933774,350000
1933775,543500
1933783,250000
1933799,470000
1933803,0
1933811,0
1933814,0
1933815,300000
1933817,45200
1933823,0
1933826,150000
1933837,0
1933848,150000
1933849,150000
1933850,150000
1933855,500000
1933858,150000
1933860,150000
1933861,0
1933862,440000
1933870,0
1933872,328300
1933894,0
1933895,350000
1933897,150000
1933901,650000
1933908,0
1933924,418500
1933926,0
1933927,350000
1933929,380800
1933936,350000
1933943,0
1933971,1490000
1933973,500000
1933976,650000
1933979,350000
1933983,300000
1933988,0
1933994,500000
1933995,0
1933997,887000
1933999,350000
1934000,765000
1934009,150000
1934011,514900
1934025,0
1934030,150000
1934038,350000
1934040,0
1934069,350000
1934070,642000
1934074,0
1934078,0
1934102,0
1934104,350000
1934114,500000
1934115,500000
1934119,250000
1934120,301100
1934121,0
1934130,150000
1934139,380800
1934142,350000
1934143,490000
1934145,0
1934148,141500
1934151,0
1934155,300000
1934162,606000
1934184,450000
1934189,0
1934190,0
1934193,150000
1934194,150000
1934197,0
1934202,0
1934206,513600
1934222,417000
1934227,0
1934235,400000
1934237,0
1934238,350000
1934239,0
1934240,0
1934245,590000
1934255,0
1934263,0
1934265,380000
1934276,657800
1934282,359800
1934294,350000
1934298,1032000
1934308,460000
1934311,150000
1934313,0
1934320,650000
1934327,160000
1934329,568000
1934378,450000
1934381,0
1934382,650000
1934384,350000
1934386,350000
1934389,0
1934393,550000
1934398,150000
1934406,515100
1934414,290000
1934418,150000
1934426,350000
1934427,150000
1934438,0
1934441,550000
1934442,150000
1934447,350000
1934450,335000
1934458,540000
1934463,0
1934465,0
1934466,350000
1934468,400000
1934471,500000
1934482,0
1934510,350000
1934512,0
1934513,350000
1934519,862000
1934522,0
1934527,150000
1934532,806000
1934533,145000
1934537,350000
1934550,150000
1934560,150000
1934563,117000
1934565,0
1934571,808000
1934572,148500
1934574,0
1934578,550000
1934582,150000
1934583,150000
1934594,150000
1934598,350000
1934602,350000
1934607,786400
1934608,390000
1934613,0
1934621,537000
1934630,200000
1934633,350000
1934634,650000
1934635,350000
1934636,150000
1934639,350000
1934644,130000
1934646,2473500
1934655,0
1934669,150000
1934678,350000
1934679,142000
1934688,350000
1934689,442000
1934693,768000
1934694,354600
1934703,550000
1934719,490000
1934730,500000
1934738,0
1934745,0
1934749,350000
1934751,0
1934754,680000
1934774,0
1934777,0
1934779,350000
1934780,0
1934789,300000
1934792,0
1934795,419600
1934801,580000
1934812,150000
1934815,0
1934821,169500
1934834,150000
1934842,350000
1934851,150000
1934856,150000
1934857,475000
1934865,350000
1934868,350000
1934871,150000
1934878,0
1934879,0
1934881,0
1934885,350000
1934887,620000
1934888,154000
1934891,0
1934893,0
1934896,0
1934903,0
1934904,0
1934915,615000
1934916,450000
1934921,350000
1934924,350000
1934928,152000
1934930,0
1934933,0
1934940,0
1934944,0
1934953,150000
1934954,0
1934955,250000
1934964,0
1934976,0
1934981,72800
1934985,150000
1934987,0
1934989,0
1934995,160000
1934996,444900
1935005,0
1935029,150000
1935030,0
1935037,400000
1935038,500000
1935040,0
1935041,0
1935050,0
1935052,150000
1935055,0
1935056,359000
1935064,150000
1935097,0
1935104,0
1935108,0
1935116,350000
1935120,0
1935127,150000
1935132,0
1935135,0
1935142,500000
1935143,0
1935153,0
1935157,117600
1935159,350000
1935160,270000
1935166,0
1935167,150000
1935168,0
1935170,250000
1935174,350000
1935177,150000
1935180,0
1935182,400000
1935195,350000
1935198,150000
1935204,350000
1935205,0
1935207,650000
1935211,341000
1935212,350000
1935214,0
1935218,350000
1935221,150000
1935226,0
1935228,500000
1935229,0
1935232,250000
1935239,0
1935245,450000
1935248,130000
1935256,300000
1935257,500000
1935258,350000
1935265,150000
1935271,160000
1935274,150000
1935276,350000
1935283,0
1935284,250000
1935285,2083000
1935288,0
1935301,350000
1935322,0
1935324,0
1935326,500000
1935328,350000
1935349,0
1935356,350000
1935362,150000
1935370,680500
1935371,270000
1935376,0
1935385,350000
1935388,592500
1935389,0
1935390,500000
1935400,540000
1935401,200000
1935407,0
1935420,0
1935422,0
1935425,150000
1935440,0
1935442,500000
1935448,150000
1935459,650000
1935465,350000
1935466,487400
1935477,350000
1935478,0
1935479,150000
1935480,0
1935483,350000
1935488,150000
1935491,200000
1935497,539000
1935502,350000
1935508,500000
1935509,200000
1935513,350000
1935515,350000
1935517,0
1935527,607500
1935531,0
1935534,0
1935542,0
1935548,350000
1935550,0
1935560,0
1935568,150000
1935570,150000
1935571,150000
1935581,479500
1935582,439100
1935587,350000
1935594,350000
1935602,0
1935605,350000
1935607,150000
1935612,300000
1935617,584000
1935618,400000
1935622,150000
1935628,150000
1935638,143000
1935648,350000
1935649,440000
1935651,350000
1935658,0
1935662,0
1935665,110500
1935667,530000
1935668,0
1935671,350000
1935672,350000
1935673,150000
1935678,600000
1935684,150000
1935685,824800
1935694,530000
1935695,105000
1935697,150000
1935698,582400
1935716,350000
1935727,500000
1935735,350000
1935736,0
1935739,1089500
1935742,500000
1935743,350000
1935751,0
1935753,0
1935761,150000
1935764,0
1935766,0
1935768,300000
1935770,150000
1935772,150000
1935773,185000
1935775,150000
1935789,0
1935790,150000
1935792,641000
1935793,0
1935810,0
1935818,645500
1935823,350000
1935832,350000
1935834,200000
1935835,0
1935839,0
1935845,350000
1935846,120000
1935850,200000
1935861,150000
1935864,150000
1935869,0
1935871,530000
1935873,250000
1935882,820000
1935883,350000
1935884,0
1935885,500000
1935886,500000
1935896,500000
1935909,150000
1935925,500000
1935935,0
1935937,146000
1935952,150000
1935957,150000
1935965,0
1935974,0
1935977,0
1935978,150000
1935980,150000
1936006,400000
1936007,350000
1936011,0
1936012,500000
1936014,350000
1936022,2167000
1936023,350000
1936030,150000
1936034,0
1936037,0
1936044,150000
1936047,350000
1936048,0
1936054,350000
1936065,500000
1936070,350000
1936079,400000
1936081,200000
1936084,350000
1936090,150000
1936098,603800
1936101,0
1936106,5100
1936107,150000
1936114,0
1936115,365000
1936117,289800
1936123,150000
1936125,0
1936129,0
1936130,258000
1936141,0
1936155,0
1936161,350000
1936164,150000
1936166,0
1936172,88000
1936173,0
1936179,560000
1936184,390000
1936188,0
1936189,1147100
1936194,0
1936204,56000
1936205,614500
1936208,0
1936215,383600
1936216,150000
1936222,206000
1936227,200000
1936232,0
1936241,0
1936245,1300000
1936254,350000
1936257,0
1936262,0
1936263,350000
1936265,0
1936270,550000
1936273,0
1936280,350000
1936289,150000
1936302,150000
1936307,150000
1936314,0
1936316,0
1936325,0
1936336,0
1936339,350000
1936342,350000
1936343,339500
1936349,150000
1936352,500000
1936357,300000
1936360,0
1936364,150000
1936369,550000
1936372,1090000
1936381,400000
1936382,1507800
1936383,350000
1936390,0
1936391,350000
1936394,150000
1936397,250000
1936398,0
1936401,685000
1936404,150000
1936408,150000
1936410,400000
1936412,150000
1936413,500000
1936426,350000
1936430,0
1936438,0
1936440,656000
1936445,0
1936460,150000
1936462,350000
1936466,200000
1936471,382900
1936480,0
1936486,350000
1936487,280000
1936491,800000
1936492,146000
1936496,325000
1936499,150000
1936504,350000
1936506,0
1936507,150000
1936508,500000
1936509,0
1936519,350000
1936525,195000
1936527,349200
1936529,0
1936538,355000
1936546,350000
1936547,350000
1936552,0
1936557,0
1936561,500000
1936565,433500
1936567,350000
1936582,0
1936584,0
1936590,522500
1936591,200000
1936596,0
1936604,350000
1936605,1370000
1936608,0
1936609,126700
1936621,68000
1936623,394900
1936632,150000
1936633,818000
1936634,0
1936635,150000
1936638,339400
1936640,0
1936641,330000
1936646,650000
1936653,0
1936660,400000
1936669,150000
1936671,350000
1936688,0
1936692,0
1936695,500000
1936701,0
1936702,350000
1936716,0
1936717,150000
1936722,400000
1936723,150000
1936734,0
1936736,350000
1936738,400000
1936742,500000
1936747,150000
1936750,150000
1936752,350000
1936754,0
1936756,350000
1936762,350000
1936764,200000
1936766,0
1936769,450000
1936770,350000
1936771,334300
1936789,650000
1936791,350000
1936798,150000
1936813,600000
1936825,507500
1936827,350000
1936843,350000
1936849,0
1936851,0
1936852,350000
1936854,0
1936855,350000
1936856,0
1936859,0
1936871,0
1936877,0
1936878,500000
1936884,0
1936887,650000
1936891,150000
1936898,0
1936900,180000
1936904,0
1936914,824000
1936922,350000
1936929,350000
1936930,150000
1936933,150000
1936936,650000
1936942,0
1936944,0
1936946,0
1936948,369500
1936956,842100
1936971,145000
1936972,0
1936973,716000
1936977,350000
1936978,0
1936986,350000
1936987,0
1936988,0
1936995,550000
1936999,0
1937000,0
1937002,350000
1937012,150000
1937013,0
1937018,150000
1937024,0
1937026,500000
1937028,0
1937033,0
1937034,456000
1937041,0
1937043,240000
1937045,0
1937048,350000
1937051,0
1937064,350000
1937067,0
1937076,0
1937082,282800
1937084,70000
1937087,650000
1937089,150000
1937091,350000
1937092,150000
1937094,0
1937098,350000
1937102,150000
1937103,97500
1937105,0
1937109,374100
1937115,623600
1937117,150000
1937125,0
1937128,318000
1937129,0
1937132,480000
1937133,0
1937138,0
1937149,550000
1937150,515000
1937158,415700
1937160,0
1937166,350000
1937170,350000
1937174,350000
1937180,141000
1937182,0
1937183,148000
1937185,500000
1937195,0
1937197,783800
1937200,250000
1937201,350000
1937203,373000
1937205,350000
1937216,350000
1937217,350000
1937218,200000
1937227,111300
1937230,400000
1937238,350000
1937249,350000
1937261,0
1937263,350000
1937277,0
1937288,0
1937290,0
1937291,350000
1937301,416000
1937307,0
1937310,0
1937312,500000
1937315,0
1937318,130000
1937321,0
1937326,0
1937339,224700
1937344,0
1937345,82500
1937346,1474800
1937364,0
1937378,1025000
1937387,410000
1937394,350000
1937402,394000
1937405,300000
1937413,1450500
1937415,150000
1937420,150000
1937421,500100
1937431,0
1937432,0
1937443,200000
1937450,150000
1937451,0
1937457,350000
1937461,0
1937464,276000
1937466,300000
1937478,668300
1937493,450000
1937507,600000
1937509,135800
1937511,200000
1937519,250000
1937533,0
1937540,445100
1937549,350000
1937566,0
1937570,0
1937574,310000
1937575,0
1937578,366000
1937582,150000
1937583,150000
1937589,150000
1937598,0
1937605,389600
1937609,474800
1937614,681300
1937615,350000
1937619,1150000
1937623,350000
1937647,0
1937649,150000
1937650,400000
1937662,701000
1937666,350000
1937679,0
1937686,337500
1937692,105000
1937695,0
1937701,0
1937735,300000
1937737,150000
1937741,0
1937744,150000
1937749,146000
1937753,683200
1937755,150000
1937756,350000
1937766,150000
1937768,150000
1937773,1037500
1937785,0
1937792,0
1937798,0
1937799,0
1937807,350000
1937809,0
1937819,0
1937820,300000
1937828,150000
1937831,0
1937837,176100
1937838,0
1937839,474800
1937840,0
1937846,300000
1937848,400000
1937850,0
1937852,10000
1937853,0
1937854,0
1937855,350000
1937862,150000
1937864,150000
1937865,0
1937871,0
1937875,0
1937878,0
1937879,150000
1937880,0
1937883,265000
1937889,0
1937892,250000
1937893,247500
1937894,0
1937895,760000
1937898,0
1937899,0
1937903,0
1937904,0
1937908,0
1937909,0
1937910,0
1937915,0
1937919,0
1937930,386000
1937934,0
1937936,350000
1937938,450000
1937939,300000
1937940,0
1937944,938000
1937957,114000
1937958,200000
1937960,0
1937961,0
1937973,0
1937981,381000
1937983,150000
1937986,500000
1937990,3961300
1937991,0
1937996,200000
1937998,0
1938004,0
1938009,550000
1938011,710000
1938019,0
1938020,507500
1938024,0
1938028,350000
1938031,0
1938032,0
1938035,1744000
1938036,300000
1938038,0
1938040,484000
1938044,150000
1938049,0
1938055,380000
1938060,141400
1938062,350000
1938067,0
1938069,0
1938070,350000
1938072,0
1938075,0
1938076,3721100
1938081,439800
1938084,0
1938087,150000
1938089,250000
1938096,0
1938101,2709600
1938109,350000
1938112,558000
1938118,0
1938122,150000
1938126,350000
1938127,300000
1938134,350000
1938140,300000
1938153,0
1938158,350000
1938165,0
1938171,418800
1938173,300000
1938190,0
1938194,300000
1938195,400000
1938204,0
1938224,150000
1938231,663400
1938240,450000
1938251,292500
1938265,300000
1938268,0
1938302,350000
1938309,300000
1938310,362000
1938334,517800
1938339,483200
1938352,700000
1938370,0
1938378,300000
1938381,150000
1938382,0
1938388,397500
1938398,350000
1938407,0
1938414,530000
1938417,350000
1938427,1331600
1938428,265100
1938436,150000
1938443,550000
1938452,346300
1938454,0
1938463,0
1938466,0
1938467,0
1938471,200000
1938476,0
1938482,280000
1938483,0
1938489,0
1938490,0
1938493,356000
1938494,350000
1938521,150000
1938523,150000
1938531,616000
1938532,300000
1938540,0
1938542,390000
1938544,0
1938563,0
1938564,0
1938566,0
1938568,300000
1938581,140000
1938584,300000
1938597,0
1938601,500000
1938606,0
1938619,300000
1938620,650000
1938625,150000
1938628,1539500
1938634,0
1938643,350000
1938644,395000
1938646,350000
1938668,178000
1938677,0
1938694,300000
1938696,0
1938699,150000
1938700,476100
1938702,1096200
1938704,500000
1938705,627500
1938714,0
1938727,450000
1938744,329000
1938747,0
1938754,272000
1938756,400000
1938775,300000
1938780,0
1938783,150000
1938784,150000
1938791,400000
1938793,30000
1938798,694000
1938802,150000
1938803,0
1938807,292100
1938814,0
1938820,150000
1938825,0
1938826,350000
1938837,209500
1938850,0
1938854,430500
1938861,113300
1938866,150000
1938871,150000
1938882,132800
1938886,150000
1938910,300000
1938911,300000
1938915,0
1938916,300000
1938917,150000
1938919,0
1938921,150000
1938923,0
1938926,350000
1938935,120000
1938948,509000
1938952,200000
1938955,300000
1938961,350000
1938969,150000
1938971,0
1938976,0
1938979,482500
1938990,0
1938993,300000
1939002,0
1939003,150000
1939004,150000
1939006,0
1939014,0
1939017,0
1939035,0
1939041,450000
1939054,700000
1939056,650000
1939057,150000
1939062,350000
1939063,0
1939077,0
1939083,0
1939106,500000
1939110,497500
1939116,536000
1939132,0
1939134,350000
1939139,700000
1939149,300000
1939150,744700
1939151,443000
1939155,584000
1939156,300000
1939158,350000
1939162,492000
1939167,105000
1939171,300000
1939177,345000
1939186,0
1939187,0
1939218,379400
1939220,264200
1939246,268500
1939251,350000
1939271,335000
1939276,150000
1939288,0
1939305,199000
1939306,350000
1939315,150000
1939320,160000
1939329,350000
1939331,1300000
1939344,0
1939355,0
1939359,150000
1939367,0
1939369,205000
1939370,511600
1939388,675600
1939395,850000
1939403,350000
1939411,672500
1939413,443800
1939416,91000
1939418,140000
1939421,400000
1939427,0
1939430,788800
1939440,520000
1939442,500000
1939448,150000
1939461,150000
1939462,350000
1939466,350000
1939468,2432000
1939469,0
1939470,0
1939473,0
1939478,150000
1939479,350000
1939483,0
1939488,267000
1939489,0
1939499,500000
1939514,450000
1939518,150000
1939519,0
1939521,250000
1939534,0
1939535,459000
1939540,200000
1939551,350000
1939554,170000
1939557,0
1939565,0
1939568,302000
1939579,250000
1939592,150000
1939595,300000
1939599,350000
1939600,0
1939618,0
1939622,0
1939635,0
1939639,535000
1939642,0
1939650,200000
1939654,350000
1939672,0
1939678,0
1939682,220000
1939685,0
1939693,1050000
1939699,150000
1939703,400000
1939704,350000
1939710,150000
1939717,4876800
1939725,399000
1939730,376000
1939734,0
1939736,350000
1939737,400000
1939739,300000
1939740,350000
1939742,350000
1939747,350000
1939752,0
1939762,350000
1939772,0
1939780,0
1939789,350000
1939795,0
1939797,1140000
1939799,400000
1939825,350000
1939831,150000
1939834,0
1939847,350000
1939853,150000
1939856,350000
1939860,350000
1939888,0
1939894,0
1939903,0
1939917,350000
1939922,350000
1939925,442000
1939927,500000
1939938,0
1939939,0
1939961,150000
1939963,557000
1939981,376600
1939983,0
1939984,549700
1939985,150000
1939990,439800
1939994,1122000
1939996,150000
1940020,464500
1940033,550000
1940035,350000
1940038,0
1940041,350000
1940042,600000
1940043,350000
1940046,0
1940049,0
1940058,200000
1940065,632500
1940066,0
1940067,133500
1940076,0
1940078,900000
1940081,0
1940082,0
1940086,100000
1940094,0
1940096,0
1940103,0
1940104,479400
1940109,350000
1940116,350000
1940118,392000
1940123,474800
1940126,463000
1940129,500000
1940138,0
1940140,0
1940142,150000
1940143,2862700
1940144,150000
1940147,0
1940155,550000
1940160,350000
1940161,150000
1940166,500000
1940172,0
1940185,350000
1940192,350000
1940199,350000
1940200,0
1940204,150000
1940211,0
1940217,0
1940220,350000
1940224,150000
1940241,0
1940244,200000
1940249,200000
1940255,100000
1940256,0
1940266,260000
1940270,550000
1940275,76000
1940282,0
1940291,0
1940297,150000
1940304,338500
1940308,330000
1940312,0
1940319,350000
1940328,700000
1940332,150000
1940339,150000
1940340,522100
1940341,0
1940344,150000
1940350,2385600
1940352,0
1940383,350000
1940386,362000
1940395,3727100
1940406,723500
1940409,200000
1940416,801500
1940419,1000000
1940421,320000
1940422,0
1940423,618800
1940425,723500
1940432,321000
1940442,4302200
1940446,654500
1940456,150000
1940457,1013600
1940459,350000
1940465,150000
1940469,654500
1940480,530100
1940481,350000
1940487,0
1940495,642600
1940503,582000
1940507,350000
1940518,350000
1940521,400000
1940523,380000
1940524,642600
1940536,350000
1940537,0
1940542,485000
1940547,730000
1940548,654500
1940551,0
1940554,0
1940555,1013600
1940558,0
1940567,635900
1940574,159000
1940585,526500
1940586,516500
1940593,350000
1940594,350000
1940603,150000
1940604,150000
1940609,650000
1940611,0
1940612,0
1940621,0
1940632,150000
1940634,150000
1940636,350000
1940637,0
1940639,300000
1940653,0
1940671,650000
1940675,990000
1940686,439200
1940690,0
1940693,285000
1940694,150000
1940695,0
1940699,486400
1940700,311000
1940701,0
1940709,250000
1940713,250000
1940716,0
1940717,350000
1940718,150000
1940719,350000
1940723,0
1940729,2524700
1940737,538300
1940740,280000
1940742,500000
1940752,774900
1940753,150000
1940758,0
1940763,800000
1940764,100000
1940767,0
1940774,400000
1940782,0
1940785,150000
1940787,659900
1940792,0
1940795,0
1940816,200000
1940819,410000
1940828,690000
1940832,0
1940833,0
1940842,1164800
1940844,770000
1940845,100000
1940846,150000
1940852,350000
1940858,500000
1940860,439800
1940862,250000
1940866,150000
1940869,100000
1940870,0
1940873,150000
1940875,157000
1940880,350000
1940886,300000
1940888,0
1940890,300000
1940896,150000
1940900,0
1940903,500000
1940907,0
1940912,549000
1940927,515000
1940928,350000
1940932,150000
1940933,150000
1940934,0
1940937,150000
1940939,200000
1940941,150000
1940944,0
1940946,150000
1940948,913800
1940949,43000
1940954,0
1940969,150000
1940975,150000
1940977,379800
1940978,400000
1940979,130000
1940981,350000
1940992,150000
1940996,0
1940998,521800
1941000,0
1941003,0
1941005,150000
1941016,150000
1941018,590900
1941020,350000
1941023,150000
1941026,350000
1941028,449000
1941035,150000
1941036,200000
1941038,350000
1941042,350000
1941043,850000
1941046,0
1941047,150000
1941049,150000
1941050,0
1941053,500000
1941056,705000
1941059,0
1941062,350000
1941066,122500
1941074,0
1941075,350000
1941077,150000
1941078,350000
1941081,479900
1941086,350000
1941091,1000000
1941099,350000
1941105,0
1941107,415000
1941119,513500
1941137,1087000
1941138,0
1941139,170000
1941142,350000
1941146,350000
1941147,496000
1941154,700000
1941158,130000
1941161,150000
1941177,465600
1941178,150000
1941179,600000
1941181,0
1941186,320900
1941188,350000
1941189,500000
1941190,150000
1941197,350000
1941198,350000
1941200,128000
1941201,0
1941205,500000
1941219,530000
1941220,70000
1941227,150000
1941240,438000
1941242,350000
1941243,431000
1941244,447100
1941247,150000
1941248,390000
1941252,350000
1941260,0
1941261,685000
1941262,150000
1941265,350000
1941271,300000
1941274,400000
1941282,0
1941285,152200
1941288,350000
1941292,350000
1941295,0
1941296,350000
1941298,200000
1941301,610000
1941304,519300
1941312,237200
1941319,350000
1941321,350000
1941324,350000
1941325,0
1941329,0
1941331,0
1941337,150000
1941346,350000
1941355,350000
1941358,0
1941359,0
1941371,350000
1941380,0
1941382,0
1941383,437000
1941384,350000
1941392,340000
1941396,395000
1941409,500000
1941420,530000
1941421,0
1941423,350000
1941426,100000
1941429,0
1941431,0
1941437,350000
1941440,478000
1941442,150000
1941443,76000
1941448,150000
1941449,350000
1941454,0
1941459,0
1941461,350000
1941470,0
1941473,350000
1941483,585000
1941489,1000000
1941495,150000
1941504,0
1941522,350000
1941531,955400
1941532,150000
1941534,139700
1941537,350000
1941540,551500
1941543,550000
1941548,500000
1941549,350000
1941562,0
1941564,350000
1941577,150000
1941582,1000000
1941584,350000
1941596,407300
1941599,1314000
1941605,350000
1941612,448300
1941616,150000
1941624,423000
1941630,0
1941636,150000
1941639,0
1941647,0
1941650,0
1941654,350000
1941656,0
1941658,0
1941659,150000
1941660,762000
1941662,350000
1941666,218000
1941672,0
1941673,0
1941675,0
1941676,500000
1941680,0
1941681,0
1941693,150000
1941702,531500
1941703,390000
1941707,0
1941709,150000
1941712,0
1941713,0
1941716,0
1941720,0
1941724,0
1941726,500000
1941729,825400
1941741,0
1941752,150000
1941756,0
1941760,500000
1941765,0
1941771,150000
1941772,500000
1941781,350000
1941791,0
1941796,0
1941798,150000
1941805,0
1941806,0
1941813,85000
1941819,0
1941825,150000
1941828,689500
1941829,150000
1941838,300000
1941839,150000
1941843,350000
1941844,150000
1941847,350000
1941850,150000
1941855,350000
1941857,240000
1941871,350000
1941872,500300
1941875,150000
1941879,350000
1941885,150000
1941886,18900
1941889,480000
1941891,0
1941894,300200
1941902,150000
1941903,492000
1941911,0
1941919,0
1941921,350000
1941924,150000
1941935,150000
1941938,500000
1941946,374000
1941949,140000
1941959,140000
1941960,470000
1941963,550000
1941964,600000
1941967,250000
1941981,822000
1941982,496000
1941984,0
1941988,350000
1942003,510000
1942008,350000
1942009,0
1942011,140000
1942012,500000
1942014,0
1942021,487000
1942023,150000
1942026,150000
1942035,0
1942042,350000
1942044,0
1942045,350000
1942046,213000
1942050,200000
1942055,0
1942060,140000
1942063,0
1942066,0
1942067,150000
1942070,0
1942072,400000
1942076,587600
1942077,160000
1942079,0
1942083,350000
1942085,350000
1942089,0
1942090,480000
1942103,0
1942115,0
1942122,0
1942129,0
1942132,350000
1942133,350000
1942135,150000
1942136,5695700
1942137,918500
1942140,150000
1942142,490000
1942146,350000
1942152,700000
1942154,468700
1942159,318000
1942167,0
1942178,200000
1942181,150000
1942185,729000
1942186,150000
1942189,350000
1942191,0
1942205,0
1942206,150000
1942213,150000
1942219,0
1942220,376000
1942221,250000
1942223,150000
1942225,0
1942226,350000
1942228,150000
1942230,0
1942239,136400
1942241,0
1942249,299000
1942257,150000
1942262,0
1942274,350000
1942277,0
1942284,449900
1942288,685000
1942300,620000
1942306,0
1942307,150000
1942309,0
1942319,150000
1942321,0
1942322,0
1942325,0
1942327,150000
1942333,600000
1942335,500000
1942341,0
1942344,350000
1942345,478000
1942346,150000
1942348,534000
1942353,0
1942356,350000
1942362,97000
1942368,150000
1942369,150000
1942370,600000
1942374,150000
1942378,350000
1942384,150000
1942394,0
1942396,1001000
1942405,150000
1942408,150000
1942411,350000
1942413,425000
1942418,300000
1942419,500000
1942420,400000
1942422,0
1942426,0
1942427,150000
1942432,300000
1942443,0
1942452,150000
1942453,0
1942459,556000
1942462,530000
1942463,350000
1942464,0
1942478,550000
1942479,500000
1942481,630000
1942492,550000
1942497,350000
1942501,0
1942502,150000
1942510,144000
1942520,350000
1942524,0
1942532,650000
1942553,150000
1942562,0
1942566,164500
1942567,0
1942572,0
1942576,500000
1942587,0
1942592,727400
1942593,140000
1942603,0
1942604,1270000
1942605,150000
1942607,0
1942608,170000
1942610,0
1942619,150000
1942621,170000
1942622,140000
1942627,350000
1942629,150000
1942642,0
1942650,350000
1942659,0
1942661,139000
1942664,300000
1942665,149500
1942670,316000
1942671,650000
1942677,300000
1942680,350000
1942681,500000
1942687,180000
1942689,0
1942691,0
1942697,500000
1942700,0
1942702,250000
1942703,405000
1942708,350000
1942709,200000
1942718,478000
1942731,350000
1942737,141000
1942738,1365000
1942741,0
1942756,520000
1942764,341600
1942769,608000
1942770,0
1942771,0
1942774,350000
1942776,305100
1942778,0
1942780,160000
1942785,350000
1942792,189000
1942796,150000
1942798,0
1942805,200000
1942806,200000
1942808,438500
1942815,0
1942818,350000
1942825,100100
1942828,400000
1942834,150000
1942851,350000
1942857,150000
1942878,138000
1942881,0
1942883,500000
1942884,490000
1942896,450000
1942897,350000
1942898,0
1942913,0
1942930,0
1942940,0
1942943,500000
1942944,350000
1942950,150000
1942960,0
1942962,250000
1942964,0
1942968,0
1942971,250000
1942972,250000
1942975,400000
1942976,350000
1942983,150000
1942984,412000
1942991,0
1943001,500000
1943005,478000
1943007,300000
1943008,150000
1943012,234000
1943014,550000
1943017,819500
1943018,350000
1943022,667000
1943024,350000
1943026,350000
1943033,749900
1943035,0
1943049,0
1943050,0
1943051,150000
1943055,0
1943057,350000
1943059,150000
1943063,150000
1943078,0
1943088,306000
1943104,478000
1943107,150000
1943111,350000
1943116,150000
1943118,350000
1943119,879800
1943122,350000
1943133,350000
1943145,434500
1943150,0
1943158,550000
1943162,0
1943170,0
1943171,0
1943175,0
1943177,550000
1943182,980100
1943183,0
1943187,212500
1943195,150000
1943197,350000
1943203,0
1943209,0
1943212,350000
1943213,150000
1943218,500000
1943219,0
1943226,140000
1943229,0
1943230,978100
1943236,150000
1943238,152400
1943242,550000
1943245,150000
1943247,150000
1943248,144000
1943249,223500
1943252,0
1943253,159500
1943254,0
1943257,0
1943277,655000
1943278,350000
1943299,0
1943307,0
1943310,503000
1943313,184400
1943316,0
1943319,150000
1943327,500000
1943334,0
1943335,350000
1943340,150000
1943345,0
1943349,0
1943354,0
1943363,120000
1943364,350000
1943370,150000
1943388,600000
1943389,609300
1943397,300000
1943402,200000
1943403,150000
1943409,0
1943413,0
1943415,0
1943417,0
1943426,150000
1943428,0
1943432,350000
1943435,150000
1943440,150000
1943441,470000
1943449,0
1943455,150000
1943456,340000
1943459,350000
1943469,0
1943472,0
1943473,0
1943476,300000
1943477,350000
1943478,200000
1943479,150000
1943489,350000
1943494,350000
1943505,486200
1943507,550000
1943511,0
1943512,375000
1943515,0
1943516,350000
1943517,150000
1943518,0
1943520,350000
1943521,400000
1943527,500000
1943530,0
1943532,500000
1943537,0
1943541,150000
1943545,200000
1943554,440000
1943556,500000
1943565,350000
1943567,0
1943577,0
1943581,150000
1943582,130000
1943585,350000
1943595,732500
1943598,434900
1943618,350000
1943626,407400
1943629,240000
1943630,450000
1943637,350000
1943638,500000
1943642,400000
1943647,148500
1943649,572000
1943651,0
1943654,350000
1943658,0
1943660,1254200
1943661,1150000
1943665,350000
1943666,350000
1943667,0
1943668,696000
1943670,144000
1943672,1000000
1943675,150000
1943680,0
1943683,0
1943685,0
1943687,0
1943696,600000
1943705,300000
1943708,0
1943714,0
1943725,150000
1943759,350000
1943767,0
1943768,400000
1943775,450000
1943777,150000
1943778,500000
1943779,310000
1943787,0
1943789,450000
1943792,496000
1943799,0
1943803,0
1943804,0
1943805,650000
1943806,500000
1943810,0
1943811,200000
1943814,350000
1943817,0
1943818,350000
1943822,150000
1943823,350000
1943826,0
1943830,350000
1943836,0
1943841,350000
1943850,350000
1943852,350000
1943855,550000
1943856,350000
1943858,462800
1943860,350000
1943867,350000
1943870,350000
1943880,144000
1943887,0
1943889,0
1943890,0
1943893,0
1943896,380000
1943900,0
1943906,250000
1943907,0
1943912,350000
1943927,350000
1943928,150000
1943936,0
1943937,350000
1943944,350000
1943947,0
1943954,150000
1943960,350000
1943962,400000
1943965,0
1943970,350000
1943972,517200
1943973,500000
1943978,500000
1943982,0
1943984,350000
1943988,0
1943994,0
1943997,195600
1943999,350000
1944005,150000
1944007,250000
1944015,0
1944020,0
1944023,195000
1944026,0
1944044,170000
1944046,150000
1944052,450000
1944059,150000
1944061,350000
1944062,571500
1944074,0
1944079,0
1944086,320000
1944106,0
1944108,500000
1944120,350000
1944121,550000
1944122,0
1944145,0
1944152,450000
1944153,0
1944158,350000
1944162,350000
1944164,0
1944165,1000000
1944175,0
1944176,390000
1944182,0
1944193,406000
1944194,150000
1944197,0
1944198,350000
1944200,0
1944202,0
1944206,480600
1944208,350000
1944209,150000
1944210,0
1944213,350000
1944214,350000
1944216,150000
1944218,100000
1944226,150000
1944227,0
1944228,980100
1944229,0
1944233,140000
1944236,79000
1944242,350000
1944246,350000
1944248,400000
1944251,150000
1944252,0
1944259,550000
1944262,0
1944265,350000
1944271,150000
1944280,0
1944282,0
1944283,319200
1944292,350000
1944294,0
1944300,150000
1944302,0
1944306,150000
1944328,350000
1944334,150000
1944337,330000
1944349,150000
1944355,0
1944364,150000
1944365,1143100
1944371,550000
1944372,150000
1944376,299500
1944381,315000
1944382,530000
1944388,2677800
1944395,344000
1944398,500000
1944408,150000
1944415,0
1944433,150000
1944437,150000
1944443,0
1944445,150000
1944451,423400
1944453,150000
1944454,150000
1944461,215700
1944470,350000
1944472,150000
1944474,150000
1944483,930300
1944496,1000000
1944502,0
1944505,338000
1944511,0
1944522,245000
1944523,0
1944526,350000
1944530,150000
1944535,144000
1944537,350000
1944539,1237500
1944540,0
1944548,150000
1944549,500000
1944550,724100
1944551,780000
1944553,500000
1944556,350000
1944569,350000
1944578,0
1944580,650000
1944583,130000
1944590,0
1944593,0
1944601,0
1944603,538200
1944607,350000
1944616,0
1944626,350000
1944634,160000
1944638,400000
1944642,300000
1944651,970200
1944653,584100
1944657,300000
1944659,0
1944668,550000
1944675,130000
1944676,0
1944679,0
1944682,150000
1944683,150000
1944684,500000
1944685,500000
1944687,150000
1944693,2626600
1944707,0
1944716,480200
1944717,445500
1944721,0
1944724,350000
1944729,400000
1944731,797700
1944733,0
1944734,0
1944750,200000
1944761,450000
1944765,350000
1944778,550000
1944783,0
1944784,150000
1944790,575100
1944791,0
1944804,693000
1944805,300000
1944809,650000
1944823,0
1944826,150000
1944827,0
1944833,350000
1944834,150000
1944842,316000
1944844,150000
1944848,150000
1944861,406400
1944864,150000
1944867,500000
1944870,350000
1944882,0
1944883,350000
1944884,150000
1944896,600000
1944910,750000
1944913,150000
1944914,200000
1944917,881100
1944924,150000
1944926,300000
1944930,400000
1944934,317000
1944939,150000
1944961,300000
1944962,390000
1944967,140000
1944969,150000
1944973,8200000
1944983,0
1945000,300000
1945006,389600
1945007,0
1945015,150000
1945020,0
1945030,0
1945038,0
1945041,547000
1945047,370000
1945061,380000
1945062,368500
1945064,450000
1945067,0
1945068,0
1945069,616300
1945070,0
1945072,150000
1945073,300000
1945078,620000
1945082,0
1945083,500000
1945084,150000
1945088,0
1945091,0
1945102,300000
1945108,0
1945109,350000
1945111,425800
1945112,500000
1945113,0
1945134,300000
1945138,0
1945139,777000
1945150,257700
1945166,350000
1945171,450000
1945175,150000
1945189,1237500
1945216,150000
1945222,223700
1945241,0
1945245,350000
1945247,0
1945248,350000
1945256,0
1945259,350000
1945266,490000
1945267,300000
1945274,400000
1945285,450000
1945309,500000
1945315,0
1945322,1717500
1945331,150000
1945362,350000
1945370,400000
1945383,150000
1945392,80000
1945393,530000
1945404,500000
1945406,477000
1945430,601000
1945434,400000
1945447,350000
1945450,0
1945455,550000
1945466,500000
1945477,150000
1945488,400000
1945491,150000
1945495,250000
1945498,300000
1945499,439800
1945501,350000
1945506,660000
1945507,300000
1945522,500000
1945524,600000
1945526,603300
1945529,170000
1945530,0
1945534,0
1945541,0
1945549,136000
1945551,170000
1945557,0
1945564,0
1945565,350000
1945568,350000
1945586,600000
1945614,324000
1945620,375000
1945622,150000
1945623,0
1945637,150000
1945647,815000
1945655,355000
1945670,1074800
1945671,492000
1945685,500000
1945691,320000
1945701,500000
1945702,150000
1945726,0
1945727,500000
1945729,0
1945737,0
1945763,550000
1945766,319000
1945775,120000
1945781,350000
1945788,0
1945789,0
1945792,919900
1945825,0
1945834,150000
1945841,0
1945843,350000
1945850,550000
1945851,450000
1945863,741000
1945869,500000
1945875,500000
1945879,150000
1945882,150000
1945889,368000
1945897,0
1945901,378000
1945906,0
1945921,480000
1945927,300000
1945930,0
1945931,250000
1945933,300000
1945937,0
1945940,300000
1945945,527000
1945946,150000
1945953,200000
1945956,200000
1945962,300000
1945963,0
1945980,1246500
1945985,874800
1945989,300000
1945994,350000
1946000,300000
1946002,0
1946008,350000
1946017,0
1946020,142000
1946029,100000
1946051,150000
1946059,693000
1946068,491500
1946075,429800
1946086,130700
1946088,350000
1946110,293400
1946123,0
1946128,300000
1946130,0
1946133,150000
1946139,150000
1946140,0
1946143,500000
1946144,180100
1946153,1073800
1946156,291000
1946159,0
1946176,800000
1946183,450000
1946185,300000
1946192,0
1946203,0
1946216,612800
1946232,0
1946245,650000
1946261,779800
1946268,0
1946270,0
1946280,350000
1946296,0
1946299,150000
1946300,1092700
1946311,350000
1946319,300000
1946344,50000
1946355,0
1946384,296500
1946389,0
1946396,668300
1946402,0
1946417,0
1946418,0
1946421,250000
1946422,300000
1946423,520000
1946424,300000
1946425,0
1946445,250000
1946462,410000
1946467,767000
1946469,380000
1946472,450000
1946476,0
1946481,300000
1946484,443300
1946486,350000
1946488,0
1946495,500000
1946522,230000
1946523,500000
1946533,334600
1946537,150000
1946543,150000
1946545,150000
1946553,0
1946556,0
1946568,1133500
1946575,90000
1946577,300000
1946578,350000
1946584,700000
1946585,350000
1946589,518000
1946594,0
1946603,0
1946615,0
1946616,0
1946617,300000
1946621,0
1946633,500000
1946637,350000
1946646,221900
1946666,150000
1946667,200000
1946670,0
1946681,409700
1946691,150000
1946703,0
1946711,0
1946726,350000
1946736,0
1946738,0
1946739,0
1946741,150000
1946743,140000
1946748,400000
1946751,500000
1946752,150000
1946757,150000
1946770,150000
1946771,150000
1946779,0
1946780,350000
1946782,100000
1946785,150000
1946795,350000
1946798,150000
1946816,150000
1946817,350000
1946821,0
1946822,500000
1946825,350000
1946827,150000
1946833,350000
1946838,0
1946849,250000
1946861,350000
1946862,435600
1946867,150000
1946872,517500
1946873,350000
1946874,190000
1946883,500000
1946889,0
1946901,733900
1946903,200000
1946913,350000
1946917,360000
1946925,0
1946927,500000
1946930,460000
1946932,500000
1946934,0
1946941,350000
1946950,400000
1946958,130000
1946966,412000
1946970,0
1946979,474800
1946980,900000
1946988,350000
1946993,250400
1947002,196000
1947012,500000
1947015,600000
1947018,650000
1947019,350000
1947024,675000
1947026,364000
1947029,399500
1947034,150000
1947042,500000
1947058,350000
1947062,0
1947065,200000
1947070,0
1947071,150000
1947077,150000
1947078,614800
1947079,350000
1947082,500000
1947097,300000
1947103,474800
1947105,0
1947108,350000
1947115,350000
1947118,500000
1947121,1195500
1947122,116000
1947127,659400
1947129,350000
1947132,3050000
1947136,781700
1947149,474800
1947150,0
1947151,150000
1947153,1044000
1947155,0
1947159,300000
1947163,500000
1947164,500000
1947174,285700
1947176,350000
1947181,0
1947183,0
1947191,185000
1947192,150000
1947193,150000
1947194,150000
1947195,0
1947225,0
1947227,503000
1947233,300000
1947234,1159900
1947236,0
1947239,150000
1947243,150000
1947245,150000
1947248,150000
1947250,947000
1947251,0
1947252,350000
1947259,500000
1947260,94600
1947265,650000
1947266,150000
1947274,0
1947277,0
1947287,150000
1947294,350000
1947296,350000
1947297,350000
1947305,350000
1947307,500000
1947309,180000
1947312,150000
1947316,537000
1947318,650000
1947320,150000
1947324,350000
1947326,370000
1947328,0
1947339,160000
1947341,130000
1947344,350000
1947345,350000
1947353,0
1947355,150000
1947356,0
1947362,150000
1947366,191000
1947373,0
1947377,600000
1947384,0
1947386,350000
1947388,0
1947395,1200000
1947400,350000
1947404,0
1947409,150000
1947410,200000
1947411,350000
1947412,350000
1947414,550000
1947415,0
1947419,350000
1947424,0
1947431,350000
1947432,500000
1947433,350000
1947440,0
1947442,0
1947443,0
1947445,350000
1947448,0
1947456,350000
1947461,550000
1947482,550000
1947492,150000
1947508,350000
1947511,500000
1947513,680000
1947524,350000
1947528,500000
1947531,0
1947540,230000
1947543,350000
1947544,150000
1947549,200000
1947554,0
1947561,400000
1947565,644000
1947571,250000
1947581,150000
1947582,1150000
1947584,150000
1947588,425000
1947598,549900
1947602,610000
1947605,255000
1947606,120000
1947641,0
1947656,0
1947659,350000
1947662,0
1947665,350000
1947667,500000
1947670,142000
1947679,500000
1947682,150000
1947686,0
1947697,360000
1947699,120000
1947701,550000
1947708,250000
1947713,200000
1947724,614100
1947725,0
1947727,550000
1947730,0
1947734,500000
1947737,649300
1947753,150000
1947760,350000
1947764,337000
1947766,526400
1947768,0
1947778,500000
1947784,150000
1947790,350000
1947791,350000
1947798,575000
1947799,197500
1947807,500000
1947814,350000
1947817,769000
1947823,350000
1947824,0
1947828,350000
1947831,0
1947834,471500
1947837,150000
1947839,350000
1947840,500000
1947841,290000
1947849,500000
1947850,464000
1947856,197500
1947863,197500
1947868,150000
1947870,200000
1947876,332100
1947877,0
1947886,500000
1947888,0
1947889,0
1947895,0
1947898,300000
1947906,500000
1947916,500000
1947920,0
1947921,650000
1947926,0
1947929,150000
1947943,325000
1947946,675500
1947947,150000
1947948,350000
1947949,454500
1947962,0
1947964,350000
1947965,277800
1947967,0
1947969,300000
1947970,0
1947975,500000
1947977,1150000
1947978,500000
1947982,550000
1947983,140000
1947986,150000
1947996,350000
1948002,150000
1948008,421700
1948010,700000
1948017,0
1948019,150000
1948022,350000
1948026,0
1948027,700000
1948034,200000
1948036,500000
1948040,400000
1948043,370100
1948044,650000
1948045,350000
1948046,590000
1948047,350000
1948050,350000
1948051,680000
1948053,500000
1948061,500000
1948067,440000
1948068,432000
1948070,672500
1948074,750000
1948076,100000
1948078,0
1948087,639600
1948089,350000
1948092,2508000
1948095,150000
1948099,565000
1948101,500000
1948113,0
1948116,300000
1948122,150000
1948144,350000
1948146,150000
1948148,350000
1948149,755000
1948153,474800
1948155,291200
1948163,343900
1948166,300000
1948168,150000
1948169,150000
1948173,505000
1948175,550000
1948188,0
1948189,437200
1948191,0
1948195,0
1948198,350000
1948204,330000
1948206,141800
1948209,474800
1948210,1340000
1948211,200000
1948212,148500
1948221,250000
1948232,0
1948238,200000
1948246,0
1948248,200000
1948249,150000
1948251,350000
1948258,555000
1948260,150000
1948269,0
1948270,530000
1948272,550000
1948277,700000
1948278,350000
1948285,150000
1948286,150000
1948287,600000
1948288,350000
1948289,300000
1948292,480000
1948299,0
1948300,350000
1948302,150000
1948304,0
1948311,650000
1948315,201500
1948316,400000
1948323,150000
1948327,559100
1948336,526400
1948338,339000
1948344,150000
1948345,300000
1948347,320000
1948351,350000
1948353,0
1948355,350000
1948363,350000
1948375,500000
1948383,0
1948387,150000
1948393,0
1948394,540000
1948397,425100
1948402,350000
1948405,257500
1948409,365400
1948412,500000
1948421,500000
1948431,150000
1948436,0
1948441,542600
1948442,350000
1948449,650000
1948453,150000
1948461,150000
1948465,0
1948470,200000
1948471,200000
1948472,1354800
1948478,492000
1948481,350000
1948484,330000
1948485,474800
1948487,150000
1948490,0
1948493,0
1948498,150000
1948504,300000
1948505,0
1948510,150000
1948513,254800
1948514,459000
1948516,312000
1948525,0
1948528,647900
1948529,150000
1948530,0
1948534,150000
1948536,150000
1948539,150000
1948543,415000
1948545,350000
1948546,0
1948551,103000
1948552,492000
1948553,0
1948556,464000
1948561,0
1948565,150000
1948571,542100
1948579,1456000
1948594,150000
1948595,0
1948597,0
1948600,927300
1948603,350000
1948604,494000
1948606,0
1948608,738000
1948617,150000
1948620,150000
1948635,150000
1948636,394800
1948650,500000
1948652,150000
1948657,501100
1948660,550000
1948662,0
1948678,400000
1948686,150000
1948699,408000
1948700,150000
1948708,0
1948710,150000
1948713,162000
1948716,0
1948720,300000
1948722,150000
1948723,550000
1948726,581500
1948730,0
1948737,350000
1948745,255000
1948746,150000
1948748,304000
1948762,337000
1948765,150000
1948768,700000
1948770,341700
1948771,374500
1948781,492000
1948789,66200
1948791,150000
1948794,541000
1948802,0
1948803,350000
1948808,374600
1948810,500000
1948813,0
1948818,341000
1948819,693500
1948823,0
1948832,350000
1948833,150000
1948834,474500
1948835,0
1948836,230200
1948838,375000
1948843,600000
1948845,350000
1948846,524600
1948847,0
1948848,568000
1948852,100000
1948853,500000
1948858,336000
1948867,150000
1948868,500000
1948869,150000
1948877,374500
1948880,0
1948891,0
1948893,0
1948897,650000
1948901,169000
1948903,374600
1948907,350000
1948911,409500
1948914,350000
1948917,150000
1948924,350000
1948927,872900
1948933,0
1948937,883100
1948940,0
1948942,700000
1948946,175000
1948947,350000
1948968,0
1948971,450000
1948974,325000
1948977,350000
1948984,355000
1948992,289700
1948994,350000
1948996,0
1949000,0
1949001,0
1949002,0
1949005,0
1949008,474800
1949009,1000000
1949010,461500
1949012,200000
1949015,595000
1949016,0
1949017,350000
1949018,910000
1949022,150000
1949025,150000
1949034,450000
1949044,150000
1949045,150000
1949058,474800
1949070,0
1949073,150000
1949075,490000
1949080,522000
1949082,237000
1949086,150000
1949093,500000
1949098,400000
1949101,150000
1949102,160000
1949104,500000
1949107,500000
1949109,150000
1949111,260000
1949114,120000
1949116,165000
1949117,0
1949123,439600
1949136,350000
1949138,427000
1949140,0
1949142,490100
1949143,0
1949149,350000
1949154,119800
1949160,0
1949174,474800
1949175,300000
1949181,0
1949184,0
1949185,450000
1949190,0
1949191,0
1949193,591000
1949203,350000
1949212,150000
1949215,766700
1949218,0
1949224,350000
1949232,350000
1949240,0
1949241,300000
1949248,0
1949253,200000
1949257,0
1949259,0
1949261,0
1949268,115000
1949269,300000
1949271,150000
1949273,0
1949275,170000
1949278,580000
1949288,0
1949296,288000
1949300,400000
1949301,0
1949303,150000
1949308,0
1949310,150000
1949314,350000
1949322,264500
1949327,475000
1949328,370000
1949329,150000
1949330,350000
1949342,0
1949354,0
1949355,150000
1949357,500000
1949364,350000
1949370,426000
1949372,0
1949375,150000
1949378,350000
1949382,350000
1949386,450000
1949387,0
1949388,50000
1949396,996000
1949401,350000
1949403,600000
1949415,550000
1949417,1000000
1949419,0
1949422,449000
1949424,1629000
1949425,350000
1949426,469000
1949427,0
1949429,430000
1949433,268000
1949434,332000
1949443,800000
1949447,350000
1949458,600000
1949464,622000
1949467,150000
1949475,150000
1949480,0
1949481,350000
1949489,0
1949497,0
1949508,350000
1949514,0
1949515,250000
1949522,439800
1949533,150000
1949535,0
1949536,150000
1949538,200000
1949539,0
1949540,350000
1949544,500000
1949546,150000
1949554,380000
1949566,0
1949567,350000
1949576,350000
1949580,200000
1949589,0
1949614,150000
1949623,800000
1949626,150000
1949635,200000
1949641,0
1949648,350000
1949649,170000
1949653,150000
1949656,875000
1949659,0
1949660,0
1949662,909000
1949665,0
1949672,0
1949673,0
1949676,764300
1949687,150000
1949690,723500
1949691,500000
1949696,150000
1949699,510000
1949701,150000
1949704,0
1949706,350000
1949708,0
1949709,1168800
1949710,0
1949718,421700
1949725,150000
1949728,400000
1949732,0
1949749,690000
1949751,706000
1949752,175100
1949757,350000
1949760,350000
1949762,350000
1949767,0
1949769,0
1949770,252000
1949771,382500
1949775,0
1949781,350000
1949790,650000
1949799,0
1949800,350000
1949807,0
1949810,150000
1949817,350000
1949820,500000
1949825,496200
1949826,384800
1949829,1121300
1949830,581400
1949831,650000
1949836,500000
1949844,350000
1949871,790000
1949880,0
1949881,150000
1949893,375000
1949896,509600
1949899,0
1949902,350000
1949911,550000
1949912,468800
1949915,5130000
1949918,494900
1949920,350000
1949922,400000
1949925,550000
1949926,0
1949927,247500
1949933,150000
1949938,150000
1949939,0
1949948,350000
1949952,0
1949956,122500
1949958,0
1949971,455000
1949972,1000000
1949973,150000
1949979,0
1949982,350000
1949986,474800
1949987,0
1949988,44000
1949992,150000
1950001,674000
1950004,150000
1950008,0
1950010,150000
1950019,484000
1950021,0
1950022,150000
1950023,0
1950034,350000
1950039,200000
1950043,0
1950052,400000
1950055,350000
1950060,490000
1950065,385000
1950070,490000
1950072,1605000
1950076,384300
1950077,700000
1950078,150000
1950079,500000
1950090,150000
1950099,400000
1950101,263600
1950105,500000
1950115,350000
1950116,400000
1950121,0
1950129,0
1950133,0
1950137,0
1950140,650000
1950144,300000
1950145,200000
1950149,350000
1950150,350000
1950151,150000
1950154,150000
1950156,350000
1950171,150000
1950172,120000
1950176,173500
1950178,500000
1950181,0
1950183,340000
1950188,350000
1950193,0
1950194,200000
1950198,400000
1950205,0
1950206,350000
1950209,350000
1950221,200000
1950223,350000
1950227,450000
1950231,500000
1950235,350000
1950242,0
1950251,500000
1950256,0
1950262,650000
1950268,350000
1950269,0
1950271,0
1950275,54000
1950280,0
1950282,150000
1950284,350000
1950292,150000
1950293,350000
1950294,350000
1950297,388500
1950299,0
1950300,144000
1950301,350000
1950302,650000
1950307,350000
1950314,0
1950315,350000
1950316,150000
1950320,0
1950323,150000
1950325,200000
1950339,429800
1950347,527300
1950353,175000
1950359,350000
1950362,800000
1950363,500000
1950366,150000
1950372,0
1950384,350000
1950387,308000
1950391,0
1950394,150000
1950400,0
1950401,150000
1950403,176500
1950412,0
1950416,0
1950418,150000
1950425,0
1950426,0
1950429,0
1950435,698000
1950437,350000
1950446,0
1950450,400000
1950455,158100
1950466,543000
1950472,150000
1950473,220000
1950484,0
1950488,150000
1950489,337000
1950491,500000
1950492,65600
1950495,448600
1950500,350000
1950502,150000
1950505,550000
1950506,0
1950513,0
1950515,460000
1950525,700000
1950529,0
1950537,660400
1950544,350000
1950545,150000
1950546,540000
1950552,500000
1950554,120000
1950561,350000
1950566,529200
1950572,150000
1950574,350000
1950582,750000
1950595,0
1950597,0
1950599,350000
1950601,0
1950603,180000
1950608,150000
1950611,350000
1950616,350000
1950618,200000
1950622,750000
1950623,350000
1950637,129000
1950639,150000
1950647,400000
1950648,582500
1950650,350000
1950659,350000
1950663,247500
1950667,350000
1950672,150000
1950677,350000
1950691,470000
1950692,350000
1950696,450000
1950703,650000
1950705,150000
1950706,500000
1950707,350000
1950711,0
1950712,0
1950713,500000
1950720,0
1950723,984000
1950730,350000
1950732,350000
1950734,590500
1950747,199000
1950750,0
1950756,300000
1950758,0
1950759,0
1950760,128600
1950765,150000
1950768,550000
1950770,150000
1950775,120000
1950788,500000
1950791,350000
1950803,500000
1950807,0
1950809,490000
1950810,150000
1950811,500000
1950813,500000
1950818,350000
1950821,439800
1950823,350000
1950835,500000
1950838,0
1950840,0
1950841,150000
1950847,150000
1950848,330000
1950849,212500
1950851,0
1950853,0
1950856,130000
1950857,0
1950860,2252300
1950865,0
1950872,700000
1950873,350000
1950882,350000
1950884,517700
1950885,0
1950886,150000
1950889,0
1950903,350000
1950904,484100
1950918,350000
1950924,165000
1950929,250000
1950935,500000
1950937,537500
1950949,150000
1950950,150000
1950952,180000
1950960,0
1950968,500000
1950970,0
1950975,350000
1950977,150000
1950987,150000
1950991,470000
1950992,727600
1950995,520000
1951000,0
1951007,350000
1951012,350000
1951013,150000
1951016,390000
1951028,0
1951035,350000
1951040,473000
1951043,0
1951052,474800
1951061,0
1951063,0
1951077,800000
1951079,600000
1951084,0
1951091,200000
1951093,650000
1951094,350000
1951101,150000
1951104,264400
1951105,462500
1951113,0
1951120,150000
1951127,150000
1951134,0
1951151,84000
1951153,0
1951154,400000
1951160,0
1951164,602900
1951180,350000
1951188,500000
1951199,340000
1951203,350000
1951204,1386000
1951216,744000
1951220,0
1951223,697600
1951224,250000
1951247,0
1951251,150000
1951254,0
1951260,990000
1951261,0
1951266,550000
1951268,350000
1951279,430000
1951280,3590000
1951282,1389000
1951284,0
1951285,1089000
1951296,0
1951299,1102500
1951310,530000
1951314,0
1951316,0
1951317,250000
1951321,70000
1951322,150000
1951329,0
1951332,300000
1951338,400000
1951343,0
1951344,500000
1951351,150000
1951352,690000
1951356,120000
1951379,260000
1951381,1002800
1951382,350000
1951383,350000
1951386,350000
1951390,0
1951391,0
1951395,474800
1951396,0
1951399,500000
1951402,350000
1951410,0
1951413,0
1951414,544500
1951416,300000
1951420,150000
1951430,944400
1951435,0
1951444,0
1951445,0
1951446,329600
1951447,150000
1951449,150000
1951451,150000
1951458,460000
1951464,700000
1951470,178000
1951474,0
1951478,0
1951480,0
1951482,350000
1951488,0
1951489,0
1951490,150000
1951492,150000
1951499,650000
1951502,0
1951505,0
1951506,486000
1951513,474800
1951519,530000
1951520,0
1951521,350000
1951522,0
1951524,150000
1951529,0
1951530,178000
1951531,480000
1951536,0
1951537,350000
1951540,150000
1951549,150000
1951550,0
1951552,0
1951555,150000
1951562,0
1951565,0
1951566,474800
1951568,0
1951571,509900
1951573,0
1951576,474800
1951578,350000
1951584,150000
1951585,150000
1951587,416000
1951589,474800
1951595,0
1951606,454600
1951607,0
1951612,85000
1951614,400000
1951619,0
1951630,125000
1951632,150000
1951634,458000
1951635,250000
1951638,338800
1951643,474800
1951647,387000
1951649,149000
1951656,415000
1951660,350000
1951661,350000
1951664,0
1951665,510000
1951668,0
1951670,0
1951672,300000
1951673,0
1951679,480000
1951687,150000
1951690,0
1951693,0
1951696,150000
1951701,150000
1951705,150000
1951716,474800
1951724,150000
1951725,550000
1951726,474800
1951727,1974400
1951730,490000
1951737,350000
1951744,140000
1951746,120000
1951750,0
1951751,0
1951760,474800
1951767,334500
1951773,474800
1951786,332500
1951789,0
1951792,150000
1951801,350000
1951802,400000
1951806,216000
1951818,474800
1951826,147100
1951829,350000
1951833,500000
1951841,0
1951850,0
1951856,300000
1951860,350000
1951861,0
1951872,0
1951874,500000
1951876,0
1951883,140000
1951884,500000
1951885,550000
1951888,350000
1951891,198900
1951896,474800
1951898,350000
1951903,350000
1951904,400000
1951905,1000000
1951907,0
1951909,370000
1951917,150000
1951919,501800
1951920,0
1951923,300000
1951928,474800
1951942,197000
1951947,379400
1951948,455900
1951963,150000
1951968,350000
1951977,350000
1951985,120000
1951991,0
1951992,350000
1951995,150000
1951998,474800
1951999,364000
1952002,410000
1952008,150000
1952010,0
1952014,500000
1952029,350000
1952037,1871100
1952043,350000
1952044,586000
1952048,350000
1952072,500000
1952077,300000
1952088,0
1952092,0
1952098,0
1952107,1000000
1952119,150000
1952120,510600
1952140,350000
1952142,500000
1952143,350000
1952148,620000
1952159,150000
1952162,150000
1952168,0
1952174,208000
1952180,483400
1952181,350000
1952192,350000
1952195,0
1952202,0
1952204,150000
1952214,170000
1952215,120000
1952220,0
1952224,336600
1952228,537000
1952243,350000
1952246,0
1952251,350000
1952252,788800
1952262,400000
1952266,150000
1952281,350000
1952283,0
1952284,350000
1952285,267900
1952288,350000
1952293,500000
1952294,350000
1952299,170000
1952304,150000
1952311,350000
1952314,300000
1952318,0
1952323,200000
1952333,500000
1952347,235500
1952349,500000
1952358,180000
1952360,350000
1952362,0
1952365,350000
1952369,385000
1952370,128000
1952376,450000
1952379,247500
1952384,350000
1952395,150000
1952398,300000
1952400,340000
1952404,350000
1952405,350000
1952406,150000
1952419,550000
1952422,350000
1952425,150000
1952436,270000
1952443,300000
1952444,400000
1952451,0
1952454,0
1952455,200000
1952470,774000
1952483,0
1952484,7690000
1952485,0
1952489,566900
1952493,302000
1952496,850000
1952498,300000
1952507,150000
1952510,550000
1952522,0
1952529,0
1952533,250000
1952544,415000
1952545,407100
1952550,600000
1952552,300000
1952565,150000
1952571,500000
1952583,150000
1952588,350000
1952598,150000
1952600,150000
1952610,500000
1952629,500000
1952634,0
1952643,0
1952648,250000
1952649,0
1952654,550000
1952655,112000
1952657,0
1952667,300000
1952668,143000
1952671,135000
1952680,300000
1952683,300000
1952691,0
1952692,500000
1952699,0
1952705,1000000
1952713,600000
1952714,300000
1952721,350000
1952728,0
1952737,300000
1952739,150000
1952744,450000
1952749,364000
1952766,0
1952774,450000
1952775,300000
1952781,150000
1952788,0
1952799,300000
1952800,0
1952803,350000
1952807,300000
1952811,300000
1952820,0
1952828,0
1952841,0
1952853,500000
1952872,814000
1952879,0
1952883,0
1952892,180000
1952896,300000
1952905,0
1952910,1264500
1952913,300000
1952923,350000
1952927,445100
1952941,210000
1952942,300000
1952945,330000
1952952,0
1952956,0
1952974,550000
1952991,550000
1952998,725500
1953001,650000
1953008,430000
1953011,300000
1953020,0
1953034,532000
1953040,400000
1953042,0
1953043,350000
1953051,0
1953053,0
1953061,370000
1953062,1932900
1953063,0
1953065,350000
1953081,150000
1953083,350000
1953093,400000
1953097,350000
1953108,464900
1953112,0
1953127,150000
1953137,656000
1953141,150000
1953143,534000
1953144,350000
1953145,0
1953149,500000
1953156,0
1953177,150000
1953180,300000
1953181,264000
1953204,300000
1953226,300000
1953230,400000
1953234,255000
1953236,573500
1953248,2671200
1953250,0
1953251,0
1953254,150000
1953261,0
1953270,300000
1953272,300000
1953285,350000
1953299,0
1953302,150000
1953316,400000
1953322,450000
1953324,0
1953339,300000
1953342,350000
1953343,300000
1953359,0
1953374,289600
1953379,300000
1953381,0
1953382,0
1953395,123000
1953402,200000
1953404,0
1953408,500000
1953433,250000
1953440,150000
1953447,700000
1953460,314600
1953468,510000
1953473,300000
1953477,400000
1953481,150000
1953484,300000
1953486,0
1953497,0
1953499,1476100
1953505,126700
1953515,555000
1953517,0
1953525,500000
1953526,148500
1953528,600000
1953529,150000
1953558,140000
1953571,0
1953574,0
1953584,452600
1953594,300000
1953598,0
1953605,150000
1953606,300000
1953609,0
1953612,200000
1953626,300000
1953646,0
1953647,350000
1953652,350000
1953657,112000
1953669,450000
1953671,0
1953673,0
1953676,700000
1953683,150000
1953685,214000
1953710,350000
1953719,0
1953731,0
1953732,616500
1953734,0
1953740,300000
1953742,300000
1953744,300000
1953753,0
1953756,0
1953757,350000
1953760,350000
1953763,164000
1953765,0
1953776,0
1953777,0
1953784,0
1953786,150000
1953800,150000
1953802,250000
1953806,110000
1953819,0
1953821,391000
1953837,300000
1953840,500000
1953852,300000
1953858,599000
1953859,521000
1953867,0
1953871,848100
1953878,150000
1953889,300000
1953895,300000
1953903,150000
1953909,350000
1953920,390000
1953926,150000
1953932,330000
1953951,170000
1953953,0
1953956,500000
1953957,0
1953960,0
1953961,750200
1953962,0
1953966,400000
1953969,150000
1953974,150000
1953976,627300
1953980,0
1953986,402000
1953990,150000
1953991,350000
1953997,449000
1954011,350000
1954012,400000
1954021,150000
1954028,0
1954042,990000
1954048,150000
1954060,550000
1954075,350000
1954081,72000
1954085,550000
1954086,735000
1954109,0
1954114,150000
1954127,0
1954128,500000
1954132,500000
1954138,0
1954156,70000
1954164,0
1954166,350000
1954169,525600
1954172,0
1954179,0
1954205,0
1954217,350000
1954225,150000
1954227,350000
1954254,0
1954264,0
1954268,250000
1954288,267500
1954298,350000
1954300,350000
1954308,0
1954311,300000
1954324,620800
1954326,350000
1954338,200000
1954354,500000
1954362,480000
1954375,617000
1954389,350000
1954391,155400
1954406,150000
1954423,466100
1954429,400000
1954430,150000
1954436,350000
1954439,0
1954440,0
1954442,500000
1954444,150000
1954446,0
1954448,500000
1954458,350000
1954460,0
1954466,0
1954469,315000
1954471,350000
1954473,0
1954478,500000
1954479,0
1954480,0
1954483,150000
1954489,150000
1954492,150000
1954498,298400
1954504,0
1954509,650000
1954512,650000
1954516,500000
1954518,350000
1954519,150000
1954521,0
1954530,350000
1954536,130000
1954544,150000
1954546,150000
1954561,120000
1954563,300000
1954579,400000
1954585,350000
1954591,76000
1954602,0
1954615,120000
1954616,700000
1954625,335000
1954630,350000
1954631,350000
1954634,450000
1954640,0
1954641,150000
1954644,500000
1954646,364100
1954647,0
1954655,0
1954656,150000
1954664,150000
1954667,0
1954671,375000
1954675,0
1954682,150000
1954688,150000
1954694,650000
1954700,0
1954703,157500
1954704,500000
1954710,120000
1954711,550000
1954720,250000
1954723,150000
1954727,350000
1954729,150000
1954730,350000
1954731,200000
1954740,0
1954741,0
1954749,0
1954755,350000
1954759,510000
1954773,0
1954774,150000
1954776,369000
1954781,380500
1954782,130000
1954791,0
1954796,1600000
1954797,0
1954804,150000
1954807,0
1954808,33600
1954811,500000
1954816,350000
1954822,213200
1954823,350000
1954826,400000
1954827,150000
1954828,0
1954833,500000
1954837,539600
1954849,0
1954851,350000
1954866,300000
1954871,128600
1954874,748000
1954880,0
1954881,300000
1954882,0
1954885,350000
1954893,350000
1954896,350000
1954901,242500
1954906,0
1954908,690000
1954913,0
1954915,0
1954919,150000
1954923,0
1954926,0
1954930,0
1954931,350000
1954934,0
1954936,350000
1954938,350000
1954940,943500
1954943,500000
1954945,0
1954950,500000
1954960,350000
1954973,525000
1954988,109600
1954990,85000
1954998,150000
1955007,0
1955009,650000
1955010,324000
1955020,427600
1955035,0
1955038,0
1955042,650000
1955058,848000
1955070,0
1955073,0
1955074,350000
1955075,150000
1955080,385000
1955082,350000
1955093,500000
1955095,338000
1955096,500000
1955103,650000
1955114,150000
1955115,335000
1955125,650000
1955132,350000
1955138,500000
1955140,450000
1955143,0
1955144,0
1955150,583200
1955152,250000
1955154,0
1955162,250000
1955165,150000
1955170,272300
1955183,350000
1955193,350000
1955198,780000
1955205,350000
1955213,500000
1955214,350000
1955217,6578800
1955220,439200
1955225,350000
1955226,218000
1955228,150000
1955238,150000
1955239,500000
1955241,0
1955243,350000
1955252,550000
1955255,1000000
1955256,0
1955257,400000
1955269,320000
1955274,150000
1955275,350000
1955277,0
1955278,0
1955279,421800
1955281,300000
1955284,350000
1955285,0
1955288,200000
1955289,350000
1955290,350000
1955301,650000
1955302,150000
1955305,0
1955309,0
1955311,350000
1955318,396000
1955326,530000
1955330,0
1955331,350000
1955334,905600
1955338,200000
1955345,350000
1955350,150000
1955351,0
1955353,80000
1955361,735000
1955365,320000
1955370,600000
1955373,350000
1955379,500000
1955381,350000
1955382,289000
1955385,350000
1955386,350000
1955399,1160800
1955403,0
1955415,0
1955416,300000
1955421,200000
1955424,0
1955427,350000
1955428,150000
1955432,500000
1955436,0
1955440,150000
1955441,350000
1955451,350000
1955460,500000
1955462,0
1955463,0
1955476,0
1955478,150000
1955489,500000
1955494,550900
1955495,598000
1955503,150000
1955506,0
1955515,0
1955516,144000
1955519,0
1955528,327000
1955539,350000
1955545,1030000
1955546,350000
1955550,500000
1955557,0
1955558,350000
1955573,500000
1955586,309000
1955588,350000
1955592,650000
1955598,0
1955602,500000
1955610,500000
1955612,0
1955614,150000
1955615,0
1955620,0
1955622,439800
1955628,693000
1955633,362500
1955636,150000
1955642,350000
1955644,150000
1955651,350000
1955654,800000
1955658,650000
1955671,616000
1955672,0
1955676,0
1955680,300000
1955686,350000
1955688,0
1955690,150000
1955693,0
1955697,400000
1955699,0
1955704,350000
1955707,500000
1955708,300000
1955709,350000
1955713,529400
1955717,0
1955720,800000
1955722,350000
1955733,8700000
1955743,500000
1955750,350000
1955757,500000
1955763,0
1955766,150000
1955770,400000
1955772,350000
1955789,0
1955794,200000
1955799,806000
1955801,0
1955807,500000
1955814,327000
1955820,0
1955822,742500
1955826,0
1955828,300000
1955831,150000
1955834,350000
1955837,650000
1955838,350000
1955843,350000
1955861,300000
1955862,350000
1955863,0
1955868,579500
1955880,150000
1955889,150000
1955897,150000
1955898,0
1955899,158000
1955910,629000
1955914,650000
1955919,250000
1955920,278000
1955921,950000
1955924,120000
1955925,350000
1955929,350000
1955939,0
1955949,150000
1955951,350000
1955955,500000
1955957,150000
1955959,150000
1955967,350000
1955974,800000
1955977,570000
1955985,130000
1955989,350000
1955992,500000
1956001,0
1956002,550000
1956004,376000
1956005,150000
1956010,150000
1956012,0
1956015,350000
1956019,0
1956024,450000
1956028,350000
1956032,0
1956037,0
1956051,150000
1956056,498000
1956057,150000
1956061,150000
1956064,350000
1956066,150000
1956074,0
1956080,0
1956081,350000
1956086,0
1956090,510000
1956103,0
1956104,0
1956110,350000
1956118,0
1956124,174000
1956128,0
1956132,350000
1956142,497200
1956144,550000
1956145,350000
1956150,150000
1956152,500000
1956155,350000
1956170,701900
1956178,500000
1956183,300000
1956193,200000
1956194,140000
1956204,500000
1956206,0
1956209,500000
1956212,450000
1956213,350000
1956216,0
1956223,150000
1956235,350000
1956236,350000
1956239,500000
1956240,168300
1956243,0
1956250,150000
1956258,350000
1956261,150000
1956263,270000
1956269,350000
1956270,0
1956285,462000
1956292,516500
1956298,150000
1956302,150000
1956303,0
1956306,350000
1956310,359000
1956317,0
1956340,453400
1956342,650000
1956348,150000
1956352,150000
1956354,150000
1956355,350000
1956357,300000
1956358,350000
1956366,0
1956369,350000
1956373,150000
1956377,1160800
1956380,350000
1956381,350000
1956386,400000
1956387,150000
1956395,1990000
1956400,350000
1956409,1301900
1956414,410000
1956415,0
1956416,150000
1956420,490000
1956422,447000
1956427,515000
1956434,0
1956437,350000
1956440,500000
1956445,150000
1956450,364000
1956454,140000
1956465,143800
1956468,350000
1956477,0
1956480,0
1956495,632500
1956504,350000
1956508,0
1956513,638000
1956515,220000
1956516,85000
1956524,350000
1956529,0
1956535,302800
1956540,0
1956541,742400
1956545,400000
1956565,300000
1956567,200000
1956583,150000
1956584,350000
1956586,0
1956588,396000
1956590,415800
1956594,4200000
1956596,350000
1956603,150000
1956620,350000
1956622,350000
1956623,494000
1956631,150000
1956633,180000
1956636,105000
1956641,350000
1956643,350000
1956649,612500
1956651,350000
1956652,150000
1956658,1133700
1956663,407500
1956665,173700
1956669,427600
1956671,0
1956678,150000
1956679,350000
1956684,505200
1956693,1000000
1956698,350000
1956700,350000
1956702,140000
1956714,0
1956716,350000
1956719,120000
1956723,206300
1956728,130000
1956734,200000
1956737,350000
1956748,500000
1956753,350000
1956757,683200
1956766,685600
1956768,300000
1956777,1356000
1956789,350000
1956794,350000
1956800,280000
1956803,150000
1956812,500000
1956818,0
1956822,0
1956825,350000
1956831,150000
1956838,350000
1956841,350000
1956847,0
1956851,350000
1956853,430000
1956861,1160800
1956863,0
1956864,150000
1956867,350000
1956878,150000
1956884,155500
1956891,350000
1956896,578000
1956897,0
1956904,439800
1956910,250000
1956914,350000
1956921,0
1956925,1423000
1956938,350000
1956940,200000
1956941,500000
1956943,350000
1956948,300000
1956950,350000
1956957,620000
1956963,350000
1956965,485700
1956972,350000
1956973,150000
1956978,350000
1956987,350000
1956989,0
1956991,150000
1957002,0
1957004,1000000
1957014,350000
1957019,350000
1957022,250000
1957028,500000
1957035,350000
1957041,270000
1957045,350000
1957051,350000
1957053,600000
1957067,600000
1957075,503000
1957078,350000
1957079,530000
1957113,350000
1957117,3147100
1957118,350000
1957128,400000
1957138,350000
1957144,350000
1957147,0
1957153,350000
1957165,250000
1957172,0
1957178,0
1957182,150000
1957185,508400
1957203,0
1957205,350000
1957208,500000
1957209,0
1957212,0
1957218,150000
1957222,150000
1957224,65000
1957226,400000
1957227,305000
1957232,350000
1957241,0
1957256,0
1957257,0
1957258,233500
1957273,535000
1957283,1064400
1957284,165200
1957294,959900
1957313,350000
1957315,0
1957330,0
1957332,500000
1957335,350000
1957359,0
1957360,0
1957361,0
1957362,150000
1957366,350000
1957368,150000
1957382,350000
1957383,441600
1957386,350000
1957405,300000
1957411,650000
1957414,0
1957418,425700
1957425,187100
1957431,0
1957434,0
1957435,400000
1957441,397500
1957444,500000
1957447,650000
1957448,150000
1957450,150000
1957455,130000
1957463,0
1957470,0
1957475,350000
1957479,597000
1957480,294000
1957481,400000
1957485,350000
1957498,0
1957499,300000
1957505,350000
1957514,350000
1957519,527500
1957520,0
1957532,140000
1957536,0
1957540,350000
1957542,650000
1957548,350000
1957551,0
1957552,0
1957555,150000
1957556,550000
1957557,150000
1957558,0
1957563,350000
1957567,0
1957569,0
1957571,150000
1957572,150000
1957589,350000
1957600,1000000
1957612,0
1957613,200000
1957617,0
1957624,0
1957627,150000
1957633,640000
1957634,1277000
1957640,300000
1957648,350000
1957653,1398500
1957656,350000
1957657,350000
1957661,350000
1957663,365600
1957670,0
1957681,600000
1957698,0
1957700,750000
1957705,350000
1957708,0
1957709,0
1957719,0
1957727,0
1957731,150000
1957733,0
1957735,0
1957741,350000
1957752,150000
1957753,150000
1957759,0
1957767,350000
1957774,450500
1957776,360000
1957784,350000
1957785,150000
1957786,0
1957792,150000
1957797,350000
1957799,0
1957803,650000
1957815,0
1957817,0
1957818,0
1957819,350000
1957822,0
1957824,350000
1957826,263300
1957835,350000
1957841,650000
1957848,0
1957867,500000
1957871,442800
1957884,350000
1957887,350000
1957896,721800
1957898,350000
1957900,350000
1957908,371300
1957911,500000
1957918,350000
1957919,150000
1957921,683600
1957928,0
1957939,0
1957945,550000
1957948,0
1957952,450100
1957954,0
1957956,800000
1957957,150000
1957958,500000
1957961,350000
1957965,150000
1957969,500000
1957971,500000
1957972,101300
1957980,2184800
1957981,150000
1957986,0
1957993,888500
1957994,150000
1957995,350000
1958003,250000
1958017,485600
1958020,500000
1958021,400000
1958027,640000
1958033,150000
1958039,670000
1958054,469000
1958055,350000
1958057,170000
1958059,350000
1958076,150000
1958083,197000
1958087,350000
1958089,150000
1958095,160000
1958098,0
1958102,0
1958105,140000
1958113,0
1958123,350000
1958124,350000
1958130,350000
1958134,404000
1958136,185000
1958142,0
1958144,0
1958150,0
1958162,0
1958165,550000
1958170,350000
1958171,0
1958175,0
1958185,500000
1958193,0
1958198,0
1958201,0
1958202,0
1958213,200000
1958220,0
1958228,0
1958234,350000
1958240,0
1958245,650000
1958252,1671600
1958254,0
1958255,290000
1958259,0
1958263,600000
1958269,350000
1958275,350000
1958278,350000
1958279,350000
1958280,0
1958291,1002000
1958294,200000
1958298,350000
1958301,370000
1958311,0
1958314,500000
1958316,350000
1958322,608800
1958324,0
1958335,0
1958336,1885000
1958341,350000
1958347,0
1958348,150000
1958360,775000
1958363,350000
1958368,934000
1958371,0
1958381,150000
1958382,350000
1958388,350000
1958392,250000
1958400,350000
1958412,150000
1958416,650000
1958419,416400
1958422,159500
1958424,350000
1958426,120000
1958432,0
1958437,500000
1958442,350000
1958445,350000
1958446,696000
1958448,150000
1958449,350000
1958460,1345000
1958467,350000
1958470,453000
1958474,0
1958478,290200
1958481,350000
1958482,350000
1958488,150000
1958495,150000
1958501,350000
1958503,200000
1958509,350000
1958514,305000
1958518,350000
1958523,250000
1958526,500000
1958538,589200
1958541,795000
1958546,150000
1958555,400000
1958556,300000
1958561,350000
1958566,0
1958568,350000
1958573,150000
1958575,350000
1958580,536000
1958581,140000
1958593,730000
1958596,150000
1958602,0
1958613,150000
1958627,300000
1958637,350000
1958638,150000
1958639,500000
1958647,0
1958650,0
1958653,150000
1958661,138000
1958665,350000
1958673,150000
1958678,350000
1958685,0
1958686,350000
1958689,0
1958704,350000
1958706,0
1958714,0
1958717,150000
1958729,388500
1958731,350000
1958732,495000
1958741,350000
1958744,350000
1958750,354000
1958753,150000
1958754,0
1958756,113000
1958759,500000
1958761,0
1958763,150000
1958764,0
1958765,530000
1958766,500000
1958768,500000
1958771,0
1958772,350000
1958773,337700
1958785,350000
1958787,650000
1958790,150000
1958806,0
1958807,500000
1958812,280000
1958831,250000
1958834,0
1958837,341600
1958844,350000
1958850,150000
1958855,150000
1958862,480200
1958871,150000
1958889,350000
1958902,430100
1958914,150000
1958933,350000
1958953,0
1958954,522900
1958956,150000
1958970,0
1958982,350000
1958984,656000
1958998,350000
1959006,0
1959008,634000
1959011,350000
1959012,350000
1959013,0
1959016,800000
1959020,350000
1959021,493700
1959023,0
1959025,0
1959028,500000
1959032,150000
1959033,350000
1959038,150000
1959042,150000
1959048,0
1959053,528000
1959054,938600
1959057,0
1959061,0
1959062,80000
1959067,137500
1959071,500000
1959072,583700
1959077,362000
1959079,350000
1959092,274000
1959107,150000
1959111,200000
1959113,150000
1959122,0
1959124,150000
1959127,350000
1959132,852800
1959143,350000
1959149,350000
1959150,350000
1959161,650000
1959164,492200
1959170,290000
1959171,210000
1959172,150000
1959176,74000
1959177,350000
1959182,350000
1959185,340000
1959186,400000
1959188,0
1959202,350000
1959208,150000
1959209,0
1959215,350000
1959222,0
1959226,150000
1959228,750000
1959231,0
1959233,0
1959237,200000
1959238,350000
1959241,500000
1959244,200000
1959265,620000
1959266,150000
1959270,350000
1959274,397000
1959275,350000
1959278,150000
1959281,250000
1959286,387800
1959291,350000
1959296,350000
1959300,555000
1959309,861000
1959310,345000
1959318,150000
1959320,575000
1959341,0
1959346,350000
1959348,350000
1959353,130000
1959355,0
1959358,0
1959363,350000
1959364,338000
1959365,0
1959368,0
1959372,300000
1959378,350000
1959382,0
1959384,738600
1959385,836900
1959389,350000
1959396,650000
1959397,250000
1959398,0
1959403,350000
1959406,350000
1959414,643500
1959418,350000
1959419,145000
1959425,350000
1959435,500000
1959440,350000
1959449,324500
1959461,800000
1959463,500000
1959464,350000
1959474,0
1959475,150000
1959480,699000
1959485,0
1959487,150000
1959493,0
1959500,350000
1959506,0
1959508,0
1959512,500000
1959513,0
1959517,500000
1959520,150000
1959521,250000
1959522,350000
1959530,502400
1959533,1033600
1959535,150000
1959541,0
1959545,150000
1959546,0
1959552,350000
1959555,414000
1959560,0
1959562,0
1959564,500000
1959569,150000
1959578,500000
1959587,259000
1959589,150000
1959592,500000
1959596,140000
1959597,150000
1959599,350000
1959600,0
1959601,0
1959603,350000
1959606,450000
1959614,0
1959624,0
1959625,294000
1959627,110000
1959629,0
1959630,300000
1959634,150000
1959637,0
1959639,110000
1959642,150000
1959643,533000
1959645,573800
1959656,350000
1959661,0
1959665,0
1959670,350000
1959676,0
1959680,0
1959681,228800
1959682,0
1959687,620000
1959690,0
1959692,157500
1959695,500000
1959704,350000
1959707,350000
1959712,350000
1959714,296600
1959722,1035000
1959725,0
1959726,160000
1959731,570000
1959739,0
1959740,0
1959746,0
1959762,0
1959763,0
1959764,0
1959779,0
1959780,500000
1959784,300000
1959786,1150000
1959800,400000
1959801,335000
1959808,496200
1959812,350000
1959830,350000
1959833,0
1959836,0
1959842,500000
1959856,0
1959858,300000
1959862,150000
1959867,150000
1959870,600000
1959882,150000
1959898,200000
1959903,0
1959905,2178000
1959917,650000
1959929,150000
1959935,346000
1959944,350000
1959952,120000
1959959,500000
1959962,140000
1959967,0
1959970,2000000
1959976,300000
1959977,350000
1959979,450000
1959981,150000
1959983,0
1959986,0
1959988,300000
1959990,119000
1959991,150000
1959995,0
1960002,350000
1960008,197500
1960009,410000
1960013,150000
1960014,350000
1960016,1150000
1960024,0
1960032,350000
1960035,150000
1960040,182500
1960055,350000
1960056,500000
1960068,600000
1960069,0
1960071,250000
1960073,0
1960076,0
1960085,350000
1960090,312600
1960096,120000
1960099,0
1960111,1600000
1960128,231000
1960132,341600
1960133,0
1960149,831600
1960152,140000
1960154,350000
1960163,161300
1960166,350000
1960168,400000
1960169,150000
1960196,0
1960202,150000
1960207,294000
1960214,406000
1960222,350000
1960227,0
1960231,100000
1960234,491000
1960236,500000
1960264,300000
1960269,150000
1960274,1000000
1960280,0
1960289,300000
1960304,300000
1960309,350000
1960310,150000
1960347,0
1960353,150000
1960363,0
1960389,352500
1960392,400000
1960407,350000
1960416,0
1960427,100000
1960435,0
1960445,205100
1960448,350000
1960449,600000
1960452,0
1960453,640000
1960454,0
1960457,0
1960459,22400
1960462,609000
1960468,0
1960479,0
1960482,0
1960491,350000
1960493,0
1960501,400000
1960506,354500
1960529,120000
1960533,350000
1960538,0
1960551,300000
1960572,0
1960574,0
1960588,672800
1960618,300000
1960641,100000
1960654,150000
1960656,0
1960664,450000
1960691,150000
1960700,574000
1960701,150000
1960702,500000
1960754,360000
1960767,477500
1960782,150000
1960789,450000
1960795,150000
1960796,150000
1960802,300000
1960810,200000
1960814,2079000
1960817,160000
1960822,350000
1960824,408000
1960839,150000
1960844,143000
1960851,0
1960857,0
1960860,0
1960868,150000
1960869,0
1960874,305000
1960895,0
1960898,0
1960903,0
1960906,150000
1960910,0
1960915,350000
1960923,150000
1960924,0
1960951,0
1960972,140000
1960977,0
1960979,350000
1960982,1753300
1960985,442200
1960993,300000
1961001,1000000
1961007,300000
1961009,150000
1961011,450000
1961018,350000
1961028,0
1961036,970200
1961040,150000
1961042,506000
1961044,0
1961048,641800
1961052,0
1961062,300000
1961073,150000
1961074,150000
1961075,150000
1961077,1488000
1961080,400000
1961084,0
1961094,250000
1961099,0
1961105,150000
1961106,400000
1961108,150000
1961113,0
1961115,535400
1961121,350000
1961129,150000
1961140,450000
1961142,171000
1961148,400000
1961161,600000
1961196,0
1961207,250000
1961208,630000
1961217,150000
1961226,0
1961239,492000
1961244,266000
1961258,300000
1961259,0
1961268,0
1961270,0
1961277,400000
1961280,232000
1961285,350000
1961301,114800
1961302,0
1961303,350000
1961310,0
1961324,443200
1961326,0
1961328,150000
1961340,455000
1961342,150000
1961346,200000
1961348,550000
1961355,249800
1961360,0
1961366,382200
1961368,122000
1961382,285000
1961386,600000
1961387,892600
1961400,0
1961404,0
1961405,0
1961419,125000
1961463,0
1961464,550000
1961469,505000
1961472,350000
1961495,438000
1961500,0
1961512,780000
1961513,300000
1961538,150000
1961544,600000
1961548,400000
1961553,439000
1961562,0
1961580,0
1961600,600000
1961610,0
1961619,150000
1961661,107600
1961664,350000
1961676,400000
1961698,0
1961712,0
1961713,190000
1961720,250000
1961726,350000
1961758,0
1961762,180000
1961771,450000
1961784,250600
1961787,0
1961798,0
1961801,350100
1961805,0
1961813,0
1961817,300000
1961820,0
1961825,0
1961832,130000
1961846,0
1961850,618600
1961856,350000
1961865,0
1961870,114800
1961878,300000
1961884,0
1961888,130000
1961914,300000
1961929,0
1961962,350000
1961977,600000
1961984,350000
1961997,250000
1962020,500000
1962029,300000
1962036,0
1962041,0
1962054,0
1962059,0
1962082,583500
1962093,350000
1962105,1900900
1962106,0
1962110,0
1962130,350000
1962156,200000
1962161,350000
1962165,678600
1962180,540000
1962188,350000
1962200,350000
1962205,300000
1962214,150000
1962217,1025000
1962223,500000
1962232,350000
1962236,500000
1962239,0
1962243,652600
1962246,500000
1962250,143000
1962257,140000
1962261,150000
1962270,350000
1962286,500000
1962289,0
1962292,0
1962311,150000
1962322,500000
1962328,0
1962333,650000
1962335,480000
1962338,250000
1962341,0
1962345,150000
1962346,752000
1962347,0
1962348,150000
1962351,350000
1962352,150000
1962363,0
1962378,350000
1962391,350000
1962404,180000
1962410,150000
1962415,500000
1962419,541800
1962420,464100
1962432,504000
1962438,594000
1962441,0
1962461,350000
1962468,350000
1962470,94600
1962475,0
1962483,625000
1962485,0
1962488,350000
1962502,150000
1962505,150000
1962507,80000
1962508,0
1962512,500000
1962520,283900
1962535,500000
1962536,150000
1962538,608000
1962544,350000
1962549,350000
1962553,0
1962556,350000
1962564,378000
1962575,150000
1962578,200000
1962583,500000
1962585,150000
1962591,850000
1962592,350000
1962593,0
1962609,0
1962611,150000
1962619,150000
1962622,0
1962624,4710500
1962630,575700
1962634,0
1962636,566000
1962640,0
1962651,650000
1962665,0
1962672,650000
1962678,350000
1962689,330000
1962693,0
1962695,500000
1962697,0
1962698,350000
1962700,0
1962703,0
1962714,350000
1962721,794000
1962723,0
1962724,380000
1962735,0
1962753,500000
1962757,350000
1962758,200000
1962763,150000
1962768,0
1962769,150000
1962770,350000
1962777,350000
1962785,350000
1962789,400000
1962795,550000
1962802,445000
1962812,350000
1962815,350000
1962825,350000
1962832,400000
1962833,350000
1962834,140000
1962836,220000
1962837,480000
1962838,0
1962847,350000
1962848,400000
1962853,672000
1962854,150000
1962856,350000
1962859,500000
1962860,500000
1962865,0
1962867,218000
1962871,0
1962873,750000
1962885,370000
1962896,150000
1962911,150000
1962912,350000
1962916,350000
1962924,420800
1962927,500000
1962933,500000
1962945,150000
1962949,0
1962952,150000
1962957,506000
1962964,450000
1962968,350000
1962972,350000
1962984,350000
1962987,420800
1962989,150000
1962990,0
1962996,500000
1963001,120000
1963011,0
1963014,0
1963015,400000
1963034,350000
1963036,461100
1963040,300000
1963041,0
1963042,0
1963049,81000
1963051,550000
1963077,150000
1963082,350000
1963092,0
1963113,150000
1963129,80000
1963133,620000
1963134,400000
1963145,350000
1963147,150000
1963150,1417700
1963152,350000
1963153,657800
1963160,650000
1963166,0
1963171,350000
1963172,150000
1963178,52000
1963187,84000
1963192,500000
1963202,150000
1963205,650000
1963218,201200
1963233,300000
1963237,0
1963247,0
1963254,270000
1963255,350000
1963257,350000
1963259,0
1963269,500000
1963277,350000
1963282,175000
1963284,604000
1963290,209100
1963291,0
1963292,0
1963295,150000
1963296,650000
1963299,150000
1963300,160000
1963302,500000
1963305,560200
1963316,0
1963319,0
1963332,0
1963333,0
1963341,500000
1963345,508000
1963355,524000
1963365,400000
1963367,60000
1963371,73000
1963382,250000
1963384,850000
1963388,150000
1963389,0
1963391,0
1963399,150000
1963403,350000
1963410,150000
1963418,0
1963432,0
1963435,650000
1963443,500000
1963449,480800
1963450,0
1963456,350000
1963459,95000
1963462,806000
1963471,0
1963475,0
1963482,500000
1963483,0
1963487,0
1963488,1120000
1963492,650000
1963502,0
1963503,0
1963505,350000
1963507,0
1963513,500000
1963516,0
1963519,0
1963520,1377000
1963521,290000
1963537,0
1963540,500000
1963541,355000
1963542,150000
1963561,150000
1963570,0
1963572,468000
1963575,150000
1963594,500000
1963598,980100
1963613,150000
1963616,0
1963621,0
1963632,0
1963638,0
1963643,350000
1963644,0
1963647,0
1963653,500000
1963657,0
1963658,350000
1963660,350000
1963661,500000
1963665,255000
1963671,420800
1963686,205900
1963687,500000
1963692,0
1963696,350000
1963698,301600
1963699,395600
1963705,350000
1963706,272300
1963716,350000
1963721,0
1963732,350000
1963735,550000
1963736,150000
1963753,155000
1963754,350000
1963756,209900
1963762,288000
1963764,350000
1963765,0
1963768,550000
1963779,0
1963788,150000
1963797,462500
1963809,498000
1963813,341500
1963824,150000
1963825,220000
1963829,400000
1963830,652500
1963833,150000
1963836,500000
1963849,555400
1963858,0
1963859,0
1963865,140000
1963868,350000
1963870,0
1963875,230000
1963876,650000
1963878,150000
1963880,0
1963882,1000000
1963885,0
1963888,350000
1963895,245000
1963898,413000
1963910,0
1963912,150000
1963921,350000
1963927,113600
1963935,0
1963940,111200
1963952,0
1963954,324000
1963958,0
1963963,350000
1963967,0
1963968,120000
1963969,350000
1963973,0
1963980,500000
1963983,300000
1963984,150000
1963986,350000
1963988,369600
1963999,350000
1964002,150000
1964004,312000
1964009,500000
1964018,0
1964025,350000
1964036,0
1964044,90000
1964046,444000
1964049,350000
1964050,500000
1964054,350000
1964056,350000
1964071,350000
1964072,250000
1964080,500000
1964084,350000
1964087,350000
1964091,500000
1964093,150000
1964096,1336600
1964098,350000
1964100,0
1964101,350000
1964105,350000
1964111,1248000
1964119,350000
1964123,350000
1964126,150000
1964134,0
1964138,200000
1964145,0
1964147,430000
1964148,350000
1964152,300000
1964153,0
1964155,0
1964160,0
1964164,150000
1964167,0
1964172,150000
1964174,927000
1964181,0
1964182,750000
1964185,350000
1964189,0
1964192,0
1964193,524100
1964204,0
1964211,150000
1964221,0
1964224,350000
1964232,0
1964234,150000
1964243,150000
1964247,0
1964248,240000
1964254,400000
1964256,300000
1964270,898000
1964276,400000
1964280,356000
1964283,350000
1964289,0
1964297,0
1964299,350000
1964304,261300
1964312,150000
1964313,550000
1964317,850000
1964329,500000
1964332,0
1964337,0
1964341,200500
1964346,229500
1964350,350000
1964354,150000
1964358,0
1964361,150000
1964379,350000
1964380,500000
1964381,530000
1964384,1000000
1964386,0
1964400,350000
1964401,500000
1964413,150000
1964429,240000
1964431,200000
1964433,262500
1964435,321800
1964438,460000
1964439,0
1964444,350000
1964448,0
1964450,200000
1964458,350000
1964465,0
1964468,262000
1964478,0
1964483,0
1964485,308100
1964490,350000
1964497,350000
1964502,135800
1964505,400000
1964507,150000
1964508,350000
1964510,350000
1964514,462000
1964520,350000
1964521,0
1964523,440000
1964531,400000
1964533,350000
1964537,200000
1964538,700000
1964540,0
1964547,0
1964550,150000
1964559,150000
1964561,223000
1964562,350000
1964572,150000
1964575,180000
1964578,350000
1964587,350000
1964591,250000
1964593,0
1964602,500000
1964605,350000
1964606,800000
1964607,140000
1964611,1345600
1964614,350000
1964623,180000
1964635,535000
1964636,200000
1964637,150000
1964656,0
1964660,0
1964661,500000
1964664,350000
1964668,124000
1964673,0
1964675,500000
1964677,612000
1964679,250000
1964683,400000
1964689,350000
1964690,355000
1964695,253000
1964704,564400
1964706,200000
1964713,410000
1964728,0
1964730,494000
1964731,0
1964736,693000
1964743,0
1964755,0
1964758,200000
1964765,0
1964778,350000
1964781,594500
1964784,180000
1964789,150000
1964799,150000
1964807,354000
1964808,0
1964810,400000
1964817,350000
1964818,293000
1964822,350000
1964829,350000
1964832,150000
1964836,350000
1964839,0
1964843,521300
1964852,350000
1964860,150000
1964865,368000
1964871,0
1964873,179700
1964878,400400
1964884,110000
1964885,0
1964888,440000
1964890,0
1964892,350000
1964896,350000
1964901,500000
1964908,350000
1964916,0
1964919,200000
1964926,0
1964941,395600
1964955,0
1964971,0
1964972,680000
1964976,386700
1964978,410900
1964983,0
1964984,0
1964990,1650000
1964998,0
1965010,150000
1965013,150000
1965018,350000
1965029,150000
1965033,358500
1965036,350000
1965040,400000
1965048,0
1965051,350000
1965054,350000
1965061,301600
1965064,0
1965065,350000
1965068,150000
1965072,314600
1965078,0
1965081,190000
1965082,0
1965083,125000
1965084,0
1965087,665000
1965088,519500
1965093,250000
1965095,350000
1965097,44000
1965100,350000
1965101,685000
1965105,150000
1965122,500000
1965124,0
1965126,450000
1965129,150000
1965131,0
1965156,0
1965159,0
1965164,345000
1965166,0
1965173,150000
1965180,191300
1965182,441000
1965186,0
1965191,150000
1965194,150000
1965205,40000
1965206,150000
1965208,150000
1965212,0
1965215,350000
1965232,500000
1965233,258000
1965239,0
1965240,265000
1965247,0
1965249,32000
1965252,0
1965255,332400
1965257,267200
1965259,185000
1965263,432000
1965267,637500
1965269,500000
1965276,0
1965277,350000
1965289,200000
1965290,0
1965291,150000
1965296,0
1965297,350000
1965305,350000
1965308,350000
1965309,150000
1965316,600000
1965322,350000
1965324,350000
1965335,700000
1965343,314100
1965346,0
1965347,529500
1965355,350000
1965357,700000
1965361,150000
1965363,0
1965365,320000
1965382,475000
1965387,150000
1965389,0
1965400,0
1965402,0
1965407,0
1965412,0
1965423,150000
1965434,350000
1965438,0
1965441,0
1965448,0
1965450,873600
1965451,150000
1965454,108000
1965459,350000
1965466,605600
1965469,350000
1965473,0
1965481,325000
1965485,0
1965488,350000
1965492,150000
1965495,500000
1965499,0
1965500,350000
1965504,350000
1965505,500000
1965509,350000
1965514,200000
1965520,782000
1965526,150000
1965528,640000
1965529,640500
1965535,0
1965538,0
1965548,478000
1965554,500000
1965555,150000
1965558,494000
1965563,0
1965573,573500
1965590,150000
1965591,0
1965593,414800
1965600,0
1965602,0
1965611,300000
1965616,767600
1965617,150000
1965618,150000
1965629,0
1965630,150000
1965633,0
1965636,500000
1965644,0
1965645,350000
1965650,700000
1965655,150000
1965659,150000
1965661,156900
1965662,350000
1965669,0
1965671,0
1965673,0
1965681,350000
1965686,471000
1965687,350000
1965690,800000
1965693,650000
1965694,0
1965696,350000
1965698,350000
1965706,350000
1965717,330500
1965720,0
1965724,0
1965728,0
1965741,0
1965743,150000
1965747,170000
1965752,150000
1965753,0
1965754,853000
1965760,350000
1965771,150000
1965792,300000
1965796,470800
1965799,660500
1965800,546500
1965801,307500
1965806,135000
1965807,0
1965808,150000
1965820,0
1965836,594000
1965840,370600
1965841,150000
1965842,0
1965844,478000
1965848,362500
1965853,500000
1965860,385000
1965863,350000
1965864,0
1965869,350000
1965870,150000
1965871,0
1965873,0
1965874,0
1965882,350000
1965884,350000
1965885,843100
1965886,730800
1965888,0
1965892,350000
1965897,349200
1965899,150000
1965900,350000
1965901,150000
1965905,0
1965913,302000
1965914,350000
1965919,200000
1965923,0
1965925,0
1965939,350000
1965943,350000
1965958,270000
1965963,350000
1965970,0
1965971,150000
1965975,150000
1965976,150000
1965977,628700
1965981,0
1965983,0
1965984,0
1965997,530000
1965998,350000
1966000,0
1966003,500000
1966013,767300
1966016,400000
1966021,0
1966033,629000
1966038,500000
1966041,688100
1966053,350000
1966064,0
1966068,150000
1966082,150000
1966101,200000
1966109,600000
1966127,0
1966134,400000
1966136,453000
1966137,500000
1966145,680000
1966149,1108900
1966150,350000
1966158,0
1966161,350000
1966168,350000
1966184,0
1966188,478000
1966197,125000
1966204,350000
1966210,1139500
1966212,1000000
1966213,105000
1966219,350000
1966228,0
1966230,0
1966238,350000
1966240,350000
1966242,592500
1966243,0
1966245,0
1966249,728000
1966256,246000
1966265,0
1966266,0
1966272,350000
1966281,0
1966282,0
1966288,0
1966291,350000
1966292,350000
1966295,0
1966299,500000
1966300,543000
1966307,660000
1966309,745000
1966313,0
1966320,400000
1966326,600000
1966330,350000
1966332,388000
1966338,500000
1966340,0
1966343,500000
1966344,650000
1966351,669000
1966353,350000
1966356,750000
1966359,288000
1966360,0
1966371,350000
1966379,350000
1966385,463000
1966386,0
1966388,650000
1966393,31200
1966397,350000
1966402,367500
1966411,625000
1966412,200000
1966413,575000
1966414,688000
1966417,350000
1966418,478000
1966424,0
1966428,46500
1966436,0
1966437,650000
1966441,350000
1966447,400000
1966449,15200
1966452,344300
1966453,150000
1966455,650000
1966459,339600
1966460,350000
1966467,150000
1966468,350000
1966470,289600
1966471,0
1966473,165000
1966476,150000
1966479,0
1966482,597500
1966484,500000
1966491,0
1966492,0
1966496,778000
1966498,350000
1966502,150000
1966507,150000
1966511,150000
1966514,532900
1966516,500000
1966523,150000
1966524,350000
1966534,500000
1966540,430000
1966545,768000
1966565,150000
1966569,0
1966575,710700
1966583,350000
1966584,350000
1966591,150000
1966594,400000
1966600,0
1966605,0
1966607,441600
1966617,0
1966622,0
1966631,0
1966635,350000
1966637,640000
1966639,350000
1966640,170000
1966648,500000
1966656,150000
1966662,0
1966667,400000
1966670,300000
1966682,530000
1966683,630000
1966688,150000
1966706,500000
1966713,0
1966731,150000
1966756,90000
1966761,414000
1966767,350000
1966772,0
1966803,0
1966826,0
1966830,0
1966834,7790000
1966838,150000
1966854,817700
1966858,250000
1966859,153000
1966862,400000
1966863,232000
1966864,350000
1966868,350000
1966872,300000
1966878,0
1966880,200000
1966889,144000
1966902,587500
1966909,600000
1966910,150000
1966911,0
1966912,350000
1966914,444000
1966921,0
1966927,399700
1966953,340000
1966956,283900
1966962,350000
1966963,400000
1966968,390600
1966969,532400
1966979,500000
1966980,350000
1966985,350000
1966993,0
1967001,350000
1967002,150000
1967004,350000
1967005,350000
1967006,350000
1967015,0
1967016,350000
1967026,350000
1967028,350000
1967033,300000
1967053,427000
1967057,350000
1967064,350000
1967067,350000
1967070,350000
1967080,350000
1967086,0
1967088,300000
1967100,0
1967118,150000
1967120,350000
1967125,0
1967126,644000
1967132,663400
1967138,0
1967140,650000
1967144,0
1967148,150000
1967151,150000
1967152,0
1967156,500000
1967158,0
1967161,150000
1967172,0
1967173,300000
1967174,150000
1967176,398000
1967178,350000
1967190,150000
1967194,160000
1967197,195000
1967206,350000
1967208,500000
1967211,1149300
1967230,620000
1967231,350000
1967240,0
1967243,547600
1967252,150000
1967253,350000
1967254,406000
1967265,0
1967276,550000
1967286,480200
1967289,1488000
1967296,367500
1967299,1327500
1967301,200000
1967304,0
1967313,320000
1967320,0
1967328,0
1967329,0
1967348,740000
1967349,642000
1967355,135000
1967357,0
1967362,0
1967364,500000
1967373,150000
1967376,1490700
1967381,0
1967382,80000
1967383,350000
1967400,500000
1967410,150000
1967417,500000
1967422,200000
1967440,170000
1967441,108000
1967442,350000
1967443,0
1967444,60800
1967447,350000
1967459,350000
1967460,350000
1967479,350000
1967484,150000
1967486,350000
1967487,500000
1967504,150000
1967512,350000
1967519,0
1967533,150000
1967538,350000
1967543,400000
1967560,0
1967561,0
1967563,150000
1967567,0
1967568,150000
1967569,350000
1967579,0
1967599,538000
1967610,150000
1967612,150000
1967635,150000
1967637,0
1967640,0
1967645,0
1967663,0
1967664,600000
1967666,0
1967673,350000
1967676,0
1967678,0
1967686,350000
1967688,150000
1967706,500000
1967725,0
1967737,0
1967754,608000
1967758,350000
1967761,350000
1967774,588000
1967777,350000
1967783,0
1967784,0
1967785,350000
1967790,350000
1967791,350000
1967802,150000
1967811,178500
1967814,0
1967819,0
1967823,700000
1967824,350000
1967842,350000
1967851,150000
1967852,0
1967855,0
1967857,550000
1967862,400000
1967866,350000
1967875,350000
1967879,150000
1967885,150000
1967886,0
1967889,0
1967890,0
1967893,350000
1967898,800000
1967908,150000
1967933,150000
1967936,350000
1967938,11900
1967943,0
1967944,0
1967956,358800
1967960,2980000
1967962,0
1967964,0
1967968,650000
1967986,0
1967987,144000
1967988,0
1967994,0
1968003,39200
1968005,500000
1968010,172600
1968013,0
1968018,350000
1968022,0
1968030,500000
1968034,312500
1968035,0
1968041,0
1968042,350000
1968044,0
1968046,350000
1968051,650000
1968053,200000
1968055,350000
1968056,0
1968059,31200
1968060,650000
1968061,298000
1968063,350000
1968066,500000
1968068,92800
1968072,0
1968073,62400
1968080,350000
1968082,144000
1968083,525000
1968085,0
1968091,0
1968093,0
1968094,489300
1968108,150000
1968115,350000
1968117,350000
1968119,300000
1968122,500000
1968123,150000
1968134,0
1968137,340000
1968139,468200
1968142,479000
1968143,0
1968146,350000
1968147,225000
1968151,0
1968164,0
1968174,350000
1968176,345000
1968178,150000
1968183,0
1968189,990000
1968202,150000
1968206,1485000
1968215,350000
1968222,0
1968228,150000
1968232,374000
1968234,0
1968263,170000
1968268,150000
1968274,831600
1968280,0
1968281,144000
1968285,140000
1968287,350000
1968295,150000
1968306,184500
1968327,350000
1968336,0
1968343,500000
1968345,0
1968349,150000
1968350,350000
1968356,395000
1968360,0
1968385,0
1968386,674000
1968409,439400
1968411,325000
1968414,350000
1968427,0
1968436,150000
1968453,350000
1968473,300000
1968476,621600
1968484,350000
1968486,144000
1968491,0
1968495,0
1968509,341600
1968519,320000
1968526,0
1968529,0
1968530,350000
1968538,220000
1968546,350000
1968548,350000
1968556,0
1968562,150000
1968571,0
1968587,150000
1968593,470000
1968603,1500000
1968628,0
1968643,830000
1968646,207900
1968648,400000
1968651,395000
1968655,350000
1968657,150000
1968663,0
1968666,400000
1968671,150000
1968672,650000
1968674,150000
1968680,0
1968686,308000
1968692,0
1968713,150000
1968732,350000
1968734,380000
1968745,0
1968754,1439000
1968756,0
1968757,150000
1968759,150000
1968763,0
1968782,459000
1968789,199200
1968800,650000
1968808,0
1968814,200000
1968816,350000
1968824,0
1968835,0
1968844,650000
1968852,200000
1968859,200000
1968862,677000
1968865,300000
1968866,90000
1968869,0
1968876,150000
1968878,0
1968922,0
1968933,300000
1968936,350000
1968946,0
1968955,350000
1968959,650000
1968961,350000
1968968,369000
1968972,0
1968975,990000
1969001,400000
1969003,769500
1969012,768800
1969014,500000
1969025,0
1969027,300000
1969028,500000
1969030,318000
1969033,350000
1969034,0
1969036,0
1969038,0
1969041,350000
1969046,0
1969060,0
1969087,150000
1969090,150000
1969095,150000
1969107,120000
1969115,68400
1969147,0
1969156,300000
1969159,600000
1969168,150000
1969179,350000
1969180,550000
1969181,150000
1969186,0
1969191,618800
1969192,0
1969197,0
1969208,150000
1969209,0
1969215,500000
1969216,106000
1969234,0
1969238,0
1969241,0
1969257,0
1969261,370000
1969268,136000
1969270,150000
1969291,485000
1969293,300000
1969307,0
1969314,0
1969331,1138600
1969335,0
1969336,0
1969340,0
1969344,390000
1969346,350000
1969358,350000
1969369,360000
1969370,150000
1969404,350000
1969411,2004800
1969414,150000
1969426,0
1969429,0
1969430,250000
1969439,300000
1969443,300000
1969462,180000
1969472,400000
1969476,150000
1969492,350000
1969494,0
1969506,95000
1969515,522100
1969517,150000
1969546,400000
1969552,253000
1969565,350000
1969594,300000
1969625,0
1969632,0
1969654,188800
1969655,0
1969660,150000
1969668,334000
1969670,550000
1969675,0
1969686,0
1969695,500000
1969698,314000
1969722,0
1969724,397000
1969727,213900
1969734,150000
1969738,200000
1969749,44000
1969751,0
1969752,0
1969761,300000
1969767,471000
1969769,400000
1969771,0
1969776,200000
1969777,150000
1969811,150000
1969819,144000
1969834,0
1969836,321800
1969839,678500
1969840,522000
1969853,0
1969865,581700
1969869,650000
1969872,0
1969887,0
1969899,120000
1969900,0
1969909,285600
1969920,0
1969929,200000
1969932,150000
1969936,0
1969942,180000
1969945,0
1969947,150000
1969957,150000
1969958,600000
1969966,500000
1969967,150000
1969976,0
1969978,383200
1969979,150000
1969981,600000
1969989,200000
1969993,600000
1969998,350000
1970002,200000
1970004,1036000
1970006,2162900
1970007,150000
1970008,600000
1970011,600000
1970012,550000
1970027,250000
1970038,0
1970067,0
1970069,0
1970070,0
1970077,193000
1970080,300000
1970102,600000
1970105,819000
1970128,0
1970130,150000
1970136,600000
1970138,1924000
1970141,150000
1970143,0
1970146,400000
1970154,203500
1970157,600000
1970172,600000
1970179,200000
1970186,0
1970192,570000
1970193,1525500
1970194,150000
1970201,600000
1970212,1000000
1970216,600000
1970229,0
1970231,600000
1970239,125000
1970241,600000
1970242,300000
1970244,300000
1970248,350000
1970251,480000
1970255,439200
1970257,0
1970264,600000
1970265,500000
1970282,850000
1970290,600000
1970305,600000
1970311,350000
1970312,671600
1970324,1326600
1970339,670000
1970340,0
1970343,220000
1970348,410000
1970352,693000
1970353,480000
1970363,350000
1970367,250000
1970374,649000
1970377,350000
1970379,0
1970390,701400
1970405,672000
1970408,1113800
1970411,0
1970415,345000
1970418,400000
1970428,600000
1970432,300000
1970440,600000
1970443,0
1970454,385000
1970465,600000
1970467,400000
1970469,0
1970481,600000
1970496,0
1970497,150000
1970499,300000
1970513,0
1970515,150000
1970524,150000
1970532,300000
1970533,200000
1970573,84000
1970589,300000
1970598,350000
1970607,50000
1970627,300000
1970639,350000
1970665,300000
1970673,150000
1970674,0
1970680,0
1970697,0
1970699,600000
1970702,710000
1970711,47600
1970713,200000
1970752,0
1970758,400000
1970763,0
1970765,0
1970769,0
1970776,0
1970777,0
1970782,0
1970790,0
1970793,0
1970797,360000
1970802,0
1970804,250000
1970807,0
1970816,0
1970821,0
1970825,400000
1970826,0
1970830,0
1970831,300000
1970832,0
1970837,0
1970843,0
1970860,0
1970864,0
1970866,0
1970876,0
1970878,0
1970880,0
1970882,0
1970883,0
1970887,0
1970888,0
1970892,0
1970895,0
1970897,0
1970899,500000
1970901,0
1970903,0
1970904,0
1970907,0
1970908,0
1970910,450000
1970911,0
1970913,0
1970920,150000
1970927,0
1970930,0
1970931,0
1970934,0
1970935,0
1970938,0
1970939,0
1970940,350000
1970941,0
1970952,0
1970954,0
1970956,0
1970959,0
1970961,753000
1970964,0
1970965,0
1970966,0
1970970,0
1970973,0
1970977,300000
1971006,150000
1971013,300000
1971033,300000
1971037,200000
1971038,0
1971049,600000
1971054,150000
1971063,150000
1971067,0
1971073,0
1971088,0
1971106,500000
1971116,573500
1971123,994400
1971124,0
1971127,500000
1971134,0
1971148,150000
1971150,300000
1971155,600000
1971159,0
1971179,0
1971191,0
1971208,0
1971209,650000
1971210,300000
1971222,400000
1971237,500000
1971247,0
1971251,500000
1971268,300000
1971273,0
1971291,0
1971295,0
1971299,350000
1971302,0
1971305,350000
1971309,200000
1971311,500000
1971315,200000
1971331,500000
1971337,506000
1971340,0
1971374,1043000
1971385,461800
1971387,500000
1971389,437500
1971404,28800
1971407,0
1971408,350000
1971409,150000
1971414,150000
1971430,0
1971453,500000
1971471,90000
1971473,0
1971476,250800
1971484,233500
1971489,550000
1971492,350000
1971502,830000
1971520,500000
1971525,350000
1971535,0
1971537,183000
1971560,0
1971569,0
1971573,1600000
1971576,0
1971584,0
1971597,140000
1971600,350000
1971601,0
1971608,500000
1971610,650000
1971619,150000
1971628,350000
1971635,350000
1971641,197000
1971642,150000
1971655,150000
1971659,1650000
1971669,200000
1971677,458000
1971684,350000
1971687,530000
1971702,350000
1971704,500000
1971715,350000
1971720,350000
1971728,150000
1971732,600000
1971734,0
1971735,0
1971747,0
1971762,350000
1971769,150000
1971777,0
1971780,350000
1971791,350000
1971793,70000
1971796,0
1971806,400000
1971846,405600
1971850,288000
1971851,150000
1971862,100000
1971865,150000
1971868,180000
1971889,350000
1971895,350000
1971907,0
1971908,350000
1971915,500000
1971924,150000
1971931,530000
1971932,0
1971935,645000
1971937,0
1971951,550000
1971952,350000
1971954,350000
1971960,0
1971961,200000
1971963,1600000
1971971,508300
1971980,0
1971981,150000
1971984,0
1971989,0
1971993,500000
1971998,150000
1972007,0
1972012,400000
1972013,300000
1972019,400000
1972035,350000
1972039,350000
1972043,350000
1972048,350000
1972055,500000
1972057,0
1972068,350000
1972087,0
1972101,350000
1972104,465000
1972112,0
1972121,128000
1972123,0
1972127,607500
1972131,350000
1972133,484100
1972138,280000
1972142,150000
1972149,574000
1972150,400000
1972153,350000
1972161,0
1972164,0
1972170,0
1972172,350000
1972178,0
1972191,500000
1972201,150000
1972210,350000
1972226,500000
1972232,0
1972234,67200
1972276,53000
1972286,150000
1972315,574000
1972319,325000
1972323,0
1972325,350000
1972327,350000
1972331,0
1972333,350000
1972337,350000
1972357,320000
1972365,435000
1972370,150000
1972375,0
1972377,0
1972380,0
1972389,0
1972393,150000
1972401,350000
1972409,466500
1972412,350000
1972415,150000
1972423,350000
1972434,400000
1972446,0
1972448,1585000
1972456,150000
1972464,516000
1972475,350000
1972485,276000
1972492,350000
1972503,600000
1972511,626000
1972515,325000
1972516,500000
1972530,150000
1972538,400000
1972547,606600
1972551,200000
1972567,0
1972570,400000
1972586,815000
1972596,298500
1972597,320000
1972610,0
1972618,350000
1972619,386000
1972620,350000
1972641,350000
1972655,0
1972660,350000
1972663,0
1972665,0
1972667,0
1972675,130000
1972682,700000
1972685,700000
1972691,0
1972697,1570000
1972705,600000
1972707,550000
1972712,102900
1972717,350000
1972721,500000
1972737,500000
1972738,300000
1972742,165000
1972753,150000
1972789,484000
1972790,0
1972791,500000
1972801,500000
1972803,200000
1972804,0
1972806,550000
1972816,350000
1972830,150000
1972832,350000
1972835,0
1972836,150000
1972839,19600
1972840,350000
1972845,420000
1972847,0
1972850,195000
1972857,150000
1972860,1600000
1972863,335000
1972871,618300
1972882,550000
1972888,400000
1972889,0
1972890,350000
1972912,350000
1972920,0
1972922,0
1972924,481800
1972928,1990000
1972931,500000
1972932,400000
1972937,150000
1972946,119000
1972948,150000
1972954,412900
1972957,350000
1972965,350000
1972979,0
1972982,0
1973000,0
1973013,0
1973018,0
1973021,350000
1973022,350000
1973031,650000
1973034,0
1973035,0
1973036,150000
1973046,650000
1973048,650000
1973050,150000
1973058,72000
1973064,350000
1973069,250000
1973070,0
1973075,400000
1973077,350000
1973082,500000
1973086,0
1973087,600000
1973096,400900
1973106,300000
1973107,408900
1973113,500000
1973121,130000
1973125,500000
1973129,0
1973135,0
1973137,350000
1973155,350000
1973169,350000
1973180,0
1973181,490000
1973192,150000
1973193,200000
1973194,0
1973208,350000
1973212,150000
1973218,138000
1973222,350000
1973223,0
1973233,591900
1973253,324000
1973254,400000
1973263,350000
1973267,0
1973274,729000
1973278,1010000
1973284,350000
1973289,350000
1973295,123500
1973303,700000
1973306,150000
1973308,2050000
1973313,350000
1973317,0
1973318,0
1973320,350000
1973324,500000
1973325,536000
1973326,200000
1973334,203000
1973339,350000
1973354,350000
1973361,700000
1973363,0
1973367,0
1973368,0
1973370,0
1973371,0
1973374,150000
1973376,0
1973381,0
1973394,156000
1973395,0
1973396,0
1973405,150000
1973406,896200
1973408,0
1973418,0
1973419,405000
1973433,0
1973441,350000
1973443,0
1973446,350000
1973453,0
1973461,233500
1973465,150000
1973468,494000
1973471,0
1973477,0
1973478,0
1973480,150000
1973493,310000
1973498,300000
1973499,150000
1973500,500000
1973509,550000
1973529,500000
1973538,0
1973543,0
1973549,0
1973554,0
1973561,0
1973565,0
1973571,0
1973575,0
1973582,0
1973587,350000
1973588,350000
1973591,150000
1973598,0
1973603,400000
1973607,350000
1973610,0
1973621,650000
1973626,0
1973631,859000
1973635,350000
1973638,0
1973658,724000
1973660,0
1973663,0
1973667,546000
1973668,0
1973671,600000
1973673,350000
1973675,150000
1973681,0
1973688,150000
1973694,475000
1973695,350000
1973701,150000
1973704,0
1973705,554000
1973710,966600
1973712,350000
1973713,350000
1973719,0
1973745,150000
1973746,0
1973751,600000
1973755,0
1973756,44000
1973759,0
1973764,0
1973767,350000
1973774,921900
1973778,350000
1973780,0
1973786,400000
1973794,0
1973798,513800
1973799,400000
1973804,350000
1973807,200000
1973809,250000
1973821,0
1973822,150000
1973827,0
1973834,350000
1973838,350000
1973840,0
1973844,0
1973863,250000
1973865,0
1973868,350000
1973873,954000
1973878,150000
1973891,250000
1973898,150000
1973900,500000
1973909,150000
1973931,553000
1973934,0
1973936,700000
1973938,457500
1973952,0
1973953,500000
1973968,350000
1973975,150000
1973981,0
1973982,700000
1974004,150000
1974006,350000
1974009,0
1974010,850000
1974016,150000
1974017,350000
1974024,350000
1974038,0
1974042,118500
1974044,424000
1974045,0
1974049,350000
1974051,0
1974057,350000
1974061,0
1974069,350000
1974075,650000
1974084,0
1974085,0
1974102,0
1974103,260000
1974104,150000
1974106,450000
1974107,0
1974108,250000
1974109,349000
1974110,150000
1974123,140000
1974140,0
1974143,169800
1974153,400000
1974155,0
1974167,668300
1974176,650000
1974179,383500
1974182,587000
1974189,650000
1974197,0
1974200,0
1974205,186000
1974207,150000
1974208,189300
1974210,148500
1974214,400000
1974215,350000
1974224,252000
1974234,150000
1974237,350000
1974240,150000
1974242,650000
1974246,200000
1974262,0
1974270,150000
1974273,300000
1974281,150000
1974301,300000
1974315,400000
1974334,350000
1974345,0
1974347,0
1974349,2990000
1974352,350000
1974356,90000
1974362,150000
1974371,0
1974376,0
1974380,350000
1974388,0
1974397,364500
1974406,350000
1974409,0
1974415,780000
1974416,272400
1974422,500000
1974430,0
1974435,350000
1974439,0
1974442,350000
1974444,0
1974447,150000
1974454,0
1974459,144000
1974463,0
1974471,0
1974473,350000
1974475,350000
1974477,182600
1974479,0
1974488,150000
1974491,200000
1974492,350000
1974497,230000
1974498,0
1974507,550000
1974508,105000
1974511,350000
1974515,150000
1974521,350000
1974524,500000
1974539,542000
1974545,522500
1974548,150000
1974557,0
1974558,0
1974574,0
1974576,150000
1974577,350000
1974581,350000
1974582,249300
1974591,392000
1974594,350000
1974622,500000
1974626,0
1974632,350000
1974646,350000
1974653,0
1974662,249300
1974666,0
1974668,0
1974670,350000
1974682,750000
1974683,0
1974696,249300
1974705,153300
1974706,142500
1974730,0
1974733,350000
1974735,550000
1974742,350000
1974756,500000
1974763,0
1974790,150000
1974793,580000
1974799,600000
1974800,600000
1974802,225000
1974805,400000
1974807,205900
1974809,0
1974813,350000
1974814,471500
1974816,350000
1974818,0
1974821,235000
1974822,952400
1974826,732900
1974830,350000
1974836,500000
1974845,0
1974847,350000
1974863,0
1974866,837500
1974867,250000
1974872,176000
1974877,0
1974880,350000
1974891,600000
1974900,0
1974910,600000
1974917,0
1974923,350000
1974925,500000
1974928,350000
1974929,395000
1974930,249300
1974931,600000
1974932,0
1974934,0
1974936,550000
1974940,249300
1974941,150000
1974952,565000
1974961,262000
1974964,400000
1974968,76300
1974977,0
1974990,249300
1974992,636000
1974993,350000
1974995,0
1975004,750000
1975011,350000
1975015,2244600
1975023,360400
1975028,0
1975030,230000
1975040,150000
1975054,0
1975058,350000
1975059,0
1975061,600000
1975067,120000
1975068,140000
1975069,0
1975070,350000
1975074,570500
1975078,150000
1975081,0
1975090,0
1975092,660000
1975094,600000
1975097,372400
1975099,400000
1975106,344900
1975109,600000
1975116,0
1975118,0
1975124,356700
1975126,242000
1975133,0
1975134,337400
1975137,150000
1975138,98000
1975139,150000
1975140,350000
1975150,334700
1975156,150000
1975160,750000
1975165,351600
1975166,800000
1975171,0
1975172,325300
1975182,350000
1975185,0
1975192,118000
1975199,316400
1975201,0
1975204,300000
1975211,374000
1975214,350000
1975218,350000
1975222,361100
1975227,0
1975237,347000
1975247,0
1975252,0
1975256,306600
1975257,350000
1975259,350000
1975265,150000
1975268,0
1975271,350000
1975273,350000
1975275,500000
1975277,0
1975292,0
1975293,987000
1975294,150000
1975297,0
1975299,0
1975303,0
1975304,150000
1975305,650000
1975314,350000
1975318,0
1975323,140000
1975340,0
1975347,619800
1975349,0
1975351,1665400
1975362,288000
1975366,0
1975371,320000
1975379,0
1975388,357500
1975392,444800
1975400,660000
1975403,97000
1975405,187000
1975411,200000
1975413,150000
1975418,0
1975424,406000
1975428,619800
1975437,377500
1975454,0
1975464,0
1975480,0
1975481,350000
1975486,350000
1975487,0
1975490,90000
1975491,0
1975492,120000
1975494,150000
1975495,315600
1975497,300000
1975505,350000
1975510,294000
1975511,150000
1975519,121100
1975522,350000
1975524,568600
1975525,0
1975532,350000
1975533,0
1975538,421700
1975543,350000
1975546,0
1975551,500000
1975552,350000
1975556,134000
1975559,350000
1975562,126900
1975573,600000
1975577,0
1975582,350000
1975584,0
1975596,0
1975597,500000
1975608,0
1975609,350000
1975612,350000
1975620,816000
1975621,0
1975624,0
1975625,350000
1975630,0
1975631,120000
1975648,600000
1975651,0
1975654,150000
1975661,0
1975667,0
1975669,150000
1975690,498000
1975706,0
1975710,0
1975712,0
1975715,350000
1975721,350000
1975731,0
1975740,550000
1975741,150000
1975746,500000
1975758,0
1975768,350000
1975773,350000
1975776,150000
1975780,350000
1975782,0
1975787,350000
1975790,0
1975793,350000
1975797,172000
1975798,120000
1975800,350000
1975802,0
1975804,150000
1975805,0
1975808,150000
1975810,400000
1975814,350000
1975823,260000
1975825,90500
1975830,500000
1975836,200000
1975839,350000
1975846,528500
1975850,0
1975851,120000
1975852,150000
1975854,0
1975855,179400
1975862,0
1975869,350000
1975876,79000
1975879,350000
1975882,350000
1975886,350000
1975889,0
1975892,400000
1975901,350000
1975904,350000
1975910,200000
1975912,988400
1975921,350000
1975927,350000
1975938,0
1975954,0
1975959,0
1975960,650000
1975965,0
1975967,100000
1975974,497800
1975977,397000
1975978,300000
1975996,200000
1976012,621000
1976016,218800
1976018,350000
1976020,650000
1976026,493000
1976029,100000
1976030,0
1976032,350000
1976033,0
1976036,500000
1976041,150000
1976046,0
1976051,184500
1976083,180000
1976084,0
1976092,650000
1976103,0
1976112,212900
1976113,0
1976119,350000
1976120,431500
1976121,150000
1976125,500000
1976130,500000
1976141,0
1976146,200000
1976147,150000
1976148,350000
1976154,150000
1976156,350000
1976157,300000
1976159,650000
1976162,350000
1976164,350000
1976171,350000
1976177,150000
1976180,350000
1976184,0
1976185,0
1976187,400000
1976191,150000
1976194,350000
1976205,150000
1976208,481600
1976218,150000
1976221,0
1976225,652500
1976227,140000
1976229,350000
1976242,0
1976245,950000
1976248,350000
1976250,0
1976258,350000
1976263,150000
1976264,200000
1976267,985100
1976272,903500
1976274,500000
1976276,350000
1976290,350000
1976294,360000
1976300,350000
1976301,350000
1976305,295500
1976308,0
1976316,200000
1976320,300000
1976321,150000
1976322,455600
1976325,0
1976341,307500
1976356,0
1976362,610000
1976365,150000
1976366,448500
1976367,0
1976372,150000
1976373,500000
1976377,400000
1976379,350000
1976382,371400
1976385,350000
1976390,0
1976396,350000
1976398,500000
1976405,350000
1976408,231700
1976414,0
1976420,0
1976422,123500
1976423,120000
1976432,150000
1976434,350000
1976437,0
1976450,876000
1976452,350000
1976460,350000
1976468,322500
1976470,350000
1976479,150000
1976481,0
1976487,424000
1976492,150000
1976493,0
1976501,0
1976504,499300
1976506,930000
1976511,350000
1976512,201200
1976522,0
1976525,121000
1976528,0
1976537,404900
1976539,144000
1976541,201200
1976543,0
1976554,0
1976557,250000
1976575,650000
1976576,200000
1976577,500000
1976585,350000
1976589,481000
1976600,177000
1976606,0
1976609,438500
1976610,0
1976611,174000
1976615,298000
1976619,140000
1976625,200000
1976631,350000
1976635,300000
1976661,300000
1976662,350000
1976666,350000
1976675,0
1976679,180000
1976681,715000
1976688,350000
1976691,0
1976693,350000
1976694,350000
1976696,208000
1976702,350000
1976710,0
1976727,840000
1976730,500000
1976735,394000
1976737,140000
1976739,671900
1976741,0
1976743,350000
1976747,230000
1976761,120000
1976768,640100
1976775,300000
1976779,150000
1976785,550000
1976786,476000
1976787,400000
1976788,0
1976789,0
1976792,350000
1976793,140000
1976795,500000
1976796,0
1976798,500000
1976799,0
1976811,350000
1976813,405000
1976818,150000
1976822,650000
1976823,750000
1976828,350000
1976830,350000
1976833,150000
1976835,350000
1976838,350000
1976842,0
1976850,150000
1976855,130000
1976857,0
1976868,900000
1976872,150000
1976878,341600
1976880,350000
1976896,750000
1976897,0
1976905,0
1976918,562000
1976922,0
1976927,150000
1976934,0
1976935,350000
1976939,150000
1976964,350000
1976967,150000
1976978,200000
1976990,350000
1976991,500000
1976996,767400
1976997,350000
1977023,550000
1977027,350000
1977032,0
1977036,970000
1977042,350000
1977058,500000
1977059,130000
1977062,0
1977069,350000
1977070,543600
1977085,150000
1977087,200000
1977095,350000
1977099,350000
1977101,350000
1977104,0
1977106,350000
1977108,0
1977109,608000
1977113,0
1977121,0
1977131,150000
1977134,350000
1977141,0
1977142,333000
1977153,0
1977155,608000
1977165,77000
1977170,350000
1977181,188500
1977191,150000
1977198,300000
1977205,144000
1977224,580000
1977227,0
1977228,350000
1977230,505000
1977234,150000
1977245,500000
1977246,350000
1977249,436700
1977251,150000
1977256,540000
1977257,0
1977260,0
1977261,350000
1977266,0
1977269,350000
1977277,0
1977278,648300
1977284,150000
1977290,0
1977306,150000
1977310,400000
1977316,150000
1977317,350000
1977333,140000
1977340,550000
1977345,350000
1977353,350000
1977363,150000
1977366,350000
1977368,350000
1977378,0
1977388,350000
1977393,350000
1977411,1600000
1977412,400000
1977418,0
1977421,480000
1977426,734000
1977429,150000
1977436,350000
1977440,0
1977444,150000
1977450,150000
1977461,250000
1977470,0
1977476,0
1977477,150000
1977481,350000
1977486,500000
1977491,120000
1977492,592500
1977493,150000
1977503,350000
1977505,0
1977508,0
1977509,0
1977521,0
1977525,349600
1977529,487000
1977531,471500
1977532,350000
1977534,217000
1977537,0
1977544,0
1977548,350000
1977549,150000
1977552,340000
1977553,934000
1977563,520000
1977578,500000
1977591,150000
1977600,150000
1977612,186000
1977615,1865600
1977618,350000
1977620,703400
1977623,596000
1977627,0
1977631,350000
1977633,500000
1977637,0
1977642,0
1977651,150000
1977658,150000
1977661,200000
1977674,0
1977683,200000
1977688,140000
1977696,150000
1977698,0
1977699,0
1977700,0
1977702,350000
1977711,500000
1977724,1128000
1977729,350000
1977737,300000
1977748,0
1977758,550000
1977760,0
1977763,337100
1977767,150000
1977771,0
1977776,350000
1977777,0
1977778,950000
1977782,0
1977785,0
1977787,0
1977790,350000
1977793,150000
1977795,500000
1977799,500000
1977800,0
1977810,450000
1977812,350000
1977813,0
1977814,150000
1977821,0
1977824,0
1977825,0
1977826,200000
1977833,0
1977840,200000
1977841,0
1977842,150000
1977845,150000
1977846,0
1977851,0
1977856,500000
1977857,150000
1977858,350000
1977861,350000
1977868,0
1977869,500000
1977871,445000
1977873,525000
1977877,0
1977881,0
1977887,150000
1977894,0
1977897,150000
1977898,190000
1977907,350000
1977908,0
1977911,0
1977914,600000
1977917,0
1977918,150000
1977923,384300
1977926,500000
1977930,0
1977931,0
1977933,350000
1977934,430000
1977941,350000
1977945,200000
1977952,278000
1977953,350000
1977962,150000
1977970,623500
1977974,350000
1977986,350000
1977989,150000
1977994,0
1977998,550000
1978004,150000
1978006,150000
1978011,350000
1978021,350000
1978033,0
1978034,0
1978046,350000
1978047,200000
1978062,0
1978078,0
1978085,350000
1978086,350000
1978092,150000
1978100,150000
1978115,470300
1978122,150000
1978131,195000
1978136,350000
1978141,0
1978149,140000
1978153,0
1978160,0
1978164,350000
1978165,350000
1978175,284500
1978183,150000
1978187,0
1978202,528500
1978203,150000
1978208,500000
1978209,150000
1978212,0
1978217,150000
1978224,0
1978225,0
1978226,200000
1978240,500000
1978243,283500
1978247,200000
1978256,0
1978260,150000
1978262,329000
1978270,500000
1978286,202600
1978292,350000
1978295,150000
1978303,350000
1978312,0
1978315,150000
1978318,500000
1978327,200000
1978331,350000
1978338,150000
1978348,2683100
1978353,0
1978357,500000
1978366,0
1978373,0
1978375,0
1978379,200000
1978387,0
1978393,500000
1978394,0
1978403,0
1978404,200000
1978405,150000
1978414,0
1978419,949900
1978436,0
1978448,191000
1978454,350000
1978458,0
1978459,150000
1978463,0
1978467,473000
1978474,700000
1978482,350000
1978483,150000
1978497,695000
1978504,0
1978509,200000
1978519,0
1978521,157800
1978522,0
1978532,150000
1978537,0
1978548,120000
1978550,500000
1978552,350000
1978558,150000
1978565,0
1978568,112800
1978569,350000
1978582,0
1978583,185000
1978584,140000
1978587,0
1978592,300000
1978595,0
1978599,0
1978606,0
1978615,200000
1978623,140000
1978631,150000
1978643,0
1978645,350000
1978647,0
1978648,0
1978668,0
1978672,550000
1978678,0
1978692,0
1978698,174000
1978704,400000
1978705,587800
1978707,0
1978714,5593000
1978724,200000
1978735,175000
1978740,0
1978752,400000
1978768,150000
1978769,300000
1978780,150000
1978781,0
1978794,340400
1978797,357900
1978799,200000
1978800,100000
1978802,500000
1978807,300000
1978811,450000
1978816,300000
1978827,150000
1978830,0
1978833,0
1978846,550000
1978854,200000
1978869,287500
1978878,350000
1978884,120000
1978886,150000
1978888,679500
1978893,350000
1978900,450000
1978909,985000
1978911,150000
1978923,650000
1978934,180000
1978942,300000
1978947,0
1978948,550000
1978956,31500
1978957,0
1978969,150000
1978978,300000
1978984,494000
1978993,150000
1979001,0
1979004,478000
1979007,0
1979010,350000
1979013,180000
1979021,305400
1979037,250000
1979039,0
1979048,0
1979051,450000
1979054,0
1979073,2600000
1979081,399600
1979082,0
1979097,0
1979099,150000
1979110,400000
1979111,300000
1979121,0
1979136,800000
1979140,0
1979148,300000
1979155,500000
1979162,350000
1979165,450000
1979166,150000
1979170,200000
1979172,0
1979175,0
1979179,0
1979192,460000
1979194,0
1979213,0
1979230,300000
1979235,150000
1979242,350000
1979262,300000
1979264,0
1979266,0
1979267,350000
1979287,450000
1979296,0
1979299,300000
1979308,0
1979314,107400
1979319,300000
1979320,350000
1979331,0
1979333,495500
1979338,300000
1979341,150000
1979397,0
1979402,450000
1979408,800000
1979412,434400
1979417,150000
1979421,500000
1979429,530000
1979439,300000
1979446,300000
1979454,150000
1979467,0
1979473,150000
1979485,0
1979511,250000
1979541,500000
1979559,0
1979564,174600
1979565,0
1979586,350000
1979597,238400
1979604,460500
1979606,300500
1979609,0
1979611,0
1979624,300000
1979627,0
1979629,0
1979644,0
1979646,0
1979658,0
1979672,0
1979717,0
1979728,1220000
1979759,600000
1979760,750000
1979787,0
1979788,330000
1979806,0
1979811,300000
1979818,350000
1979819,350000
1979822,0
1979823,650000
1979828,300000
1979838,650000
1979845,173600
1979852,600000
1979879,650000
1979888,0
1979890,0
1979896,0
1979913,150000
1979924,350000
1979941,650000
1979943,450000
1979945,0
1979948,0
1979949,160000
1979959,300000
1979968,150000
1979983,500000
1979986,523500
1980011,450000
1980019,150000
1980026,0
1980032,650000
1980033,0
1980052,144000
1980054,300000
1980056,350000
1980060,150000
1980067,150000
1980069,0
1980082,0
1980086,850000
1980087,813100
1980099,790000
1980108,200000
1980130,300000
1980132,350000
1980141,140000
1980189,450000
1980210,150000
1980217,631000
1980219,200000
1980222,200000
1980226,650000
1980227,0
1980230,300000
1980232,300000
1980241,650000
1980242,500000
1980244,300000
1980248,350000
1980251,650000
1980253,0
1980255,0
1980261,0
1980263,0
1980269,150000
1980270,650000
1980274,650000
1980282,650000
1980287,700000
1980290,300000
1980293,695000
1980296,140000
1980298,300000
1980301,140000
1980307,140000
1980311,140000
1980313,0
1980318,112500
1980319,500000
1980326,500000
1980332,125400
1980337,300000
1980338,650000
1980350,88000
1980355,608000
1980362,0
1980364,300000
1980381,150000
1980390,0
1980392,350000
1980394,729100
1980401,350000
1980412,0
1980447,350000
1980452,300000
1980453,300000
1980460,0
1980465,210000
1980467,0
1980479,0
1980480,0
1980484,0
1980529,279200
1980533,150000
1980534,325000
1980542,0
1980547,317400
1980550,0
1980563,130000
1980578,300000
1980590,0
1980603,300000
1980608,350000
1980622,204000
1980623,0
1980635,0
1980663,200000
1980668,121400
1980669,257300
1980672,0
1980675,150000
1980693,350000
1980696,0
1980699,350000
1980711,300000
1980740,0
1980747,750000
1980749,650000
1980763,150000
1980774,0
1980780,0
1980785,200000
1980788,150000
1980796,350000
1980802,500000
1980805,350000
1980807,500000
1980814,350000
1980826,100000
1980835,350000
1980847,650000
1980851,350000
1980861,150000
1980863,290000
1980870,150000
1980876,350000
1980883,0
1980889,150000
1980890,350000
1980892,350000
1980897,1628600
1980907,150000
1980912,0
1980919,0
1980921,350000
1980930,150000
1980952,500000
1980955,0
1980956,0
1980963,500000
1980969,500000
1980974,495000
1980978,150000
1980995,0
1981024,448500
1981029,0
1981041,0
1981042,650000
1981045,150000
1981057,500000
1981065,700000
1981067,650000
1981069,500000
1981075,494000
1981076,0
1981096,483400
1981101,350000
1981102,200000
1981110,0
1981113,350000
1981114,0
1981120,350000
1981121,500000
1981135,650000
1981142,350000
1981146,350000
1981147,350000
1981149,0
1981153,150000
1981155,0
1981167,100000
1981170,496100
1981172,650000
1981176,350000
1981180,150000
1981182,350000
1981183,200000
1981189,150000
1981192,155000
1981202,0
1981220,140000
1981223,350000
1981226,0
1981228,350000
1981242,550000
1981247,370000
1981268,150000
1981278,350000
1981280,350000
1981291,0
1981294,0
1981297,150000
1981307,350000
1981312,183000
1981322,350000
1981329,232500
1981334,0
1981338,150000
1981340,0
1981349,0
1981352,949300
1981370,350000
1981372,150000
1981384,150000
1981391,700000
1981396,350000
1981413,350000
1981428,350000
1981430,0
1981451,150000
1981454,350000
1981463,350000
1981469,0
1981471,0
1981477,150000
1981483,350000
1981490,350000
1981494,500000
1981501,400000
1981519,0
1981526,350000
1981531,350000
1981543,500000
1981552,500000
1981554,489600
1981555,350000
1981560,500000
1981564,0
1981565,150000
1981573,350000
1981582,350000
1981585,350000
1981596,500000
1981612,350000
1981631,350000
1981632,350000
1981642,150000
1981645,0
1981660,238000
1981664,150000
1981681,500000
1981686,150000
1981689,0
1981698,230000
1981721,150000
1981744,350000
1981750,150000
1981756,0
1981765,750000
1981770,0
1981778,157500
1981781,482900
1981782,500000
1981790,650000
1981795,0
1981796,300000
1981799,150000
1981805,396000
1981817,0
1981825,650000
1981837,350000
1981844,780000
1981849,425000
1981850,200000
1981852,500000
1981862,0
1981870,350000
1981887,500000
1981890,0
1981898,300000
1981899,0
1981900,140000
1981915,0
1981918,399000
1981920,0
1981923,650000
1981932,0
1981936,0
1981944,0
1981946,350000
1981947,0
1981955,350000
1981957,150000
1981960,650000
1981964,0
1981966,0
1981967,150000
1981974,350000
1981978,350000
1981998,350000
1982000,700700
1982010,0
1982015,350000
1982027,500000
1982037,150000
1982044,350000
1982051,350000
1982061,0
1982063,150000
1982066,2835000
1982092,150000
1982093,0
1982097,0
1982098,650000
1982110,0
1982113,350000
1982119,150000
1982124,0
1982129,250000
1982130,41400
1982134,150000
1982135,780000
1982138,650000
1982144,350000
1982146,0
1982148,150000
1982155,122500
1982160,650000
1982164,200000
1982174,500000
1982182,150000
1982189,495000
1982208,500000
1982211,0
1982212,0
1982213,500000
1982214,0
1982219,150000
1982227,150000
1982231,0
1982233,472500
1982236,0
1982237,180000
1982238,100000
1982239,201200
1982245,0
1982252,500000
1982268,0
1982284,287000
1982285,500000
1982298,690000
1982305,330000
1982310,41200
1982311,180000
1982333,0
1982334,150000
1982335,0
1982339,300000
1982342,0
1982343,350000
1982352,0
1982354,0
1982365,350000
1982371,150000
1982376,150000
1982395,0
1982397,0
1982398,0
1982409,600000
1982411,350000
1982418,500000
1982422,350000
1982423,350000
1982426,350000
1982441,0
1982455,0
1982472,0
1982482,150000
1982486,0
1982487,500000
1982489,0
1982496,350000
1982501,500000
1982509,200000
1982514,150000
1982515,1044200
1982519,500000
1982523,650000
1982524,150000
1982528,0
1982531,350000
1982536,170000
1982546,350000
1982551,658500
1982558,350000
1982564,500000
1982569,650000
1982579,0
1982580,150000
1982582,150000
1982585,0
1982595,1800000
1982600,400000
1982603,531000
1982606,863000
1982612,0
1982616,0
1982620,0
1982622,0
1982623,1400000
1982625,0
1982636,0
1982640,150000
1982641,3100000
1982643,0
1982644,150000
1982647,150000
1982648,350000
1982650,140000
1982653,150000
1982659,0
1982667,751000
1982668,310400
1982670,500000
1982687,484100
1982692,0
1982701,300000
1982702,350000
1982710,144000
1982711,150000
1982722,350000
1982731,0
1982756,422500
1982758,0
1982759,0
1982777,140000
1982779,0
1982781,0
1982785,489800
1982790,0
1982796,350000
1982799,690000
1982803,0
1982804,180000
1982809,350000
1982812,535000
1982814,0
1982816,150000
1982822,350000
1982833,350000
1982840,0
1982842,443600
1982858,144000
1982867,0
1982872,0
1982873,350000
1982883,500000
1982885,0
1982886,649000
1982893,350000
1982894,350000
1982899,150000
1982901,0
1982916,0
1982917,150000
1982924,350000
1982939,0
1982943,350000
1982947,350000
1982951,350000
1982955,0
1982956,350000
1982967,350000
1982970,0
1982973,150000
1982977,0
1982978,550000
1982981,0
1982984,450500
1982985,0
1982988,350000
1982990,460000
1982999,640000
1983003,1246000
1983011,150000
1983021,150000
1983025,150000
1983034,0
1983038,150000
1983051,620000
1983057,142000
1983058,215300
1983090,350000
1983099,350000
1983117,150000
1983118,395000
1983131,570000
1983137,350000
1983147,150000
1983149,0
1983155,0
1983161,82800
1983166,150000
1983175,350000
1983182,98100
1983183,500000
1983186,150000
1983190,150000
1983204,200000
1983205,150000
1983230,320000
1983256,150000
1983266,444000
1983270,350000
1983276,0
1983279,609500
1983298,350000
1983299,650000
1983303,697000
1983305,329000
1983308,825000
1983311,184000
1983317,0
1983319,500000
1983328,350000
1983335,0
1983337,500000
1983342,150000
1983348,364000
1983349,500000
1983351,220000
1983359,350000
1983366,350000
1983378,0
1983397,0
1983400,0
1983401,0
1983415,506000
1983420,350000
1983421,500000
1983427,500000
1983452,650000
1983453,150000
1983454,112000
1983455,200000
1983456,350000
1983461,350000
1983465,350000
1983466,140000
1983469,350000
1983476,350000
1983482,0
1983483,540000
1983484,350000
1983486,200000
1983491,560000
1983492,398000
1983493,0
1983498,300000
1983501,350000
1983503,350000
1983508,350000
1983526,200000
1983529,350000
1983531,350000
1983533,0
1983534,650000
1983535,500000
1983542,150000
1983547,150000
1983555,350000
1983567,150000
1983575,0
1983580,172000
1983582,0
1983596,350000
1983597,600000
1983613,196000
1983617,500000
1983623,350000
1983625,700000
1983633,0
1983642,350000
1983649,0
1983657,129000
1983658,350000
1983659,0
1983661,0
1983662,0
1983664,150000
1983666,487500
1983674,0
1983679,520000
1983681,40000
1983684,150000
1983686,494000
1983687,110000
1983694,347900
1983698,350000
1983708,350000
1983710,350000
1983712,7656400
1983715,350000
1983717,227500
1983724,70000
1983726,165900
1983727,550000
1983728,150000
1983736,350000
1983741,130000
1983752,600000
1983755,0
1983761,500000
1983762,350000
1983764,750000
1983765,0
1983779,0
1983783,350000
1983789,350000
1983790,300000
1983795,350000
1983799,0
1983807,600000
1983809,350000
1983811,750000
1983814,120000
1983817,164400
1983820,150000
1983830,540000
1983832,150000
1983835,600000
1983854,144000
1983857,750000
1983863,350000
1983864,0
1983881,0
1983884,0
1983885,750000
1983886,350000
1983887,350000
1983895,200000
1983899,500000
1983908,780000
1983911,120000
1983913,350000
1983919,350000
1983930,750000
1983942,0
1983960,600000
1983972,617000
1983974,600000
1983976,150000
1983981,350000
1983986,200000
1983989,1020000
1983992,0
1983993,520500
1984000,0
1984002,725000
1984004,989100
1984013,0
1984015,350000
1984019,742000
1984023,750000
1984025,600000
1984030,150000
1984031,600000
1984035,350000
1984038,150000
1984050,0
1984056,0
1984060,750000
1984061,500000
1984064,250000
1984070,300000
1984072,150000
1984074,625000
1984076,600000
1984077,150000
1984086,0
1984087,500000
1984092,750000
1984096,150000
1984102,350000
1984113,150000
1984116,0
1984128,350000
1984131,0
1984134,350000
1984142,0
1984150,350000
1984156,454000
1984163,150000
1984198,350000
1984211,350000
1984215,350000
1984222,0
1984231,0
1984237,125000
1984242,490000
1984245,140000
1984246,350000
1984248,0
1984250,150000
1984251,544500
1984253,150000
1984254,200000
1984256,350000
1984257,850000
1984259,350000
1984264,350000
1984267,0
1984268,500000
1984270,375000
1984273,150000
1984280,350000
1984285,350000
1984295,500000
1984305,0
1984308,0
1984317,320000
1984323,150000
1984324,350000
1984329,350000
1984332,350000
1984333,0
1984342,500900
1984344,500000
1984352,350000
1984357,350000
1984364,350000
1984367,350000
1984386,150000
1984389,87400
1984396,416400
1984406,191400
1984419,1165000
1984425,350000
1984426,130000
1984439,420000
1984451,321800
1984462,0
1984463,0
1984469,473300
1984471,350000
1984483,350000
1984498,0
1984500,350000
1984502,350000
1984504,1599000
1984505,350000
1984515,350000
1984517,250000
1984528,0
1984538,350000
1984561,750000
1984563,0
1984568,0
1984570,277200
1984581,350000
1984582,500000
1984589,350000
1984604,350000
1984605,710000
1984623,350000
1984626,150000
1984628,330000
1984633,144000
1984636,320000
1984644,350000
1984650,0
1984654,350000
1984665,180000
1984668,150000
1984670,350000
1984672,350000
1984676,550000
1984682,150000
1984693,350000
1984696,575000
1984698,0
1984706,350000
1984712,150000
1984723,150000
1984732,150000
1984736,360000
1984738,79000
1984746,76000
1984747,140000
1984756,382400
1984757,350000
1984771,350000
1984777,150000
1984780,0
1984782,0
1984785,145000
1984787,150000
1984796,0
1984799,500000
1984804,350000
1984811,150000
1984820,150000
1984821,350000
1984825,474000
1984826,400000
1984833,610000
1984834,450000
1984836,150000
1984847,644000
1984850,541000
1984854,150000
1984855,0
1984858,0
1984860,150000
1984866,150000
1984876,350000
1984878,130000
1984883,350000
1984884,0
1984890,350000
1984900,150000
1984903,0
1984904,150000
1984906,150000
1984922,300000
1984924,350000
1984930,300000
1984932,350000
1984934,1000000
1984944,1000000
1984946,580000
1984947,400000
1984953,381500
1984959,400000
1984963,1000000
1984970,0
1984971,350000
1984978,330600
1984993,150000
1984994,200000
1984999,425000
1985005,144000
1985007,680000
1985010,580000
1985023,0
1985028,350000
1985042,0
1985046,5948500
1985049,350000
1985051,650000
1985053,0
1985054,150000
1985058,0
1985067,0
1985073,667400
1985074,150000
1985079,150000
1985085,446900
1985092,350000
1985093,350000
1985094,708000
1985098,300000
1985102,150000
1985104,350000
1985109,0
1985112,0
1985136,423900
1985140,350000
1985141,150000
1985147,0
1985169,0
1985175,150000
1985176,0
1985178,350000
1985183,3339800
1985189,0
1985195,144000
1985198,350000
1985206,500000
1985208,459800
1985210,550000
1985214,0
1985217,500000
1985221,150000
1985222,0
1985228,500000
1985230,0
1985231,416900
1985233,0
1985234,0
1985238,500000
1985242,306000
1985247,1555000
1985252,0
1985258,350000
1985266,0
1985267,456800
1985274,200000
1985281,0
1985285,350000
1985293,350000
1985297,0
1985298,0
1985303,140000
1985307,350000
1985308,350000
1985309,0
1985312,0
1985313,500000
1985318,320000
1985323,200000
1985325,1299000
1985329,150000
1985339,150000
1985345,0
1985349,150000
1985350,494000
1985352,150000
1985360,150000
1985363,310000
1985366,350000
1985370,0
1985375,150000
1985380,350000
1985390,350000
1985392,350000
1985401,150000
1985404,350000
1985408,350000
1985410,500000
1985414,150000
1985419,0
1985432,250000
1985433,200000
1985440,400000
1985444,350000
1985448,150000
1985450,350000
1985466,150000
1985467,160000
1985468,292500
1985469,150000
1985481,350000
1985494,150000
1985512,350000
1985517,190000
1985524,804000
1985527,150000
1985531,0
1985538,150000
1985541,150000
1985544,350000
1985546,0
1985550,150000
1985552,0
1985568,350000
1985575,150000
1985578,0
1985579,469200
1985582,300000
1985583,350000
1985591,150000
1985596,350000
1985604,150000
1985605,530000
1985606,144000
1985611,230000
1985613,685000
1985617,150000
1985625,550000
1985630,772100
1985643,350000
1985646,350000
1985647,0
1985653,150000
1985654,500000
1985656,150000
1985657,350000
1985659,0
1985660,139000
1985667,0
1985670,0
1985672,788500
1985675,150000
1985681,0
1985693,0
1985697,150000
1985701,350000
1985706,0
1985719,350000
1985725,1156000
1985727,0
1985730,298500
1985731,144000
1985733,0
1985734,350000
1985738,400000
1985755,1000000
1985768,0
1985783,350000
1985798,590000
1985799,150000
1985803,350000
1985811,257400
1985821,580000
1985831,150000
1985834,1505900
1985837,150000
1985840,350000
1985843,350000
1985846,534000
1985861,350000
1985868,350000
1985870,350000
1985872,0
1985874,160000
1985875,0
1985888,350000
1985900,606000
1985901,350000
1985906,350000
1985925,420000
1985939,350000
1985949,150000
1985954,0
1985956,350000
1985959,140000
1985965,700000
1985976,0
1985979,0
1986004,350000
1986006,300000
1986012,350000
1986016,350000
1986018,739800
1986019,350000
1986022,700000
1986023,500000
1986024,150000
1986026,480000
1986033,105000
1986048,504900
1986053,130000
1986055,150000
1986066,350000
1986068,543500
1986072,350000
1986074,500000
1986087,0
1986095,0
1986097,0
1986099,350000
1986102,150000
1986124,0
1986125,350000
1986127,120000
1986148,200000
1986162,0
1986185,300000
1986188,0
1986192,150000
1986193,530000
1986210,0
1986214,350000
1986216,0
1986217,350000
1986221,550000
1986227,509000
1986229,150000
1986236,371400
1986237,150000
1986244,0
1986245,810000
1986248,150000
1986266,0
1986267,270000
1986310,500000
1986317,0
1986321,606000
1986322,150000
1986326,0
1986351,350000
1986354,0
1986357,0
1986362,350000
1986373,350000
1986376,123500
1986378,0
1986382,150000
1986386,174500
1986389,0
1986392,350000
1986413,0
1986417,350000
1986418,350000
1986424,500000
1986430,150000
1986439,350000
1986449,350000
1986454,0
1986460,350000
1986461,0
1986462,200000
1986470,350000
1986474,138600
1986478,350000
1986486,350000
1986488,300000
1986494,350000
1986503,350000
1986508,200000
1986509,0
1986511,229800
1986513,0
1986518,150000
1986523,0
1986524,150000
1986528,150000
1986531,0
1986537,200000
1986541,500000
1986543,0
1986544,0
1986547,150000
1986550,350000
1986552,0
1986556,165000
1986562,1138800
1986564,390000
1986567,0
1986571,150000
1986585,0
1986591,350000
1986592,746000
1986593,150000
1986606,0
1986633,1064000
1986637,300000
1986645,1484600
1986667,146000
1986668,150000
1986675,480000
1986684,650000
1986686,496000
1986689,496000
1986695,180000
1986712,150000
1986718,489000
1986721,150000
1986724,445000
1986733,150000
1986761,1338500
1986765,152000
1986775,500000
1986778,530000
1986786,0
1986789,140000
1986797,0
1986799,500000
1986804,350000
1986807,350000
1986812,0
1986813,170000
1986814,150000
1986820,150000
1986847,0
1986854,150000
1986864,500000
1986871,350000
1986878,0
1986888,350000
1986889,350000
1986893,350000
1986910,701300
1986922,0
1986923,350000
1986925,150000
1986933,1241700
1986940,109800
1986969,0
1986983,0
1986992,750000
1987003,150000
1987020,146000
1987029,150000
1987044,513500
1987058,0
1987070,600000
1987110,350000
1987111,300000
1987116,440000
1987131,84000
1987147,350000
1987155,0
1987161,300000
1987165,0
1987168,1485000
1987174,0
1987185,0
1987205,600000
1987206,0
1987209,324000
1987241,0
1987242,126000
1987247,0
1987260,0
1987268,165000
1987285,550000
1987294,333000
1987302,642000
1987309,150000
1987313,300000
1987315,470000
1987316,0
1987320,0
1987324,428600
1987325,140000
1987329,618800
1987334,538000
1987349,971700
1987354,350000
1987357,150000
1987378,150000
1987379,150000
1987384,500000
1987392,350000
1987395,350000
1987400,150000
1987407,350000
1987427,750000
1987440,600000
1987445,150000
1987450,100000
1987451,0
1987458,450000
1987481,0
1987505,836600
1987509,500000
1987512,400000
1987513,500000
1987540,200000
1987543,464000
1987547,169400
1987554,150000
1987566,0
1987572,0
1987583,400000
1987585,300000
1987598,585000
1987604,0
1987623,550000
1987635,816800
1987652,750000
1987653,395000
1987666,300000
1987673,350000
1987682,0
1987689,950000
1987701,300000
1987721,150000
1987724,192400
1987735,300000
1987749,0
1987758,400000
1987767,350000
1987774,0
1987787,0
1987798,0
1987808,330400
1987810,639000
1987826,150000
1987831,300000
1987838,235000
1987855,0
1987867,130000
1987880,350000
1987884,300000
1987896,554000
1987914,0
1987919,144000
1987929,0
1987938,0
1987950,0
1987958,0
1987965,530000
1987967,0
1987972,530000
1987974,485600
1987975,0
1987977,0
1987990,0
1988000,365000
1988003,0
1988014,0
1988025,0
1988030,150000
1988036,0
1988041,436000
1988046,188900
1988048,0
1988060,150000
1988062,0
1988067,177000
1988074,0
1988075,0
1988087,0
1988095,0
1988102,0
1988109,0
1988112,346500
1988118,500000
1988128,348000
1988131,0
1988138,300000
1988139,150000
1988149,350000
1988181,800000
1988195,150000
1988206,187000
1988211,200000
1988212,200000
1988213,150000
1988225,300000
1988228,0
1988238,350000
1988240,488000
1988274,450000
1988278,150000
1988279,0
1988288,0
1988299,533000
1988331,500000
1988335,0
1988336,200000
1988346,450000
1988349,300000
1988360,0
1988370,489600
1988374,600000
1988377,350000
1988380,231200
1988384,350000
1988387,300000
1988397,500000
1988413,150000
1988416,150000
1988418,150000
1988419,147500
1988432,0
1988438,300000
1988460,0
1988462,300000
1988472,150000
1988480,250600
1988487,0
1988502,350000
1988509,0
1988519,0
1988533,455000
1988541,0
1988568,830000
1988593,2420600
1988615,380000
1988625,350000
1988667,1410000
1988685,350000
1988693,0
1988698,596000
1988711,600000
1988731,400000
1988753,0
1988757,200000
1988803,0
1988817,0
1988893,397500
1988904,300000
1988914,356000
1988927,0
1988928,150000
1988932,0
1988934,150000
1988961,0
1988968,300000
1988984,350000
1989027,150000
1989032,0
1989035,150000
1989045,559400
1989050,150000
1989055,150000
1989056,300000
1989064,500000
1989068,0
1989084,294000
1989091,455400
1989104,0
1989108,150000
1989114,350000
1989122,300000
1989128,350000
1989138,290000
1989141,170000
1989151,350000
1989154,0
1989158,0
1989161,0
1989169,0
1989180,0
1989184,150000
1989192,350000
1989193,290000
1989200,190000
1989216,0
1989219,350000
1989225,0
1989228,362400
1989229,200000
1989236,0
1989264,150000
1989275,130000
1989276,130000
1989279,0
1989283,350000
1989296,350000
1989310,350000
1989313,0
1989316,350000
1989321,200000
1989332,350000
1989346,500000
1989363,350000
1989365,0
1989370,177000
1989389,350000
1989394,350000
1989397,1000000
1989401,0
1989403,0
1989406,0
1989412,150000
1989420,350000
1989426,200000
1989435,548000
1989436,150000
1989464,200000
1989479,594000
1989481,0
1989484,350000
1989496,350000
1989505,0
1989524,0
1989543,350000
1989546,0
1989554,0
1989555,350000
1989560,350000
1989565,350000
1989567,350000
1989570,350000
1989576,350000
1989578,0
1989579,350000
1989582,488000
1989585,150000
1989597,350000
1989607,350000
1989612,494000
1989618,150000
1989626,350000
1989633,0
1989646,0
1989648,350000
1989651,150000
1989652,350000
1989660,1600000
1989681,494000
1989688,97500
1989692,350000
1989694,0
1989702,0
1989705,350000
1989715,150000
1989722,551500
1989755,245000
1989756,500000
1989759,0
1989762,0
1989765,350000
1989772,0
1989778,150000
1989784,320300
1989788,350000
1989801,500000
1989802,0
1989810,500000
1989828,1480000
1989833,469700
1989835,350000
1989841,350000
1989861,650000
1989863,0
1989868,0
1989869,0
1989872,200000
1989880,150000
1989882,200000
1989883,0
1989884,500000
1989892,0
1989901,0
1989902,150000
1989905,0
1989908,0
1989918,0
1989921,350000
1989924,0
1989926,150000
1989932,320000
1989933,294000
1989936,350000
1989941,0
1989948,350000
1989966,150000
1989968,150000
1989972,150000
1989977,350000
1989986,0
1989988,350000
1989995,150000
1990006,150000
1990008,636600
1990010,0
1990024,350000
1990025,500000
1990031,294000
1990035,0
1990044,500000
1990045,0
1990052,0
1990056,449000
1990057,0
1990060,0
1990061,0
1990062,350000
1990071,150000
1990078,350000
1990080,0
1990082,0
1990092,350000
1990093,0
1990096,350000
1990100,0
1990106,0
1990113,0
1990120,0
1990122,0
1990131,0
1990132,150000
1990148,350000
1990151,261000
1990157,500000
1990159,875000
1990161,0
1990162,150000
1990183,0
1990186,150000
1990201,350000
1990212,350000
1990217,150000
1990220,350000
1990222,0
1990223,350000
1990229,672000
1990245,0
1990247,350000
1990257,144000
1990267,0
1990269,0
1990271,540000
1990277,350000
1990280,150000
1990310,0
1990311,1212600
1990313,0
1990316,350000
1990318,500000
1990321,0
1990337,250000
1990342,500000
1990344,0
1990357,398300
1990368,350000
1990369,150000
1990374,350000
1990377,534000
1990379,0
1990385,150000
1990391,0
1990395,150000
1990399,684000
1990406,0
1990411,0
1990421,0
1990436,500000
1990439,150000
1990453,250000
1990459,350000
1990469,405000
1990472,150000
1990477,350000
1990482,249700
1990486,150000
1990508,902700
1990513,130000
1990521,184000
1990537,350000
1990539,350000
1990542,150000
1990545,650000
1990546,143500
1990552,350000
1990553,1628600
1990569,0
1990575,350000
1990580,500000
1990593,150000
1990594,0
1990600,500000
1990607,196800
1990624,78400
1990631,130000
1990632,0
1990633,970000
1990634,0
1990639,532400
1990641,0
1990643,725000
1990648,350000
1990654,350000
1990657,0
1990665,350000
1990666,350000
1990671,650000
1990680,1300000
1990681,508500
1990693,0
1990694,350000
1990707,150000
1990711,489600
1990714,350000
1990723,0
1990728,350000
1990729,350000
1990731,1049500
1990733,550000
1990737,200000
1990742,185600
1990747,150000
1990750,150000
1990775,0
1990791,0
1990806,307500
1990817,554000
1990821,0
1990822,350000
1990826,150000
1990829,0
1990834,490000
1990845,350000
1990851,350000
1990856,150000
1990858,463700
1990864,540600
1990867,250000
1990870,549800
1990872,0
1990879,715600
1990882,150000
1990886,0
1990887,136000
1990891,1806800
1990897,508700
1990902,508700
1990903,644000
1990906,500000
1990920,350000
1990923,0
1990943,127000
1990950,250000
1990951,0
1990953,644000
1990955,350000
1990958,14400
1990959,0
1990965,150000
1990967,350000
1990972,337400
1990986,0
1990987,0
1991008,0
1991009,0
1991011,150000
1991012,0
1991016,0
1991020,350000
1991028,0
1991029,550000
1991035,508700
1991046,508700
1991057,516500
1991069,590000
1991070,150000
1991073,739500
1991075,0
1991076,576000
1991083,350000
1991085,464000
1991092,0
1991096,0
1991097,350000
1991098,298000
1991102,150000
1991106,0
1991108,576000
1991132,0
1991134,313500
1991137,520100
1991138,370500
1991146,120000
1991148,150000
1991149,0
1991161,589700
1991164,150000
1991168,500000
1991170,427500
1991173,583200
1991174,52000
1991179,0
1991181,0
1991185,0
1991205,0
1991206,600000
1991216,0
1991220,640600
1991232,150000
1991237,317700
1991250,0
1991261,150000
1991275,150000
1991276,0
1991281,350000
1991283,453800
1991285,0
1991288,669500
1991291,150000
1991325,596500
1991334,350000
1991339,0
1991344,0
1991354,0
1991355,75000
1991356,0
1991357,150000
1991360,633600
1991367,845000
1991390,0
1991395,150000
1991405,514000
1991419,200000
1991424,350000
1991443,350000
1991459,200000
1991466,0
1991468,150000
1991475,550000
1991483,350000
1991492,274000
1991497,0
1991506,150000
1991515,0
1991516,500000
1991532,550000
1991538,0
1991539,650000
1991540,350000
1991541,500000
1991542,500000
1991545,150000
1991548,780000
1991551,200000
1991555,1485000
1991567,0
1991587,0
1991588,185000
1991591,150000
1991592,150000
1991602,500000
1991613,150000
1991614,315000
1991615,444500
1991616,150000
1991617,0
1991618,150000
1991621,150000
1991638,500000
1991639,355000
1991646,940800
1991651,350000
1991652,0
1991658,410000
1991662,750000
1991663,0
1991673,200000
1991685,0
1991688,700000
1991694,150000
1991704,500000
1991711,484500
1991714,470000
1991718,350000
1991722,200000
1991727,0
1991728,0
1991739,0
1991745,348000
1991757,0
1991766,0
1991769,1136500
1991770,500000
1991778,1188500
1991779,0
1991780,0
1991787,350000
1991789,150000
1991797,150000
1991806,144000
1991807,350000
1991817,550000
1991826,0
1991829,350000
1991839,350000
1991840,850000
1991848,0
1991849,600000
1991850,0
1991856,350000
1991860,0
1991864,550000
1991883,340000
1991896,350000
1991897,500000
1991901,400000
1991904,0
1991913,150000
1991919,150000
1991924,0
1991929,88000
1991934,150000
1991937,150000
1991940,0
1991941,0
1991946,250000
1991949,150000
1991953,0
1991955,350000
1991957,200000
1991964,0
1991968,0
1991977,0
1991979,0
1991980,350000
1991982,43200
1991988,0
1991989,0
1992000,174000
1992003,313200
1992010,0
1992013,0
1992024,1400000
1992026,595000
1992028,0
1992032,0
1992044,0
1992046,350000
1992047,500000
1992060,350000
1992067,819500
1992075,0
1992083,150000
1992088,405000
1992092,150000
1992096,0
1992099,0
1992101,0
1992103,350000
1992105,0
1992114,0
1992115,0
1992116,170000
1992118,0
1992121,0
1992123,150000
1992125,0
1992152,500000
1992154,650000
1992167,180000
1992168,0
1992169,200000
1992170,0
1992174,340000
1992189,954000
1992192,150000
1992206,150000
1992217,0
1992219,0
1992231,0
1992242,436000
1992243,0
1992249,119000
1992254,0
1992255,0
1992259,0
1992266,400000
1992282,150000
1992289,0
1992294,200000
1992297,180000
1992308,150000
1992315,350000
1992317,389200
1992329,150000
1992330,898500
1992338,0
1992351,200000
1992352,492000
1992366,150000
1992368,350000
1992371,180000
1992372,200000
1992401,500000
1992414,150000
1992417,350000
1992424,300000
1992430,0
1992435,0
1992448,510000
1992452,350000
1992455,0
1992461,150000
1992469,500000
1992471,0
1992479,350000
1992481,160000
1992486,350000
1992492,264000
1992494,200000
1992504,350000
1992516,350000
1992525,350000
1992547,823000
1992551,350000
1992558,150000
1992567,350000
1992576,680000
1992582,482600
1992583,620000
1992584,0
1992588,0
1992597,0
1992601,0
1992604,495000
1992610,872000
1992611,200000
1992613,638000
1992617,0
1992632,150000
1992638,0
1992641,0
1992642,350000
1992648,149000
1992656,150000
1992657,350000
1992664,500000
1992671,200000
1992685,550000
1992690,200000
1992695,150000
1992701,390000
1992702,0
1992705,500000
1992707,150000
1992709,195000
1992714,589000
1992727,0
1992732,480000
1992746,350000
1992759,350000
1992768,952500
1992769,0
1992771,150000
1992777,0
1992778,150000
1992789,22400
1992790,0
1992798,550000
1992807,150000
1992811,0
1992818,500000
1992819,0
1992838,200000
1992845,489600
1992850,0
1992862,150000
1992876,350000
1992879,0
1992882,0
1992887,0
1992890,0
1992894,855000
1992895,350000
1992902,350000
1992903,150000
1992909,880000
1992912,100000
1992915,112000
1992918,350000
1992932,280000
1992933,0
1992940,350000
1992943,0
1992949,176000
1992973,0
1992975,0
1992976,200000
1992984,0
1992985,0
1992986,0
1992996,350000
1993026,350000
1993034,150000
1993036,612000
1993040,650000
1993046,425700
1993063,465000
1993069,200000
1993070,150000
1993085,300000
1993086,0
1993097,559000
1993098,200000
1993100,0
1993101,0
1993102,450500
1993104,0
1993108,500000
1993113,649000
1993121,350000
1993122,344000
1993126,0
1993145,350000
1993146,500000
1993152,350000
1993160,0
1993162,426300
1993163,0
1993165,0
1993172,150000
1993173,0
1993176,0
1993179,0
1993184,113900
1993185,375000
1993195,350000
1993197,0
1993198,450000
1993202,300000
1993208,150000
1993209,350000
1993214,104300
1993215,850000
1993216,150000
1993219,0
1993223,350000
1993225,400000
1993226,409000
1993229,141800
1993233,212000
1993242,540000
1993245,350000
1993249,0
1993250,297000
1993254,0
1993258,162300
1993260,337000
1993262,350000
1993263,150000
1993264,150000
1993272,150000
1993288,0
1993289,0
1993292,0
1993294,150000
1993296,145000
1993301,150000
1993306,0
1993307,350000
1993310,137000
1993321,0
1993322,443400
1993325,0
1993331,320000
1993344,337100
1993353,650000
1993358,120000
1993361,750000
1993374,595500
1993389,0
1993391,550000
1993392,350000
1993396,300000
1993397,0
1993398,0
1993404,525000
1993413,0
1993432,1036500
1993442,317600
1993446,507000
1993454,150000
1993464,350000
1993478,450000
1993479,350000
1993481,350000
1993482,0
1993491,162000
1993493,319800
1993500,350000
1993506,0
1993523,150000
1993530,0
1993534,0
1993545,350000
1993551,820000
1993552,200000
1993555,0
1993567,364000
1993569,0
1993577,137200
1993589,340000
1993593,210000
1993597,0
1993603,150000
1993608,495000
1993612,150000
1993613,350000
1993614,150000
1993616,203000
1993623,0
1993624,350000
1993627,363000
1993633,500000
1993634,796300
1993645,350000
1993649,634500
1993651,150000
1993657,150000
1993658,260000
1993664,453200
1993668,0
1993673,150000
1993678,483000
1993680,115000
1993687,500000
1993690,0
1993691,0
1993692,350000
1993693,524000
1993695,0
1993704,320000
1993705,350000
1993706,0
1993708,210000
1993713,150000
1993715,413900
1993723,150000
1993728,350000
1993730,500000
1993747,150000
1993748,200000
1993750,0
1993754,400000
1993761,150000
1993764,500000
1993765,150000
1993766,0
1993768,120000
1993770,350000
1993779,450000
1993785,0
1993795,350000
1993806,350000
1993811,500000
1993823,1536000
1993829,350000
1993830,350000
1993836,422000
1993838,0
1993840,0
1993841,150000
1993849,700000
1993855,709000
1993861,0
1993881,150000
1993887,180000
1993889,250000
1993895,480000
1993903,500000
1993904,0
1993906,500000
1993908,300000
1993910,420000
1993912,0
1993914,496000
1993918,1032000
1993919,320000
1993926,0
1993929,316500
1993931,0
1993932,40800
1993944,0
1993948,150000
1993951,330000
1993955,0
1993957,150000
1993959,150000
1993960,0
1993961,0
1993962,0
1993965,0
1993972,0
1993982,150000
1993985,596000
1993997,0
1994000,374000
1994007,0
1994010,276100
1994017,0
1994020,266000
1994025,350000
1994033,967700
1994047,430000
1994048,428000
1994056,150000
1994057,100000
1994071,187000
1994082,0
1994094,600000
1994119,0
1994120,0
1994123,500000
1994129,350000
1994133,350000
1994134,530000
1994145,0
1994151,0
1994159,0
1994168,0
1994175,150000
1994176,720000
1994177,150000
1994181,397000
1994198,374100
1994202,340000
1994204,0
1994206,205500
1994212,0
1994217,224300
1994239,524100
1994247,12000
1994261,545000
1994282,0
1994283,150000
1994287,524100
1994289,200000
1994294,308900
1994296,0
1994314,120000
1994316,350000
1994318,0
1994330,524100
1994332,0
1994333,552000
1994335,226000
1994343,150000
1994346,152500
1994350,0
1994351,0
1994354,0
1994363,0
1994371,0
1994372,0
1994374,0
1994375,350000
1994378,249700
1994388,0
1994393,0
1994422,450000
1994436,573000
1994446,0
1994447,0
1994448,0
1994452,150000
1994462,0
1994466,340000
1994468,500000
1994471,0
1994492,0
1994497,1000000
1994516,350000
1994519,500000
1994523,350000
1994531,0
1994546,300000
1994549,0
1994552,350000
1994555,0
1994561,350000
1994563,0
1994570,0
1994572,0
1994582,0
1994586,0
1994600,175000
1994604,0
1994609,475000
1994611,0
1994617,0
1994620,350000
1994628,0
1994638,374100
1994646,0
1994666,923000
1994667,0
1994673,200000
1994674,0
1994676,927300
1994677,0
1994679,300000
1994682,354100
1994687,16000
1994688,0
1994692,365000
1994693,1000000
1994698,0
1994699,540800
1994700,0
1994710,0
1994712,520500
1994714,0
1994717,0
1994724,0
1994728,374000
1994735,0
1994739,150000
1994741,150000
1994744,350000
1994746,0
1994748,374100
1994767,0
1994770,0
1994782,374000
1994786,565000
1994788,0
1994792,300000
1994801,0
1994803,0
1994804,374000
1994805,0
1994816,0
1994817,374000
1994818,0
1994820,0
1994822,0
1994823,300000
1994824,475000
1994826,0
1994836,519000
1994838,150000
1994842,300000
1994849,0
1994854,350000
1994857,450000
1994862,350000
1994864,650000
1994867,0
1994876,150000
1994877,300000
1994886,150000
1994891,0
1994901,150000
1994912,300000
1994913,322500
1994915,0
1994920,149000
1994929,300000
1994957,387600
1994966,300000
1994974,350000
1994975,0
1994984,0
1994997,0
1995001,173300
1995004,300000
1995016,0
1995018,500000
1995021,0
1995022,815000
1995027,550000
1995030,150000
1995037,300000
1995054,747000
1995056,150000
1995059,154000
1995060,252300
1995065,100000
1995072,0
1995076,910000
1995080,450000
1995102,300000
1995104,0
1995108,750000
1995110,200000
1995130,985100
1995136,147000
1995145,0
1995148,0
1995156,108000
1995157,0
1995158,300000
1995165,0
1995172,0
1995180,0
1995181,350000
1995184,452500
1995187,0
1995190,0
1995197,639600
1995200,155000
1995201,0
1995206,0
1995210,300000
1995213,0
1995232,51200
1995241,0
1995243,0
1995246,0
1995250,350000
1995251,150000
1995258,200000
1995278,820000
1995280,0
1995286,350000
1995290,350000
1995311,150000
1995318,0
1995321,473800
1995328,0
1995335,300000
1995336,850000
1995337,508600
1995339,0
1995340,200000
1995345,180000
1995349,0
1995353,150000
1995354,0
1995355,350000
1995357,200000
1995358,0
1995363,200000
1995365,0
1995370,168000
1995372,150000
1995377,0
1995378,200000
1995379,0
1995386,200000
1995390,150000
1995399,150000
1995400,400000
1995409,174000
1995414,200000
1995420,300000
1995428,200000
1995430,97500
1995431,200000
1995439,150000
1995441,150000
1995448,500000
1995454,150000
1995457,0
1995462,150000
1995465,123000
1995466,0
1995470,150000
1995474,157500
1995478,200000
1995483,200000
1995485,150000
1995491,200000
1995492,300000
1995495,140000
1995496,123000
1995501,0
1995512,154500
1995517,450000
1995518,0
1995521,350000
1995530,812000
1995543,200000
1995544,350000
1995546,650000
1995564,150000
1995570,350000
1995582,0
1995584,0
1995592,300000
1995601,0
1995623,839000
1995633,330000
1995641,541000
1995644,0
1995645,0
1995668,20000
1995673,300000
1995689,0
1995692,300000
1995693,0
1995699,303000
1995706,167000
1995708,337500
1995710,350000
1995714,0
1995717,0
1995735,0
1995739,459000
1995742,350000
1995753,150000
1995774,150000
1995792,150000
1995802,150000
1995816,185000
1995817,752500
1995819,310000
1995847,150000
1995864,150000
1995875,500000
1995878,0
1995884,350000
1995885,350000
1995887,130000
1995890,350000
1995893,0
1995896,600000
1995902,0
1995907,350000
1995908,150000
1995909,492800
1995911,400000
1995916,350000
1995917,0
1995921,0
1995936,200000
1995940,350000
1995941,350000
1995942,500000
1995946,647800
1995947,150000
1995949,150000
1995958,0
1995964,0
1995980,0
1995992,0
1995995,0
1996008,150000
1996012,150000
1996017,200000
1996022,350000
1996028,150000
1996040,150000
1996060,350000
1996070,350000
1996081,195000
1996086,600000
1996089,500000
1996103,0
1996105,350000
1996109,500000
1996117,139000
1996120,0
1996138,500000
1996141,150000
1996164,0
1996180,150000
1996181,165000
1996182,0
1996185,1000000
1996186,660000
1996194,150000
1996195,495000
1996213,150000
1996216,0
1996219,550000
1996223,0
1996228,150000
1996234,0
1996240,350000
1996252,150000
1996257,150000
1996269,200000
1996270,350000
1996275,0
1996277,500000
1996281,0
1996288,350000
1996291,350000
1996295,0
1996306,150000
1996313,250000
1996315,350000
1996317,0
1996320,0
1996322,400000
1996323,330000
1996327,350000
1996335,0
1996341,350000
1996356,750000
1996363,350000
1996371,150000
1996376,140000
1996380,164000
1996383,320000
1996386,0
1996388,0
1996389,342000
1996392,150000
1996394,350000
1996400,0
1996401,0
1996403,700000
1996405,290000
1996409,235000
1996410,324000
1996413,718500
1996418,0
1996421,0
1996424,350000
1996425,350000
1996429,150000
1996433,0
1996434,0
1996437,500000
1996442,0
1996448,200000
1996460,150000
1996461,498400
1996462,0
1996465,350000
1996466,350000
1996468,350000
1996497,0
1996498,0
1996499,150000
1996517,350000
1996520,600000
1996531,0
1996542,150000
1996547,0
1996548,550000
1996554,0
1996557,886000
1996562,150000
1996567,56000
1996568,150000
1996581,350000
1996584,582000
1996588,0
1996591,150000
1996594,540000
1996598,337000
1996604,0
1996605,360500
1996607,0
1996614,0
1996618,350000
1996621,455300
1996624,0
1996628,500000
1996633,350000
1996635,0
1996649,120000
1996653,0
1996657,446000
1996660,0
1996662,150000
1996663,150000
1996665,451800
1996667,150000
1996670,40000
1996675,350000
1996688,635600
1996690,350000
1996693,350000
1996695,520000
1996698,350000
1996700,450000
1996712,450000
1996717,150000
1996723,0
1996726,150000
1996733,350000
1996739,350000
1996741,150000
1996751,150000
1996752,200000
1996756,150000
1996757,0
1996760,150000
1996763,144000
1996764,713800
1996770,350000
1996775,1469000
1996777,1500000
1996778,0
1996780,0
1996789,270000
1996790,150000
1996796,540000
1996797,350000
1996804,350000
1996821,350000
1996823,350000
1996834,0
1996838,500000
1996839,150000
1996840,185000
1996842,0
1996853,0
1996857,350000
1996860,500000
1996864,500000
1996868,0
1996870,550000
1996872,0
1996880,150000
1996882,350000
1996884,0
1996890,0
1996894,150000
1996895,0
1996899,350000
1996900,0
1996901,0
1996908,150000
1996909,350000
1996910,0
1996915,150000
1996922,0
1996924,851400
1996934,350000
1996936,350000
1996937,0
1996938,150000
1996942,0
1996947,150000
1996951,700000
1996952,130000
1996963,150000
1996968,725000
1996972,700000
1996974,0
1996984,0
1996990,0
1997000,0
1997001,1350000
1997002,150000
1997011,150000
1997015,0
1997017,350000
1997020,350000
1997021,420000
1997023,150000
1997027,350000
1997029,225000
1997033,150000
1997035,150000
1997037,477000
1997038,396200
1997043,337000
1997049,0
1997050,350000
1997051,150000
1997061,350000
1997064,1000000
1997068,0
1997070,0
1997088,500000
1997089,221500
1997091,500000
1997092,292500
1997096,150000
1997098,0
1997100,350000
1997106,500000
1997112,350000
1997121,0
1997130,530000
1997135,735000
1997141,200000
1997150,0
1997158,150000
1997159,0
1997163,150000
1997173,124000
1997174,0
1997175,250000
1997179,350000
1997184,0
1997194,350000
1997195,644600
1997199,350000
1997201,750000
1997206,174000
1997214,0
1997216,472500
1997221,124000
1997238,200000
1997250,350000
1997255,0
1997259,520000
1997262,0
1997264,350000
1997280,625000
1997281,350000
1997283,0
1997289,180000
1997294,0
1997297,0
1997302,660000
1997303,350000
1997313,0
1997320,0
1997325,350000
1997328,150000
1997330,350000
1997335,0
1997338,350000
1997342,0
1997344,350000
1997345,0
1997347,600000
1997349,0
1997351,350000
1997353,485000
1997355,0
1997359,0
1997360,1900000
1997367,150000
1997381,0
1997397,350000
1997407,350000
1997429,148500
1997443,0
1997444,0
1997449,350000
1997450,150000
1997456,300000
1997457,350000
1997458,0
1997464,350000
1997468,350000
1997469,0
1997474,350000
1997485,780000
1997486,0
1997498,500000
1997502,150000
1997516,350000
1997522,52000
1997533,0
1997540,0
1997545,350000
1997549,0
1997564,350000
1997566,150000
1997574,172700
1997576,450000
1997577,0
1997582,150000
1997583,150000
1997584,0
1997586,180000
1997587,0
1997594,225000
1997597,350000
1997598,800000
1997614,0
1997617,0
1997625,500000
1997628,350000
1997629,693000
1997636,0
1997641,343500
1997643,144000
1997652,350000
1997655,464800
1997658,350000
1997676,535500
1997688,350000
1997694,150000
1997695,350000
1997713,0
1997716,150000
1997720,725000
1997729,400000
1997732,505000
1997745,150000
1997756,150000
1997760,150000
1997774,150000
1997776,550000
1997778,200000
1997794,967800
1997797,150000
1997799,350000
1997800,530000
1997802,200000
1997808,0
1997811,150000
1997825,150000
1997843,340000
1997848,350000
1997849,350000
1997852,200000
1997857,350000
1997861,350000
1997862,125000
1997868,455600
1997881,350000
1997882,499000
1997884,500000
1997890,125000
1997892,150000
1997894,500000
1997895,170000
1997896,367500
1997900,165000
1997905,145000
1997908,325000
1997919,454000
1997920,180000
1997922,0
1997924,0
1997925,403500
1997926,350000
1997936,0
1997938,350000
1997941,0
1997942,525600
1997947,500000
1997949,150000
1997951,700000
1997954,350000
1997960,140000
1997961,150000
1997963,0
1997970,550000
1997990,350000
1997992,350000
1997994,934000
1997997,350000
1998002,350000
1998003,0
1998005,544000
1998014,1000000
1998019,348000
1998022,500000
1998027,150000
1998034,640000
1998042,0
1998048,150000
1998052,310000
1998054,200000
1998056,350000
1998058,150000
1998078,1440200
1998080,350000
1998096,798700
1998099,705000
1998104,150000
1998106,200000
1998110,150000
1998113,0
1998127,350000
1998132,350000
1998134,92000
1998142,350000
1998144,0
1998145,150000
1998147,300000
1998149,350000
1998162,0
1998163,550000
1998183,200000
1998186,0
1998190,200000
1998202,150000
1998212,350000
1998219,295000
1998242,144000
1998263,350000
1998271,0
1998272,180000
1998279,0
1998283,497700
1998284,500000
1998286,150000
1998299,350000
1998306,0
1998315,257000
1998320,0
1998322,0
1998327,84000
1998329,125000
1998336,500000
1998348,0
1998350,350000
1998355,186000
1998356,350000
1998373,550000
1998378,300000
1998380,0
1998382,640000
1998399,350000
1998402,156000
1998412,350000
1998419,520000
1998424,200000
1998432,0
1998434,0
1998439,0
1998443,350000
1998458,0
1998459,160000
1998470,500000
1998478,350000
1998479,500000
1998482,150000
1998486,750000
1998499,479800
1998500,150000
1998506,350000
1998514,0
1998518,650000
1998519,501800
1998522,350000
1998525,350000
1998527,150000
1998533,200000
1998534,1089300
1998541,350000
1998546,700000
1998552,124000
1998560,0
1998562,270000
1998566,150000
1998569,500000
1998578,160000
1998580,0
1998581,350000
1998583,350000
1998595,350000
1998596,568000
1998598,205900
1998609,31200
1998611,691000
1998619,0
1998630,350000
1998634,150000
1998639,150000
1998640,350000
1998647,350000
1998654,0
1998661,350000
1998665,733400
1998680,120000
1998691,0
1998692,0
1998695,170000
1998702,860500
1998709,500000
1998718,0
1998719,0
1998720,0
1998722,0
1998729,0
1998730,0
1998734,250000
1998741,350000
1998748,721000
1998749,530000
1998759,0
1998765,45400
1998783,144000
1998786,265200
1998787,140000
1998804,578000
1998809,851000
1998812,350000
1998813,347000
1998816,150000
1998821,350000
1998822,500000
1998828,500000
1998835,0
1998838,0
1998839,1125000
1998840,640000
1998847,0
1998848,250000
1998853,0
1998856,350000
1998861,370000
1998868,200000
1998879,245000
1998881,500000
1998882,0
1998884,150000
1998886,150000
1998890,472000
1998902,0
1998907,305000
1998909,0
1998913,500000
1998916,460000
1998919,0
1998921,0
1998922,0
1998928,0
1998930,150000
1998935,150000
1998937,4989000
1998938,0
1998942,0
1998948,500000
1998952,150000
1998955,0
1998960,0
1998961,0
1998965,0
1998968,150000
1998970,470000
1998982,350000
1998986,350000
1998991,750000
1998993,0
1999006,0
1999011,0
1999017,150000
1999019,120000
1999023,500000
1999035,552000
1999046,0
1999050,600600
1999063,0
1999069,350000
1999076,350000
1999077,350000
1999081,150000
1999085,350000
1999089,305000
1999090,0
1999107,200000
1999112,0
1999131,350000
1999135,0
1999141,150000
1999143,130000
1999147,350000
1999150,0
1999154,450000
1999162,350000
1999169,150000
1999182,500000
1999185,0
1999190,0
1999202,0
1999204,0
1999209,814200
1999224,140000
1999235,420900
1999238,1690000
1999243,350000
1999249,150000
1999255,150000
1999258,700000
1999260,200000
1999263,529000
1999284,435000
1999288,0
1999291,0
1999296,200000
1999302,214500
1999306,0
1999312,350000
1999318,0
1999320,350000
1999321,287000
1999327,140000
1999329,0
1999330,350000
1999331,800000
1999333,828000
1999335,550000
1999336,0
1999367,470000
1999369,0
1999371,510000
1999372,150000
1999374,150000
1999378,180000
1999380,150000
1999381,700000
1999383,350000
1999385,350000
1999395,150000
1999407,0
1999411,0
1999420,329500
1999422,350000
1999423,350000
1999427,144000
1999436,0
1999438,291000
1999442,0
1999448,350000
1999450,185000
1999453,0
1999454,0
1999456,0
1999459,400000
1999464,500000
1999494,365100
1999501,150000
1999517,350000
1999519,422000
1999529,29600
1999533,370000
1999540,425000
1999542,350000
1999546,250600
1999547,241000
1999560,150000
1999565,330000
1999569,0
1999575,0
1999576,0
1999579,270000
1999584,350000
1999588,150000
1999597,0
1999599,0
1999610,150000
1999613,0
1999625,0
1999627,440600
1999631,509300
1999648,486000
1999650,0
1999652,150000
1999653,63900
1999654,0
1999656,350000
1999657,0
1999659,150000
1999660,350000
1999665,0
1999666,685000
1999670,350000
1999675,150000
1999679,300000
1999680,0
1999684,987600
1999693,0
1999704,758000
1999708,350000
1999715,500000
1999717,200000
1999720,490100
1999728,300000
1999742,300000
1999749,760000
1999752,0
1999753,0
1999771,350000
1999774,539500
1999776,150000
1999777,0
1999780,150000
1999781,400000
1999799,350000
1999800,0
1999808,350000
1999832,200000
1999839,426000
1999840,300000
1999841,150000
1999843,300000
1999848,0
1999860,200000
1999870,675000
1999885,350000
1999892,545000
1999898,0
1999905,550000
1999906,336000
1999908,350000
1999909,350000
1999911,780000
1999918,929900
1999921,200000
1999925,0
1999927,0
1999932,399900
1999941,200000
1999949,350000
1999950,469500
1999954,180000
1999963,150000
1999964,350000
1999967,530000
1999981,0
1999985,550000
1999987,565000
1999990,350000
1999993,450000
2000012,550000
2000014,350000
2000016,200000
2000042,150000
2000052,375000
2000056,0
2000061,0
2000065,617500
2000075,0
2000076,550000
2000077,0
2000083,30800
2000084,550000
2000087,650000
2000092,350000
2000097,175000
2000110,550000
2000116,150000
2000123,350000
2000124,400000
2000125,0
2000137,350000
2000141,0
2000154,506000
2000163,150000
2000165,350000
2000170,550000
2000172,600000
2000184,350000
2000195,180000
2000201,1400000
2000202,350000
2000205,350000
2000206,350000
2000219,706000
2000226,450000
2000228,500000
2000229,500000
2000233,0
2000245,0
2000249,620000
2000251,594200
2000253,350000
2000259,150000
2000273,350000
2000291,350000
2000295,350000
2000304,0
2000316,150000
2000327,150000
2000333,265800
2000341,150000
2000342,150000
2000343,500000
2000351,0
2000380,1086500
2000381,150000
2000387,1895500
2000389,500000
2000392,350000
2000397,350000
2000399,350000
2000408,150000
2000416,120000
2000424,350000
2000426,0
2000431,600000
2000433,520000
2000435,39200
2000454,650000
2000456,123000
2000459,350000
2000460,0
2000464,273000
2000467,0
2000474,675000
2000476,0
2000480,150000
2000487,350000
2000491,670000
2000492,350000
2000497,150000
2000514,1000000
2000518,550000
2000530,350000
2000533,200000
2000549,0
2000553,0
2000558,254700
2000562,0
2000567,0
2000568,207200
2000571,350000
2000574,0
2000578,500000
2000582,600000
2000601,0
2000603,613000
2000609,150000
2000611,0
2000616,0
2000627,0
2000641,150000
2000643,0
2000651,0
2000654,524000
2000659,150000
2000661,0
2000665,130000
2000671,0
2000680,0
2000681,350000
2000683,250600
2000689,350000
2000690,130000
2000695,150000
2000700,150000
2000701,300000
2000713,0
2000716,500000
2000718,0
2000724,335000
2000730,73000
2000732,761800
2000735,0
2000736,0
2000742,500000
2000751,0
2000752,300000
2000761,350000
2000764,550000
2000767,523900
2000778,750000
2000786,470000
2000791,508000
2000803,200000
2000804,350000
2000814,300000
2000822,350000
2000825,750000
2000830,456000
2000832,300000
2000836,150000
2000847,150000
2000852,0
2000853,130000
2000862,350000
2000866,260000
2000867,550000
2000869,288000
2000875,350000
2000877,500000
2000885,150000
2000886,150000
2000893,0
2000894,0
2000908,0
2000910,144000
2000912,350000
2000921,530000
2000923,0
2000950,0
2000977,350000
2000986,350000
2000993,499000
2000997,388000
2000998,300000
2001009,535000
2001013,0
2001024,150000
2001033,150000
2001036,350000
2001039,200000
2001044,130000
2001054,0
2001057,850000
2001058,150000
2001062,350000
2001066,0
2001083,861000
2001084,350000
2001089,550000
2001096,700000
2001113,150000
2001115,0
2001121,0
2001122,1270000
2001123,650000
2001131,0
2001132,550000
2001152,200000
2001155,212000
2001156,0
2001157,550000
2001158,0
2001160,915800
2001168,0
2001169,350000
2001179,150000
2001185,150000
2001190,0
2001220,150000
2001227,150000
2001231,30300
2001233,150000
2001247,140000
2001267,379600
2001277,500000
2001278,350000
2001298,187300
2001299,600000
2001300,150000
2001331,200000
2001341,350000
2001348,340000
2001350,0
2001351,530000
2001353,0
2001372,500000
2001373,475000
2001378,350000
2001395,144000
2001403,350000
2001429,150000
2001434,507500
2001444,0
2001447,350000
2001449,358200
2001462,350000
2001502,0
2001508,700000
2001509,453000
2001525,300000
2001527,500000
2001561,0
2001566,150000
2001569,100000
2001595,472500
2001600,0
2001607,350000
2001617,500000
2001637,0
2001658,0
2001662,150000
2001665,659000
2001668,170000
2001682,300000
2001690,650000
2001696,350000
2001708,460000
2001728,0
2001738,350000
2001747,0
2001763,350000
2001769,680000
2001779,150000
2001780,611200
2001790,630000
2001796,390000
2001805,500000
2001810,112000
2001826,150000
2001829,150000
2001837,150000
2001841,160000
2001851,0
2001858,0
2001880,150000
2001904,270000
2001906,150000
2001908,300000
2001911,350000
2001915,150000
2001919,200000
2001923,300000
2001928,200000
2001941,175000
2001972,0
2001976,1014800
2001988,0
2002002,450000
2002007,150000
2002009,150000
2002011,0
2002021,150000
2002022,200000
2002023,1248000
2002032,141800
2002041,300000
2002044,0
2002052,200000
2002053,0
2002065,450000
2002070,1150000
2002073,150000
2002090,150000
2002091,350000
2002107,150000
2002113,300000
2002126,350000
2002129,267000
2002133,200000
2002148,200000
2002163,300000
2002166,600000
2002171,200000
2002179,150000
2002189,150000
2002196,150000
2002203,138000
2002217,0
2002227,150000
2002229,300000
2002231,150000
2002268,0
2002269,0
2002270,0
2002284,300000
2002291,0
2002299,120000
2002308,293800
2002309,300000
2002317,0
2002320,150000
2002330,500000
2002338,0
2002342,200000
2002351,348000
2002354,200000
2002368,67000
2002374,140000
2002377,0
2002381,150000
2002385,0
2002387,150000
2002411,450000
2002453,300000
2002456,200000
2002486,123000
2002514,150000
2002516,144000
2002519,698000
2002520,38500
2002524,950000
2002552,0
2002555,0
2002560,552500
2002575,150000
2002582,0
2002586,550000
2002596,100000
2002603,0
2002614,0
2002616,120000
2002619,0
2002652,0
2002653,200000
2002655,200000
2002681,150000
2002687,0
2002691,0
2002703,307500
2002704,500000
2002708,325000
2002713,400000
2002732,300000
2002736,500000
2002740,1000000
2002747,150000
2002748,1030000
2002749,300000
2002766,570000
2002768,100000
2002813,130000
2002814,0
2002828,0
2002830,0
2002836,350000
2002839,350000
2002847,144000
2002850,519200
2002851,200000
2002877,150000
2002888,150000
2002925,320000
2002932,0
2002940,321700
2002942,550000
2002962,150000
2002978,500000
2002991,0
2002999,350000
2003013,0
2003030,180000
2003043,237600
2003049,160000
2003066,1000000
2003078,0
2003082,0
2003086,160000
2003089,0
2003092,0
2003093,242500
2003145,150000
2003151,150000
2003159,200000
2003179,500000
2003194,70000
2003197,605000
2003198,150000
2003217,480000
2003224,0
2003225,200000
2003262,0
2003271,350000
2003277,300000
2003300,97500
2003330,1362500
2003347,344000
2003373,200000
2003406,350000
2003410,1124800
2003415,200000
2003430,0
2003445,0
2003450,150000
2003479,150000
2003484,150000
2003491,0
2003493,300000
2003495,300000
2003496,400000
2003500,527600
2003511,0
2003516,150000
2003532,180000
2003540,350000
2003543,0
2003549,140000
2003551,535000
2003553,0
2003564,150000
2003577,300000
2003581,0
2003582,0
2003583,850000
2003598,695600
2003615,500000
2003624,0
2003643,0
2003654,140000
2003665,0
2003670,0
2003672,0
2003673,0
2003677,500000
2003682,350000
2003695,350000
2003703,450000
2003724,480000
2003729,350000
2003732,350000
2003733,0
2003734,417000
2003737,150000
2003749,405600
2003753,420000
2003805,350000
2003806,200000
2003826,650000
2003829,150000
2003835,298500
2003840,350000
2003864,0
2003869,150000
2003888,0
2003894,419000
2003913,150000
2003920,825000
2003923,350000
2003930,0
2003933,100000
2003937,350000
2003967,0
2003969,0
2003974,200000
2003980,600000
2003984,350000
2003990,124000
2004006,705600
2004042,550000
2004043,0
2004049,150000
2004052,0
2004055,1100000
2004056,215900
2004061,0
2004065,300000
2004068,700000
2004070,500000
2004092,150000
2004093,450000
2004111,427000
2004112,0
2004117,800000
2004131,350000
2004134,500000
2004135,150000
2004148,14400
2004151,190000
2004152,150000
2004164,350000
2004172,0
2004179,350000
2004190,165000
2004194,0
2004199,150000
2004200,350000
2004201,350000
2004202,1580000
2004205,143000
2004211,0
2004214,550000
2004222,380100
2004224,150000
2004229,350000
2004236,123000
2004240,150000
2004266,350000
2004271,150000
2004273,150000
2004278,0
2004286,200000
2004296,400000
2004299,479800
2004300,350000
2004302,0
2004315,790000
2004320,686900
2004325,629000
2004326,0
2004328,550000
2004341,150000
2004346,500000
2004354,0
2004364,0
2004369,0
2004370,150000
2004377,0
2004388,150000
2004405,165000
2004408,350000
2004412,0
2004414,150000
2004416,318000
2004430,350000
2004440,0
2004452,1167100
2004458,200000
2004472,400000
2004488,350000
2004489,500000
2004494,550000
2004500,0
2004514,350000
2004535,0
2004551,200000
2004555,0
2004576,350000
2004583,651000
2004586,493700
2004615,0
2004628,350000
2004635,150000
2004647,150000
2004653,200000
2004656,150000
2004666,150000
2004674,0
2004684,0
2004691,200000
2004693,150000
2004699,150000
2004707,186000
2004714,140000
2004717,350000
2004725,350000
2004732,450000
2004735,150000
2004738,0
2004740,460100
2004747,160000
2004755,200000
2004760,150000
2004770,175000
2004771,595500
2004772,0
2004776,150000
2004779,0
2004782,250000
2004783,350000
2004785,350000
2004787,200000
2004797,287000
2004804,350000
2004809,350000
2004822,150000
2004826,799900
2004827,0
2004833,430700
2004853,180000
2004858,486000
2004859,644500
2004871,375600
2004877,845000
2004886,119000
2004887,0
2004888,340000
2004889,150000
2004893,150000
2004894,176000
2004895,350000
2004905,400000
2004914,170000
2004921,350000
2004925,150000
2004928,0
2004933,200000
2004935,156000
2004941,0
2004943,201200
2004947,0
2004948,150000
2004974,275000
2004975,0
2004977,0
2004978,496000
2004980,150000
2004981,375000
2004984,0
2004999,40000
2005002,6400
2005013,0
2005015,400000
2005018,0
2005020,500000
2005025,350000
2005034,0
2005036,500000
2005042,650000
2005049,540000
2005059,150000
2005061,350000
2005072,656000
2005083,180000
2005098,350000
2005100,500000
2005108,328000
2005109,350000
2005117,595700
2005118,355000
2005122,135000
2005125,350000
2005147,650000
2005150,595700
2005153,170000
2005157,200000
2005158,501200
2005173,550000
2005179,992600
2005181,0
2005182,150000
2005184,178000
2005191,771400
2005193,633500
2005198,350000
2005199,180000
2005207,633500
2005217,350000
2005219,580000
2005222,150000
2005223,0
2005225,595700
2005226,0
2005233,150000
2005241,350000
2005249,539000
2005252,350000
2005253,467000
2005254,530000
2005260,350000
2005274,541800
2005276,556300
2005282,130000
2005285,0
2005288,0
2005292,115000
2005299,135000
2005300,447000
2005302,350000
2005308,1931900
2005314,0
2005325,200000
2005329,600000
2005332,491000
2005333,300000
2005337,150000
2005341,414700
2005343,1000000
2005345,327000
2005347,0
2005384,500000
2005385,0
2005389,350000
2005392,0
2005395,200000
2005411,0
2005421,0
2005424,150000
2005425,0
2005426,732000
2005428,3754000
2005433,200000
2005434,150000
2005441,337500
2005445,500000
2005455,448500
2005456,0
2005466,109000
2005473,0
2005481,0
2005494,730000
2005503,118900
2005504,500000
2005505,350000
2005506,504000
2005521,150000
2005527,180000
2005529,0
2005535,350000
2005548,350000
2005549,120000
2005554,150000
2005556,350000
2005557,0
2005561,0
2005565,250000
2005570,150000
2005572,500000
2005577,200000
2005588,350000
2005590,350000
2005592,350000
2005602,0
2005613,500000
2005628,0
2005633,350000
2005635,195000
2005641,350000
2005651,585000
2005662,350000
2005671,573000
2005676,0
2005684,750000
2005685,620000
2005689,150000
2005690,350000
2005691,200000
2005697,350000
2005703,0
2005704,79000
2005705,0
2005713,350000
2005717,545000
2005720,0
2005722,0
2005735,455000
2005736,350000
2005739,749700
2005746,300000
2005752,500000
2005754,200000
2005761,0
2005763,200000
2005764,380000
2005769,544500
2005770,350000
2005783,422500
2005790,304000
2005798,1476400
2005799,350000
2005818,544000
2005848,350000
2005850,150000
2005857,150000
2005874,0
2005875,700000
2005876,150000
2005877,500000
2005878,390000
2005884,977300
2005890,150000
2005891,350000
2005901,201200
2005904,120000
2005908,150000
2005933,500000
2005934,350000
2005935,100000
2005942,500000
2005943,500000
2005945,500000
2005947,1047000
2005949,350000
2005956,500000
2005960,0
2005984,350000
2005986,150000
2005987,350000
2005990,429500
2005991,0
2005993,128000
2005999,800000
2006021,350000
2006025,150000
2006030,0
2006036,186000
2006041,300000
2006056,350000
2006070,350000
2006078,0
2006087,350000
2006093,350000
2006097,0
2006105,260500
2006119,0
2006124,150000
2006127,140000
2006132,700000
2006135,150000
2006136,404000
2006137,174000
2006145,0
2006146,105000
2006153,200000
2006158,0
2006162,112000
2006163,300000
2006178,350000
2006180,150000
2006183,763500
2006185,150000
2006194,350000
2006196,200000
2006201,530000
2006210,150000
2006214,160000
2006216,84000
2006219,700000
2006229,350000
2006230,233900
2006232,0
2006235,180000
2006246,750000
2006259,550000
2006272,365000
2006274,550000
2006275,0
2006299,493500
2006308,500000
2006312,280000
2006316,130400
2006321,150000
2006323,85000
2006334,350000
2006336,328000
2006345,500000
2006357,0
2006367,0
2006371,0
2006378,0
2006381,97000
2006386,0
2006393,842000
2006395,0
2006396,0
2006397,0
2006398,195000
2006403,150000
2006404,0
2006407,247000
2006412,350000
2006421,0
2006424,0
2006432,0
2006437,0
2006446,0
2006457,200000
2006464,0
2006468,0
2006469,0
2006473,200000
2006474,351700
2006475,600000
2006476,150000
2006479,0
2006480,0
2006487,0
2006488,0
2006489,484000
2006493,0
2006495,200000
2006501,130000
2006502,0
2006512,200000
2006534,350000
2006549,330000
2006561,0
2006562,350000
2006569,190000
2006577,0
2006587,190000
2006589,350000
2006606,0
2006611,190000
2006612,28800
2006622,745000
2006627,1108600
2006632,200000
2006634,180000
2006639,0
2006649,350000
2006662,519200
2006670,500000
2006673,200000
2006683,450000
2006690,0
2006694,690000
2006698,200000
2006703,0
2006713,458000
2006718,150000
2006721,500000
2006722,0
2006727,350000
2006729,640000
2006744,0
2006748,0
2006752,530000
2006754,500000
2006756,350000
2006762,0
2006769,0
2006773,0
2006775,480000
2006790,150000
2006791,150000
2006793,700000
2006794,0
2006795,730000
2006808,0
2006811,350000
2006831,0
2006841,342800
2006847,326000
2006849,650000
2006851,350000
2006852,0
2006853,650000
2006861,254700
2006871,209000
2006875,599500
2006882,280000
2006883,0
2006884,562400
2006891,350000
2006892,0
2006914,492000
2006924,0
2006927,575700
2006932,350000
2006940,150000
2006943,350000
2006951,170000
2006955,500000
2006967,350000
2006971,280000
2006978,350000
2006987,548000
2006990,350000
2006997,350000
2006999,150000
2007000,456000
2007012,150000
2007015,56000
2007026,123000
2007027,0
2007028,3019000
2007035,180000
2007036,37000
2007038,173000
2007042,160000
2007051,170000
2007058,350000
2007068,230000
2007077,400000
2007078,470000
2007090,350000
2007097,350000
2007098,150000
2007105,496000
2007111,140000
2007129,541000
2007130,143000
2007132,150000
2007141,0
2007145,350000
2007148,350000
2007173,350000
2007195,350000
2007199,0
2007209,350000
2007230,0
2007232,700000
2007242,0
2007246,350000
2007255,0
2007263,350000
2007274,500000
2007279,168000
2007280,350000
2007292,150000
2007297,350000
2007308,0
2007322,350000
2007325,506000
2007328,500000
2007338,741000
2007341,350000
2007345,150000
2007355,675000
2007364,350000
2007365,360000
2007369,0
2007374,200000
2007391,0
2007393,150000
2007397,150000
2007401,516000
2007407,200000
2007428,0
2007441,0
2007443,350000
2007454,385000
2007457,165000
2007460,572000
2007468,0
2007469,200000
2007484,0
2007486,200000
2007489,700000
2007495,350000
2007498,100000
2007503,0
2007530,250000
2007541,200000
2007542,150000
2007547,0
2007548,200000
2007556,200000
2007558,0
2007560,342800
2007562,350000
2007563,200000
2007565,835000
2007567,200000
2007572,200000
2007575,500000
2007587,200000
2007600,0
2007602,172300
2007603,200000
2007605,550000
2007609,350000
2007612,200000
2007617,0
2007620,0
2007626,0
2007628,0
2007636,0
2007640,150000
2007642,150000
2007645,0
2007647,0
2007653,0
2007654,201200
2007667,0
2007668,0
2007676,0
2007677,350000
2007679,789000
2007683,350000
2007684,0
2007692,750000
2007693,0
2007696,200000
2007700,0
2007704,88000
2007709,0
2007727,437000
2007732,285000
2007736,490000
2007739,356000
2007743,730000
2007749,350000
2007756,267000
2007761,340000
2007773,506800
2007798,0
2007800,0
2007814,150000
2007823,0
2007830,1099500
2007832,187000
2007833,500000
2007843,0
2007847,350000
2007848,250000
2007855,140000
2007865,150000
2007866,200000
2007869,256000
2007879,675500
2007881,550000
2007884,99200
2007885,350000
2007890,500000
2007897,907000
2007902,748000
2007914,0
2007931,0
2007959,150000
2007960,125000
2007966,185000
2007968,702400
2007972,0
2007979,350000
2007985,350000
2007986,350000
2007995,350000
2008001,350000
2008004,150000
2008005,150000
2008014,0
2008015,550000
2008017,350000
2008023,550000
2008030,550000
2008040,150000
2008041,450000
2008043,480000
2008053,682500
2008055,170000
2008058,475000
2008059,150000
2008071,470800
2008082,0
2008091,550000
2008095,150000
2008096,174000
2008099,288600
2008106,460000
2008112,0
2008118,200000
2008120,821900
2008128,200000
2008134,695000
2008136,350000
2008140,0
2008141,162000
2008145,550000
2008153,200000
2008156,504000
2008159,350000
2008163,200000
2008172,1138800
2008174,0
2008176,459000
2008181,100000
2008187,875600
2008189,0
2008192,350000
2008193,140000
2008194,200000
2008203,0
2008212,0
2008216,180000
2008219,200000
2008235,200000
2008242,140000
2008248,530000
2008250,180000
2008252,120000
2008262,170000
2008269,0
2008282,0
2008286,150000
2008293,0
2008300,0
2008313,0
2008316,526000
2008322,100000
2008326,200000
2008328,0
2008331,305000
2008336,165000
2008339,0
2008348,750000
2008359,0
2008370,200000
2008372,150000
2008375,0
2008385,0
2008390,752500
2008391,350000
2008396,155000
2008397,125000
2008398,0
2008404,350000
2008406,0
2008407,150000
2008411,0
2008413,150000
2008418,0
2008431,0
2008451,485000
2008456,150000
2008460,550000
2008470,0
2008477,150000
2008478,156000
2008480,130000
2008481,715000
2008483,475000
2008489,530000
2008500,465000
2008510,494000
2008515,200000
2008528,200000
2008536,350000
2008544,0
2008546,550000
2008557,500000
2008559,200000
2008565,200000
2008567,0
2008569,0
2008571,3380900
2008574,500000
2008589,550000
2008596,438000
2008600,150000
2008601,150000
2008605,200000
2008608,550000
2008612,550000
2008613,1190300
2008617,0
2008625,0
2008630,150000
2008631,119000
2008632,165000
2008649,246700
2008662,350000
2008673,447000
2008681,200000
2008685,350000
2008689,150000
2008690,444000
2008694,0
2008695,200000
2008724,150000
2008726,656400
2008728,280000
2008738,0
2008740,350000
2008751,100000
2008768,525900
2008802,350000
2008810,416800
2008813,550000
2008814,0
2008829,140000
2008839,150000
2008841,350000
2008858,0
2008864,455000
2008874,0
2008881,660000
2008889,550000
2008892,510000
2008899,0
2008907,0
2008909,130000
2008922,350000
2008925,516000
2008933,764000
2008946,550000
2008949,0
2008954,0
2008963,550000
2008973,150000
2008974,134500
2008978,122000
2008993,0
2008996,350000
2009001,460000
2009002,150000
2009008,492000
2009014,300000
2009023,180000
2009039,580000
2009044,395000
2009046,350000
2009047,485000
2009048,490000
2009049,150000
2009050,180000
2009054,0
2009063,750000
2009067,350000
2009073,495000
2009077,350000
2009079,0
2009092,152000
2009096,150000
2009105,356500
2009112,300000
2009114,150000
2009118,350000
2009140,180000
2009143,278000
2009145,150000
2009157,350000
2009172,650000
2009177,0
2009191,150000
2009209,0
2009213,150000
2009216,200000
2009219,448000
2009224,530000
2009228,350000
2009229,294000
2009232,150000
2009239,469000
2009240,0
2009254,108000
2009262,200000
2009272,650000
2009284,504000
2009292,67500
2009295,532000
2009300,180000
2009350,152000
2009357,0
2009372,1181900
2009378,485000
2009389,250000
2009396,200000
2009413,150000
2009419,150000
2009420,350000
2009421,515000
2009422,350000
2009432,0
2009449,450000
2009473,130000
2009480,90800
2009481,130000
2009492,200000
2009509,470000
2009533,300000
2009536,455000
2009543,669000
2009546,720000
2009549,370000
2009554,150000
2009564,430000
2009565,150000
2009573,370000
2009580,700000
2009583,545000
2009595,200000
2009600,350000
2009609,505000
2009612,1360000
2009623,200000
2009630,534700
2009636,189000
2009640,643700
2009643,550000
2009646,200000
2009661,100000
2009666,825000
2009674,200000
2009689,0
2009705,88000
2009710,535000
2009713,540000
2009730,150000
2009738,500000
2009739,550000
2009742,350000
2009752,150000
2009758,0
2009774,350000
2009785,250000
2009789,190000
2009813,150000
2009820,630000
2009821,500000
2009828,350000
2009833,0
2009838,278000
2009839,350000
2009847,500000
2009858,200000
2009864,150000
2009882,825000
2009887,200000
2009888,479000
2009890,329500
2009892,150000
2009910,120000
2009914,700000
2009933,450000
2009941,400000
2009946,350000
2009950,150000
2009955,0
2009961,550000
2009962,150000
2009980,150000
2010021,0
2010036,536700
2010037,350000
2010040,120000
2010045,512000
2010048,0
2010053,500000
2010055,200000
2010062,480000
2010065,350000
2010069,100000
2010070,500000
2010087,140000
2010091,990500
2010098,0
2010108,150000
2010112,120000
2010118,341000
2010121,100000
2010128,200000
2010135,649200
2010139,611000
2010143,0
2010145,1040000
2010149,140000
2010150,140000
2010162,150000
2010164,122000
2010170,258000
2010174,0
2010182,154600
2010194,0
2010206,490000
2010217,298500
2010220,490000
2010245,525000
2010247,350000
2010257,350000
2010258,200000
2010261,200000
2010264,122000
2010265,616900
2010267,0
2010296,150000
2010299,550000
2010301,700000
2010303,362900
2010310,470000
2010311,520000
2010316,70000
2010318,170000
2010321,0
2010335,525000
2010338,200000
2010350,490000
2010370,280000
2010373,200000
2010375,520000
2010394,350000
2010397,887800
2010398,458000
2010423,144000
2010431,0
2010434,530000
2010435,500000
2010437,122000
2010439,470000
2010462,300000
2010467,350000
2010474,180000
2010477,447000
2010479,680000
2010480,550000
2010492,0
2010494,0
2010504,150000
2010505,350000
2010516,477000
2010522,120000
2010524,530000
2010527,150000
2010541,506000
2010550,110000
2010551,350000
2010568,0
2010581,0
2010589,350000
2010594,700000
2010595,122000
2010609,350000
2010617,150000
2010629,180000
2010635,550000
2010639,330000
2010643,200000
2010653,320000
2010659,0
2010662,394000
2010672,638500
2010673,0
2010678,490000
2010703,122000
2010704,200000
2010712,140000
2010714,470000
2010716,0
2010727,125000
2010729,200000
2010730,0
2010743,550000
2010747,350000
2010755,788800
2010758,500000
2010765,810400
2010780,680000
2010787,472600
2010794,515000
2010796,172000
2010801,150000
2010803,730000
2010805,307000
2010816,864000
2010828,579800
2010844,180000
2010867,350000
2010869,300000
2010889,110000
2010896,510000
2010897,110000
2010908,175000
2010915,598000
2010923,0
2010924,250000
2010926,550000
2010930,150000
2010984,452300
2010989,150000
2010992,314000
2010999,550000
2011003,300000
2011011,730000
2011014,440000
2011018,350000
2011025,448800
2011027,315000
2011034,122000
2011040,150000
2011049,150000
2011064,350000
2011068,350000
2011070,300000
2011074,0
2011075,195000
2011078,150000
2011090,530000
2011108,600000
2011120,120000
2011126,172000
2011139,490000
2011145,0
2011154,747500
2011158,213000
2011160,249000
2011165,350000
2011170,420000
2011172,141800
2011174,660000
2011175,0
2011177,0
2011187,392800
2011196,168000
2011197,297800
2011224,690000
2011240,150000
2011245,50000
2011249,155000
2011251,90000
2011254,299700
2011256,0
2011270,869000
2011277,0
2011293,500000
2011304,700000
2011306,477000
2011309,170000
2011320,537500
2011322,652000
2011326,146000
2011344,0
2011349,695000
2011372,638000
2011373,70000
2011376,296200
2011380,400000
2011389,0
2011397,900000
2011398,200000
2011412,67000
2011419,490000
2011428,174000
2011438,200000
2011439,500000
2011441,285500
2011444,550000
2011446,705000
2011448,500000
2011452,200000
2011458,662000
2011461,350000
2011470,365000
2011472,559900
2011481,1612600
2011494,580000
2011499,300000
2011503,150000
2011504,200000
2011509,0
2011512,150000
2011517,750000
2011528,144000
2011537,144000
2011544,150000
2011555,200000
2011568,150000
2011577,0
2011590,485000
2011595,150000
2011601,160000
2011605,200000
2011608,200000
2011610,490000
2011613,100000
2011630,709000
2011637,467800
2011640,757500
2011641,371200
2011654,380000
2011656,150000
2011681,500000
2011684,1000000
2011687,200000
2011693,150000
2011711,528000
2011718,1127000
2011721,150000
2011724,700000
2011732,350000
2011744,195000
2011750,870000
2011754,200000
2011756,0
2011758,718300
2011766,250000
2011770,0
2011771,174000
2011772,479000
2011773,682600
2011782,0
2011786,175000
2011798,400000
2011800,550000
2011805,200000
2011809,640000
2011819,150000
2011823,250000
2011834,0
2011842,0
2011845,150000
2011851,170000
2011907,200000
2011916,110000
2011927,150000
2011931,149000
2011942,500000
2011946,550000
2011952,530000
2011959,450000
2011985,200000
2012001,450000
2012003,174000
2012009,636400
2012016,0
2012021,200000
2012026,200000
2012028,500000
2012031,505000
2012033,108000
2012034,730000
2012042,300000
2012047,150000
2012059,150000
2012069,530000
2012077,410000
2012078,180000
2012081,150000
2012082,597000
2012085,150000
2012086,0
2012091,145000
2012097,198000
2012104,0
2012110,500000
2012112,2525000
2012114,200000
2012121,500000
2012122,250000
2012124,450000
2012125,750000
2012142,200000
2012149,394100
2012154,144000
2012161,100000
2012164,750000
2012174,484200
2012175,200000
2012187,150000
2012190,350000
2012192,200000
2012194,700000
2012200,500000
2012203,640000
2012209,350000
2012214,300000
2012215,180000
2012235,186000
2012248,500000
2012250,564500
2012251,598000
2012268,650000
2012269,271700
2012275,200000
2012281,200000
2012285,480000
2012290,200000
2012291,128000
2012302,2196000
2012308,1014800
2012316,150000
2012318,572800
2012321,150000
2012328,330000
2012329,550000
2012353,200000
2012354,150000
2012356,158000
2012361,300000
2012364,478000
2012369,550000
2012374,200000
2012375,200000
2012380,675000
2012383,500000
2012384,124000
2012390,846000
2012395,500000
2012413,200000
2012415,200000
2012438,195000
2012439,730000
2012446,500000
2012450,500000
2012455,530000
2012466,400000
2012477,550000
2012491,159000
2012495,520000
2012505,186000
2012506,156000
2012511,130000
2012513,150000
2012526,1354700
2012535,200000
2012536,200000
2012554,500000
2012563,458000
2012565,200000
2012568,550000
2012575,0
2012579,550000
2012595,465000
2012596,472900
2012606,500000
2012607,550000
2012608,145000
2012611,150000
2012614,150000
2012617,320000
2012621,0
2012631,155000
2012635,690000
2012638,345000
2012642,450700
2012651,550000
2012653,749000
2012654,460000
2012660,150000
2012662,200000
2012668,195000
2012671,400000
2012672,150000
2012677,200000
2012687,500000
2012703,150000
2012704,985100
2012706,156000
2012708,300000
2012715,1250000
2012736,150000
2012742,550000
2012749,150000
2012752,450000
2012777,200000
2012784,200000
2012789,500000
2012802,180000
2012811,195000
2012827,0
2012831,88000
2012833,350000
2012834,297600
2012845,550000
2012847,550000
2012850,0
2012857,690000
2012858,500000
2012864,500000
2012866,965000
2012876,645000
2012880,150000
2012882,643600
2012889,200000
2012895,550000
2012898,156000
2012899,200000
2012901,500000
2012902,130000
2012903,150000
2012905,150000
2012908,454000
2012915,200000
2012918,200000
2012933,500000
2012936,320000
2012938,200000
2012957,400000
2012963,150000
2012968,300000
2012972,500000
2012979,471000
2012981,500000
2012989,500000
2013002,580000
2013004,480000
2013017,350000
2013021,300000
2013026,144000
2013028,150000
2013031,170000
2013032,170000
2013034,560000
2013038,450000
2013039,650000
2013041,1270000
2013042,380000
2013046,200000
2013049,0
2013062,448200
2013066,180000
2013067,180000
2013075,0
2013080,150000
2013082,190000
2013083,400000
2013084,200000
2013089,150000
2013092,1213200
2013093,130000
2013094,150000
2013096,595000
2013111,157000
2013118,180000
2013122,500000
2013128,951000
2013140,371000
2013145,110000
2013146,435000
2013155,160000
2013156,500000
2013159,595000
2013165,540000
2013168,500000
2013174,175000
2013175,500000
2013176,460000
2013180,150000
2013190,160000
2013193,490000
2013196,350000
2013199,500000
2013204,500000
2013205,650000
2013207,160000
2013210,200000
2013213,455000
2013220,180000
2013236,150000
2013241,515000
2013246,90000
2013247,984000
2013250,200000
2013262,350000
2013264,150000
2013268,582500
2013274,330000
2013278,150000
2013293,200000
2013296,600000
2013298,150000
2013300,350000
2013309,270000
2013316,85000
2013319,330000
2013328,192000
2013333,440000
2013342,480000
2013345,497000
2013347,120000
2013349,150000
2013356,500000
2013357,450000
2013364,500000
2013377,674000
2013394,300000
2013398,150000
2013399,467000
2013417,180000
2013419,670000
2013421,444000
2013425,350000
2013432,150000
2013436,180000
2013441,315000
2013442,150000
2013445,700000
2013446,669000
2013448,200000
2013449,144000
2013455,500000
2013457,500000
2013460,350000
2013472,850000
2013473,500000
2013477,144000
2013479,150000
2013481,182900
2013486,150000
2013487,150000
2013504,150000
2013505,500000
2013509,200000
2013514,141000
2013518,650000
2013521,1359000
2013522,150000
2013534,150000
2013536,200000
2013538,550000
2013545,500000
2013546,650000
2013549,495500
2013553,0
2013558,150000
2013562,160000
2013563,200000
2013566,500000
2013569,550000
2013588,315600
2013590,190000
2013591,578000
2013594,165000
2013597,700000
2013599,500000
2013601,0
2013602,200000
2013608,0
2013610,674000
2013617,200000
2013620,160000
2013621,565000
2013628,90000
2013641,190000
2013648,112000
2013652,668000
2013654,309000
2013655,120000
2013656,488800
2013657,150000
2013667,330000
2013670,150000
2013681,250000
2013685,500000
2013686,722900
2013700,200000
2013704,430000
2013711,130000
2013712,670000
2013713,0
2013717,150000
2013718,1100000
2013720,200000
2013727,185000
2013729,200000
2013742,480000
2013743,200000
2013751,200000
2013756,195000
2013757,200000
2013759,456000
2013761,300000
2013771,495000
2013772,500000
2013775,150000
2013777,690000
2013782,550000
2013792,500000
2013796,150000
2013802,473300
2013804,350000
2013805,250000
2013809,500000
2013811,150000
2013821,150000
2013825,590100
2013829,150000
2013830,180000
2013833,180000
2013834,180000
2013837,500000
2013842,350000
2013844,698000
2013848,550000
2013852,160000
2013858,0
2013863,300000
2013869,300000
2013871,500000
2013872,600000
2013879,300000
2013880,291000
2013881,300000
2013891,380000
2013896,180000
2013899,200000
2013911,200000
2013914,200000
2013915,150000
2013916,0
2013920,140000
2013928,750000
2013930,300000
2013938,180000
2013955,500000
2013960,480000
2013966,275000
2013970,200000
2013979,400000
2013984,650000
2013991,360000
2013999,150000
2014000,500000
2014013,200000
2014024,200000
2014030,200000
2014031,350000
2014033,427000
2014034,200000
2014038,350000
2014049,178000
2014052,500000
2014056,350000
2014057,304000
2014070,350000
2014087,160000
2014089,150000
2014092,200000
2014097,135000
2014107,150000
2014108,650000
2014111,500000
2014117,500000
2014125,150000
2014141,750000
2014149,690000
2014151,500000
2014157,670000
2014159,1111000
2014169,494000
2014170,128000
2014171,469600
2014177,0
2014184,697000
2014189,0
2014190,128000
2014199,700000
2014210,200000
2014223,500000
2014227,150000
2014232,0
2014242,500000
2014243,150000
2014252,180000
2014258,118000
2014260,0
2014272,480000
2014279,750000
2014286,350000
2014293,150000
2014296,500000
2014302,1000200
2014319,150000
2014328,0
2014348,500000
2014356,575000
2014365,680000
2014370,190000
2014375,640000
2014378,550000
2014384,550000
2014386,150000
2014396,330000
2014397,410000
2014404,450000
2014418,300000
2014426,710000
2014431,150000
2014440,67000
2014441,72000
2014443,200000
2014450,150000
2014462,0
2014463,350000
2014465,200000
2014466,629800
2014468,550000
2014470,146000
2014474,684800
2014478,200000
2014481,550000
2014482,1333200
2014485,550000
2014486,150000
2014487,557500
2014499,750000
2014500,150000
2014502,150000
2014503,250000
2014504,690000
2014505,494000
2014512,550000
2014516,850000
2014524,150000
2014532,550000
2014537,222000
2014551,550000
2014558,400000
2014569,440000
2014570,500000
2014574,350000
2014576,200000
2014578,550000
2014581,200000
2014588,200000
2014595,620000
2014596,200000
2014597,150000
2014599,200000
2014607,350000
2014617,160000
2014618,340000
2014624,700000
2014628,550000
2014630,674000
2014631,550000
2014633,185000
2014635,150000
2014644,83000
2014645,200000
2014649,150000
2014651,550000
2014655,150000
2014660,385000
2014665,120000
2014666,520000
2014667,150000
2014673,0
2014682,1133200
2014689,150000
2014695,660000
2014712,200000
2014713,0
2014714,180000
2014717,470000
2014718,550000
2014720,108000
2014721,699000
2014727,110000
2014731,150000
2014733,180000
2014735,550000
2014739,598000
2014741,330000
2014743,540000
2014744,500000
2014745,140000
2014748,0
2014755,150000
2014760,800000
2014766,690000
2014771,730000
2014772,350000
2014774,450000
2014778,450000
2014784,550000
2014801,200000
2014805,350000
2014828,680000
2014831,135000
2014834,200000
2014838,0
2014846,1256000
2014853,150000
2014857,550000
2014858,493000
2014861,184000
2014864,197000
2014868,130000
2014872,945600
2014877,550000
2014881,440000
2014882,128000
2014885,400000
2014888,250000
2014904,723500
2014905,280000
2014906,170000
2014908,185000
2014909,119000
2014920,350000
2014921,750000
2014922,400000
2014924,350000
2014930,150000
2014933,730000
2014940,164000
2014941,550000
2014946,550000
2014947,928000
2014951,190000
2014952,550000
2014956,530000
2014957,150000
2014963,180000
2014964,180000
2014967,300000
2014969,447000
2014972,550000
2014973,200000
2014974,455000
2014980,500000
2014988,500000
2014992,550000
2014998,636000
2015002,550000
2015009,550000
2015010,550000
2015017,150000
2015029,550000
2015034,150000
2015035,500000
2015041,478000
2015057,296900
2015064,0
2015071,550000
2015089,550000
2015096,510000
2015098,530000
2015108,500000
2015124,100000
2015125,387000
2015126,550000
2015127,200000
2015129,458000
2015137,525000
2015142,550000
2015147,198000
2015149,200000
2015152,550000
2015170,700000
2015172,527000
2015177,200000
2015180,144000
2015181,310000
2015183,500000
2015186,530000
2015187,170000
2015194,550000
2015198,170000
2015200,530000
2015205,680000
2015209,550000
2015215,200000
2015218,177000
2015221,120000
2015222,185900
2015234,200000
2015242,1000
2015244,144000
2015245,200000
2015247,150000
2015248,198000
2015257,190000
2015259,540000
2015272,510000
2015274,550000
2015279,550000
2015283,180000
2015297,350000
2015299,645000
2015306,250000
2015310,700000
2015327,165000
2015334,500000
2015336,560000
2015337,550000
2015339,160000
2015341,530000
2015343,135000
2015344,515000
2015351,550000
2015353,526000
2015356,170000
2015359,150000
2015360,200000
2015375,150000
2015380,190000
2015383,550000
2015389,200000
2015390,545000
2015392,170000
2015397,200000
2015404,200000
2015406,163000
2015415,350000
2015421,650000
2015422,150000
2015425,200000
2015426,750000
2015430,200000
2015442,510000
2015444,350000
2015448,725000
2015454,200000
2015456,350000
2015461,170000
2015464,350000
2015466,144000
2015470,450000
2015471,460000
2015473,550000
2015476,300000
2015487,200000
2015488,200000
2015492,506000
2015494,150000
2015506,500000
2015519,510000
2015530,200000
2015531,174000
2015535,550000
2015541,180000
2015542,200000
2015551,550000
2015553,200000
2015556,165000
2015558,150000
2015560,200000
2015561,536000
2015573,177000
2015574,200000
2015575,550000
2015584,550000
2015596,750000
2015604,550000
2015607,120000
2015610,530000
2015614,550000
2015624,275000
2015632,142000
2015638,550000
2015639,150000
2015655,500000
2015658,750000
2015666,500000
2015670,540500
2015674,150000
2015676,190000
2015679,550000
2015681,330000
2015689,0
2015698,550000
2015699,550000
2015700,490000
2015702,150000
2015704,0
2015706,700000
2015708,628000
2015713,170000
2015730,0
2015732,150000
2015734,550000
2015737,350000
2015738,200000
2015742,150000
2015750,550000
2015752,185000
2015753,200000
2015755,550000
2015756,600000
2015757,685000
2015758,175000
2015766,550000
2015768,550000
2015779,200000
2015781,515000
2015782,530000
2015783,670000
2015787,700000
2015792,150000
2015797,190000
2015799,600000
2015807,730000
2015817,150000
2015820,185000
2015823,150000
2015827,645000
2015830,350000
2015831,0
2015833,350000
2015839,200000
2015844,150000
2015845,0
2015856,200000
2015857,450000
2015861,550000
2015862,550000
2015864,550000
2015869,1174100
2015873,345200
2015875,180000
2015877,392900
2015880,450000
2015891,88000
2015895,330000
2015896,145000
2015899,0
2015900,750000
2015909,550000
2015922,550000
2015925,530000
2015926,200000
2015932,500000
2015944,550000
2015947,550000
2015951,350000
2015954,350000
2015956,670000
2015957,494000
2015961,750000
2015965,225000
2015971,200000
2015972,550000
2015975,150000
2015978,490000
2015984,200000
2015990,200000
2015993,200000
2015996,1706300
2015997,170000
2015999,389700
2016000,350000
2016006,568900
2016007,200000
2016009,550000
2016016,550000
2016019,0
2016033,323000
2016041,550000
2016043,493000
2016045,700000
2016051,150000
2016052,680000
2016053,724000
2016054,550000
2016058,520000
2016059,350000
2016060,550000
2016061,285000
2016062,198000
2016063,584000
2016064,275000
2016066,150000
2016069,150000
2016075,150000
2016076,150000
2016079,390000
2016085,150000
2016087,200000
2016109,180000
2016115,550000
2016116,750000
2016132,150000
2016136,200000
2016147,690000
2016150,550000
2016169,730000
2016174,175000
2016175,585000
2016176,460000
2016177,550000
2016178,550000
2016179,150000
2016182,645000
2016188,350000
2016190,450000
2016200,515000
2016201,360000
2016203,170000
2016205,200000
2016211,400000
2016216,829000
2016220,200000
2016228,180000
2016232,350000
2016234,500000
2016235,200000
2016237,550000
2016243,150000
2016245,200000
2016258,580000
2016260,150000
2016261,350000
2016265,850000
2016268,177000
2016269,150000
2016271,550000
2016276,0
2016278,640000
2016282,200000
2016291,200000
2016296,124000
2016303,150000
2016307,650000
2016332,494000
2016343,520000
2016347,140000
2016353,1080500
2016358,350000
2016363,200000
2016366,200000
2016369,350000
2016370,180000
2016371,863000
2016375,671000
2016377,150000
2016380,690000
2016386,1124000
2016404,475000
2016406,344000
2016410,550000
2016412,200000
2016415,825000
2016418,450000
2016419,887600
2016421,353000
2016423,150000
2016425,150000
2016435,535000
2016440,0
2016441,990000
2016443,150000
2016445,500000
2016448,550000
2016455,551900
2016468,350000
2016474,140000
2016485,541900
2016486,550000
2016491,350000
2016495,200000
2016504,180000
2016520,700000
2016525,180000
2016530,150000
2016539,1000
2016544,150000
2016546,0
2016548,120000
2016558,655000
2016561,668000
2016565,524000
2016568,150000
2016574,540000
2016578,725000
2016583,200000
2016586,150000
2016587,170000
2016590,150000
2016595,680000
2016598,150000
2016604,200000
2016605,150000
2016609,150000
2016611,300000
2016612,582000
2016614,193500
2016617,0
2016625,550000
2016626,461200
2016630,200000
2016642,550000
2016648,0
2016649,150000
2016658,350000
2016659,736700
2016665,547500
2016670,550000
2016671,753500
2016684,465000
2016688,150000
2016692,308000
2016693,550000
2016696,500000
2016697,550000
2016708,200000
2016713,700000
2016732,350000
2016733,200000
2016739,520000
2016741,180000
2016742,140000
2016745,150000
2016752,174000
2016754,350000
2016756,150000
2016759,350000
2016763,530000
2016764,150000
2016767,1016000
2016771,150000
2016774,550000
2016776,190000
2016779,500000
2016790,500000
2016792,125000
2016793,180000
2016798,500000
2016802,535000
2016803,200000
2016811,479800
2016812,0
2016817,185000
2016821,130000
2016842,343400
2016845,700000
2016847,500000
2016848,300000
2016850,645000
2016853,200000
2016855,150000
2016859,120000
2016866,354600
2016867,350000
2016873,548000
2016879,0
2016880,500000
2016887,400000
2016893,530000
2016894,550000
2016896,150000
2016899,550000
2016907,490000
2016908,510000
2016909,150000
2016911,550000
2016913,200000
2016922,540000
2016926,210000
2016927,180000
2016931,150000
2016934,150000
2016945,180000
2016951,150000
2016958,150000
2016967,885000
2016971,1485000
2016979,650000
2016982,150000
2016984,200000
2016990,250000
2016995,550000
2017001,525000
2017002,538500
2017013,793000
2017023,150000
2017024,400000
2017027,900000
2017028,150000
2017030,550000
2017031,0
2017035,550000
2017036,0
2017037,500000
2017040,145000
2017042,210000
2017047,150000
2017051,0
2017059,200000
2017060,937500
2017068,350000
2017070,180000
2017072,550000
2017091,690000
2017095,350000
2017096,550000
2017101,170000
2017105,160000
2017106,144000
2017108,185000
2017109,350000
2017111,140000
2017113,690000
2017116,700000
2017117,150000
2017118,590000
2017122,200000
2017126,1000000
2017131,750000
2017134,170000
2017140,500000
2017141,550000
2017142,548700
2017145,550000
2017151,570000
2017164,150000
2017172,450000
2017175,540000
2017180,200000
2017182,0
2017185,150000
2017187,200000
2017188,550000
2017191,600000
2017196,160000
2017200,417500
2017201,505000
2017205,177000
2017208,400000
2017212,550000
2017220,756500
2017223,150000
2017225,515000
2017227,0
2017240,730000
2017243,140000
2017255,350000
2017258,518000
2017260,700000
2017261,150000
2017271,198000
2017275,104000
2017276,350000
2017278,151000
2017286,0
2017289,180000
2017293,0
2017300,128000
2017302,550000
2017303,150000
2017304,200000
2017305,200000
2017308,150000
2017313,469000
2017314,150000
2017316,150000
2017329,550000
2017335,150000
2017341,494000
2017346,195000
2017348,636000
2017352,485000
2017356,142000
2017357,150000
2017369,150000
2017375,550000
2017377,300000
2017380,170000
2017384,200000
2017386,150000
2017387,185000
2017388,500000
2017399,200000
2017401,1031500
2017412,520000
2017415,200000
2017417,429400
2017421,112000
2017422,300000
2017423,142000
2017425,320000
2017428,836000
2017429,180000
2017432,350000
2017433,571000
2017440,150000
2017441,280000
2017444,588000
2017446,140000
2017449,750000
2017450,150000
2017454,150000
2017462,550000
2017470,200000
2017472,550000
2017475,350000
2017483,200000
2017486,570000
2017490,150000
2017493,496000
2017494,185000
2017498,1200000
2017500,118000
2017504,200000
2017505,1315000
2017508,530000
2017511,150000
2017514,300000
2017516,750000
2017517,500000
2017527,550000
2017537,985100
2017547,300000
2017549,490000
2017550,550000
2017555,180000
2017571,200000
2017572,550000
2017573,155000
2017575,520000
2017580,170000
2017582,550000
2017583,350000
2017584,164000
2017594,550000
2017595,550000
2017596,550000
2017605,550000
2017611,530000
2017613,560000
2017618,550000
2017621,180000
2017622,200000
2017623,200000
2017624,150000
2017631,200000
2017633,550000
2017646,509600
2017649,198000
2017653,185000
2017658,600000
2017659,302000
2017665,150000
2017669,550000
2017670,140000
2017675,350000
2017676,200000
2017677,150000
2017681,350000
2017685,650000
2017688,150000
2017691,38000
2017699,350000
2017702,150000
2017703,750000
2017706,105000
2017709,450000
2017710,350000
2017712,550000
2017713,190000
2017717,200000
2017721,180000
2017725,150000
2017730,580000
2017731,0
2017735,200000
2017736,150000
2017738,0
2017743,200000
2017746,165000
2017747,550000
2017752,200000
2017753,200000
2017760,550000
2017762,200000
2017766,432000
2017772,174000
2017774,165000
2017786,750000
2017789,330000
2017792,637000
2017795,200000
2017805,300000
2017806,512000
2017807,524000
2017809,88000
2017814,350000
2017818,350000
2017824,100000
2017825,540000
2017826,130000
2017828,638000
2017829,550000
2017830,864000
2017847,125000
2017849,1247000
2017851,200000
2017856,550000
2017857,150000
2017860,200000
2017861,530000
2017862,500000
2017868,550000
2017880,730000
2017883,200000
2017888,200000
2017890,180000
2017891,160000
2017893,418000
2017904,150000
2017906,200000
2017911,550000
2017913,150000
2017914,546000
2017920,550000
2017923,150000
2017927,100000
2017936,0
2017940,140000
2017943,300000
2017946,174000
2017947,130000
2017948,100000
2017950,734000
2017951,150000
2017957,350000
2017958,350000
2017960,550000
2017962,550000
2017963,665000
2017966,469200
2017971,730000
2017973,515000
2017976,510000
2017978,550000
2017981,500000
2017982,550000
2018003,345000
2018004,537600
2018013,150000
2018018,500000
2018021,550000
2018023,135000
2018028,200000
2018039,180000
2018058,460000
2018061,170000
2018065,112000
2018067,437200
2018070,700000
2018071,296000
2018073,150000
2018078,255000
2018081,530000
2018083,150000
2018087,190000
2018090,490000
2018091,250000
2018092,350000
2018099,170000
2018101,465000
2018103,0
2018110,200000
2018111,700000
2018120,350000
2018121,0
2018123,500000
2018126,540000
2018128,1199300
2018129,550000
2018130,0
2018131,150000
2018133,619000
2018141,120000
2018143,185000
2018149,128000
2018150,130000
2018152,640000
2018159,146000
2018160,350000
2018170,200000
2018178,200000
2018189,500000
2018193,550000
2018195,530000
2018204,316000
2018205,200000
2018218,140000
2018220,400000
2018221,550000
2018224,650000
2018238,0
2018240,550000
2018249,550000
2018250,200000
2018267,550000
2018272,672800
2018274,200000
2018276,585000
2018277,350000
2018281,200000
2018283,0
2018284,150000
2018287,491200
2018291,150000
2018293,530000
2018298,159000
2018311,200000
2018322,150000
2018327,509000
2018331,200000
2018341,500000
2018342,150000
2018344,350000
2018347,150000
2018350,680000
2018352,200000
2018361,550000
2018363,150000
2018364,287000
2018366,720000
2018367,150000
2018369,190000
2018372,550000
2018374,820000
2018375,200000
2018379,150000
2018382,150000
2018388,520000
2018395,530000
2018396,150000
2018399,600000
2018402,150000
2018407,150000
2018418,123000
2018419,500000
2018420,530000
2018422,150000
2018428,413500
2018429,400000
2018434,528500
2018436,350000
2018440,682000
2018451,689000
2018454,635000
2018470,120000
2018481,700000
2018487,150000
2018490,200000
2018491,500000
2018492,550000
2018495,170000
2018498,479000
2018507,535000
2018508,650000
2018514,150000
2018520,70000
2018521,200000
2018523,479000
2018529,70000
2018530,177000
2018543,159000
2018547,0
2018549,550000
2018552,200000
2018556,200000
2018566,200000
2018568,500000
2018569,200000
2018573,174000
2018577,159000
2018579,530000
2018580,550000
2018588,144000
2018589,200000
2018593,200000
2018596,750000
2018606,200000
2018607,140000
2018609,550000
2018614,669000
2018617,665600
2018620,150000
2018621,150000
2018625,550000
2018630,600000
2018635,100000
2018643,500000
2018650,0
2018657,505000
2018663,550000
2018664,155000
2018665,519200
2018668,490000
2018682,150000
2018683,145000
2018689,261000
2018691,550000
2018695,200000
2018697,198000
2018703,509000
2018705,585000
2018706,150000
2018711,150000
2018712,550000
2018713,380000
2018716,38000
2018724,150000
2018725,145000
2018732,140000
2018735,350000
2018739,190000
2018743,550000
2018753,640000
2018759,550000
2018764,150000
2018766,400000
2018771,670000
2018774,175000
2018779,200000
2018782,150000
2018785,262500
2018789,659000
2018799,499000
2018804,600000
2018811,130000
2018812,412500
2018813,400000
2018814,350000
2018815,338000
2018816,550000
2018822,120000
2018823,180000
2018837,449900
2018838,460000
2018839,150000
2018843,200000
2018851,700000
2018853,0
2018861,122000
2018862,195000
2018866,420000
2018868,145000
2018869,180000
2018871,350000
2018876,700000
2018881,470000
2018886,119000
2018889,425500
2018892,500000
2018899,500000
2018907,350000
2018913,400000
2018920,108000
2018922,700000
2018923,160000
2018929,550000
2018931,202500
2018932,550000
2018934,200000
2018935,700000
2018936,140000
2018943,150000
2018948,550000
2018949,300000
2018953,320000
2018959,200000
2018962,350000
2018963,200000
2018968,150000
2018972,479800
2018980,510000
2018981,530000
2018982,700000
2018984,435500
2018988,140000
2018991,400000
2018995,0
2019003,478000
2019016,320000
2019018,1200000
2019022,540000
2019029,550000
2019040,700000
2019042,150000
2019046,200000
2019048,782000
2019049,200000
2019052,550000
2019054,174000
2019055,400000
2019056,350000
2019058,550000
2019061,350000
2019063,540000
2019067,150000
2019069,550000
2019071,200000
2019073,0
2019075,320000
2019077,550000
2019079,180000
2019080,550000
2019084,550000
2019085,550000
2019089,200000
2019090,530000
2019092,180000
2019100,150000
2019101,150000
2019107,350000
2019112,180000
2019118,198000
2019126,180000
2019128,350000
2019130,250000
2019132,170000
2019144,200000
2019148,150000
2019155,164000
2019159,0
2019164,200000
2019167,155000
2019168,170000
2019170,200000
2019171,150000
2019173,186000
2019175,150000
2019178,150000
2019179,300000
2019180,150000
2019183,135000
2019185,500000
2019188,550000
2019190,535000
2019198,190000
2019200,140000
2019207,200000
2019208,150000
2019210,465000
2019211,650000
2019212,200000
2019216,200000
2019217,437500
2019220,530000
2019224,720000
2019227,660000
2019229,150000
2019230,570000
2019234,195000
2019240,200000
2019241,700000
2019242,550000
2019247,550000
2019248,120000
2019250,144000
2019251,125000
2019253,180000
2019254,159000
2019267,536000
2019270,470000
2019271,700000
2019275,150000
2019276,280000
2019279,125000
2019282,150000
2019285,550000
2019287,550000
2019297,0
2019301,522000
2019302,745600
2019303,350000
2019311,520000
2019314,200000
2019316,345000
2019321,350000
2019334,200000
2019340,550000
2019342,120000
2019343,180000
2019354,144000
2019355,195000
2019361,250000
2019368,455000
2019375,210000
2019382,530000
2019383,200000
2019386,500000
2019387,200000
2019392,0
2019395,584000
2019400,315000
2019402,1602000
2019404,250000
2019405,475000
2019407,250000
2019413,200000
2019414,460000
2019416,200000
2019423,80000
2019426,320000
2019428,380000
2019429,200000
2019430,150000
2019434,170000
2019441,170000
2019442,0
2019447,550000
2019450,648300
2019455,149000
2019465,200000
2019466,200000
2019468,550000
2019470,243000
2019471,0
2019472,720000
2019487,200000
2019492,200000
2019498,700000
2019500,234000
2019501,314900
2019508,175000
2019513,505000
2019519,150000
2019522,180000
2019523,0
2019530,140000
2019532,684000
2019534,180000
2019540,550000
2019542,150000
2019543,200000
2019546,530000
2019547,730000
2019556,150000
2019557,550000
2019580,200000
2019585,350000
2019587,494000
2019596,534000
2019604,550000
2019608,495500
2019613,550000
2019614,149000
2019615,200000
2019619,325000
2019621,300000
2019624,530000
2019625,150000
2019630,160000
2019631,180000
2019632,200000
2019636,140000
2019644,350000
2019645,200000
2019651,0
2019652,500000
2019653,0
2019655,957000
2019656,550000
2019662,550000
2019664,200000
2019665,170000
2019671,400000
2019673,550000
2019678,530000
2019681,200000
2019686,150000
2019691,550000
2019698,200000
2019703,200000
2019710,200000
2019716,750000
2019721,150000
2019724,750000
2019725,550000
2019735,200000
2019740,550000
2019745,190000
2019755,200000
2019756,750000
2019769,200000
2019770,400000
2019775,200000
2019778,108000
2019779,200000
2019783,530000
2019784,530000
2019798,690000
2019802,143000
2019803,126000
2019806,0
2019807,144000
2019808,949800
2019813,180000
2019814,140000
2019818,690000
2019821,915200
2019823,200000
2019828,200000
2019829,550000
2019830,120000
2019846,180000
2019847,140000
2019853,200000
2019856,190000
2019861,550000
2019864,150000
2019867,550000
2019886,479000
2019892,150000
2019893,540000
2019901,186000
2019905,200000
2019912,165000
2019918,300000
2019920,68000
2019921,540000
2019922,283500
2019923,180000
2019927,632000
2019936,550000
2019938,500000
2019945,330000
2019946,200000
2019950,120000
2019952,566000
2019954,180000
2019963,320000
2019967,110000
2019970,550000
2019971,97500
2019974,150000
2019982,150000
2019984,200000
2019985,126000
2019992,290000
2019993,95000
2019999,350000
2020005,195000
2020006,500000
2020013,550000
2020019,479000
2020021,170000
2020022,200000
2020031,514900
2020037,455000
2020043,0
2020046,0
2020047,195000
2020054,527000
2020057,530000
2020063,462000
2020065,160000
2020066,550000
2020067,515000
2020070,130000
2020079,131000
2020081,344000
2020083,150000
2020094,900000
2020101,150000
2020102,990500
2020104,847200
2020106,550000
2020108,177000
2020109,409300
2020112,510000
2020119,325200
2020120,750000
2020130,550000
2020132,200000
2020133,550000
2020135,1009000
2020136,750000
2020139,140000
2020140,350000
2020147,200000
2020158,540000
2020165,100000
2020169,550000
2020170,195000
2020174,550000
2020175,315000
2020177,540000
2020190,180000
2020194,0
2020199,350000
2020206,200000
2020207,550000
2020209,720000
2020218,200000
2020235,1030000
2020239,550000
2020240,150000
2020248,150000
2020250,550000
2020254,500000
2020258,316000
2020265,0
2020266,550000
2020269,700000
2020271,310000
2020273,200000
2020275,500000
2020277,550000
2020279,170000
2020286,740000
2020287,595000
2020288,350000
2020296,659000
2020301,200000
2020312,150000
2020317,550000
2020318,700000
2020323,180000
2020326,150000
2020330,200000
2020351,540000
2020352,143000
2020357,545000
2020360,150000
2020365,125000
2020367,144000
2020371,200000
2020372,200000
2020374,350000
2020375,110000
2020377,370000
2020382,144000
2020386,540000
2020398,170000
2020401,320000
2020402,117000
2020416,170000
2020418,150000
2020420,550000
2020425,410000
2020426,550000
2020429,160000
2020431,150000
2020435,1011000
2020438,140000
2020440,150000
2020442,550000
2020443,150000
2020445,150000
2020446,200000
2020447,485000
2020452,200000
2020459,638300
2020460,1012800
2020462,520000
2020465,150000
2020468,451000
2020469,200000
2020478,200000
2020480,550000
2020481,150000
2020484,142000
2020486,584000
2020488,200000
2020489,150000
2020490,120000
2020496,734100
2020497,750000
2020501,406500
2020505,710000
2020507,180000
2020509,160000
2020513,150000
2020521,350000
2020524,565000
2020525,190000
2020527,180000
2020529,172000
2020539,350000
2020546,350000
2020549,400000
2020555,554900
2020556,310000
2020566,550000
2020570,350000
2020575,200000
2020583,180000
2020587,550000
2020589,160000
2020591,140000
2020601,690000
2020602,144000
2020605,0
2020606,180000
2020614,485000
2020616,150000
2020620,150000
2020621,500000
2020626,170000
2020627,150000
2020631,600000
2020633,350000
2020638,180000
2020644,670000
2020646,350000
2020649,500000
2020651,550000
2020652,140000
2020655,494000
2020656,453800
2020658,638000
2020661,150000
2020669,160000
2020675,250000
2020677,100000
2020679,550000
2020680,450000
2020684,700000
2020687,140000
2020693,1190000
2020696,698000
2020705,300000
2020706,150000
2020707,1200000
2020711,400000
2020715,700000
2020723,150000
2020731,562000
2020739,0
2020740,200000
2020743,350000
2020744,166000
2020746,550000
2020748,150000
2020749,486000
2020754,350000
2020757,449900
2020763,550000
2020765,350000
2020767,200000
2020769,200000
2020772,424000
2020774,200000
2020777,700000
2020778,200000
2020779,126000
2020793,800000
2020797,150000
2020805,469000
2020806,530000
2020809,400000
2020815,350000
2020817,200000
2020822,1015000
2020823,100000
2020825,150000
2020828,735800
2020831,200000
2020836,150000
2020838,150000
2020840,140000
2020844,550000
2020848,184000
2020849,520000
2020853,140000
2020854,428000
2020862,350000
2020870,0
2020872,150000
2020874,120000
2020876,309000
2020877,130000
2020884,550000
2020890,150000
2020901,180000
2020906,550000
2020914,350000
2020915,550000
2020926,649000
2020930,550000
2020932,550000
2020936,550000
2020947,180000
2020952,200000
2020956,350000
2020957,550000
2020967,530000
2020969,174000
2020972,150000
2020975,550000
2020976,550000
2020978,180000
2020980,170000
2020985,550000
2020986,0
2020987,550000
2020994,200000
2020997,150000
2021000,174000
2021002,150000
2021006,297000
2021009,340000
2021010,550000
2021012,437000
2021020,300000
2021021,350000
2021022,300000
2021023,68000
2021027,120000
2021029,240000
2021030,550000
2021033,150000
2021041,0
2021044,500000
2021049,168000
2021050,190000
2021054,350000
2021060,200000
2021064,190000
2021069,195000
2021070,550000
2021081,500000
2021083,150000
2021086,160000
2021089,140000
2021095,0
2021101,505000
2021102,200000
2021105,126000
2021110,124000
2021116,234500
2021118,550000
2021127,730000
2021132,550000
2021143,180000
2021152,500000
2021153,180000
2021158,722000
2021163,124000
2021164,656000
2021171,689200
2021173,150000
2021178,600000
2021183,0
2021184,350000
2021187,180000
2021209,0
2021213,295000
2021214,200000
2021222,150000
2021229,150000
2021243,150000
2021246,120000
2021247,200000
2021253,594000
2021254,470000
2021256,550000
2021259,185000
2021263,750000
2021264,180000
2021266,590000
2021272,525000
2021277,330000
2021288,600000
2021297,750000
2021298,380000
2021300,108000
2021309,150000
2021320,340000
2021325,200000
2021329,550000
2021332,715000
2021333,150000
2021335,160000
2021339,400000
2021343,503000
2021352,188000
2021356,474000
2021359,161000
2021363,500000
2021366,800000
2021369,190000
2021372,305000
2021375,0
2021378,174000
2021385,0
2021397,450000
2021398,270000
2021404,544600
2021405,150000
2021407,504800
2021408,479800
2021414,669200
2021416,350000
2021424,565000
2021427,495000
2021438,330000
2021439,490000
2021440,380000
2021443,350000
2021451,200000
2021455,186300
2021459,200000
2021460,150000
2021463,150000
2021466,150000
2021468,330000
2021472,200000
2021474,160000
2021476,613000
2021501,200000
2021511,150000
2021515,128000
2021524,180000
2021535,180000
2021539,180000
2021550,137000
2021551,300000
2021558,350000
2021568,0
2021570,350000
2021571,920000
2021574,300000
2021581,180000
2021593,1740000
2021602,200000
2021613,340000
2021615,350000
2021618,95000
2021621,0
2021623,180000
2021634,200000
2021635,350000
2021637,0
2021638,465000
2021646,649600
2021650,530000
2021652,130000
2021655,170000
2021656,150000
2021663,350000
2021666,320000
2021668,444000
2021673,0
2021674,0
2021675,240000
2021676,300000
2021678,437200
2021693,655000
2021698,350000
2021699,600000
2021706,188000
2021708,560000
2021710,180000
2021711,330000
2021714,200000
2021723,0
2021727,200000
2021732,400000
2021737,350000
2021740,150000
2021748,560000
2021752,120000
2021754,159000
2021765,492000
2021770,180000
2021772,509000
2021775,150000
2021780,170000
2021782,200000
2021789,150000
2021792,80000
2021795,0
2021796,350000
2021801,120000
2021807,167000
2021817,350000
2021818,200000
2021819,450000
2021828,350000
2021834,180000
2021837,200000
2021840,360000
2021841,200000
2021843,350000
2021844,200000
2021845,150000
2021847,150000
2021857,200000
2021865,59000
2021866,315000
2021870,145000
2021873,190000
2021874,180000
2021879,180000
2021885,124000
2021890,150000
2021891,330000
2021892,350000
2021895,166000
2021901,520000
2021903,200000
2021904,311000
2021909,340000
2021911,350000
2021915,150000
2021919,150000
2021925,350000
2021929,245000
2021931,200000
2021932,150000
2021940,200000
2021943,350000
2021948,400000
2021956,120000
2021958,196000
2021969,400000
2021970,100000
2021973,200000
2021974,185000
2021977,548000
2021984,480000
2021988,480000
2022002,150000
2022003,558000
2022005,180000
2022007,350000
2022008,200000
2022015,700000
2022022,440000
2022025,153000
2022026,300000
2022033,170000
2022035,250000
2022037,578000
2022041,187000
2022051,330000
2022052,400000
2022053,350000
2022054,200000
2022057,170000
2022059,150000
2022065,180000
2022070,150000
2022075,0
2022078,200000
2022086,350000
2022089,465400
2022090,350000
2022091,150000
2022092,168000
2022106,150000
2022112,140000
2022114,320000
2022122,150000
2022134,350000
2022138,340000
2022148,160000
2022154,530000
2022155,828000
2022163,320000
2022167,119000
2022173,150000
2022179,350000
2022192,160000
2022193,200000
2022199,200000
2022203,350000
2022207,140000
2022208,0
2022209,294000
2022212,400000
2022216,85000
2022219,494000
2022232,200000
2022234,360000
2022237,215900
2022241,150000
2022252,200000
2022255,150000
2022257,150000
2022262,275000
2022264,160000
2022269,120000
2022272,250000
2022278,165000
2022283,174000
2022294,150000
2022297,0
2022301,150000
2022302,200000
2022304,150000
2022315,0
2022321,130000
2022322,940000
2022324,150000
2022331,200000
2022335,200000
2022337,200000
2022338,174000
2022342,300000
2022343,150000
2022344,312000
2022346,327000
2022360,200000
2022369,200000
2022372,146000
2022377,298000
2022384,150000
2022391,0
2022392,350000
2022394,185000
2022396,200000
2022405,320000
2022408,470000
2022410,330000
2022412,375600
2022415,350000
2022418,0
2022425,150000
2022430,350000
2022431,200000
2022441,177000
2022446,200000
2022447,200000
2022450,315000
2022452,338600
2022455,160000
2022458,150000
2022461,550000
2022463,309000
2022469,0
2022471,156000
2022473,343500
2022476,180000
2022481,170000
2022486,135000
2022487,566900
2022491,0
2022497,350000
2022501,693000
2022505,150000
2022507,180000
2022509,690000
2022515,150000
2022516,387500
2022530,150000
2022536,150000
2022540,200000
2022541,200000
2022553,562500
2022554,300000
2022560,180000
2022566,0
2022567,150000
2022581,315000
2022594,180000
2022599,350000
2022602,100000
2022615,170000
2022616,174000
2022619,300000
2022630,524000
2022640,422400
2022647,350000
2022652,144000
2022655,330000
2022662,384000
2022673,350000
2022675,150000
2022684,150000
2022685,170000
2022688,530000
2022691,180000
2022693,180000
2022694,336000
2022695,200000
2022697,360000
2022703,200000
2022706,175000
2022708,319000
2022709,149000
2022719,200000
2022721,200000
2022725,187000
2022727,170000
2022740,120000
2022748,150000
2022756,150000
2022757,340000
2022759,200000
2022767,190000
2022770,350000
2022771,67000
2022779,400000
2022781,203000
2022782,200000
2022786,200000
2022790,0
2022793,315000
2022794,150000
2022798,107000
2022806,641000
2022808,437500
2022810,625000
2022811,150000
2022815,144000
2022822,400000
2022827,150000
2022829,438500
2022832,250000
2022835,170000
2022841,250000
2022861,150000
2022866,120000
2022869,0
2022871,152500
2022872,732900
2022880,350000
2022881,155000
2022885,150000
2022889,150000
2022900,0
2022901,315000
2022904,200000
2022911,120000
2022930,0
2022935,150000
2022946,343400
2022951,180000
2022955,144000
2022957,171000
2022969,190000
2022972,200000
2022974,340000
2022997,149000
2022999,0
2023005,120000
2023014,390000
2023016,693000
2023019,200000
2023024,200000
2023029,200000
2023032,200000
2023041,350000
2023049,150000
2023052,0
2023055,180000
2023076,300000
2023077,200000
2023081,190000
2023082,350000
2023083,167000
2023086,412000
2023091,200000
2023092,200000
2023096,150000
2023107,455000
2023113,322000
2023115,330000
2023125,165000
2023131,150000
2023132,292000
2023158,160000
2023162,165000
2023164,350000
2023168,200000
2023176,200000
2023177,200000
2023180,470000
2023186,150000
2023189,140000
2023193,150000
2023197,200000
2023201,200000
2023204,450000
2023223,150000
2023226,200000
2023229,668800
2023240,400000
2023242,150000
2023246,125000
2023251,620000
2023263,360000
2023274,150000
2023275,352000
2023276,349700
2023277,150000
2023289,130000
2023298,330000
2023302,200000
2023303,150000
2023304,350000
2023307,144000
2023308,1728000
2023322,170000
2023323,120000
2023332,165000
2023333,200000
2023339,830000
2023342,232800
2023348,350000
2023350,0
2023353,550000
2023355,200000
2023359,500000
2023361,200000
2023363,555800
2023366,185000
2023371,200000
2023378,0
2023383,150000
2023387,153000
2023389,0
2023390,150000
2023395,150000
2023397,200000
2023401,179000
2023403,0
2023408,604000
2023409,0
2023412,475000
2023413,0
2023416,0
2023426,350000
2023432,550000
2023433,180000
2023434,350000
2023436,150000
2023443,700000
2023448,530000
2023451,190000
2023456,200000
2023457,180000
2023459,190000
2023464,434000
2023465,409900
2023480,200000
2023483,253000
2023486,330000
2023489,482000
2023494,659800
2023496,200000
2023497,150000
2023503,190000
2023504,180000
2023509,200000
2023517,400000
2023522,150000
2023525,200000
2023529,320000
2023534,385800
2023535,200000
2023536,300000
2023539,170000
2023541,726000
2023545,135000
2023549,110000
2023551,500000
2023562,667800
2023566,200000
2023569,350000
2023578,169000
2023579,200000
2023583,185000
2023586,174000
2023603,150000
2023615,550000
2023630,385700
2023634,400000
2023646,200000
2023651,150000
2023655,400000
2023658,835900
2023660,170000
2023661,352000
2023664,150000
2023668,200000
2023671,150000
2023673,0
2023678,150000
2023682,130000
2023688,150000
2023697,498500
2023699,0
2023712,200000
2023717,150000
2023721,200000
2023722,400000
2023725,450700
2023726,1183000
2023730,355000
2023731,320000
2023733,433300
2023740,180000
2023754,170000
2023757,165000
2023762,160000
2023769,0
2023775,544900
2023776,150000
2023778,350000
2023780,150000
2023782,409500
2023792,174000
2023805,1201900
2023808,434000
2023810,170000
2023811,185000
2023818,174000
2023819,554000
2023822,200000
2023825,0
2023826,200000
2023833,550000
2023834,0
2023840,0
2023852,0
2023855,462500
2023856,190000
2023860,200000
2023869,200000
2023873,100000
2023875,188000
2023879,200000
2023880,160000
2023882,398000
2023884,85000
2023889,350000
2023890,170000
2023894,350000
2023896,0
2023902,320000
2023911,600000
2023913,250000
2023917,150000
2023918,350000
2023919,294000
2023926,180000
2023929,159000
2023936,140000
2023942,106000
2023944,180000
2023948,300000
2023951,350000
2023962,400000
2023964,0
2023975,156000
2023983,284100
2023985,130000
2023988,150000
2023995,100000
2024002,490000
2024007,144000
2024008,667800
2024013,150000
2024035,200000
2024036,191000
2024037,171000
2024045,555000
2024046,458500
2024049,170000
2024051,150000
2024052,281000
2024053,200000
2024058,400000
2024061,345300
2024063,200000
2024064,175000
2024069,200000
2024082,409300
2024088,200000
2024096,150000
2024109,668200
2024111,150000
2024120,100000
2024126,160000
2024127,370000
2024129,449900
2024140,150000
2024144,199000
2024145,130000
2024147,300000
2024151,518500
2024155,350000
2024156,180000
2024158,0
2024162,150000
2024163,119000
2024164,200000
2024165,150000
2024171,400000
2024174,150000
2024179,150000
2024184,452300
2024188,0
2024193,567900
2024197,50000
2024199,159000
2024203,369500
2024206,150000
2024207,180000
2024215,150000
2024216,717200
2024217,190000
2024220,180000
2024227,148000
2024234,422500
2024239,400000
2024248,0
2024251,50000
2024252,579700
2024253,153000
2024254,305700
2024257,88000
2024261,170000
2024267,200000
2024272,200000
2024273,414000
2024276,262000
2024287,200000
2024307,350000
2024310,350000
2024315,150000
2024317,150000
2024319,159000
2024322,520000
2024323,200000
2024327,0
2024328,350000
2024344,200000
2024345,0
2024353,350000
2024354,185000
2024357,122000
2024358,200000
2024366,292000
2024379,200000
2024381,417900
2024382,144000
2024385,200000
2024392,232000
2024399,165000
2024401,330000
2024402,231000
2024406,350000
2024414,350000
2024419,95000
2024420,1100000
2024421,185000
2024424,140000
2024428,350000
2024435,128000
2024436,290000
2024440,149000
2024442,550500
2024444,95000
2024450,150000
2024458,200000
2024466,350000
2024485,340000
2024487,350000
2024492,150000
2024498,150000
2024500,150000
2024503,311500
2024513,150000
2024517,291000
2024518,200000
2024523,525000
2024528,350000
2024529,200000
2024530,200000
2024531,150000
2024535,200000
2024540,517200
2024543,150000
2024551,574000
2024561,200000
2024570,170000
2024579,200000
2024585,200000
2024613,150000
2024614,160000
2024619,140000
2024626,140000
2024632,150000
2024637,0
2024640,400700
2024641,0
2024642,155000
2024644,868000
2024647,180000
2024654,170000
2024655,411500
2024656,150000
2024657,160000
2024660,350000
2024661,488500
2024668,600000
2024669,185000
2024671,200000
2024676,185000
2024678,663200
2024679,150000
2024684,150000
2024689,200000
2024690,170000
2024694,200000
2024701,0
2024710,170000
2024712,312800
2024717,170000
2024726,180000
2024727,150000
2024735,180000
2024742,200000
2024745,150000
2024746,120000
2024750,588500
2024755,200000
2024757,200000
2024763,200000
2024764,349000
2024765,155000
2024767,200000
2024772,200000
2024776,696400
2024783,200000
2024791,155000
2024799,234000
2024803,270000
2024805,20000
2024808,150000
2024809,319300
2024810,100000
2024812,200000
2024820,200000
2024821,550000
2024827,0
2024861,300000
2024863,600000
2024871,150000
2024875,0
2024877,200000
2024888,530000
2024889,189000
2024895,474000
2024907,130000
2024909,150000
2024914,750000
2024916,150000
2024919,200000
2024921,450000
2024931,611000
2024932,200000
2024942,200000
2024943,150000
2024950,116000
2024959,200000
2024963,180000
2024965,110000
2024970,170000
2024972,350000
2024975,0
2024977,200000
2024990,150000
2024997,200000
2024998,548000
2025002,150000
2025007,350000
2025019,170000
2025025,190000
2025027,200000
2025031,180000
2025033,200000
2025039,318000
2025040,700000
2025047,343500
2025050,200000
2025052,307000
2025053,200000
2025061,350000
2025062,600000
2025064,790000
2025069,335000
2025078,600000
2025082,200000
2025088,190000
2025091,386000
2025095,150000
2025097,350000
2025099,374800
2025108,140000
2025114,0
2025118,679800
2025119,150000
2025123,400000
2025127,320000
2025131,200000
2025133,180000
2025143,188000
2025144,100000
2025147,120000
2025149,110000
2025151,180000
2025152,200000
2025163,191000
2025164,206000
2025165,165000
2025167,700000
2025175,200000
2025178,145000
2025179,315200
2025180,200000
2025182,110000
2025183,180000
2025187,190000
2025190,366000
2025192,200000
2025193,150000
2025208,200000
2025209,171000
2025214,200000
2025227,130000
2025229,200000
2025236,0
2025240,188000
2025241,150000
2025243,100000
2025246,150000
2025253,150000
2025257,150000
2025258,350000
2025262,200000
2025267,160000
2025271,200000
2025274,180000
2025276,180000
2025283,200000
2025284,739400
2025285,185000
2025288,396000
2025293,150000
2025299,150000
2025302,100000
2025304,100000
2025310,320000
2025320,185000
2025321,180000
2025322,170000
2025324,180000
2025334,200000
2025341,200000
2025349,150000
2025351,200000
2025355,200000
2025358,150000
2025362,380000
2025371,350000
2025373,164000
2025374,340000
2025378,417900
2025380,200000
2025384,0
2025385,235500
2025386,305000
2025388,190000
2025390,140000
2025392,180000
2025396,150000
2025414,200000
2025418,360000
2025424,0
2025425,350000
2025430,350000
2025431,320000
2025439,0
2025440,194100
2025448,150000
2025450,350000
2025451,150000
2025453,170000
2025456,123000
2025467,180000
2025472,200000
2025481,330000
2025483,350000
2025488,350000
2025489,150000
2025494,330000
2025498,200000
2025504,156000
2025509,520000
2025518,100000
2025522,195000
2025526,180000
2025529,700000
2025530,320000
2025534,180000
2025537,135000
2025545,200000
2025554,180000
2025555,150000
2025569,600000
2025571,593400
2025576,200000
2025585,170000
2025589,180000
2025607,200000
2025610,140000
2025611,200000
2025620,372500
2025628,350000
2025629,0
2025634,190000
2025636,200000
2025637,120000
2025638,150000
2025645,200000
2025648,0
2025650,190000
2025656,145000
2025657,150000
2025661,150000
2025664,200000
2025668,200000
2025669,120000
2025670,150000
2025671,181000
2025685,160000
2025691,200000
2025692,200000
2025697,0
2025702,300000
2025704,150000
2025705,0
2025709,518500
2025713,469200
2025719,518000
2025721,200000
2025725,451200
2025732,150000
2025734,150000
2025735,200000
2025736,150000
2025738,200000
2025740,180000
2025742,152000
2025749,316000
2025755,830000
2025761,120000
2025776,180000
2025782,673800
2025791,156000
2025793,200000
2025797,310000
2025802,580000
2025805,300000
2025811,849500
2025812,240000
2025815,150000
2025836,200000
2025844,150000
2025846,400000
2025853,1487500
2025855,200000
2025856,150000
2025860,150000
2025862,444500
2025865,150000
2025868,170000
2025872,180000
2025875,200000
2025878,200000
2025880,200000
2025881,170000
2025888,384000
2025897,150000
2025910,243200
2025915,200000
2025918,0
2025920,145000
2025929,400000
2025930,140000
2025936,200000
2025937,200000
2025940,178000
2025942,156000
2025945,0
2025948,780000
2025957,479800
2025958,150000
2025959,152000
2025960,625000
2025965,384000
2025967,350000
2025969,200000
2025976,135000
2025978,312000
2025988,150000
2025995,169000
2026014,500000
2026016,119000
2026019,345000
2026021,200000
2026028,0
2026039,120000
2026046,199000
2026052,178000
2026053,200000
2026058,220000
2026062,170000
2026065,527400
2026066,417400
2026070,180000
2026073,150000
2026080,180000
2026083,350000
2026097,470000
2026098,174000
2026100,170000
2026101,200000
2026104,180000
2026108,190000
2026111,170000
2026112,142000
2026117,150000
2026136,330000
2026138,200000
2026146,170000
2026147,200000
2026152,180000
2026157,180000
2026158,720000
2026164,500000
2026167,0
2026175,104000
2026176,644100
2026177,0
2026181,150000
2026185,200000
2026186,150000
2026187,387500
2026189,150000
2026192,0
2026196,240000
2026197,670000
2026198,150000
2026200,180000
2026210,150000
2026211,150000
2026212,350000
2026218,0
2026219,425800
2026220,150000
2026225,400000
2026228,150000
2026236,144000
2026238,503900
2026239,350000
2026247,285000
2026248,504300
2026254,200000
2026260,200000
2026261,200000
2026267,0
2026272,309000
2026277,479800
2026289,150000
2026294,273500
2026298,400000
2026299,200000
2026301,350000
2026304,724600
2026313,200000
2026315,350000
2026319,500000
2026321,144000
2026329,530000
2026332,479000
2026342,350000
2026345,200000
2026351,150000
2026352,150000
2026353,444000
2026357,424700
2026362,162000
2026363,200000
2026365,116000
2026366,300000
2026369,350000
2026373,548000
2026376,200000
2026377,174000
2026378,330000
2026381,200000
2026383,200000
2026390,280000
2026397,150000
2026401,250000
2026410,180000
2026413,350000
2026415,200000
2026419,190000
2026422,150000
2026430,200000
2026442,200000
2026467,330000
2026470,619700
2026473,171000
2026486,350000
2026500,400000
2026501,180000
2026503,330000
2026513,130000
2026517,635500
2026521,150000
2026526,0
2026529,150000
2026535,275000
2026536,150000
2026538,150000
2026539,200000
2026540,200000
2026546,140000
2026553,353500
2026554,160000
2026561,250000
2026566,363400
2026568,150000
2026571,692200
2026593,160000
2026596,300000
2026597,0
2026600,200000
2026601,315000
2026602,300000
2026604,550000
2026606,343800
2026619,155000
2026621,316000
2026625,140000
2026628,830000
2026630,557800
2026631,180000
2026634,291000
2026639,235000
2026644,350000
2026648,2464700
2026649,467600
2026659,382000
2026661,185000
2026663,180000
2026669,380000
2026670,200000
2026671,50000
2026680,188000
2026683,200000
2026685,340000
2026688,550000
2026691,200000
2026692,180000
2026699,688000
2026700,195000
2026704,150000
2026709,200000
2026711,400000
2026713,261500
2026715,190000
2026719,400000
2026720,150000
2026725,0
2026727,180000
2026728,0
2026735,200000
2026737,150000
2026745,150000
2026746,600000
2026752,180000
2026753,150000
2026758,150000
2026760,150000
2026761,185000
2026764,200000
2026769,150000
2026777,335000
2026778,200000
2026786,150000
2026801,431300
2026803,153000
2026813,400000
2026814,150000
2026815,200000
2026816,0
2026822,200000
2026828,200000
2026831,150000
2026834,0
2026838,350000
2026840,150000
2026851,200000
2026854,145000
2026857,280000
2026858,200000
2026859,180000
2026860,200000
2026861,800000
2026862,150000
2026865,0
2026866,200000
2026868,180000
2026874,350000
2026879,150000
2026882,170000
2026893,400000
2026896,0
2026902,175000
2026903,200000
2026904,150000
2026911,360000
2026914,195000
2026919,170000
2026924,130000
2026931,300000
2026940,200000
2026941,585000
2026942,119000
2026947,500000
2026948,450000
2026951,180000
2026957,200000
2026965,350000
2026966,150000
2026969,180000
2026970,739000
2026973,791000
2026974,150000
2026977,140000
2026981,150000
2026985,300000
2027001,165000
2027009,165000
2027011,666900
2027016,130000
2027020,222600
2027022,350000
2027024,150000
2027025,200000
2027026,200000
2027031,515000
2027032,200000
2027036,519000
2027039,200000
2027042,200000
2027043,200000
2027045,200000
2027046,552800
2027050,180000
2027053,300000
2027055,982100
2027062,100000
2027063,144000
2027065,270000
2027066,119000
2027079,340000
2027083,200000
2027084,150000
2027089,200000
2027092,144000
2027096,350000
2027099,350000
2027103,250000
2027105,150000
2027106,459300
2027107,165000
2027108,165000
2027116,170000
2027120,200000
2027128,526500
2027130,150000
2027132,470000
2027133,323700
2027135,200000
2027136,150000
2027148,400000
2027150,200000
2027156,186000
2027157,345000
2027161,416400
2027165,195000
2027169,400000
2027170,0
2027171,350000
2027180,275600
2027181,384400
2027182,350000
2027185,640000
2027188,530000
2027190,311000
2027191,150000
2027197,143000
2027198,150000
2027199,200000
2027203,534500
2027210,185000
2027214,200000
2027216,185000
2027235,195000
2027237,300000
2027239,497100
2027240,180000
2027242,200000
2027243,150000
2027250,1260000
2027252,180000
2027253,250000
2027255,550000
2027260,174000
2027261,180000
2027264,350000
2027267,200000
2027270,120000
2027272,200000
2027275,164000
2027277,350000
2027278,150000
2027286,700000
2027290,200000
2027295,511600
2027297,836800
2027303,0
2027307,200000
2027314,524000
2027316,150000
2027317,300000
2027321,350000
2027323,420700
2027327,96000
2027331,200000
2027343,150000
2027345,90000
2027347,0
2027352,200000
2027354,400000
2027355,696800
2027356,200000
2027357,684000
2027358,615100
2027360,891000
2027363,170000
2027370,144000
2027372,180000
2027373,120000
2027374,600000
2027376,150000
2027379,150000
2027380,414400
2027383,150000
2027384,150000
2027397,200000
2027398,150000
2027410,180000
2027411,200000
2027421,150000
2027422,185000
2027427,122000
2027428,350000
2027432,0
2027437,62000
2027442,165000
2027446,200000
2027449,710000
2027451,200000
2027453,150000
2027454,200000
2027457,180000
2027460,150000
2027461,180000
2027466,329800
2027469,300000
2027471,150000
2027477,150000
2027483,200000
2027484,650000
2027487,0
2027489,300000
2027493,505800
2027494,295000
2027495,67000
2027497,189000
2027509,175000
2027512,200000
2027518,150000
2027524,150000
2027528,150000
2027531,790000
2027532,150000
2027533,140000
2027535,160000
2027539,180000
2027553,185000
2027557,380000
2027559,200000
2027560,302000
2027564,200000
2027565,150000
2027568,297500
2027570,400000
2027574,150000
2027575,195000
2027576,97000
2027577,99000
2027578,290000
2027585,180000
2027587,200000
2027589,858500
2027591,200000
2027597,150000
2027610,180000
2027611,345000
2027614,200000
2027615,374000
2027618,0
2027628,175000
2027631,180000
2027642,360000
2027645,324000
2027648,0
2027650,200000
2027651,180000
2027654,600000
2027655,745000
2027665,185000
2027670,170000
2027672,500000
2027679,195000
2027680,160000
2027682,180000
2027683,0
2027685,350000
2027686,280000
2027688,550000
2027690,400000
2027698,200000
2027705,350000
2027706,350000
2027707,90000
2027709,200000
2027711,150000
2027713,330000
2027716,200000
2027721,475200
2027723,190000
2027725,200000
2027728,200000
2027732,280000
2027734,400000
2027740,200000
2027743,250000
2027757,200000
2027760,150000
2027764,150000
2027771,200000
2027772,185000
2027778,200000
2027780,150000
2027782,200000
2027786,170000
2027788,190000
2027793,350000
2027796,180000
2027800,824000
2027803,150000
2027813,130000
2027817,0
2027818,350000
2027820,200000
2027826,140000
2027832,209900
2027837,200000
2027839,200000
2027840,600000
2027841,180000
2027849,200000
2027850,350000
2027852,150000
2027859,150000
2027860,200000
2027870,0
2027871,200000
2027877,756000
2027878,120000
2027880,150000
2027893,150000
2027896,150000
2027898,130000
2027901,200000
2027902,180000
2027904,150000
2027906,150000
2027907,472500
2027908,150000
2027909,350000
2027912,565000
2027925,180000
2027933,160000
2027938,270500
2027945,186000
2027949,200000
2027959,400000
2027966,150000
2027974,150000
2027976,300000
2027979,200000
2027981,150000
2027984,0
2027989,315000
2027991,79000
2027994,140000
2027995,180000
2028004,199000
2028005,0
2028008,150000
2028012,400000
2028014,200000
2028018,152000
2028024,185000
2028026,200000
2028029,174000
2028035,300000
2028037,150000
2028048,400000
2028050,180000
2028052,427000
2028053,300000
2028055,150000
2028059,180000
2028062,150000
2028074,140000
2028079,350000
2028081,185000
2028084,350000
2028087,174000
2028088,144000
2028090,100000
2028094,165000
2028103,150000
2028108,350000
2028116,190000
2028117,200000
2028124,185000
2028129,608000
2028131,270000
2028134,568000
2028137,150000
2028140,200000
2028141,671600
2028147,0
2028152,120000
2028156,350000
2028159,200000
2028162,200000
2028171,150000
2028188,58000
2028189,420900
2028193,525000
2028194,766900
2028198,200000
2028200,150000
2028201,180000
2028202,0
2028205,157000
2028206,200000
2028209,153000
2028210,110000
2028211,150000
2028213,200000
2028218,150000
2028219,100000
2028224,200000
2028230,150000
2028233,690000
2028246,290000
2028248,200000
2028249,200000
2028252,534000
2028262,566900
2028263,320000
2028265,150000
2028266,90000
2028267,350000
2028273,350000
2028275,195000
2028277,200000
2028281,400000
2028292,350000
2028294,292000
2028295,479000
2028300,189000
2028301,200000
2028303,150000
2028304,510000
2028311,180000
2028313,150000
2028314,85000
2028322,910900
2028325,150000
2028326,200000
2028327,200000
2028333,200000
2028335,150000
2028336,160000
2028338,180000
2028339,120000
2028342,120000
2028343,105000
2028350,184000
2028354,120000
2028356,200000
2028359,168000
2028360,180000
2028364,440000
2028365,350000
2028366,150000
2028368,447800
2028369,150000
2028370,250000
2028371,0
2028372,350000
2028373,615100
2028375,135000
2028378,400000
2028386,325000
2028389,330000
2028392,150000
2028397,180000
2028401,530000
2028409,200000
2028410,0
2028411,350000
2028416,170000
2028420,150000
2028424,300000
2028426,400000
2028427,250000
2028429,165000
2028437,559500
2028440,300000
2028441,150000
2028442,400000
2028443,150000
2028447,200000
2028450,200000
2028451,442500
2028456,600000
2028458,654000
2028461,200000
2028466,200000
2028470,200000
2028472,170000
2028473,200000
2028479,150000
2028481,200000
2028485,200000
2028486,360000
2028494,150000
2028496,400000
2028497,0
2028500,144000
2028501,76000
2028507,95000
2028508,525000
2028512,180000
2028513,200000
2028514,150000
2028516,200000
2028528,199000
2028531,562400
2028534,200000
2028537,571400
2028543,180000
2028545,350000
2028554,375000
2028555,100000
2028561,200000
2028563,150000
2028597,350000
2028600,250000
2028602,350000
2028603,0
2028605,199000
2028610,120000
2028611,600000
2028615,170000
2028616,400000
2028629,150000
2028631,297500
2028632,150000
2028634,112000
2028637,150000
2028647,201300
2028654,350000
2028669,200000
2028671,110000
2028672,100000
2028674,335000
2028684,691900
2028685,335000
2028686,350000
2028688,200000
2028690,400000
2028694,0
2028700,200000
2028709,150000
2028712,200000
2028717,140000
2028719,150000
2028721,150000
2028724,180000
2028725,150000
2028730,174000
2028731,0
2028734,697200
2028735,297800
2028737,450000
2028742,120000
2028744,180000
2028750,624000
2028754,200000
2028770,350000
2028771,180000
2028785,150000
2028789,0
2028790,200000
2028792,464900
2028795,200000
2028797,150000
2028802,174000
2028811,110000
2028813,190000
2028815,642200
2028816,279000
2028821,350000
2028823,150000
2028824,150000
2028826,409300
2028827,350000
2028832,200000
2028841,200000
2028842,466000
2028843,180000
2028844,840000
2028846,180000
2028848,400000
2028856,350000
2028863,170000
2028864,191000
2028868,120000
2028870,150000
2028873,185000
2028878,150000
2028888,87000
2028891,200000
2028892,150000
2028897,180000
2028898,140000
2028899,150000
2028900,200000
2028906,350000
2028908,112000
2028910,200000
2028921,200000
2028925,150000
2028926,150000
2028934,150000
2028951,338100
2028955,200000
2028959,880000
2028962,180000
2028963,200000
2028964,242000
2028969,165000
2028972,510000
2028973,518500
2028977,0
2028978,200000
2028983,600000
2028984,480000
2028986,200000
2028996,340000
2029003,156000
2029004,100000
2029005,200000
2029010,144000
2029014,200000
2029015,82000
2029019,350000
2029024,155000
2029026,200000
2029030,350000
2029033,200000
2029034,120000
2029036,200000
2029037,120000
2029039,150000
2029041,150000
2029043,196000
2029044,417900
2029050,350000
2029053,330000
2029069,150000
2029071,200000
2029072,766800
2029073,347000
2029077,160000
2029080,330000
2029081,200000
2029082,180000
2029083,721400
2029090,160000
2029097,112000
2029099,0
2029105,160000
2029108,150000
2029112,0
2029114,750000
2029115,390000
2029116,350000
2029117,146000
2029122,156000
2029123,200000
2029126,200000
2029129,190000
2029131,400000
2029132,180000
2029135,110000
2029138,200000
2029140,479000
2029141,200000
2029157,200000
2029160,200000
2029165,119000
2029170,150000
2029172,150000
2029177,350000
2029186,150000
2029192,200000
2029193,140000
2029194,350000
2029196,310000
2029202,480000
2029213,638000
2029218,148000
2029219,0
2029220,300000
2029225,120000
2029228,820000
2029233,200000
2029234,200000
2029237,380000
2029239,550000
2029241,150000
2029246,300000
2029252,310000
2029256,150000
2029257,350000
2029258,200000
2029259,200000
2029260,242700
2029261,174000
2029262,200000
2029263,250000
2029267,180000
2029278,180000
2029279,185000
2029280,170000
2029311,722000
2029314,330000
2029316,392500
2029320,390800
2029326,400000
2029337,150000
2029339,298000
2029340,200000
2029341,200000
2029342,150000
2029344,180000
2029355,253500
2029362,350000
2029368,87000
2029370,350000
2029373,168000
2029374,300000
2029376,170000
2029377,139000
2029384,160000
2029385,400000
2029386,150000
2029390,144000
2029395,200000
2029397,175000
2029400,150000
2029404,165000
2029408,0
2029416,200000
2029423,450000
2029429,473800
2029435,150000
2029438,390800
2029444,200000
2029445,160000
2029446,200000
2029450,300000
2029451,300000
2029460,311700
2029462,200000
2029464,0
2029468,618000
2029470,545000
2029473,160000
2029483,270000
2029497,140000
2029502,133000
2029504,490000
2029505,180000
2029511,380000
2029519,258000
2029521,200000
2029538,187000
2029543,143000
2029547,252500
2029549,180000
2029550,150000
2029552,168000
2029554,0
2029570,200000
2029571,150000
2029575,330000
2029576,142000
2029579,200000
2029585,707000
2029590,180000
2029593,541500
2029595,350000
2029596,175000
2029599,144000
2029600,120000
2029604,159000
2029608,240000
2029609,458700
2029611,200000
2029615,498000
2029622,200000
2029632,0
2029635,150000
2029636,150000
2029652,200000
2029653,200000
2029657,171000
2029662,0
2029669,150000
2029682,200000
2029687,200000
2029705,200000
2029707,397500
2029709,180000
2029710,150000
2029713,350000
2029715,0
2029719,150000
2029731,150000
2029735,180000
2029737,336000
2029741,400000
2029743,330000
2029744,144000
2029748,150000
2029754,200000
2029758,170000
2029764,155000
2029767,200000
2029769,0
2029772,200000
2029773,180000
2029777,170000
2029782,180000
2029784,120000
2029798,117000
2029799,200000
2029802,150000
2029803,180000
2029805,174000
2029808,180000
2029809,180000
2029821,1062300
2029822,0
2029827,300000
2029830,350000
2029835,895000
2029836,536000
2029846,170000
2029852,100000
2029860,200000
2029862,170000
2029863,200000
2029869,150000
2029871,300000
2029872,300000
2029878,155000
2029882,200000
2029886,421200
2029887,200000
2029890,200000
2029891,200000
2029896,185000
2029897,0
2029899,350000
2029908,200000
2029909,90000
2029910,200000
2029911,170000
2029927,170000
2029928,150000
2029931,150000
2029932,150000
2029933,200000
2029944,200000
2029947,174000
2029958,190000
2029961,0
2029962,170000
2029965,150000
2029976,494000
2029977,150000
2029978,165000
2029981,700000
2029982,150000
2029990,150000
2029994,400000
2029995,562400
2030008,150000
2030014,70000
2030021,200000
2030028,380000
2030029,180000
2030030,310000
2030033,375000
2030038,150000
2030040,1534300
2030043,200000
2030050,150000
2030052,350000
2030054,1000000
2030059,150000
2030062,200000
2030065,1635000
2030067,150000
2030072,0
2030073,200000
2030074,150000
2030081,350000
2030085,270000
2030090,200000
2030094,200000
2030096,200000
2030100,505000
2030102,180000
2030104,115000
2030106,170000
2030114,150000
2030115,200000
2030118,350000
2030122,200000
2030128,200000
2030143,580000
2030144,326000
2030145,150000
2030146,150000
2030153,0
2030159,165000
2030165,330000
2030168,343400
2030174,450000
2030182,731000
2030186,435800
2030188,339000
2030194,0
2030196,200000
2030209,0
2030219,195000
2030224,0
2030244,445000
2030249,162000
2030252,170000
2030254,150000
2030255,214900
2030256,519000
2030257,200000
2030259,200000
2030264,585000
2030267,50000
2030278,0
2030282,321000
2030286,0
2030289,170000
2030292,200000
2030298,180000
2030299,180000
2030303,407800
2030308,349600
2030313,145000
2030316,180000
2030319,350000
2030320,0
2030321,440000
2030328,460000
2030329,200000
2030330,144000
2030333,951000
2030334,150000
2030341,183000
2030343,200000
2030345,200000
2030347,350000
2030348,150000
2030350,350000
2030357,350000
2030358,150000
2030361,200000
2030371,759200
2030374,170000
2030375,190000
2030380,200000
2030388,180000
2030400,180000
2030408,0
2030410,200000
2030411,350000
2030413,169000
2030419,0
2030420,200000
2030422,150000
2030424,190000
2030425,200000
2030427,180000
2030433,170000
2030439,305600
2030443,189000
2030449,0
2030456,144000
2030458,325000
2030459,600000
2030461,159000
2030470,495000
2030473,366600
2030485,150000
2030494,180000
2030495,200000
2030498,0
2030503,300000
2030508,175000
2030514,350000
2030516,360000
2030517,981600
2030518,562000
2030520,150000
2030528,180000
2030529,300000
2030543,190000
2030544,150000
2030548,150000
2030563,170000
2030566,180000
2030568,116000
2030574,108000
2030576,350000
2030581,408500
2030583,150000
2030592,408000
2030600,170000
2030603,200000
2030604,170000
2030610,170000
2030611,398000
2030613,294000
2030617,0
2030621,0
2030625,160000
2030627,249000
2030636,150000
2030638,200000
2030639,325000
2030644,520000
2030655,500000
2030658,0
2030665,150000
2030669,420000
2030676,430000
2030679,300000
2030682,150000
2030683,400000
2030700,170000
2030701,100000
2030704,150000
2030708,200000
2030721,160000
2030722,600000
2030730,132000
2030733,0
2030741,200000
2030744,200000
2030748,350000
2030749,150000
2030762,0
2030765,0
2030766,70000
2030769,200000
2030771,200000
2030781,0
2030784,524000
2030786,156000
2030787,200000
2030792,200000
2030801,200000
2030802,142000
2030807,200000
2030808,260000
2030809,110000
2030812,350000
2030813,380700
2030815,754400
2030817,330000
2030822,0
2030835,500000
2030838,396000
2030849,150000
2030860,187000
2030862,300000
2030863,160000
2030869,150000
2030871,0
2030877,200000
2030881,180000
2030885,100000
2030886,112000
2030901,150000
2030909,200000
2030910,704900
2030913,347500
2030915,0
2030921,150000
2030922,313700
2030933,417900
2030934,190000
2030935,200000
2030945,0
2030948,0
2030952,200000
2030955,0
2030963,120000
2030966,150000
2030974,0
2030987,188000
2031001,160000
2031002,150000
2031004,150000
2031010,369700
2031012,200000
2031017,165000
2031018,180000
2031022,131000
2031024,350000
2031031,100000
2031034,150000
2031038,150000
2031043,300000
2031046,126000
2031048,350000
2031051,150000
2031052,410700
2031053,200000
2031055,200000
2031061,300000
2031071,315000
2031072,200000
2031076,524000
2031077,350000
2031078,657600
2031084,350000
2031086,154000
2031093,170000
2031098,360000
2031099,150000
2031110,444900
2031115,150000
2031119,200000
2031121,270000
2031123,350000
2031124,120000
2031129,180000
2031137,150000
2031139,190000
2031140,160000
2031147,20000
2031150,400000
2031152,180000
2031158,110000
2031159,90000
2031162,300000
2031165,487800
2031181,449000
2031182,642900
2031191,150000
2031199,581700
2031201,144000
2031208,150000
2031210,120000
2031211,350000
2031218,666500
2031224,319000
2031226,0
2031227,156000
2031232,160000
2031240,334000
2031246,150000
2031257,150000
2031264,150000
2031276,112000
2031278,470000
2031279,350000
2031281,411500
2031283,228000
2031288,340000
2031296,369000
2031309,200000
2031317,200000
2031322,190000
2031323,150000
2031331,0
2031338,400000
2031339,477000
2031340,280000
2031342,200000
2031367,200000
2031375,150000
2031379,200000
2031383,524000
2031398,200000
2031406,180000
2031409,380000
2031419,150000
2031428,550000
2031429,140000
2031448,433000
2031452,0
2031463,350000
2031465,462000
2031470,150000
2031472,350000
2031475,150000
2031478,150000
2031480,200000
2031484,195000
2031492,150000
2031494,642900
2031499,550000
2031504,487800
2031506,400000
2031507,150000
2031509,200000
2031515,527000
2031517,463900
2031526,148000
2031528,150000
2031529,450000
2031532,172500
2031537,180000
2031542,350000
2031549,200000
2031550,0
2031560,350000
2031565,330000
2031566,195000
2031575,180000
2031577,350000
2031578,347000
2031583,0
2031594,600000
2031599,421200
2031600,0
2031610,0
2031612,150000
2031618,174000
2031620,385000
2031634,150000
2031637,300000
2031645,191000
2031646,579000
2031647,135000
2031648,420000
2031650,128000
2031654,150000
2031661,150000
2031671,180000
2031676,295000
2031681,200000
2031685,150000
2031691,180000
2031693,0
2031703,420000
2031706,0
2031709,123000
2031710,340000
2031712,360000
2031715,180000
2031717,0
2031718,0
2031719,555200
2031730,325000
2031732,200000
2031738,617000
2031746,600800
2031750,0
2031778,200000
2031788,180000
2031793,180000
2031795,350000
2031798,400000
2031810,465000
2031814,150000
2031819,387500
2031823,470000
2031833,150000
2031836,170000
2031841,350000
2031845,200000
2031849,477000
2031855,350000
2031864,159000
2031867,150000
2031875,150000
2031881,150000
2031886,200000
2031900,0
2031901,144000
2031917,632800
2031922,170000
2031927,180000
2031930,144000
2031938,150000
2031951,417900
2031953,80000
2031956,150000
2031957,440000
2031970,165000
2031980,167000
2031994,144000
2031995,400000
2032014,350000
2032031,174000
2032034,150000
2032049,200000
2032052,103000
2032063,170000
2032065,350000
2032071,112000
2032073,200000
2032087,485000
2032092,200000
2032094,180000
2032104,165000
2032128,300000
2032135,0
2032144,462000
2032147,200000
2032149,130000
2032164,249900
2032175,350000
2032176,300000
2032189,200000
2032191,0
2032193,200000
2032196,200000
2032199,200000
2032203,0
2032216,200000
2032231,150000
2032233,200000
2032240,350000
2032253,0
2032254,144000
2032270,120000
2032281,200000
2032297,249900
2032299,200000
2032308,200000
2032311,550000
2032314,0
2032319,167000
2032323,105000
2032329,200000
2032330,529000
2032331,468000
2032334,140000
2032346,686000
2032362,542000
2032363,153000
2032366,300000
2032368,130000
2032369,150000
2032374,170000
2032378,435900
2032385,200000
2032386,150000
2032398,180000
2032409,140000
2032415,480000
2032420,407800
2032421,330000
2032427,180000
2032442,127000
2032443,249900
2032462,210000
2032464,200000
2032470,170000
2032472,150000
2032481,150000
2032485,144000
2032515,470000
2032519,0
2032523,200000
2032526,196000
2032527,350000
2032554,200000
2032563,200000
2032564,350000
2032567,185000
2032572,150000
2032575,105000
2032577,0
2032584,303500
2032587,249000
2032632,200000
2032633,330000
2032641,150000
2032647,150000
2032648,200000
2032669,180000
2032684,400000
2032693,164000
2032710,529000
2032713,90000
2032718,200000
2032724,200000
2032737,240000
2032740,350000
2032744,180000
2032766,76000
2032776,326000
2032782,110000
2032793,150000
2032800,200000
2032836,350000
2032838,150000
2032846,0
2032854,350000
2032878,0
2032883,210000
2032891,100000
2032899,260000
2032901,350000
2032918,350000
2032922,118000
2032929,0
2032938,180000
2032939,199000
2032952,180000
2032969,200000
2032978,150000
2033003,150000
2033047,260000
2033048,200000
2033054,782000
2033063,160000
2033077,400000
2033090,350000
2033097,626400
2033099,120000
2033103,150000
2033107,0
2033113,150000
2033132,150000
2033138,373000
2033142,120000
2033152,180000
2033171,632500
2033184,150000
2033193,150000
2033245,200000
2033251,150000
2033264,200000
2033272,150000
2033280,200000
2033289,330000
2033301,200000
2033314,96000
2033316,700000
2033322,555000
2033326,170000
2033327,170000
2033330,334400
2033334,700000
2033357,441800
2033358,700000
2033362,190000
2033368,150000
2033371,150000
2033375,0
2033377,170000
2033381,150000
2033394,350000
2033409,150000
2033418,350000
2033430,400000
2033445,400000
2033449,0
2033466,160000
2033467,200000
2033470,174000
2033473,344000
2033490,350000
2033491,200000
2033492,200000
2033501,142000
2033531,200000
2033542,300000
2033562,340000
2033567,165000
2033573,0
2033578,200000
2033584,300000
2033588,155000
2033589,378000
2033591,0
2033595,300000
2033605,150000
2033612,170000
2033616,546000
2033626,180000
2033637,159000
2033639,200000
2033642,150000
2033656,150000
2033679,200000
2033681,150000
2033682,330000
2033690,127000
2033696,150000
2033705,200000
2033706,180000
2033711,150000
2033713,303800
2033734,200000
2033738,350000
2033755,0
2033758,200000
2033769,150000
2033771,200000
2033796,0
2033801,180000
2033809,200000
2033815,200000
2033822,350000
2033832,347000
2033838,120000
2033840,640000
2033850,118000
2033856,200000
2033859,330000
2033871,0
2033879,0
2033880,200000
2033889,140000
2033890,200000
2033901,200000
2033904,150000
2033907,200000
2033928,200000
2033931,200000
2033939,350000
2033945,200000
2033947,79000
2033951,386000
2033960,200000
2033969,174000
2033978,180000
2033979,0
2033997,200000
2034000,120000
2034001,150000
2034015,607200
2034023,420000
2034028,170000
2034047,340000
2034058,190000
2034073,150000
2034077,152000
2034084,250000
2034087,200000
2034096,120000
2034099,155000
2034106,0
2034116,180000
2034119,150000
2034120,200000
2034126,500000
2034131,400000
2034134,200000
2034144,150000
2034155,156000
2034163,150000
2034203,290000
2034212,500000
2034231,150000
2034238,400000
2034242,200000
2034244,150000
2034250,330000
2034254,140000
2034269,200000
2034283,150000
2034298,130000
2034317,411700
2034322,150000
2034340,291800
2034345,0
2034351,172000
2034368,200000
2034375,140000
2034382,150000
2034394,260000
2034397,200000
2034406,350000
2034410,150000
2034414,160000
2034421,350000
2034455,200000
2034459,174000
2034460,150000
2034465,100000
2034469,120000
2034470,156000
2034482,315000
2034489,122000
2034497,309200
2034504,150000
2034505,200000
2034506,428000
2034510,150000
2034516,180000
2034521,150000
2034544,0
2034583,0
2034590,400000
2034599,292500
2034600,330000
2034604,170000
2034607,130000
2034615,150000
2034616,340000
2034628,200000
2034648,200000
2034661,350000
2034662,200000
2034669,350000
2034670,150000
2034687,150000
2034688,113000
2034692,200000
2034697,200000
2034715,350000
2034727,200000
2034750,150000
2034765,156000
2034770,109000
2034776,200000
2034789,0
2034802,157000
2034808,125000
2034809,120000
2034824,336000
2034853,150000
2034858,500000
2034862,180000
2034863,180000
2034865,150000
2034866,200000
2034867,112000
2034874,150000
2034877,560000
2034881,200000
2034889,350000
2034897,479800
2034900,150000
2034903,144000
2034905,150000
2034906,180000
2034910,294000
2034922,200000
2034938,200000
2034940,0
2034945,150000
2034960,658200
2034961,200000
2034965,0
2034969,200000
2034980,0
2034985,144000
2034993,652600
2034996,150000
2034999,0
2035000,350000
2035002,207000
2035004,146000
2035011,200000
2035013,180000
2035027,261900
2035028,117000
2035031,150000
2035045,150000
2035048,150000
2035053,159000
2035060,150000
2035071,200000
2035073,110000
2035074,200000
2035077,357100
2035081,0
2035086,866300
2035090,150000
2035105,163500
2035114,0
2035117,130000
2035121,320000
2035125,150000
2035136,350000
2035142,150000
2035154,119000
2035157,140000
2035168,110000
2035169,376000
2035175,0
2035179,150000
2035184,200000
2035199,150000
2035201,150000
2035211,0
2035220,140000
2035221,379400
2035228,180000
2035258,160000
2035260,156000
2035270,400000
2035271,0
2035285,300000
2035287,0
2035308,150000
2035313,200000
2035319,200000
2035325,0
2035336,281000
2035339,150000
2035343,177000
2035347,200000
2035351,200000
2035363,330000
2035365,166000
2035380,170000
2035390,159000
2035400,380000
2035405,277200
2035417,187000
2035434,0
2035439,200000
2035441,0
2035449,0
2035459,0
2035465,195000
2035469,0
2035477,0
2035492,150000
2035495,100000
2035507,0
2035509,200000
2035517,0
2035520,350000
2035534,180000
2035537,150000
2035539,0
2035540,0
2035550,200000
2035564,465700
2035566,200000
2035572,150000
2035574,0
2035592,150000
2035598,190000
2035623,174000
2035635,0
2035636,150000
2035640,150000
2035645,0
2035646,200000
2035656,0
2035657,0
2035660,200000
2035668,0
2035681,420000
2035695,0
2035696,163500
2035700,0
2035704,0
2035711,0
2035725,0
2035749,0
2035750,0
2035753,0
2035759,0
2035769,298000
2035771,0
2035783,271200
2035792,0
2035793,653000
2035799,300000
2035803,628300
2035804,150000
2035809,0
2035815,535500
2035821,298100
2035822,0
2035835,192000
2035836,911800
2035847,277200
2035854,917000
2035862,264900
2035865,0
2035872,0
2035873,800000
2035874,150000
2035893,0
2035900,544500
2035901,0
2035908,990000
2035910,614600
2035916,0
2035927,970200
2035934,595700
2035946,0
2035951,0
2035963,595700
2035967,0
2035976,650000
2035979,0
2035991,200000
2036004,150000
2036010,150000
2036017,0
2036024,150000
2036029,237500
2036044,0
2036056,0
2036059,300000
2036063,0
2036121,150000
2036133,150000
2036135,0
2036185,400000
2036211,0
2036237,300000
2036244,0
2036252,0
2036263,0
2036266,0
2036277,0
2036278,0
2036290,200000
2036295,0
2036299,0
2036337,200000
2036339,0
2036349,0
2036355,200000
2036360,365000
2036363,0
2036367,150000
2036387,0
2036388,0
2036392,0
2036393,0
2036400,0
2036413,243000
2036463,322500
2036475,0
2036477,150000
2036484,150000
2036488,200000
2036489,0
2036497,350000
2036502,0
2036508,0
2036511,0
2036513,0
2036517,0
2036519,150000
2036525,247200
2036536,300000
2036537,174000
2036550,0
2036555,150000
2036566,150000
2036568,0
2036575,150000
2036579,0
2036604,0
2036606,150000
2036625,300000
2036668,300000
2036681,0
2036696,0
2036722,0
2036728,150000
2036735,0
2036737,300000
2036743,0
2036764,0
2036769,150000
2036777,0
2036779,0
2036786,500000
2036790,492000
2036807,0
2036813,0
2036818,249000
2036823,0
2036839,0
2036869,150000
2036888,150000
2036902,354900
2036915,0
2036928,68000
2036953,1000000
2036979,300000
2036993,150000
2037006,0
2037015,150000
2037017,0
2037020,150000
2037033,0
2037048,150000
2037061,0
2037064,0
2037069,150000
2037083,0
2037092,0
2037096,0
2037105,0
2037106,0
2037111,116400
2037123,0
2037133,0
2037146,150000
2037155,300000
2037164,484500
2037189,0
2037195,212000
2037197,150000
2037208,0
2037217,0
2037224,603000
2037226,0
2037228,0
2037230,0
2037237,180000
2037261,0
2037270,0
2037275,150000
2037283,150000
2037292,0
2037298,0
2037301,0
2037309,0
2037310,0
2037322,0
2037324,300000
2037337,965300
2037344,0
2037356,140000
2037386,150000
2037422,0
2037423,150000
2037424,0
2037438,0
2037490,137500
2037513,449900
2037517,370000
2037523,200000
2037546,200000
2037557,150000
2037565,400000
2037578,305000
2037586,400000
2037590,338500
2037611,150000
2037615,130000
2037654,0
2037657,700000
2037661,187000
2037677,250000
2037681,0
2037703,400000
2037709,202300
2037716,348600
2037724,150000
2037736,350000
2037740,148000
2037744,330000
2037798,200000
2037802,175000
2037808,400000
2037832,0
2037842,0
2037847,200000
2037848,312000
2037850,350000
2037854,400000
2037862,200000
2037872,119000
2037874,120000
2037879,150000
2037885,0
2037895,88000
2037899,200000
2037904,311000
2037912,200000
2037924,200000
2037939,200000
2037943,150000
2037944,0
2037954,295500
2037962,160000
2037988,200000
2037991,0
2037993,350000
2038000,150000
2038001,25000
2038011,200000
2038014,150000
2038038,701300
2038055,150000
2038075,0
2038076,0
2038079,340000
2038089,0
2038111,0
2038119,150000
2038120,200000
2038124,330000
2038139,267000
2038143,98000
2038145,200000
2038155,284000
2038187,150000
2038196,0
2038207,0
2038215,240000
2038227,360000
2038246,0
2038251,104000
2038253,0
2038270,0
2038271,949800
2038277,0
2038283,273500
2038296,0
2038325,0
2038334,124000
2038337,0
2038339,150000
2038357,0
2038392,298000
2038409,700000
2038411,0
2038432,0
2038443,350000
2038447,0
2038457,0
2038483,0
2038489,0
2038492,350000
2038524,200000
2038539,855000
2038547,200000
2038558,350000
2038560,249300
2038561,0
2038568,0
2038577,350000
2038591,0
2038598,0
2038607,0
2038639,350000
2038647,200000
2038651,0
2038660,314800
2038662,0
2038668,307100
2038670,0
2038691,312000
2038701,331600
2038714,0
2038716,0
2038732,320000
2038737,316900
2038740,0
2038750,350000
2038765,202500
2038768,0
2038783,200000
2038814,0
2038819,347000
2038829,150000
2038855,1623700
2038862,298500
2038866,0
2038894,200000
2038898,68000
2038935,0
2038979,150000
2038986,298000
2038994,296800
2038998,0
2039002,0
2039013,0
2039015,150000
2039057,200000
2039064,350000
2039067,0
2039089,0
2039092,350000
2039112,0
2039129,350000
2039131,0
2039133,0
2039147,350000
2039157,347000
2039166,200000
2039173,0
2039180,644000
2039181,0
2039194,0
2039206,0
2039210,650000
2039214,200000
2039227,200000
2039233,217000
2039237,306000
2039239,0
2039254,306000
2039256,333000
2039262,0
2039290,305000
2039310,0
2039313,0
2039325,291000
2039327,325300
2039337,242500
2039352,279500
2039371,200900
2039381,0
2039408,200000
2039413,350000
2039417,0
2039430,0
2039454,0
2039473,350000
2039504,0
2039512,0
2039519,336000
2039526,438000
2039530,0
2039546,200000
2039584,0
2039587,0
2039592,0
2039608,0
2039609,0
2039612,0
2039618,0
2039637,200000
2039646,0
2039655,200000
2039688,795000
2039721,347000
2039742,305000
2039744,0
2039749,0
2039759,0
2039772,200000
2039793,291000
2039794,0
2039802,0
2039834,0
2039839,300000
2039845,340000
2039849,0
2039858,400000
2039868,0
2039877,0
2039878,326000
2039896,342800
2039926,294500
2039932,261600
2039940,0
2039949,0
2039950,294500
2039964,0
2039978,305000
2039979,200000
2039980,300700
2039986,200000
2039989,0
2040003,326000
2040015,0
2040020,488000
2040025,310600
2040028,341400
2040041,284000
2040044,0
2040046,0
2040064,0
2040069,0
2040075,291700
2040080,0
2040082,0
2040090,326000
2040096,0
2040127,273500
2040139,0
2040141,350000
2040143,305000
2040153,150000
2040155,200000
2040159,291000
2040166,350000
2040175,505000
2040178,312000
2040182,200000
2040195,0
2040196,0
2040210,855000
2040219,326000
2040236,0
2040237,353500
2040244,345600
2040297,500000
2040304,249300
2040315,338300
2040319,144000
2040338,200000
2040342,0
2040345,258100
2040349,350000
2040365,0
2040375,0
2040376,354900
2040378,200000
2040392,0
2040399,0
2040430,56000
2040431,442300
2040434,0
2040467,326000
2040486,0
2040500,288000
2040502,0
2040509,200000
2040520,450000
2040527,291000
2040540,321800
2040544,400000
2040559,0
2040568,150000
2040570,300000
2040574,0
2040579,200000
2040580,0
2040582,0
2040584,0
2040596,261000
2040603,0
2040607,319400
2040623,270700
2040634,321500
2040637,435600
2040640,0
2040641,350000
2040645,59200
2040653,200000
2040709,0
2040712,0
2040720,0
2040770,0
2040773,144000
2040774,150000
2040791,308500
2040792,200000
2040817,0
2040836,250000
2040846,0
2040847,200000
2040867,340000
2040869,347000
2040880,0
2040886,273500
2040892,500000
2040905,200000
2040908,326000
2040914,0
2040921,200000
2040922,200000
2040927,231400
2040937,0
2040953,0
2040954,0
2040966,0
2040968,350000
2040995,0
2040997,365000
2041002,150000
2041022,200000
2041026,0
2041035,346000
2041044,0
2041051,0
2041053,200000
2041054,0
2041058,0
2041100,249000
2041120,0
2041140,0
2041143,150000
2041157,350000
2041158,350000
2041167,0
2041174,793100
2041198,0
2041206,0
2041212,350000
2041213,0
2041226,200000
2041230,200000
2041231,253800
2041254,0
2041260,350000
2041261,150000
2041273,0
2041282,326000
2041287,150000
2041292,0
2041313,304400
2041331,350000
2041339,455000
2041343,0
2041366,0
2041388,150000
2041432,150000
2041438,350000
2041450,270000
2041475,0
2041478,0
2041507,200000
2041522,0
2041560,150000
2041572,0
2041592,200000
2041603,0
2041611,284000
2041622,284000
2041629,0
2041632,200000
2041639,0
2041641,0
2041665,150000
2041681,200000
2041683,260000
2041685,0
2041728,164500
2041743,294500
2041744,0
2041756,253300
2041763,0
2041769,0
2041816,0
2041851,0
2041884,144000
2041887,0
2041928,200000
2041933,0
2041954,200000
2041993,0
2041996,0
2042017,0
2042025,277000
2042055,0
2042059,0
2042081,0
2042087,0
2042096,325300
2042117,329500
2042132,200000
2042137,0
2042190,0
2042194,100000
2042236,60000
2042265,74000
2042266,0
2042279,250000
2042297,0
2042298,200000
2042299,200000
2042315,0
2042328,343500
2042335,0
2042374,150000
2042391,0
2042400,0
2042415,150000
2042420,0
2042442,0
2042524,400000
2042533,0
2042537,0
2042556,0
2042557,249500
2042582,350000
2042621,250000
2042689,0
2042734,0
2042815,0
